0.45968673 6.8569937 7.508217
0.30645782 6.8186865 7.4699097
0.076614454 6.8186865 7.508217
-0.11492168 6.8186865 7.508217
-0.38307226 6.7803793 7.546524
-0.4596867 6.8186865 7.584831
-0.61291564 6.7803793 7.6231384
-0.7661446 6.7803793 7.6614456
-0.842759 6.742072 7.6231384
-0.9576807 6.7803793 7.4699097
-0.9959879 6.8186865 7.3549876
-1.0726023 6.8569937 7.2400656
-1.1875241 6.9719152 7.316681
-1.2641385 6.933608 7.4316025
-1.3407528 6.895301 7.4316025
-1.4556746 6.818686 7.508217
-1.685518 6.7420716 7.3166804
-1.9536686 6.7037644 7.0868373
-2.183512 6.7037644 7.0102224
-2.2984335 6.7803793 7.0485296
-2.2218192 6.7803793 7.240066
-2.0685902 6.8186865 7.3932953
-1.8770542 6.933608 7.508217
-1.6472108 6.933608 7.508217
-1.4173675 6.933608 7.584831
-1.1109096 6.895301 7.73806
-0.80445176 6.8186865 7.967903
-0.4213795 6.9719152 8.350975
-0.038307227 7.3932953 8.580818
0.344765 7.8912888 8.772355
0.6895301 8.274362 8.810662
0.8810662 8.542512 8.542512
0.9959879 8.580819 8.236053
1.0726024 8.619126 8.082825
1.1492168 8.734048 7.967903
1.2641385 8.810662 8.082825
1.4556746 8.925584 8.312668
1.6472107 8.925584 8.389283
1.8387469 9.002198 8.542512
1.9919758 9.040505 8.695741
2.1452045 9.002198 8.810662
2.2218192 8.925584 8.925584
2.2601264 8.772355 8.963891
2.2984335 8.6574335 8.810662
2.3367407 8.465897 8.6574335
2.4516623 8.427589 8.580819
2.6048913 8.465897 8.42759
2.7964275 8.465897 8.389282
2.9879637 8.542512 8.236053
3.1028855 8.580819 8.0445175
3.1411927 8.465898 7.776367
3.2178073 8.350975 7.2400656
3.2561145 8.274361 7.0102224
3.371036 8.312668 6.933608
3.4093432 8.389282 6.8569937
3.4859576 8.389282 6.742072
3.562572 8.427589 6.703765
3.6391864 8.465897 6.550536
3.7541082 8.504204 6.397307
3.9073372 8.542512 6.3589997
4.060566 8.542512 6.2057705
4.252102 8.542512 6.090849
4.4053307 8.542512 5.9759274
4.4819455 8.580819 5.746084
4.5202527 8.619126 5.554548
4.4436383 8.580819 5.363012
4.3287168 8.504205 5.1714754
4.2904096 8.504205 5.0182467
4.2521024 8.465898 4.7884035
4.2137947 8.465898 4.6351748
4.2137947 8.465898 4.5202527
4.098873 8.42759 4.4819455
3.9839516 8.389282 4.4819455
3.9073372 8.350975 4.405331
3.8307228 8.389282 4.367024
3.9073372 8.427589 4.1754875
4.0222588 8.619126 3.9456444
4.1371803 8.734048 3.7541084
4.252102 8.772355 3.4093432
4.2137947 8.810662 3.2561142
4.1754875 8.695741 3.1411927
4.098873 8.619126 3.0262709
3.9839516 8.465898 2.9879637
3.86903 8.389283 2.719813
3.7541082 8.312668 2.528277
3.715801 8.389282 2.3750482
3.7924154 8.542511 2.183512
3.86903 8.580818 2.1452045
3.9073372 8.6574335 2.0685902
3.86903 8.6574335 1.8770541
3.7158012 8.580819 1.7621324
3.677494 8.580819 1.6472107
3.6391864 8.542512 1.4173673
3.6391864 8.42759 1.2641385
3.6774938 8.465898 1.0342951
3.7541084 8.504205 0.7278373
3.86903 8.619126 0.53630114
3.9839516 8.772355 0.38307226
4.060566 8.887277 0.30645782
4.060566 8.963891 0.344765
3.9839516 9.002198 0.38307226
3.9839516 8.963891 0.4213795
4.0222588 8.887277 0.49799395
4.060566 8.848969 0.49799395
4.1371803 8.772355 0.38307226
4.098873 8.810662 0.15322891
4.098873 8.810662 0.0
4.060566 8.695741 -0.15322891
4.098873 8.695741 -0.19153613
4.2137947 8.6574335 -0.11492168
4.290409 8.580819 -0.30645782
4.367024 8.580819 -0.38307226
4.3287163 8.504205 -0.53630114
4.2137947 8.42759 -0.7278373
4.060566 8.42759 -0.842759
3.9456444 8.389282 -0.9576807
3.86903 8.274361 -0.9959879
3.7924156 8.159439 -0.95768064
3.7158012 8.0445175 -0.95768064
3.6008792 7.929596 -1.0342951
3.5242648 7.929596 -1.0726024
3.4859576 7.8912888 -1.2258313
3.4476504 7.8529816 -1.2641386
3.4476504 7.8529816 -1.3024458
3.371036 7.8146744 -1.4556746
3.2944217 7.8912888 -1.4556746
3.1794999 7.929596 -1.4939818
3.1028852 7.967903 -1.532289
3.064578 7.929596 -1.4173673
3.064578 7.967903 -1.3024457
3.1028852 8.00621 -1.2258313
3.1028852 8.00621 -1.1492169
2.9879637 8.121132 -1.1875241
2.834735 8.082825 -1.37906
2.6815062 8.082825 -1.4939818
2.528277 8.121132 -1.7238252
2.4899697 8.121132 -1.9536686
2.4899697 8.121132 -2.1068976
2.4899697 8.121132 -2.2984338
2.4899697 8.121132 -2.336741
2.4899697 8.082825 -2.336741
2.4516625 8.00621 -2.2984338
2.4133554 7.967903 -2.183512
2.336741 7.967903 -2.030283
2.2218192 7.967903 -2.0685902
2.0685902 8.00621 -2.183512
1.9153614 7.967903 -2.3750482
1.7621324 7.8912888 -2.681506
1.6089036 7.8529816 -2.9113493
1.4939818 7.8529816 -2.9496565
1.4556746 7.929596 -2.9496565
1.4173673 8.00621 -2.9113493
1.4173673 8.082825 -2.7581203
1.4173673 8.121132 -2.7964275
1.3407528 8.197746 -2.8730419
1.2258313 8.236053 -2.9113493
1.0726023 8.197746 -2.9496565
0.88106626 8.082825 -2.9496565
0.68953013 7.8529816 -2.834735
0.53630114 7.73806 -2.7964277
0.3830723 7.6614456 -2.6431987
0.2681506 7.6231384 -2.528277
0.22984336 7.6231384 -2.4516625
0.22984336 7.584831 -2.4516625
0.19153613 7.6614456 -2.6048913
0.19153613 7.8146744 -2.719813
0.19153613 7.967903 -2.9496565
0.19153613 8.082825 -3.1028855
0.26815057 8.082825 -3.2561142
0.26815057 8.00621 -3.2944214
0.22984335 7.8912888 -3.1411927
0.11492168 7.73806 -2.9113493
0.0 7.584831 -2.6048915
-0.11492168 7.431602 -2.3750482
-0.2681506 7.3549876 -2.2218192
-0.4213795 7.3166804 -2.030283
-0.61291564 7.3549876 -1.9919758
-0.7661446 7.3549876 -2.183512
-0.9193735 7.278373 -2.3750482
-1.0342952 7.163451 -2.6431987
-1.1875241 6.9719152 -2.873042
-1.3407528 6.895301 -2.873042
-1.4939818 7.0102224 -2.9113493
-1.5705962 7.240066 -2.9879637
-1.4939818 7.546524 -2.873042
-1.3790603 7.776367 -2.719813
-1.2641385 7.8146744 -2.4133554
-1.1875241 7.6614456 -2.0685904
-1.1875241 7.393295 -1.8004396
-1.3024457 7.2017584 -1.685518
-1.4556746 7.0485296 -1.685518
-1.6472108 7.086837 -1.8387468
-1.8387469 7.2017584 -2.183512
-1.9536686 7.2400656 -2.3750482
-1.9153614 7.2400656 -2.566584
-1.7621324 7.086837 -2.7198133
-1.6472108 6.895301 -2.643199
-1.6089036 7.0485296 -2.4516625
-1.685518 7.2783732 -2.2218194
-1.8770541 7.5848308 -1.9919759
-2.1068976 7.929596 -1.9153613
-2.2601266 7.8529816 -2.1068974
-2.2984338 7.584831 -2.2218192
-2.336741 7.278373 -2.1452048
-2.2984335 7.0485296 -1.9153614
-2.2601264 7.0485296 -1.532289
-2.2601264 7.240066 -1.3407528
-2.1835117 7.5848308 -1.2641385
-2.030283 7.8912888 -1.1109095
-1.8004396 7.967903 -0.99598783
-1.5705962 8.0445175 -0.8427589
-1.3790603 7.967903 -0.61291564
-1.3790603 7.929596 -0.45968673
-1.5705962 8.00621 -0.34476504
-1.8387468 8.0445175 -0.19153613
-2.2218192 8.159439 -0.038307227
-2.528277 8.197746 0.076614454
-2.681506 8.121132 0.22984336
-2.7964277 8.0445175 0.4213795
-2.7581205 7.967903 0.7278373
-2.681506 7.8912888 1.1109096
-2.681506 8.00621 1.5705962
-2.719813 8.159439 1.9919758
-2.873042 8.236053 2.2601266
-3.0262709 8.236053 2.3750482
-3.1794999 8.121132 2.4133554
-3.2944217 7.967903 2.3750482
-3.2944217 7.8529816 2.4133554
-3.064578 8.0445175 2.3367407
-2.7964275 8.312668 2.3750482
-2.4516625 8.695741 2.2984338
-2.030283 9.11712 2.3750482
-1.6089034 9.500193 2.4133554
-1.2641385 9.844957 2.4899697
-1.1875241 10.0748005 2.4899697
-1.340753 10.151415 2.4133554
-1.685518 10.0748005 2.2601264
-2.1068976 9.844957 2.1068976
-2.2984335 9.576807 2.2601264
-2.2218192 9.2703495 2.681506
-2.0685904 9.193735 3.4093432
-1.838747 9.2703495 4.0222588
-1.7621324 9.346964 4.4436383
-1.838747 9.5385 4.55856
-1.9536686 9.500193 4.4436383
-1.9919758 9.38527 4.405331
-1.8004397 9.38527 4.4436383
-1.5705965 9.4618845 4.55856
-1.3024458 9.768343 4.7884035
-1.1109096 10.074801 4.97994
-1.0342951 10.304645 5.209783
-1.0342951 10.419566 5.3630123
-0.9959879 10.419566 5.3247046
-0.8810662 10.381258 5.4779334
-0.8044518 10.457872 5.631162
-0.68953013 10.534487 5.822698
-0.68953013 10.611101 6.090849
-0.8810662 10.6877165 6.129156
-1.0726024 10.572795 6.090849
-1.2258313 10.457873 6.2823853
-1.3024457 10.304644 6.5122285
-1.2258313 10.151415 6.895301
-1.1109096 10.189722 7.163451
-1.0342951 10.189722 7.3166804
-0.842759 10.304644 7.4699097
-0.6512228 10.534488 7.546524
-0.45968676 10.572795 7.776367
-0.30645782 10.572795 7.8912888
-0.34476507 10.49618 7.967903
-0.49799395 10.189722 7.929596
-0.6512228 9.921572 7.929596
-0.6895301 9.768343 8.082825
-0.49799395 9.691729 8.236053
-0.07661447 9.844957 8.427589
0.42137948 10.113108 8.465897
0.91937345 10.342951 8.197746
1.1875241 10.49618 7.8912888
1.3024457 10.342951 7.584831
1.3024457 10.0748005 7.4699097
1.3407528 9.80665 7.584831
1.6089034 9.576807 7.73806
1.9536686 9.730036 7.8529816
2.336741 9.921572 7.699753
2.528277 10.036493 7.3549876
2.4899697 9.998186 7.0485296
2.2984335 9.653421 6.895301
2.030283 9.193735 6.933608
1.9919758 8.810662 7.0485296
2.1068976 8.580819 7.125144
2.336741 8.542512 7.0485296
2.6431987 8.580819 6.742072
2.834735 8.734048 6.550536
2.9496565 8.734048 6.320692
3.064578 8.734048 6.129156
3.1028852 8.734048 5.9759274
3.1794999 8.619126 5.7460837
3.2561142 8.580819 5.631162
3.2944217 8.465898 5.592855
3.4093432 8.389282 5.8226986
3.4859576 8.312668 6.244078
3.6391864 8.274361 6.703765
3.8307226 8.350975 7.1634517
3.9456444 8.350975 7.240066
4.0222588 8.312668 7.0102224
4.0222588 8.197746 6.6271505
4.0222588 7.967903 6.2823853
4.060566 7.776367 6.2440777
4.098873 7.6614456 6.3589997
4.098873 7.6231384 6.397307
4.098873 7.508217 6.3589997
4.098873 7.4699097 6.129156
4.060566 7.2783732 5.9759274
4.0222588 7.0485296 5.899313
3.9073372 6.9719152 5.707777
3.7924156 6.8186865 5.6311626
3.7158012 6.8186865 5.4779334
3.7158012 6.8186865 5.439626
3.7924156 6.8186865 5.4779334
3.9456444 6.895301 5.4779334

