4.0222588 6.9719152 5.439626
4.0222588 7.086837 5.2480903
3.9073372 7.125144 5.056554
3.677494 7.0485296 4.903325
3.4476504 6.895301 4.8267107
3.2561145 6.742072 4.865018
3.1028855 6.6654577 4.9416323
3.0262709 6.703765 5.056554
3.0262709 6.8186865 5.056554
2.9496565 6.9719152 5.0182467
2.834735 7.0102224 4.865018
2.6048915 7.0485296 5.0182467
2.528277 7.086837 4.9799395
2.528277 7.2017584 5.056554
2.4899697 7.31668 4.9799395
2.4899697 7.3932943 4.8267107
1.7621324 7.8912888 5.861006
1.5705962 8.197746 6.205771
1.1875241 8.274361 6.4739213
1.0342951 8.42759 6.7037644
0.8810662 8.6574335 6.8953004
1.0342952 8.389282 6.818686
1.1875241 8.274361 6.5505357
1.3790601 8.236053 6.3589993
1.4939818 8.427589 6.2057705
1.6472107 8.887277 5.93762
1.8387469 9.346963 5.8226986
2.030283 9.768343 5.746084
2.2218192 9.959879 5.746084
2.2984335 9.921572 5.7843914
2.2984335 9.844957 5.93762
2.2601264 9.768343 6.129156
2.2601264 9.691729 6.320692
2.3367407 9.653421 6.6654577
2.413355 9.5385 6.8569937
2.528277 9.5385 6.895301
2.6431987 9.5385 6.856993
2.7581205 9.5385 6.780379
2.9113493 9.576807 6.7420716
3.0645783 9.576807 6.6654572
3.2944217 9.615114 6.588843
3.5242648 9.615114 6.4739213
3.6391869 9.615114 6.3589997
3.7541084 9.500193 6.244078
3.7924156 9.385271 6.0908494
3.8307228 9.2703495 5.8226986
3.86903 9.155428 5.401319
3.9073372 9.078814 5.133168
4.098873 9.040505 4.596867
4.405331 9.232041 4.405331
4.7884035 9.423577 4.4819455
5.1714754 9.5385 4.711789
5.363012 9.500193 5.2863975
5.3247046 9.193735 5.554548
5.209783 8.887277 5.631162
5.056554 8.695741 5.439626
4.9799395 8.542512 5.24809
4.9799395 8.465897 5.056554
5.056554 8.427589 4.9416323
5.094861 8.350975 4.865018
5.094861 8.312668 4.7500963
5.094861 8.350975 4.673482
5.056554 8.312668 4.596867
5.094861 8.274361 4.5202527
5.171476 8.274361 4.405331
5.2480903 8.197746 4.252102
5.3247046 8.236053 4.0222588
5.3247046 8.197746 3.715801
5.24809 8.159439 3.4093432
5.2097826 8.274361 3.1028855
5.2097826 8.312668 2.9113493
5.24809 8.465898 2.9113493
5.3247046 8.542512 3.0262709
5.3247046 8.465897 3.2944217
5.2863975 8.350975 3.4859576
5.209783 8.274361 3.6008792
5.171476 8.236053 3.6008792
5.171476 8.236053 3.4859576
5.133168 8.274361 3.3327289
5.133168 8.274361 3.064578
5.056554 8.236053 2.7964275
4.9416323 8.197746 2.6048913
4.865018 8.159439 2.4516625
4.8267107 8.121132 2.4133554
4.865018 8.121132 2.4899697
4.9416323 8.197746 2.528277
4.9799395 8.274361 2.4899697
4.9416323 8.312668 2.4516625
4.8267107 8.312668 2.2984335
4.6351748 8.236053 2.2218192
4.4436383 8.121132 2.0685902
4.252102 8.082825 1.8770541
4.098873 8.0445175 1.7621324
4.0222588 8.121132 1.532289
3.9839516 8.274361 1.4939818
3.9839516 8.389283 1.4173673
3.86903 8.542512 1.3024457
3.7158012 8.542512 1.2258313
3.5242648 8.465897 1.1875241
3.2944217 8.389282 1.3024457
3.217807 8.312668 1.4939818
3.1794999 8.312668 1.685518
3.217807 8.350975 1.685518
3.3327286 8.389283 1.6089035
3.4093432 8.42759 1.3407528
3.4859576 8.42759 0.95768064
3.4476504 8.42759 0.72783726
3.3327289 8.389283 0.42137948
3.217807 8.274361 0.34476504
3.0262709 8.121132 0.30645782
2.8730419 7.967903 0.2681506
2.719813 7.8529816 0.30645782
2.566584 7.73806 0.22984335
2.4516625 7.699753 0.3064578
2.4133554 7.73806 0.2681506
2.4133554 7.8529816 0.11492168
2.3750482 8.082825 0.038307227
2.3750482 8.236053 -0.038307227
2.2984335 8.274361 -0.11492168
2.2601264 8.197746 -0.076614454
2.2218192 8.121132 -0.11492168
2.1452045 8.121132 -0.19153613
2.0685902 8.082825 -0.30645782
1.8770542 8.121132 -0.30645782
1.6089035 8.0445175 -0.30645782
1.3790601 7.8912888 -0.30645782
1.2258313 7.8912888 -0.22984336
1.1492169 7.929596 -0.19153613
1.1492169 8.121132 -0.11492168
1.1875241 8.350975 -0.038307227
1.1875241 8.504205 0.076614454
1.1492168 8.542512 0.0
1.1109096 8.504205 -0.076614454
0.9959879 8.389282 -0.19153613
0.8044518 8.274361 -0.42137945
0.6512229 8.159439 -0.53630114
0.49799395 8.0445175 -0.6895301
0.34476507 8.00621 -0.842759
0.26815057 8.00621 -0.842759
0.15322891 7.967903 -0.9193735
0.076614454 7.929596 -0.9576807
0.038307227 7.929596 -1.0726023
-0.076614454 7.8529816 -1.1492168
-0.22984336 7.776367 -1.1875241
-0.34476504 7.73806 -1.1875241
-0.49799395 7.6614456 -1.0726024
-0.61291564 7.584831 -1.0342951
-0.7278373 7.546524 -0.9193734
-0.91937345 7.4699097 -0.7661445
-1.0726023 7.4699097 -0.6895301
-1.2641385 7.4316025 -0.6895301
-1.37906 7.3932953 -0.6512228
-1.4939818 7.316681 -0.6129156
-1.6472108 7.086837 -0.49799395
-1.7238252 6.9719152 -0.19153613
-1.838747 6.895301 0.038307227
-1.9919758 6.8569937 0.15322891
-2.1068974 6.895301 0.22984335
-2.2601264 6.895301 0.076614454
-2.4133554 6.933608 -0.076614454
-2.5282772 6.895301 -0.19153613
-2.6048915 6.895301 -0.30645782
-2.681506 6.8569937 -0.30645782
-2.7964275 6.8186865 -0.19153613
-2.8347347 6.8569937 -0.038307227
-2.9496565 6.895301 0.15322891
-3.0262709 7.0102224 0.34476507
-2.9879637 7.163451 0.4596867
-2.9113493 7.2783732 0.53630114
-2.7964277 7.3166804 0.6512228
-2.6431987 7.4699097 0.7661445
-2.5665843 7.584831 0.842759
-2.528277 7.776367 0.91937345
-2.4899697 8.082825 1.0342951
-2.4516625 8.121132 1.1109096
-2.2984338 8.159439 1.3024457
-2.1452048 8.121132 1.37906
-1.9919758 8.082825 1.37906
-1.9153614 8.197746 1.37906
-1.8770542 8.389282 1.1875241
-1.9153614 8.542511 1.0342951
-1.8387469 8.619126 0.9959879
-1.7621324 8.542512 1.1492168
-1.6472107 8.619126 1.4173675
-1.4556745 8.925584 1.5705962
-1.4556745 9.11712 1.7238252
-1.4939818 9.193734 1.6855179
-1.532289 9.308657 1.9153613
-1.685518 9.2703495 2.1452045
-1.8004396 9.155427 2.336741
-1.9153614 9.11712 2.6048915
-2.030283 8.925584 2.681506
-2.0685902 8.963891 2.9113493
-2.183512 9.078813 2.9879637
-2.2601264 9.078813 3.064578
-2.336741 9.232042 3.1411927
-2.528277 9.232042 3.1028852
-2.566584 9.078813 3.2944214
-2.528277 9.040505 3.7541082
-2.375048 8.925584 4.2904096
-2.183512 8.887277 4.8267107
-1.9919758 9.040505 5.094861
-1.9153614 9.232042 5.2480903
-1.9153614 9.461885 5.2097826
-1.8004397 9.653421 5.133168
-1.685518 9.80665 5.133168
-1.5322891 9.883265 5.094861
-1.4556746 9.844957 5.1714754
-1.4556746 9.80665 5.363012
-1.4939818 9.80665 5.66947
-1.4556746 9.844957 5.899313
-1.1492168 10.036493 5.93762
-0.6895301 10.342951 5.8226986
-0.2681506 10.726023 5.6694694
0.0 10.994174 5.592855
-0.114921674 11.070788 5.554548
-0.38307226 10.955867 5.66947
-0.5363012 10.726024 5.7843914
-0.49799395 10.611102 5.9759274
-0.19153613 10.534488 6.397307
0.49799395 10.649409 6.818686
0.6895301 10.649409 6.818686
0.80445176 10.6877165 6.7420716
0.91937345 10.611102 6.818686
1.1109096 10.649409 7.0102224
1.4556746 10.649409 7.2783732
1.8387468 10.6877165 7.508217
2.1452048 10.6877165 7.546524
2.4516625 10.572795 7.3932953
2.7964277 10.381258 7.2783737
3.2178068 10.304644 7.240066
3.754108 10.49618 7.240066
4.1754875 10.649408 7.201759
4.290409 10.764331 7.086837
4.2137947 10.649409 6.7803793
3.9456444 10.22803 6.512229
3.7541082 9.80665 6.3589993
3.7924154 9.5385 6.2057705
3.9839516 9.346964 6.282385
4.2904096 9.2703495 6.3589997
4.5968676 9.232042 6.435614
4.7884035 9.040505 6.5122285
4.865018 8.810661 6.4739213
4.9416323 8.619125 6.588843
5.094861 8.350975 6.5122285
5.2480903 8.274361 6.397307
5.363012 8.274361 6.1674633
5.439626 8.121132 5.861006
5.363012 8.00621 5.707777
5.24809 7.73806 5.66947
5.2097826 7.4699097 5.746084
5.1714754 7.354988 5.7843914
5.1714754 7.2783732 5.861006
5.2863975 7.2400656 5.861006
5.363012 7.31668 5.707777
5.4779334 7.31668 5.286397
5.401319 7.31668 5.094861
5.2480903 7.2400656 4.9799395
5.0948615 7.163451 5.094861
4.903325 7.125144 5.056554
4.7884035 7.0485296 5.0182467
4.711789 6.9719152 5.133168
4.6351748 6.9719152 5.0182467

