1.3407528 7.2400656 7.431602
1.4556745 7.3166804 7.469909
1.532289 7.3549876 7.6231384
1.1492168 6.895301 7.584831
1.2641385 7.0485296 7.6231384
1.4939818 7.278373 7.546524
1.6855179 7.7380595 7.4699097
2.1068974 8.236053 7.4699097
2.2218192 8.236053 7.3549876
2.2601264 8.312668 7.393295
2.2984335 8.274361 7.393295
2.3750482 8.312668 7.469909
2.3750482 8.312668 7.431602
2.4133554 8.236053 7.393295
2.4516625 8.159439 7.3549876
2.4133554 8.0445175 7.3549876
2.3750482 7.967903 7.2783732
2.3367407 7.8912888 7.1634517
2.3367407 7.8146744 7.086837
2.4133554 7.776367 6.933608
2.528277 7.776367 7.0102224
2.719813 7.8912888 7.0102224
2.987964 8.0445175 7.0485296
3.2178073 8.121132 7.086837
3.4859576 8.197746 7.125144
3.7158012 8.159439 7.086837
3.7924156 8.082825 7.0485296
3.9456444 8.121132 6.9719152
3.9456444 8.082825 6.8186865
3.9456444 8.082825 6.8186865
3.9839516 8.0445175 6.8569937
3.9456444 7.967903 6.895301
3.9839516 7.8912888 6.8569937
4.0222588 7.8146744 6.8186865
4.0222588 7.8912888 6.6654577
4.0222588 7.776367 6.4739213
4.0222588 7.699753 6.282385
3.9839516 7.546524 6.129156
4.0222588 7.3549876 5.9759274
4.060566 7.3166804 5.93762
4.1754875 7.3549876 6.0142345
4.3287163 7.4699097 5.9759274
4.4436383 7.508217 5.93762
4.55856 7.584831 5.746084
4.596867 7.546524 5.5545483
4.596867 7.469909 5.4779334
4.596867 7.431602 5.439626
4.596867 7.3549876 5.5162406
4.55856 7.3549876 5.439626
4.5202527 7.393295 5.363012
4.55856 7.393295 5.2863975
4.6351748 7.5082164 5.1714754
4.7500963 7.6231384 5.094861
4.8267107 7.699753 4.9799395
4.8267107 7.8912888 4.865018
4.7884035 7.929596 4.711789
4.711789 7.929596 4.5968676
4.7500963 7.967903 4.5202527
4.8267107 7.929596 4.4819455
4.9416323 7.929596 4.5968676
5.133168 8.082825 4.5968676
5.3247046 8.197746 4.5585604
5.4396267 8.312669 4.520253
5.516241 8.350976 4.2904096
5.477934 8.312668 4.2137947
5.363012 8.197746 4.1371803
5.2480903 8.121132 4.0222588
5.171476 8.082825 3.9456444
5.171476 8.00621 3.9073372
5.2480903 8.0445175 3.9073372
5.439626 8.00621 3.86903
5.554548 8.121132 3.9073372
5.66947 8.197746 3.8307228
5.66947 8.274361 3.5625722
5.5545483 8.312668 3.2944217
5.477934 8.159439 2.9496565
5.363012 8.082825 2.6431985
5.2480903 7.929596 2.7198133
5.133168 7.929596 2.873042
5.056554 7.929596 3.026271
5.0182467 7.967903 3.1028855
5.0182467 8.0445175 2.9496565
5.056554 7.967903 2.7581203
5.056554 8.00621 2.681506
5.056554 8.00621 2.6048915
5.056554 8.00621 2.5665843
5.094861 8.121132 2.528277
5.171476 8.236053 2.4133554
5.2480903 8.274361 2.4516625
5.3247046 8.236053 2.3750482
5.363012 8.236053 2.183512
5.363012 8.159439 1.9536687
5.3247046 8.121132 1.7238253
5.2863975 8.082825 1.6472107
5.209783 8.0445175 1.6472107
5.056554 8.0445175 1.6472107
4.9416323 8.082825 1.6089035
4.865018 8.159439 1.5322891
4.8267107 8.121132 1.340753
4.8267107 8.159439 1.1875241
4.8267107 8.0445175 1.0342951
4.8267107 8.00621 0.8810662
4.7884035 8.00621 0.95768064
4.7884035 7.967903 1.1492168
4.865018 8.0445175 1.3024457
4.9416323 8.121132 1.3024457
5.056554 8.197746 1.3024457
5.133168 8.197746 1.0342951
5.094861 8.197746 0.68953013
4.9799395 8.159439 0.45968673
4.7884035 8.082825 0.11492168
4.596867 7.967903 -0.11492168
4.405331 7.8529816 -0.22984336
4.290409 7.8146744 -0.22984336
4.252102 7.8529816 -0.19153613
4.290409 7.967903 0.0
4.367024 8.159439 0.15322891
4.405331 8.274361 0.19153613
4.4436383 8.350976 0.22984336
4.4436383 8.42759 0.076614454
4.4436383 8.42759 -0.15322891
4.3670235 8.389282 -0.38307226
4.252102 8.389282 -0.6129156
4.1371803 8.389282 -0.8044517
4.0222588 8.465897 -0.842759
4.0222588 8.542512 -0.7278373
4.0222588 8.619126 -0.6512228
3.9456444 8.6574335 -0.42137948
3.8307228 8.6574335 -0.30645782
3.6008794 8.695741 -0.38307226
3.3327289 8.619126 -0.34476504
3.1028855 8.542512 -0.49799395
2.873042 8.427589 -0.6512228
2.7581203 8.312668 -0.7278373
2.681506 8.350975 -0.9959879
2.6431987 8.427589 -1.0726024
2.6048915 8.504204 -1.0342951
2.5282772 8.542512 -1.0342951
2.4516625 8.465898 -0.9576807
2.375048 8.42759 -0.88106626
2.3367407 8.350975 -0.88106626
2.2601264 8.312668 -0.84275895
2.1452048 8.350975 -0.6895301
2.0685902 8.236053 -0.61291564
1.9536686 8.312668 -0.45968673
1.8770541 8.42759 -0.34476504
1.8770541 8.504205 -0.30645782
1.8387469 8.619126 -0.22984335
1.9153614 8.619126 -0.34476504
1.9919759 8.580819 -0.57460845
2.030283 8.580819 -0.80445176
1.9919758 8.619126 -0.9959879
1.838747 8.619126 -1.1492168
1.6089036 8.619126 -1.0342951
1.4173675 8.580819 -0.8810662
1.340753 8.504205 -0.8044517
1.340753 8.542512 -0.53630114
1.3790601 8.695741 -0.45968673
1.3790601 8.734048 -0.4213795
1.3024457 8.848969 -0.34476507
1.1492168 8.848969 -0.34476507
0.9959879 8.695741 -0.19153613
0.8810662 8.619126 -0.038307227
0.80445176 8.542512 0.11492168
0.7661445 8.542512 0.19153613
0.80445176 8.619126 0.19153613
0.80445176 8.734048 0.0
0.7661445 8.772355 -0.22984336
0.68953 8.657433 -0.45968673
0.49799395 8.580818 -0.68953
0.38307226 8.504204 -0.5746084
0.34476504 8.580818 -0.5746084
0.30645782 8.6574335 -0.42137948
0.30645782 8.695741 -0.34476504
0.22984336 8.695741 -0.38307226
0.076614454 8.580819 -0.4213795
0.0 8.580819 -0.5363012
-0.11492168 8.504205 -0.49799395
-0.15322891 8.42759 -0.49799395
-0.15322891 8.350975 -0.4213795
-0.30645782 8.274361 -0.34476504
-0.34476504 8.197746 -0.4213795
-0.4213795 8.121132 -0.5363012
-0.5363012 8.121132 -0.68953013
-0.5363012 8.0445175 -0.9193734
-0.6512228 8.0445175 -1.1492168
-0.842759 7.967903 -1.3024457
-0.9959879 7.929596 -1.2641385
-1.1875241 7.929596 -1.1109096
-1.3407528 7.8529816 -0.7661445
-1.3790603 7.8912888 -0.38307226
-1.3790603 7.929596 -0.15322891
-1.3024457 8.00621 -0.11492168
-1.1875241 8.159439 -0.15322891
-1.1109097 8.236053 -0.15322891
-1.0342952 8.236053 -0.15322891
-1.0726024 8.197746 -0.038307227
-1.1492168 8.159439 0.0
-1.2258313 8.236053 -0.22984335
-1.340753 8.236053 -0.30645782
-1.4173675 8.236053 -0.26815057
-1.4556746 8.159439 1.4901161E-8
-1.4556746 8.082825 0.38307226
-1.4939818 7.967903 0.6512228
-1.5705963 8.00621 0.7661445
-1.7238252 8.159439 0.61291564
-1.9153613 8.274361 0.45968673
-2.0685902 8.504204 0.19153614
-2.0685902 8.619126 0.1532289
-1.9536686 8.504204 0.26815057
-1.8004396 8.389282 0.34476507
-1.6089035 8.427589 0.57460845
-1.5322891 8.465897 0.49799395
-1.4556746 8.772355 0.34476504
-1.493982 9.078814 0.11492168
-1.5705965 9.117121 -0.19153613
-1.5705965 9.002199 -0.30645782
-1.5705965 8.695741 -0.2681506
-1.4939818 8.542511 0.11492169
-1.4173675 8.542511 0.49799395
-1.3790601 8.734047 0.7661445
-1.4556746 9.040505 0.8810662
-1.4556746 9.232042 0.5746084
-1.3790601 9.308657 0.22984335
-1.340753 9.232042 -0.038307235
-1.2641385 9.040505 -0.19153613
-1.3407528 8.925584 -0.11492168
-1.532289 8.810662 0.11492168
-1.7238252 9.002198 0.30645782
-1.9153614 9.232041 0.30645782
-1.9919758 9.232041 0.34476504
-2.030283 9.232041 0.38307226
-1.9536686 9.002198 0.45968673
-1.8004396 8.810662 0.8044517
-1.7238252 8.734048 1.2258312
-1.6472108 8.887278 1.4939818
-1.685518 9.078814 1.6089036
-1.8004398 9.308657 1.340753
-1.9153614 9.5385 0.99598795
-2.1068974 9.500193 0.7661446
-2.336741 9.2703495 0.91937345
-2.566584 9.040505 1.4556746
-2.7198133 8.848969 1.9919758
-2.7964277 8.848969 2.528277
-2.7581205 9.040505 2.681506
-2.6431987 9.270349 2.6048915
-2.566584 9.385271 2.6048915
-2.4516625 9.385271 2.6048915
-2.336741 9.2703495 2.7964275
-2.2601264 9.078813 3.1794999
-2.2218192 8.848969 3.5625722
-2.2601266 8.734048 3.86903
-2.4133554 8.695741 4.060566
-2.6815057 8.695741 3.9073372
-2.9879637 8.810662 3.6008792
-3.2178073 8.810662 3.4093432
-3.3327289 8.734048 3.4476504
-3.1028852 8.695741 3.86903
-2.681506 8.695741 4.4436383
-2.183512 8.810662 5.094861
-1.7238252 9.078813 5.5162406
-1.5705963 9.270349 5.554548
-1.6472107 9.308656 5.363012
-1.9153613 9.155427 4.865018
-2.2601266 8.848969 4.367024
-2.528277 8.427589 4.1371803
-2.566584 8.0445175 4.252102
-2.4133554 7.929596 4.711789
-1.9919758 8.082825 5.324704
-1.340753 8.542512 6.052542
-0.6512228 9.193735 6.5122285
-0.03830722 9.80665 6.5505357
0.30645782 10.228029 6.397307
0.19153613 10.342951 5.861006
-0.2681506 10.0748005 5.363012
-0.9576807 9.4618845 5.2480903
-1.6472108 8.772355 5.4779334
-1.9536686 8.350975 6.167464
-1.4939818 8.619125 6.8569937
-0.99598795 9.002198 7.2400656
-0.6512229 9.346964 7.163451
-0.5746084 9.308656 6.933608
-1.1492168 8.810661 6.8569937
-1.532289 8.427589 7.1251445
-1.532289 8.159439 7.699753
-1.340753 8.236053 8.121132
-0.9959879 8.465897 8.236053
-0.7278373 8.69574 8.082825
-0.8044517 8.848969 7.776367
-1.0342951 8.69574 7.584831
-1.3790601 8.389282 7.546524
-1.4556746 8.121132 7.699753
-1.2258313 7.967903 7.967903
-0.80445176 8.0445175 8.121132
-0.34476504 8.197746 8.427589
-0.15322891 8.274361 8.389282
-0.15322891 8.197746 8.312668
-0.2681506 8.0445175 8.312668
-0.34476504 7.8146744 8.197746
-0.2681506 7.73806 8.389282
0.0 7.8146744 8.619125
0.34476504 8.0445175 8.887277
0.6512229 8.274361 9.002198
0.7661445 8.312668 8.925584
0.6512228 8.197746 8.6574335
0.49799395 7.8912888 8.465897
0.34476504 7.6231384 8.427589
0.38307226 7.4699097 8.465897
0.53630114 7.4699097 8.695741
0.6895301 7.546524 8.619125
0.88106626 7.584831 8.580818
0.842759 7.546524 8.427589
0.7278373 7.3549876 8.159439
0.19153613 6.742072 7.776367
0.0 6.5122285 7.8146744
-0.076614454 6.397307 7.8146744
-0.076614454 6.397307 7.8912888
0.0 6.5122285 7.8912888
0.11492168 6.5888433 7.73806
0.15322891 6.6271505 7.73806
0.15322891 6.473921 7.6231384
0.19153613 6.282385 7.546524
0.30645782 6.090849 7.4316025
0.7661445 6.090849 7.354987
1.6089036 6.588843 7.584831
2.681506 7.3166804 7.776367
3.562572 8.082825 8.082825
3.9839516 8.542511 8.312668
3.7924156 8.504204 8.312668
3.1411924 8.082825 8.236053
2.2218192 7.431602 8.082825
0.7661445 6.435614 7.584831
0.15322891 6.129156 7.3549876
-0.19153613 5.93762 7.3166804
-0.45968673 5.8226986 7.3166804
-0.57460845 5.8226986 7.508217
-0.5363012 5.93762 7.584831
-0.4213795 6.129156 7.546524
-0.30645782 6.282385 7.4699097
-0.26815057 6.397307 7.2783732
-0.30645782 6.435614 7.3549876
-0.30645782 6.512229 7.469909
-0.26815057 6.550536 7.6231384
-0.11492168 6.6654577 7.8529816
0.15322891 6.8569937 7.8146744
0.7661445 7.201759 7.508217
0.91937345 7.2783732 7.4316025
1.0342951 7.2783732 7.4316025

