0.9959879 7.2017584 7.546524
0.9576807 7.163451 7.6614456
0.4213795 6.933608 7.201759
0.6895301 7.201759 7.201759
0.91937345 7.431602 7.201759
1.1875241 7.661445 7.240066
1.6089035 7.967903 7.584831
1.532289 7.8529816 7.546524
1.5705963 7.73806 7.508217
1.6472107 7.73806 7.393295
1.8004396 7.776367 7.393295
1.9919758 7.699753 7.3549876
2.1452048 7.8146744 7.3549876
2.2601264 7.776367 7.3166804
2.336741 7.73806 7.240066
2.3750482 7.73806 7.163451
2.4133554 7.584831 7.0485296
2.4516625 7.5082164 7.0102224
2.4133554 7.393295 6.780379
2.336741 7.2783732 6.62715
2.2984335 7.1634517 6.435614
2.2984335 7.086837 6.320692
2.4899697 7.125144 6.512228
2.8347347 7.2783732 6.6271505
3.1794999 7.3932953 6.7803793
3.4859576 7.546524 6.8569937
3.6774938 7.6231384 6.7420716
3.715801 7.584831 6.7037644
3.715801 7.546524 6.5505357
3.7541084 7.469909 6.5505357
3.7924156 7.431602 6.5888433
3.9073372 7.508217 6.5888433
4.098873 7.6614456 6.6271505
4.290409 7.8529816 6.5888433
4.4053307 7.967903 6.435614
4.4819455 8.0445175 6.282385
4.4436383 8.0445175 6.2057705
4.3287168 7.929596 6.0142345
4.252102 7.8529816 5.899313
4.252102 7.776367 5.9759274
4.367024 7.8146744 6.167464
4.5968676 8.00621 6.3206925
4.903325 8.159439 6.435614
5.094861 8.312668 6.2823853
5.1714754 8.312668 6.129156
5.1714754 8.236053 5.93762
5.094861 8.121132 5.8226986
5.056554 8.0445175 5.8226986
5.094861 8.082825 5.746084
5.1714754 8.121132 5.7843914
5.209783 8.236053 5.746084
5.209783 8.274361 5.6311626
5.1331687 8.159439 5.4779334
5.0182467 8.00621 5.3247046
4.903325 7.8529816 5.2480903
4.8267107 7.6231384 5.1331687
4.7884035 7.6231384 5.0948615
4.7884035 7.6614456 5.1331687
4.865018 7.73806 5.171476
4.9799395 7.929596 5.209783
5.056554 8.00621 5.2480903
5.094861 8.00621 5.094861
5.056554 8.0445175 4.9416323
4.903325 8.00621 4.673482
4.711789 8.00621 4.3287168
4.4819455 8.00621 4.1371803
4.290409 7.929596 3.8307228
4.1371803 7.929596 3.7158012
4.1371803 7.8146744 3.7541084
4.1754875 7.929596 3.7924156
4.290409 8.121132 4.098873
4.4819455 8.274361 4.3287163
4.596867 8.580819 4.290409
4.6351743 8.6574335 4.098873
4.596867 8.619126 3.715801
4.4436383 8.580819 3.3710358
4.252102 8.542512 3.2561142
4.1371803 8.542512 3.3710358
4.0222588 8.580819 3.5242648
3.9839516 8.6574335 3.7158012
3.9839516 8.619126 3.86903
3.9839516 8.695741 3.9456444
4.0222588 8.734048 3.9073372
4.0222588 8.772355 3.8307228
4.060566 8.848969 3.6391866
4.0222588 8.848969 3.371036
3.86903 8.848969 3.1794999
3.7158012 8.810662 3.2561142
3.4476504 8.734048 3.2944214
3.2561145 8.6574335 3.4476504
3.1794999 8.619126 3.715801
3.1411924 8.580819 3.6391866
3.217807 8.619126 3.7924154
3.2561142 8.619126 3.7924154
3.2944217 8.6574335 3.715801
3.3327289 8.6574335 3.6774938
3.2944217 8.6574335 3.524265
3.2561145 8.6574335 3.4859576
3.1411927 8.580819 3.4476504
3.064578 8.580819 3.4093432
2.9496565 8.465897 3.2944217
2.9113493 8.465897 3.064578
2.9496565 8.504204 2.834735
2.9113493 8.465897 2.7198133
2.9496565 8.542512 2.681506
2.9113493 8.542512 2.719813
2.7964277 8.504205 2.719813
2.6431987 8.465897 2.6048915
2.4516625 8.389282 2.4899697
2.336741 8.350975 2.336741
2.2218192 8.312668 2.2601264
2.183512 8.312668 2.1835117
2.2601264 8.389282 2.0685902
2.2984338 8.389282 1.9919758
2.336741 8.542511 1.9153614
2.336741 8.619126 1.9153614
2.2601264 8.695741 1.9919758
2.0685902 8.810662 1.9153613
1.9153614 8.734048 1.8770541
1.6472108 8.695741 1.8387469
1.3790603 8.542511 1.8387469
1.2258313 8.427589 1.9536686
1.1109097 8.389282 2.030283
1.2258313 8.427589 2.030283
1.3407528 8.542512 1.9153614
1.4173675 8.695741 1.8004396
1.3790601 8.848969 1.7621324
1.2641385 8.887277 1.7621324
1.0342951 8.848969 1.685518
0.8044518 8.6574335 1.6472107
0.57460845 8.504205 1.5705962
0.2681506 8.389282 1.532289
0.038307227 8.274361 1.6089036
-0.15322891 8.274361 1.685518
-0.26815057 8.236053 1.6472107
-0.22984336 8.312668 1.7238252
-0.076614454 8.389282 1.9919759
0.038307227 8.42759 2.2218194
0.15322891 8.465898 2.4516625
0.15322891 8.465898 2.566584
0.0 8.542512 2.336741
-0.19153613 8.465898 2.0685902
-0.45968673 8.312668 1.9536686
-0.7278373 8.082825 1.7238252
-0.9576807 7.8146744 1.7238252
-1.1109096 7.73806 1.8387469
-1.1109096 7.6614456 1.8387469
-1.0726024 7.6614456 1.9536686
-0.9576807 7.6614456 2.030283
-0.9193735 7.6614456 1.9536686
-0.9576807 7.699753 1.8004397
-1.0726023 7.699753 1.5322891
-1.2641385 7.699753 1.1492168
-1.3790601 7.6614456 0.842759
-1.4939818 7.6614456 0.5746084
-1.4556745 7.73806 0.4213795
-1.3790601 7.8146744 0.4596867
-1.1875241 7.929596 0.4596867
-1.0726024 8.00621 0.49799395
-0.9959879 7.967903 0.5363012
-0.9576807 8.0445175 0.4213795
-1.0726024 8.0445175 0.45968673
-1.1875241 8.082825 0.49799395
-1.3790603 8.121132 0.49799395
-1.5705963 8.00621 0.57460845
-1.7238252 7.8912888 0.57460845
-1.8004397 7.8529816 0.61291564
-1.7238252 7.929596 0.6895301
-1.6089035 8.082825 0.6512228
-1.4173675 8.312668 0.49799395
-1.2641385 8.427589 0.30645782
-1.2258313 8.465898 0.076614454
-1.3024457 8.350975 0.038307227
-1.5705962 8.159439 0.11492168
-1.9153614 7.967903 0.19153613
-2.5282772 7.699753 0.5746084
-2.6048915 7.699753 0.6512229
-2.528277 7.8912888 0.88106626
-2.2984335 8.082825 0.88106626
-2.0685902 8.197746 0.80445176
-1.8004396 8.350975 0.7278373
-1.532289 8.389282 0.4213795
-1.4173675 8.465897 0.26815057
-1.3790603 8.542512 0.15322891
-1.4173675 8.580819 0.22984336
-1.532289 8.580819 0.4213795
-1.6472108 8.580819 0.72783726
-1.7238252 8.542512 1.1109095
-1.8770542 8.42759 1.3024457
-2.030283 8.350975 1.6089035
-2.2218192 8.274361 1.685518
-2.4133554 8.236053 1.685518
-2.4899697 8.197746 1.8387469
-2.528277 8.121132 1.7238252
-2.4133554 8.0445175 1.7238252
-2.2218192 7.929596 1.6855179
-2.030283 7.967903 1.6089035
-1.838747 8.0445175 1.5705963
-1.838747 8.197746 1.5322891
-1.991976 8.389282 1.4556746
-2.2601266 8.504205 1.3790601
-2.5282772 8.504205 1.4173673
-2.7581203 8.350975 1.3790601
-2.9496565 8.121132 1.4556746
-3.0262709 7.8146744 1.4939818
-3.064578 7.699753 1.6089035
-3.0262709 7.8146744 1.7621324
-2.873042 8.121132 1.9536685
-2.681506 8.580819 1.9919758
-2.4516625 8.925584 1.8004396
-2.0685902 9.11712 1.7621324
-1.7238252 9.155427 1.6089034
-1.4939818 9.002198 1.7238252
-1.4556746 8.772355 1.9919758
-1.7238252 8.619126 2.1068974
-2.1452048 8.542512 2.2601264
-2.6048915 8.504205 2.3367407
-2.9113493 8.619126 2.3367407
-2.9879637 8.695741 2.3367407
-2.8347347 8.734048 2.3367407
-2.528277 8.848969 2.413355
-2.1068974 8.925584 2.6815057
-1.685518 9.040505 3.064578
-1.3024458 9.270349 3.4859576
-1.0342951 9.615114 3.9073372
-0.9959879 9.883265 4.060566
-1.0726023 9.959879 4.060566
-1.4173675 9.80665 3.9839516
-1.877054 9.385271 3.7924156
-2.2601264 8.887277 3.7924156
-2.6048915 8.465897 3.9839516
-2.681506 8.312668 4.4436383
-2.566584 8.427589 4.9799395
-2.260126 8.810661 5.554548
-1.8770541 9.2703495 6.0142345
-1.5322891 9.615114 6.2823853
-1.2641385 9.768343 6.3206925
-1.3024458 9.691729 6.0908494
-1.6089036 9.576807 5.707777
-2.030283 9.346964 5.363012
-2.3750482 9.117121 5.401319
-2.528277 9.117121 5.7843914
-2.375048 9.232042 6.2440777
-2.030283 9.5385 6.703765
-1.6472108 9.883265 6.9719152
-1.4556746 9.959879 7.0102224
-1.4939818 9.80665 7.0485296
-1.8387469 9.423578 6.933608
-2.336741 9.002199 6.8569937
-2.6431987 8.772355 6.8186865
-2.7964275 8.734048 6.7803793
-2.6431987 8.848969 6.933608
-2.2984338 9.155427 7.278373
-1.9153614 9.308657 7.5465236
-1.6089034 9.423578 7.8529816
-1.5705962 9.461885 7.967903
-1.685518 9.2703495 7.8146744
-1.9919759 9.002198 7.776367
-2.1835117 8.734048 7.8529816
-2.1068974 8.619126 8.00621
-1.9153614 8.6574335 8.121132
-1.5705963 8.887277 8.236053
-1.2641385 9.078813 8.159439
-1.2258313 9.040505 8.00621
-1.3024457 8.848969 7.8529816
-1.4939818 8.619125 7.699753
-1.6472108 8.389282 7.6614456
-1.5705963 8.274361 7.6614456
-1.340753 8.389282 7.699753
-0.9959879 8.542511 7.6231384
-0.7278373 8.69574 7.508217
-0.5363012 8.772355 7.4699097
-0.5363012 8.734048 7.431602
-0.61291564 8.580819 7.5082164
-0.61291564 8.427589 7.6614456
-0.5746084 8.350975 7.776367
-0.42137948 8.236053 7.967903
-0.22984335 8.197746 8.0445175
-0.15322891 8.121132 8.0445175
-0.11492168 7.929596 8.00621
-0.22984336 7.699753 7.929596
-0.30645782 7.546524 8.0445175
-0.34476507 7.393295 8.121132
-0.30645782 7.393295 8.236053
-0.076614454 7.508217 8.312668
0.076614454 7.508217 8.274361
0.26815057 7.508217 8.350975
0.344765 7.4699097 8.350975
0.19153613 7.3549876 8.197746
-0.22984336 6.8186865 7.8146744
-0.7278373 6.2823853 7.2017584
-0.114921674 6.052542 7.3932953
1.0726024 6.435614 8.0445175
2.336741 7.431602 8.8489685
3.371036 8.197746 9.423578
3.1795 8.389282 9.078813

