2.4133554 7.8146744 8.197746
0.57460845 7.086837 7.0485296
0.61291564 7.3549876 7.3166804
0.84275895 7.6231384 7.3166804
0.9193734 7.967903 7.3549876
1.2641385 8.121132 7.6614456
1.2641385 8.274361 7.584831
1.2258313 8.42759 7.6614456
1.1875241 8.350975 7.6614456
1.0726024 8.236053 7.73806
0.9576807 8.121132 7.73806
0.8810662 7.929596 7.699753
0.8810662 7.8146744 7.699753
1.0726023 7.776367 7.6614456
1.3024457 7.73806 7.6614456
1.532289 7.8146744 7.508217
1.8004396 8.00621 7.3166804
2.030283 8.197746 7.163451
2.2601264 8.427589 7.086837
2.4516625 8.504205 7.086837
2.6048915 8.465897 7.1634517
2.6431987 8.389282 7.240066
2.6431987 8.197746 7.240066
2.681506 8.159439 7.2783732
2.7964277 8.159439 7.3166804
3.026271 8.274361 7.3166804
3.2944217 8.389282 7.163451
3.4859576 8.427589 6.933608
3.562572 8.465898 6.6654572
3.562572 8.465898 6.3589997
3.5242648 8.504205 6.473922
3.562572 8.465897 6.6271505
3.6008792 8.389282 6.8569937
3.677494 8.312668 7.125144
3.7158012 8.197746 7.0485296
3.7158012 8.236053 6.933608
3.7158012 8.274361 6.6654577
3.7924156 8.236053 6.320692
3.8307228 8.197746 6.0525417
3.86903 8.121132 5.93762
3.9456444 8.082825 5.8226986
3.9456444 8.082825 5.93762
4.0222588 8.082825 6.0142345
4.098873 8.082825 5.93762
4.098873 8.00621 5.9759274
4.060566 7.8912888 5.8226986
4.0222588 7.73806 5.66947
4.060566 7.584831 5.5545483
4.1371803 7.584831 5.439626
4.2521024 7.584831 5.3247046
4.3287168 7.699753 5.2863975
4.290409 7.776367 5.0948615
4.290409 7.699753 4.7884035
4.2137947 7.6614456 4.596867
4.2137947 7.6614456 4.3670235
4.2137947 7.6231384 4.3670235
4.1371803 7.6614456 4.4819455
4.098873 7.6614456 4.596867
4.0222588 7.584831 4.711789
4.060566 7.584831 4.865018
4.2137947 7.584831 4.9799395
4.367024 7.699753 5.0182467
4.5585604 7.8146744 5.056554
4.711789 7.929596 4.9416323
4.7500963 8.00621 4.7500963
4.8267107 8.082825 4.6351748
4.8267107 8.159439 4.4819455
4.7500963 8.197746 4.290409
4.673482 8.274361 4.1754875
4.520253 8.274361 4.0222588
4.4436383 8.274361 3.9839516
4.4819455 8.312668 4.0222588
4.596867 8.389282 4.060566
4.7500963 8.465898 4.098873
4.865018 8.580819 4.0222588
4.865018 8.6574335 3.8307228
4.7500963 8.695741 3.7924156
4.5585604 8.734048 3.6391866
4.367024 8.734048 3.6008794
4.2137947 8.695741 3.6391866
4.1754875 8.734048 3.5242648
4.2137947 8.734048 3.4859576
4.2137947 8.772355 3.4093432
4.2137947 8.887277 3.4476504
4.1371803 8.925584 3.4859576
4.060566 8.963891 3.4859576
4.0222588 8.963891 3.4476502
4.0222588 8.925584 3.3327286
3.9456444 8.848969 3.217807
3.7541082 8.6574335 3.1794996
3.562572 8.542512 3.1028852
3.2944214 8.465898 3.064578
3.1411924 8.389283 2.9113493
3.1028852 8.465898 2.7964275
3.064578 8.542512 2.7964275
3.1411927 8.619126 2.7964275
3.1794999 8.695741 2.9879637
3.2561142 8.772355 3.1028852
3.217807 8.695741 2.9879637
3.0645783 8.580819 2.9113493
2.8730419 8.504205 2.7964277
2.6431985 8.350976 2.7198129
2.566584 8.274361 2.8347347
2.4899697 8.197746 2.7964275
2.528277 8.236053 2.681506
2.5665843 8.312668 2.566584
2.6048915 8.427589 2.4133554
2.7581205 8.619126 2.2218192
2.834735 8.6574335 2.0685902
2.873042 8.734048 1.877054
2.7964277 8.6574335 1.7238252
2.566584 8.504204 1.7238252
2.3750482 8.350975 1.8004398
2.1452048 8.236053 1.8004398
1.9919759 8.197746 1.8004398
1.9536686 8.236053 1.685518
1.9153614 8.236053 1.4939818
1.9919758 8.274361 1.3024457
2.030283 8.312668 1.2258313
2.030283 8.236053 1.2258313
1.9919758 8.274361 1.2641385
1.8387469 8.236053 1.4173673
1.6472108 8.159439 1.37906
1.4556746 8.121132 1.4556746
1.2258313 8.0445175 1.4173675
1.0342951 7.967903 1.2641385
0.8810662 8.0445175 1.1109096
0.7278373 8.082825 0.842759
0.6512228 8.121132 0.8044518
0.61291564 8.159439 0.9193734
0.49799395 8.0445175 1.1109096
0.38307226 8.0445175 1.3024458
0.22984335 8.00621 1.4556746
0.038307227 8.0445175 1.4556746
0.0 8.00621 1.4939818
-0.076614454 7.967903 1.4556746
-0.11492168 7.929596 1.340753
-0.15322891 7.8146744 1.2258313
-0.22984336 7.8912888 1.0342951
-0.30645782 7.929596 0.91937345
-0.38307226 8.00621 0.8810662
-0.4596867 8.0445175 0.91937345
-0.49799395 8.0445175 0.91937345
-0.5363012 8.0445175 0.99598795
-0.5746084 7.929596 0.95768064
-0.5363012 8.00621 0.84275895
-0.5363012 8.121132 0.84275895
-0.49799398 8.236053 0.72783726
-0.4213795 8.504205 0.6512228
-0.38307226 8.542512 0.6895301
-0.344765 8.619126 0.7278373
-0.344765 8.6574335 0.842759
-0.38307226 8.542511 0.842759
-0.4596867 8.542511 0.842759
-0.53630114 8.465897 0.7661445
-0.61291564 8.350975 0.68953
-0.7278373 8.427589 0.7661445
-0.842759 8.427589 0.7661445
-0.9576807 8.465897 0.7661445
-1.0342951 8.465897 0.8044517
-1.0342951 8.465897 0.842759
-0.9576807 8.465897 0.9193734
-0.91937345 8.465897 1.0342951
-0.91937345 8.542512 0.9959879
-0.99598795 8.542512 1.0726023
-1.1109096 8.542512 1.1109096
-1.2258313 8.504205 0.9959879
-1.340753 8.427589 0.9193734
-1.340753 8.427589 0.7278373
-1.3024458 8.389282 0.5363012
-1.1875241 8.312668 0.5363012
-0.9576807 8.350975 0.68953013
-0.842759 8.389282 0.9193734
-0.7661445 8.542512 1.3024457
-0.8044517 8.619126 1.6472107
-0.9959879 8.542511 1.8770541
-1.532289 7.8146744 1.9919758
-1.7621324 7.584831 1.9536686
-1.9153614 7.508217 1.9153614
-1.8387469 7.6614456 1.8004397
-1.7621324 7.967903 1.4556746
-1.532289 8.274361 1.2258313
-1.187524 8.504204 0.9576807
-0.8810662 8.734048 0.8044518
-0.5363012 8.848969 0.9576807
-0.30645782 8.963891 1.1492169
-0.22984335 9.11712 1.2641385
-0.30645782 9.11712 1.340753
-0.57460845 9.040505 1.340753
-0.91937345 8.887277 1.3024457
-1.2641385 8.6574335 1.4173673
-1.5705963 8.465897 1.5322891
-1.7238252 8.427589 1.6089035
-1.7621324 8.465897 1.5705963
-1.7238252 8.657433 1.4939818
-1.6089036 8.925584 1.4556746
-1.4173675 9.193735 1.3790601
-1.2641385 9.232042 1.4556746
-1.187524 8.963891 1.6089036
-1.187524 8.619126 1.8004396
-1.4556746 8.274361 2.1452048
-1.838747 8.121132 2.336741
-2.2218192 8.0445175 2.4899697
-2.5665843 8.0445175 2.528277
-2.6431987 8.00621 2.4899697
-2.528277 8.00621 2.528277
-2.183512 8.274361 2.4516625
-1.685518 8.504204 2.3750482
-1.2258313 8.772355 2.2984338
-0.88106614 9.002198 2.183512
-0.80445176 9.11712 2.1452048
-0.99598783 9.232041 2.2601264
-1.3024457 9.193734 2.528277
-1.6472108 9.002198 2.9113493
-1.9536686 8.734048 3.3327289
-2.0685902 8.465897 3.715801
-2.1068974 8.350975 4.0222588
-1.9536685 8.465897 4.1754875
-1.7238252 8.772355 4.290409
-1.5705963 9.11712 4.1754875
-1.4939818 9.423578 3.86903
-1.6089035 9.500193 3.6391864
-1.8004396 9.423578 3.371036
-1.9919758 9.270349 3.4476504
-2.1452048 9.078813 3.7541084
-2.1452048 9.002198 4.1754875
-1.9919758 9.002198 4.9416323
-1.7621324 9.11712 5.5545483
-1.4939818 9.346964 5.861006
-1.3024457 9.653421 5.975928
-1.3024457 9.80665 5.5928555
-1.4939818 9.768343 5.0565543
-1.8004396 9.576807 4.6351748
-2.0685902 9.385271 4.405331
-2.2218192 9.232042 4.367024
-2.0685902 9.2703495 4.596867
-1.6472106 9.461885 5.056554
-1.1109095 9.653421 5.5928555
-0.5746084 9.921572 6.090849
-0.34476504 10.036493 6.320692
-0.4213795 9.959879 6.282385
-0.7661445 9.653421 5.93762
-1.2641385 9.232042 5.554548
-1.6089035 8.887277 5.363012
-1.685518 8.6574335 5.363012
-1.5322891 8.619126 5.439626
-1.1492168 8.810662 5.746084
-0.7661445 9.002198 6.1291566
-0.4596867 9.193735 6.4739213
-0.34476504 9.232042 6.7803793
-0.3830723 9.117121 6.933608
-0.45968673 9.002198 6.933608
-0.5363012 8.925584 6.8186865
-0.45968673 9.002198 6.7037644
-0.34476504 9.078813 6.7037644
-0.19153613 9.155427 6.62715
-0.11492168 9.270349 6.7803793
-0.15322891 9.385271 6.933608
-0.19153613 9.461885 6.933608
-0.22984336 9.576807 7.0102224
-0.22984336 9.615114 6.895301
-0.15322891 9.5385 6.895301
-0.11492168 9.500193 7.086837
-0.11492168 9.385271 7.316681
-0.11492168 9.346964 7.6614456
-0.076614454 9.423578 7.929596
0.0 9.461885 8.082825
0.038307227 9.5385 8.121132
0.076614454 9.461885 7.967903
-0.11492168 9.232041 7.699753
-0.38307226 8.963891 7.546524
-0.61291564 8.695741 7.6231384
-0.7661445 8.42759 7.929596
-0.6512229 8.312668 8.427589
-0.34476504 8.350975 8.69574
-7.4505806E-9 8.427589 8.69574
0.3830723 8.580819 8.504204
0.6512229 8.734048 8.159439
0.7278373 8.734048 7.8146744
0.6895301 8.580818 7.546524
0.34476504 8.274361 7.3166804
-0.038307227 7.8529816 7.240066
-0.34476504 7.469909 7.2783732
-0.57460845 7.201759 7.4699097
-0.57460845 7.086837 7.6231384
-0.5363012 7.0102224 7.4699097
-0.45968673 7.086837 7.316681
-0.3830723 7.2017584 6.933608
-0.30645782 7.2400656 6.6654577
-0.30645782 7.278373 6.742072
-0.3830723 7.0485296 6.703765
-0.2681506 6.8569937 6.7803793
-0.038307235 6.7803793 6.8569937
0.91937345 7.086837 6.9719152
3.2944217 8.42759 7.508217
4.367024 9.232042 7.584831
4.5202527 9.461885 7.3932953
4.252102 9.346963 7.0102224
3.4093432 8.848969 6.703765
2.336741 8.121132 6.4356146
1.3790603 7.508217 6.4356146
0.6129157 7.163451 6.512229
0.038307227 6.933608 6.5888433
-0.22984335 6.895301 6.8186865
-0.3064578 7.0102224 7.0102224
-0.2681506 7.0485296 7.125144
-0.15322891 7.163451 7.125144
-0.19153613 7.163451 7.086837

