0.49799398 7.546524 6.895301
0.8044518 7.8529816 6.933608
0.9576807 7.967903 6.7803793
1.0342951 8.0445175 6.895301
1.3407528 8.00621 6.6654577
1.4556745 7.929596 6.5122285
1.5705963 7.929596 6.5505357
1.6472107 7.929596 6.5505357
1.7621324 7.967903 6.5122285
1.9536686 8.00621 6.6271505
2.1068974 8.00621 6.512229
2.2984335 7.967903 6.512229
2.375048 7.929596 6.473922
2.375048 7.8529816 6.3206925
2.2984335 7.8146744 6.282385
2.2601264 7.776367 6.2440777
2.2984335 7.73806 6.282385
2.4133554 7.73806 6.3589993
2.6431985 7.776367 6.6654572
2.8347347 7.8912888 6.8569937
3.0645783 8.00621 7.0485296
3.2561145 8.0445175 7.240066
3.371036 8.0445175 7.1251445
3.4476504 8.0445175 6.8569937
3.4476504 8.0445175 6.5888433
3.4093432 8.121132 6.397307
3.4476504 8.197746 6.1674633
3.5625725 8.236053 6.090849
3.677494 8.312668 6.0142345
3.7924156 8.389282 5.9759274
3.86903 8.427589 6.0525417
4.0222588 8.580819 6.2823853
4.1754875 8.619126 6.5122285
4.3287163 8.619126 6.5122285
4.4436383 8.6574335 6.435614
4.4819455 8.619126 6.1291566
4.4819455 8.619126 5.746084
4.4819455 8.695741 5.5545483
4.5202527 8.695741 5.3247046
4.5202527 8.695741 5.171476
4.596867 8.695741 5.133168
4.7500963 8.695741 5.1714754
4.903325 8.695741 5.363012
5.0182467 8.695741 5.592855
5.094861 8.695741 5.707777
5.056554 8.619126 5.5545483
4.9416323 8.619126 5.3630114
4.903325 8.580819 5.1714754
4.865018 8.542512 5.0182467
4.865018 8.504205 4.865018
4.865018 8.427589 4.8267107
4.7884035 8.427589 4.7500963
4.711789 8.465897 4.711789
4.673482 8.427589 4.7884035
4.7500963 8.504205 4.865018
4.903325 8.580819 4.903325
5.094861 8.619126 4.903325
5.2863975 8.734048 4.865018
5.3247046 8.810662 4.55856
5.2480903 8.810662 4.2137947
5.094861 8.734048 3.9839516
4.865018 8.580819 3.7924156
4.7500963 8.504205 3.86903
4.711789 8.312668 4.0222588
4.7500963 8.350975 4.252102
4.8267107 8.389282 4.405331
4.7884035 8.389282 4.4436383
4.711789 8.427589 4.4436383
4.5968676 8.389282 4.252102
4.4436383 8.350975 4.1371803
4.367024 8.197746 3.9839516
4.3287168 8.159439 3.9073372
4.2904096 8.121132 3.86903
4.2904096 8.159439 3.7924156
4.252102 8.312668 3.6391866
4.2137947 8.427589 3.4859576
4.1754875 8.542512 3.4476504
4.1371803 8.580819 3.4093432
4.1371803 8.619126 3.4859576
4.098873 8.580819 3.4859576
3.9839516 8.542512 3.2561145
3.9073372 8.6574335 3.1411927
3.8307228 8.6574335 3.1028855
3.8307228 8.734048 3.1028855
3.9839516 8.848969 3.2944214
4.1371803 8.925584 3.3327286
4.290409 9.078813 3.2561142
4.367024 9.155427 3.1411927
4.2904096 9.193734 2.9113493
4.060566 9.078813 2.681506
3.7924156 8.887277 2.566584
3.5242648 8.734048 2.681506
3.371036 8.465898 2.7581203
3.3327289 8.274361 2.9496565
3.2944217 8.236053 3.064578
3.3327289 8.274361 2.9496565
3.2944217 8.42759 2.8347347
3.217807 8.580819 2.6815057
3.1794999 8.465897 2.528277
3.0262709 8.389282 2.6431985
2.9113493 8.236053 2.7198133
2.7964277 8.082825 2.7198133
2.681506 8.00621 2.7198133
2.6048915 7.929596 2.336741
2.4899697 7.8146744 2.1068974
2.413355 7.8146744 1.9536686
2.3367407 7.929596 1.7238252
2.3367407 8.0445175 1.685518
2.4133554 8.236053 1.685518
2.4516625 8.389282 1.4939818
2.4899697 8.427589 1.532289
2.4133554 8.389282 1.4939818
2.2601266 8.389282 1.532289
2.0685904 8.350975 1.7238252
1.8770542 8.389282 1.8004397
1.7621324 8.42759 1.8770542
1.6472108 8.465898 1.7621324
1.6472108 8.580819 1.8004396
1.6089036 8.6574335 1.7238252
1.6089036 8.848969 1.685518
1.6472108 8.925584 1.685518
1.6089035 8.887277 1.6089036
1.5322891 8.925584 1.685518
1.340753 8.810662 1.685518
1.0726024 8.772355 1.685518
0.8044518 8.695741 1.6089035
0.5363012 8.542511 1.5322891
0.30645782 8.427589 1.6089035
0.15322891 8.350975 1.6472107
0.038307227 8.350975 1.6089034
0.038307227 8.274361 1.5705962
0.038307227 8.197746 1.4556746
0.038307227 8.159439 1.4173675
0.0 8.00621 1.340753
-0.15322891 7.929596 1.187524
-0.2681506 7.776367 1.0342951
-0.38307226 7.6231384 0.9959879
-0.45968673 7.508217 0.9959879
-0.4213795 7.4316025 0.9959879
-0.3830723 7.4699097 0.9959879
-0.34476504 7.584831 0.842759
-0.30645782 7.73806 0.80445176
-0.344765 7.776367 0.7661445
-0.344765 7.8146744 0.84275895
-0.30645782 7.699753 0.91937345
-0.30645782 7.6231384 0.91937345
-0.26815057 7.699753 0.80445176
-0.26815057 7.6614456 0.6895301
-0.30645782 7.776367 0.61291564
-0.2681506 7.929596 0.5363012
-0.15322891 8.0445175 0.61291564
-0.076614454 8.274361 0.5363012
0.0 8.389282 0.4213795
0.038307227 8.312668 0.38307226
-0.038307227 8.350976 0.26815057
-0.076614454 8.274361 0.22984336
-0.15322891 8.121132 0.22984336
-0.2681506 8.159439 0.22984336
-0.2681506 8.0445175 0.4596867
-0.30645782 8.121132 0.6895301
-0.30645782 8.236053 1.0342952
-0.26815057 8.350975 1.340753
-0.30645782 8.465898 1.493982
-0.38307226 8.465898 1.493982
-0.5746084 8.389283 1.340753
-0.91937345 8.236053 1.1492169
-1.3024457 8.00621 0.91937345
-1.5705962 7.776367 0.72783726
-1.7621324 7.699753 0.4596867
-1.7238252 7.6614456 0.3064578
-1.6089035 7.8529816 0.19153613
-1.4173673 8.00621 0.2681506
-1.2258313 8.121132 0.45968673
-1.1875241 8.312668 0.6512229
-1.3024458 8.312668 0.7661445
-1.6472107 8.312668 0.8810662
-1.9919758 8.197746 0.9576807
-2.2601264 8.00621 0.91937345
-2.4516625 7.8529816 0.95768064
-2.4899697 7.6614456 1.0342951
-2.4899697 7.699753 1.0726023
-2.4899697 7.8529816 1.1875241
-2.4516625 8.121132 1.2258313
-2.3750482 8.465898 1.1109096
-2.2601266 8.6574335 1.0342951
-2.1068976 8.695741 0.91937345
-2.030283 8.542511 0.91937345
-2.0685902 8.389282 0.99598795
-2.2218192 8.274361 1.1109097
-2.4516625 8.197746 1.2641386
-2.6431987 8.274361 1.2641386
-2.7964277 8.350975 1.2641386
-2.7964277 8.465898 1.1875241
-2.7198133 8.42759 1.1109096
-2.566584 8.389282 1.1492168
-2.4133554 8.236053 1.2641385
-2.3750482 8.082825 1.4173675
-2.3750482 8.159439 1.493982
-2.3750482 8.350975 1.4173675
-2.336741 8.695741 1.3024458
-2.1452045 8.925584 1.3790601
-1.9536686 9.155428 1.532289
-1.991976 9.232042 1.8770541
-2.2601266 9.193735 1.7621324
-2.5665843 9.078813 1.7238252
-2.7581203 8.925584 1.8770541
-2.7964277 8.810662 2.1452045
-2.681506 8.695741 2.528277
-2.4516625 8.695741 2.9496565
-2.183512 8.887277 3.1794996
-1.9919758 9.193734 3.2561145
-1.9919758 9.5385 3.1411924
-2.2984335 9.500193 2.834735
-2.6048913 9.117121 2.873042
-2.9113493 8.6574335 3.0645783
-3.2944217 8.236053 3.4859576
-3.562572 7.8529816 3.6391864
-3.7158012 7.6614456 3.7541084
-3.677494 7.699753 3.9073372
-3.4476507 8.00621 3.9073372
-3.0645783 8.504205 4.213795
-2.6048913 8.963891 4.596867
-2.2218192 9.346964 4.903325
-2.2984335 9.500193 4.7500963
-2.8347347 9.385271 4.290409
-3.562572 9.078814 3.9456444
-4.1754875 8.734048 3.8307228
-4.4436383 8.504205 4.2904096
-4.3287168 8.389283 5.094861
-3.86903 8.542512 6.0525417
-3.2561142 8.887278 6.895301
-2.8730419 9.346964 7.3166804
-2.719813 9.80665 7.393295
-2.834735 9.998186 7.0485296
-3.141193 9.921572 6.7420716
-3.3327289 9.576807 6.7420716
-3.4476504 9.155427 7.0102224
-3.4859576 8.848969 7.5082164
-3.4859576 8.734048 7.967903
-3.141193 8.848969 8.504205
-2.6431985 9.193734 8.963891
-1.9153613 9.615114 9.232042
-1.1492168 9.959879 9.423578
-0.8810662 10.0748005 9.232042
-0.9193734 9.844957 8.925584
-1.187524 9.423578 8.772355
-1.4939818 9.040505 8.619126
-1.5705965 8.772355 8.619126
-1.4173675 8.734048 8.427589
-1.1109096 8.887277 8.274361
-0.80445176 9.002198 8.236053
-0.5363012 9.040505 8.159439
-0.5363012 8.8489685 8.197746
-0.7661445 8.427589 8.121132
-1.0342951 7.929596 7.929596
-1.3024457 7.3932943 7.8912888
-1.2258313 7.0485296 7.967903
-0.91937345 6.9719152 8.121132
-0.3830723 7.201759 8.542511
0.2681506 7.6231384 8.810661
0.6512229 8.00621 8.925585
0.68953013 8.159439 8.925585
0.34476507 7.8912888 8.542512
-0.26815057 7.4316025 8.312668
-0.84275895 6.895301 8.197746
-1.0726023 6.512229 8.159439
-1.0342951 6.512229 8.389282
-0.68953013 6.703765 8.427589
-0.15322892 7.086837 8.504205
0.3064578 7.546524 8.542512
0.6512228 7.8529816 8.312669
0.6895301 7.929596 8.0445175
0.49799395 7.699753 7.776367
0.26815057 7.2017584 7.5465236
0.19153613 6.588843 7.2017584
0.6512229 6.167464 7.163451
1.6472107 6.3589997 7.469909
2.6815057 7.1251445 7.7763667
3.1411924 7.8529816 8.312668
2.0685902 7.967903 8.350975
0.8810662 7.086837 7.929596
0.0 6.435614 7.546524
-0.7661445 5.93762 7.163451
-1.1109095 5.8226986 7.0102224
-1.2641385 5.899313 7.0102224
-1.1492168 5.9759274 7.0102224
-0.95768064 6.129156 7.163451
-0.7661446 6.3206925 7.2400656
-0.5363012 6.5122285 7.354987
-0.30645785 6.6654577 7.354987
-0.038307227 6.8186865 7.2017584
0.3064578 6.9719152 7.0485296
0.5746084 7.2017584 6.895301
0.84275895 7.431602 6.8569937
1.0342951 7.546524 6.8569937

