0.91937345 6.9336076 7.2783732
0.8810662 7.086837 7.3549876
0.91937345 7.3549876 7.431602
1.1492169 7.776367 7.469909
1.1492169 8.197746 7.73806
1.2258313 8.312668 7.73806
1.2641385 8.350975 7.776367
1.2641385 8.312668 7.73806
1.2258313 8.236053 7.6614456
1.2641385 8.159439 7.6614456
1.3024457 8.082825 7.508217
1.340753 8.00621 7.4699097
1.4173675 7.8912888 7.4699097
1.4173675 7.8529816 7.2783732
1.4173675 7.8146744 7.240066
1.4556746 7.8146744 7.1634517
1.4939818 7.699753 7.1634517
1.6089035 7.6614456 7.1634517
1.8387469 7.6614456 7.201759
2.0685902 7.6231384 7.240066
2.3750482 7.776367 7.201759
2.7198129 7.8912888 7.240066
2.9496565 7.967903 7.0485296
3.064578 7.967903 6.780379
2.9879637 7.8146744 6.780379
2.7964275 7.584831 6.8569937
2.6431987 7.3166804 7.086837
2.6048915 7.163451 7.3166804
2.719813 7.125144 7.240066
2.9113493 7.163451 7.1634517
3.064578 7.163451 6.9719152
3.1794996 7.2783732 6.780379
3.2561142 7.3549876 6.6654572
3.3327286 7.278373 6.6654572
3.409343 7.278373 6.588843
3.4859576 7.2400656 6.6654577
3.5242648 7.125144 6.742072
3.6391864 7.163451 6.6654577
3.7924156 7.240066 6.742072
4.060566 7.3166804 6.7803793
4.3287163 7.508217 6.703765
4.4436383 7.6231384 6.512229
4.5202527 7.6614456 6.282385
4.4819455 7.6614456 5.9759274
4.4819455 7.584831 5.7843914
4.55856 7.584831 5.8226986
4.673482 7.6231384 5.861006
4.8267107 7.6231384 5.9759274
4.9416323 7.699753 6.129156
5.0182467 7.699753 5.93762
5.094861 7.699753 5.7843914
5.1331687 7.776367 5.516241
5.171476 7.8529816 5.1714754
5.171476 7.929596 4.9416323
5.171476 8.0445175 4.7500963
5.209783 8.082825 4.865018
5.3247046 8.082825 5.094861
5.5545483 8.197746 5.631162
5.707777 8.236053 6.129156
5.7843914 8.197746 6.2440777
5.746084 8.121132 6.2440777
5.5162406 7.967903 5.899313
5.324704 7.8146744 5.6311626
5.2097826 7.776367 5.516241
5.2097826 7.8529816 5.401319
5.439626 8.00621 5.439626
5.66947 8.236053 5.363012
5.861006 8.389282 5.363012
5.93762 8.389282 5.363012
5.861006 8.274361 5.401319
5.746084 8.121132 5.363012
5.6311626 8.00621 5.24809
5.516241 8.0445175 5.133168
5.516241 8.0445175 5.0182467
5.5545483 8.121132 5.0182467
5.66947 8.197746 4.9416323
5.861006 8.236053 5.0182467
5.9759274 8.427589 5.0182467
6.090849 8.427589 4.8267107
6.0142345 8.427589 4.6734815
5.8226986 8.312668 4.405331
5.554548 8.0445175 4.060566
5.2097826 7.8529816 4.060566
4.9799395 7.699753 3.86903
4.8267107 7.6614456 3.7924156
4.865018 7.8146744 3.9456444
4.9799395 7.929596 3.9073372
5.0948615 8.00621 4.0222588
5.171476 8.082825 3.9839516
5.0565543 8.00621 3.6774938
4.903325 7.967903 3.2944217
4.6734815 7.8912888 3.026271
4.4819455 7.8146744 2.7581205
4.290409 7.776367 2.6431987
4.1754875 7.776367 2.719813
4.1754875 7.8912888 2.719813
4.1371803 8.0445175 2.7581203
4.1754875 8.159439 2.719813
4.1754875 8.274361 2.6048913
4.060566 8.312668 2.566584
3.9839516 8.236053 2.4133554
3.86903 8.236053 2.4133554
3.7924156 8.236053 2.3750482
3.7924156 8.312668 2.2218192
3.7924156 8.427589 2.1452048
3.9073372 8.580819 2.030283
3.9073372 8.695741 1.9919758
3.9456444 8.734048 2.1068974
3.9456444 8.772355 2.221819
3.86903 8.6574335 2.336741
3.7541084 8.580819 2.2601266
3.5625722 8.465898 2.1452048
3.3710358 8.389283 2.030283
3.1794999 8.42759 1.9153614
3.1028852 8.465898 1.8004397
3.1028852 8.6574335 1.5705963
3.1411924 8.810662 1.4173673
3.2561142 8.925584 1.1492168
3.3327286 8.963891 1.0342952
3.2944214 8.887277 1.0726024
3.1411927 8.734048 1.1109096
2.8730419 8.580819 1.1109096
2.6048913 8.504205 1.2258313
2.413355 8.389283 1.1109095
2.375048 8.42759 0.9959879
2.375048 8.504205 0.91937345
2.4133554 8.504205 0.84275895
2.4899697 8.619126 0.8044517
2.4133554 8.6574335 0.7278373
2.2984335 8.619126 0.6512228
2.183512 8.619126 0.53630114
1.9919758 8.580819 0.5746084
1.9536686 8.504205 0.5746084
1.9153614 8.427589 0.6895301
1.838747 8.389282 0.61291564
1.7621325 8.350975 0.49799395
1.6089035 8.350975 0.344765
1.4939818 8.504205 0.19153613
1.3790601 8.542512 0.22984336
1.340753 8.504205 0.34476504
1.340753 8.542512 0.53630114
1.340753 8.389282 0.6512228
1.3024458 8.427589 0.53630114
1.1492169 8.504204 0.30645782
0.95768064 8.427589 0.038307227
0.7278373 8.427589 -0.15322891
0.57460845 8.350975 -0.15322891
0.49799398 8.236053 0.038307227
0.49799398 8.312668 0.22984336
0.5363012 8.350975 0.34476504
0.6512229 8.465898 0.53630114
0.7278373 8.542512 0.4596867
0.6895301 8.542512 0.4596867
0.61291564 8.504204 0.4596867
0.42137948 8.389282 0.344765
0.22984335 8.427589 0.3064578
0.15322891 8.389282 0.15322891
0.076614454 8.42759 0.076614454
0.076614454 8.465898 0.076614454
0.11492168 8.42759 0.19153613
0.15322891 8.42759 0.38307226
0.22984335 8.504205 0.49799398
0.22984335 8.580819 0.5363012
0.22984335 8.734048 0.3830723
0.19153613 8.69574 0.2681506
0.15322891 8.619125 0.15322891
0.15322891 8.504204 0.038307227
0.11492168 8.274361 0.11492168
0.076614454 8.236053 0.11492168
0.0 8.236053 0.11492168
-0.11492168 8.236053 0.11492168
-0.15322891 8.274361 0.11492168
-0.19153613 8.274361 0.26815057
-0.19153613 8.121132 0.4596867
-0.15322891 8.121132 0.6512228
-0.15322891 8.121132 0.6895301
-0.15322891 8.197746 0.45968673
-0.15322891 8.312668 0.19153613
-0.19153613 8.350975 -0.15322891
-0.19153613 8.312668 -0.4213795
-0.2681506 8.159439 -0.4213795
-0.42137948 8.00621 -0.38307226
-0.6129157 7.73806 -0.2681506
-0.88106626 7.6231384 -0.11492168
-1.1492169 7.546524 -0.038307227
-1.3790603 7.546524 0.11492168
-1.4556746 7.546524 0.2681506
-1.4939818 7.508217 0.34476507
-1.4173675 7.4699097 0.38307226
-1.340753 7.508217 0.22984336
-1.3024457 7.6231384 0.0
-1.3407528 7.776367 -0.22984336
-1.4173673 7.967903 -0.5363012
-1.5322891 8.0445175 -0.7278373
-1.685518 8.082825 -0.6512228
-1.7621325 7.8912888 -0.26815057
-1.8387469 7.73806 0.38307226
-1.8387469 7.699753 1.0342951
-1.8387469 7.73806 1.4173675
-1.8387469 7.929596 1.3790603
-1.8770542 8.159439 1.0342951
-1.8770542 8.274361 0.6512228
-1.838747 8.350976 0.4213795
-1.8004398 8.312669 0.49799395
-1.7238252 8.274361 0.7661445
-1.7238252 8.274361 1.0726024
-1.838747 8.350975 1.3790601
-1.9153614 8.657433 1.5705963
-2.030283 8.925584 1.6089036
-2.1068976 9.11712 1.532289
-2.0685902 9.193734 1.3790601
-2.1068976 9.11712 1.2258313
-2.183512 8.963891 1.2258313
-2.2601264 8.887277 1.4173675
-2.3750482 8.848969 1.685518
-2.4133554 8.887277 1.8770542
-2.4133554 8.887277 2.030283
-2.4899697 8.925584 1.9919758
-2.6815057 8.848969 2.030283
-2.9879637 8.619126 2.2601264
-3.4093432 8.465897 2.566584
-3.7924151 8.350975 3.1794999
-3.9456444 8.427589 3.6391866
-3.7158012 8.887277 3.8307226
-3.371036 8.963891 3.6774938
-3.1794996 9.002198 3.4093432
-3.1028852 9.002198 3.2561142
-3.1794999 8.772354 3.217807
-3.3710358 8.542511 3.1411924
-3.562572 8.197746 3.1028852
-3.7541082 7.8529816 3.1028852
-3.7924156 7.699753 3.1411927
-3.7541082 7.699753 3.1794999
-3.6774936 7.8529816 3.2944214
-3.5242648 8.0445175 3.4093432
-3.3327289 8.197746 3.6008794
-3.141193 8.236053 3.677494
-2.9113493 8.159439 3.7158012
-2.6815062 8.082825 3.7158012
-2.528277 8.00621 3.677494
-2.4899697 7.8912888 3.7158012
-2.528277 7.776367 3.9456444
-2.5665843 7.699753 4.1371803
-2.6048915 7.73806 4.4436383
-2.3750482 7.929596 4.8650174
-1.9919758 8.236053 5.1714754
-1.6089034 8.580818 5.6694694
-1.2641386 8.810662 6.090849
-1.2258313 8.887277 6.397307
-1.4556746 8.848969 6.5122285
-1.9153614 8.580819 6.2823853
-2.4133554 8.350975 6.052542
-2.719813 8.159439 5.9759274
-2.7964275 8.159439 6.244078
-2.6048913 8.427589 6.7803793
-2.2218192 8.69574 7.4699097
-1.8387468 9.078813 8.159439
-1.5705962 9.308657 8.619126
-1.532289 9.308657 8.887277
-1.8004397 9.078813 8.734047
-2.2218194 8.772355 8.542511
-2.5282772 8.427589 8.350975
-2.6815062 8.312668 8.274361
-2.48997 8.542511 8.42759
-2.0685904 8.848969 8.6574335
-1.6472108 9.232042 8.772355
-1.3024457 9.461885 8.734048
-1.2641385 9.385271 8.619126
-1.3790603 9.117121 8.389282
-1.532289 8.772355 8.427589
-1.4556746 8.619126 8.580818
-1.0726024 8.619126 8.848969
-0.49799395 8.925584 9.040505
0.15322892 9.308657 9.078813
0.68953013 9.5385 9.078813
0.91937345 9.615114 8.887277
0.84275895 9.346964 8.848969
0.49799395 8.810662 8.848969
0.038307205 8.236053 8.925584
-0.2681506 7.776367 9.193734
-0.34476504 7.508217 9.308656
-0.11492168 7.546524 9.461885
0.2681506 7.699753 9.500193
0.5746084 7.967903 9.500193
0.7278373 8.082825 9.346964
0.61291564 7.967903 9.002199
0.30645782 7.73806 8.848969
0.038307227 7.2783732 8.619126
-0.15322891 6.933608 8.504205
-0.15322891 6.8569937 8.619126
0.038307227 6.933608 8.619126
0.2681506 7.0485296 8.542511
0.4213795 7.2400656 8.427589
0.45968676 7.2400656 8.274361
0.34476507 7.0485296 8.121132
0.11492168 6.9719152 8.121132
-0.114921674 6.7803793 8.236053
-0.30645782 6.550536 8.312668
-0.38307226 6.397307 8.350975
-0.26815057 6.129156 8.350975
0.114921674 5.93762 8.236053
0.842759 6.0908494 8.197746
1.9153614 6.512229 8.389282
3.0262709 7.393295 8.619125
3.8307228 8.159439 8.810662
4.0222588 8.542511 8.848969
3.4859576 8.350975 8.6574335
2.5665843 7.584831 8.274361
1.5322891 6.8569937 8.159439
0.68953013 6.2440777 7.967903
0.1149217 5.899313 7.8529816
-0.30645782 5.861006 7.8146744
-0.49799395 5.707777 7.546524
-0.6895301 5.7843914 7.431602
-0.7661445 5.861006 7.3549876
-0.7278373 5.899313 7.3932953

