-0.7278373 6.0142345 7.508217
-0.61291564 5.93762 7.6231384
-0.49799395 5.9759274 7.6231384
-0.38307226 6.0142345 7.6231384
-0.26815057 6.1291566 7.6614456
0.2681506 6.550536 7.6231384
0.30645782 6.8569937 7.699753
0.45968673 7.278373 7.929596
0.45968673 7.5465236 8.121132
0.61291564 7.929596 8.389282
0.842759 8.0445175 8.350975
0.8810662 8.0445175 8.121132
0.72783726 7.8529816 7.776367
0.49799395 7.584831 7.584831
0.38307226 7.3932953 7.431602
0.49799395 7.2783732 7.469909
0.842759 7.431602 7.73806
1.3024457 7.6614456 7.967903
1.685518 7.967903 8.082825
1.9153614 8.121132 7.8912888
1.9536686 8.082825 7.584831
1.8770542 7.8529816 7.3549876
1.7238252 7.584831 7.1251445
1.6089035 7.3549876 6.933608
1.532289 7.240066 6.895301
1.6089035 7.2783732 7.0102224
1.8387468 7.3932953 7.278373
2.1068974 7.508217 7.584831
2.4516625 7.6614456 7.8529816
2.6431987 7.776367 7.929596
2.719813 7.699753 7.8146744
2.6431987 7.6614456 7.584831
2.4516625 7.584831 7.2400665
2.2601264 7.431602 7.125144
2.1452045 7.393295 7.0485296
2.1452045 7.393295 7.2783737
2.221819 7.3549876 7.6231384
2.4133554 7.508217 7.73806
2.6431985 7.6614456 7.8529816
2.7964277 7.8146744 7.776367
2.9113493 7.967903 7.508217
2.9496565 8.00621 7.2400656
2.9113493 8.00621 7.0102224
2.9496565 7.967903 6.8569937
2.9879637 7.967903 6.8569937
3.0262709 7.929596 6.933608
3.1028852 7.967903 6.9719152
3.1411924 8.00621 7.0102224
3.256114 7.967903 6.933608
3.371036 7.967903 6.8569937
3.4476504 7.967903 6.7803793
3.5242648 7.929596 6.703765
3.5242648 8.00621 6.62715
3.5242648 8.082825 6.5122285
3.562572 8.159439 6.397307
3.6008792 8.197746 6.1674633
3.6391866 8.236053 6.0525417
3.6391866 8.236053 6.0142345
3.5625722 8.121132 5.93762
3.4093432 8.121132 5.93762
3.3327289 8.082825 6.0142345
3.2944217 8.082825 6.090849
3.2944217 8.121132 6.1674633
3.3327289 8.082825 6.1674633
3.3327289 8.082825 6.0525417
3.3327289 8.082825 5.93762
3.2561145 8.0445175 5.899313
3.2561145 8.121132 5.93762
3.1411927 8.082825 5.93762
3.0262709 8.082825 5.899313
2.9879637 8.121132 5.8226986
2.9496565 8.082825 5.8226986
3.0262709 8.0445175 5.8226986
3.1028852 8.082825 5.8226986
3.217807 8.082825 5.7843914
3.3327286 8.159439 5.5928555
3.371036 8.274361 5.477934
3.4476504 8.274361 5.2863975
3.4476504 8.274361 5.1331687
3.4093432 8.236053 5.094861
3.4093432 8.274361 4.9416323
3.371036 8.274361 4.903325
3.371036 8.350975 4.8267107
3.371036 8.427589 4.711789
3.371036 8.427589 4.7884035
3.371036 8.465898 4.8267107
3.4093432 8.465898 4.9799395
3.4859576 8.465898 4.9416323
3.5625722 8.542512 4.750096
3.6008794 8.695741 4.4819455
3.6008794 8.734048 4.2137947
3.4859576 8.734048 4.0222588
3.2944214 8.6574335 3.9456444
3.1028852 8.504205 3.8307226
2.9496565 8.542512 3.7924154
2.9113493 8.619126 3.9073372
2.9496565 8.734048 3.9839516
3.064578 8.848969 4.1371803
3.064578 8.925584 4.1754875
3.0262709 8.925584 4.1754875
2.9879637 8.963891 4.1754875
2.9113493 9.002198 4.1371803
2.873042 8.963891 4.0222588
2.7964277 8.963891 3.86903
2.7581205 8.963891 3.7158012
2.719813 8.887277 3.6008792
2.719813 8.887277 3.6008792
2.719813 8.887277 3.6774938
2.6048913 8.772355 3.6391864
2.528277 8.848969 3.6008792
2.4899697 8.887277 3.4859576
2.4516625 8.887277 3.2944217
2.528277 9.002198 3.1794999
2.6431987 9.078813 3.0262709
2.719813 9.155427 2.8347347
2.7964277 9.232041 2.8347347
2.7964277 9.193734 2.6815057
2.6048915 9.078813 2.6048913
2.336741 8.848969 2.4899697
2.030283 8.619126 2.2984338
1.7238252 8.504205 2.2218192
1.5322891 8.312668 2.1835117
1.4173673 8.159439 2.1835117
1.4173673 8.197746 2.030283
1.4939818 8.274361 1.8770541
1.6472108 8.465897 1.6855179
1.8387468 8.6574335 1.5322891
1.9153614 8.772355 1.4556746
1.8004396 8.6574335 1.4556746
1.4939818 8.465897 1.4939818
1.1109096 8.312668 1.6089035
0.80445176 8.121132 1.7621324
0.7278373 8.121132 1.8770541
0.7661445 8.082825 1.8770541
0.8044518 8.159439 1.7238252
0.842759 8.236053 1.532289
0.8810662 8.312668 1.3407528
0.842759 8.389282 1.2641385
0.842759 8.504204 1.2641385
0.8044517 8.580818 1.3024457
0.6129156 8.542511 1.340753
0.4596867 8.542511 1.340753
0.22984336 8.389282 1.3790601
0.0 8.236053 1.4939818
-0.15322891 8.082825 1.5705962
-0.26815057 7.967903 1.6089036
-0.344765 7.8912888 1.5705962
-0.4213795 7.8529816 1.4556746
-0.45968673 7.967903 1.2258313
-0.49799395 8.159439 0.9959879
-0.45968673 8.389282 0.84275895
-0.34476504 8.542512 0.6895301
-0.26815057 8.6574335 0.6512228
-0.19153613 8.6574335 0.68953
-0.19153613 8.619126 0.7661445
-0.2681506 8.619126 0.9193734
-0.38307226 8.504205 1.1492168
-0.53630114 8.389282 1.3024457
-0.6512228 8.274361 1.2641385
-0.7278373 8.159439 1.187524
-0.7661445 8.121132 1.0342951
-0.80445176 8.082825 0.8810662
-0.84275895 8.082825 0.9576807
-0.8810662 8.0445175 0.91937345
-0.9576807 8.00621 0.9576807
-0.9576807 8.00621 0.9959879
-0.9193735 7.967903 0.9576807
-0.8810662 8.0445175 0.8044518
-0.80445176 8.121132 0.57460845
-0.84275895 8.197746 0.42137948
-0.9576807 8.197746 0.3064578
-1.1492169 8.082825 0.38307226
-1.3024458 8.0445175 0.45968673
-1.340753 7.929596 0.6512229
-1.340753 7.929596 0.8810662
-1.340753 7.8912888 1.0726024
-1.4173675 7.8529816 1.2641385
-1.4939818 7.929596 1.1875241
-1.5705962 7.929596 1.1492169
-1.532289 8.0445175 1.0726023
-1.4939818 8.0445175 0.9959879
-1.4556746 8.0445175 1.0726024
-1.3790601 8.00621 0.9193735
-1.4173673 8.082825 0.7661446
-1.4173673 8.159439 0.61291564
-1.532289 8.0445175 0.61291564
-1.7238252 7.967903 0.7661446
-1.8770541 7.8529816 0.91937345
-2.0685902 7.73806 1.0726024
-2.2218192 7.8529816 0.9959879
-2.2601264 8.00621 0.842759
-2.2218192 8.0445175 0.7278373
-2.1452048 8.082825 0.6512228
-2.030283 8.082825 0.61291564
-1.9919758 8.159439 0.7278373
-1.9919758 8.197746 0.9193734
-1.9919758 8.350975 0.8810662
-1.9536686 8.504205 0.91937345
-1.8770541 8.542512 0.91937345
-1.8004396 8.580819 0.91937345
-1.6472107 8.42759 1.2641385
-1.6089035 8.274361 1.5705963
-1.6472107 8.274361 1.8387469
-1.8387469 8.312668 1.8770541
-2.1068974 8.427589 1.6855179
-2.336741 8.427589 1.3790601
-2.3750482 8.197746 1.1492168
-2.2218192 8.236053 1.340753
-2.030283 8.389282 1.7238252
-1.8770542 8.6574335 1.9919758
-1.8770542 8.963891 2.030283
-1.9536686 9.11712 1.9536685
-2.030283 9.155427 1.6855179
-2.030283 9.002198 1.3790603
-1.9153614 8.772355 1.3790603
-1.8387469 8.619126 1.4556746
-1.7621324 8.619126 1.6089036
-1.8387469 8.772355 1.9153614
-2.0685902 8.925584 1.9536686
-2.336741 8.963891 1.8770541
-2.681506 8.887277 1.685518
-3.0645783 8.619125 1.3024457
-3.2944214 8.350975 1.0342951
-3.4093432 8.121132 0.9959879
-3.4093432 8.00621 1.1109096
-3.2561145 8.121132 1.4556746
-3.2178068 8.312668 1.8770541
-3.1794996 8.580818 2.183512
-3.1411924 8.734048 2.528277
-3.1411924 8.848969 2.873042
-3.0262709 8.887277 3.1411927
-2.834735 8.887277 3.6008792
-2.566584 8.963891 4.098873
-2.2601266 9.002198 4.3287168
-1.9919759 9.193734 4.55856
-1.8004398 9.461885 4.4819455
-1.8004398 9.691729 4.290409
-1.9153614 9.883265 4.1371803
-2.1068974 9.921572 3.9456444
-2.3367407 9.80665 3.86903
-2.4899697 9.500193 3.9456444
-2.5665843 9.155428 4.175488
-2.5282772 8.810663 4.443639
-2.4133554 8.542512 4.8267107
-2.2601264 8.504205 5.1331687
-2.030283 8.734048 5.363012
-1.9153614 9.078814 5.477934
-1.9153614 9.423578 5.4013195
-2.0685904 9.615114 5.1714754
-2.528277 9.346964 4.7500963
-2.9879637 8.84897 4.5585604
-3.4476504 8.236054 4.4436383
-3.6008794 7.776367 4.82671
-2.834735 7.8529816 6.397307
-1.9153614 8.465897 7.2783732
-1.0342952 9.232042 7.6614456
-0.26815057 10.0748005 7.623138
0.1532289 10.687716 6.933608
-1.4901161E-8 10.802637 6.0142345
-0.61291564 10.381258 5.3247046
-1.4173675 9.576807 5.0182467
-2.1068976 8.734047 5.24809
-2.4133554 8.236053 5.9759274
-2.183512 8.312668 6.6271505
-1.6089036 8.772355 7.2783732
-0.9959879 9.346964 7.699753
-0.5746084 9.844957 7.699753
-0.5363012 9.998186 7.584831
-0.7278374 9.883265 7.3549876
-1.0342952 9.615114 7.240066
-1.1492169 9.308656 7.3166804
-0.9576807 9.232041 7.6614456
-0.61291564 9.346963 8.197746
-0.30645782 9.461885 8.6574335
-0.19153613 9.500193 9.078814
-0.22984336 9.346964 9.193735
-0.3830723 9.078813 9.078814
-0.34476504 8.887277 9.040506
-0.19153613 8.772355 8.848969
0.038307227 8.772355 8.772355
0.2681506 8.810662 8.848969
0.34476504 8.734048 8.734048
0.2681506 8.504205 8.6574335
-0.076614454 8.159439 8.542511
-0.49799398 7.6614456 8.350975
-0.91937345 7.2400656 8.389282
-1.1492168 7.0102224 8.542511
-1.0726024 6.933608 8.69574
-0.7661445 7.0485296 8.810662
-0.3830723 7.316681 8.772355
-0.038307227 7.508217 8.6574335
0.19153613 7.584831 8.465897
0.15322891 7.584831 8.197746
-0.038307227 7.3166804 7.8912888
-0.2681506 7.0485296 7.73806
-0.49799395 6.856993 7.776367
-0.49799395 6.7420716 7.967903
-0.34476504 6.8569937 8.274361
0.038307227 7.0868373 8.350975
0.038307227 7.1251445 8.274361
-0.15322891 6.933608 7.967903
-0.53630114 6.4739213 7.73806
-0.9193734 5.592855 7.469909
-0.9576807 4.7884035 7.3166804
-0.19153616 4.405331 7.3549876
1.340753 4.8267107 7.393295
3.217807 6.129156 7.8529816
4.8267107 7.4699097 8.0445175
5.4013186 8.197746 7.929596
4.4436383 7.6614456 7.278373
3.4476504 6.9719152 6.8569937
2.6048913 6.550536 6.6654577
1.7621323 6.244078 6.742072
1.0726024 6.244078 6.742072
0.49799395 6.244078 6.933608
0.11492168 6.2823853 7.31668
-0.19153613 6.3589997 7.5848308
-0.38307226 6.320692 7.8912888
-0.42137948 6.435614 8.0445175
-0.38307226 6.6654577 7.929596
-0.38307226 6.8186865 7.73806
-0.38307226 6.7803793 7.6231384

