-0.22984336 6.8186865 7.5465236
1.0726023 7.0485296 7.0102224
1.6855179 7.393295 6.8186865
1.6089034 7.623138 7.086837
1.9536685 8.082825 7.3549876
2.4899697 8.082825 7.3166804
2.336741 8.082825 7.2783732
2.2601264 8.0445175 7.316681
2.2601264 7.967903 7.3932953
2.2601264 8.00621 7.508217
2.2984335 8.00621 7.584831
2.3750482 8.0445175 7.5465236
2.3750482 8.159439 7.469909
2.4516625 8.236053 7.3549876
2.528277 8.236053 7.201759
2.6048915 8.236053 7.04853
2.719813 8.236053 7.1251445
2.8347347 8.236053 7.1251445
3.1028855 8.389282 7.240066
3.371036 8.657433 7.240066
3.6391866 8.848969 7.086837
3.9073372 9.002198 6.9719152
3.9456444 8.963891 6.7803793
3.9456444 8.887277 6.550536
3.8307228 8.772355 6.3973064
3.7158012 8.6574335 6.1674633
3.7158012 8.619126 6.090849
3.7924156 8.542512 6.205771
4.0222588 8.619126 6.0908494
4.2137947 8.695741 6.052542
4.3287163 8.772355 5.746084
4.3287163 8.810662 5.363012
4.1754875 8.772355 5.0182467
4.0222588 8.6574335 4.7117887
3.86903 8.465897 4.6351743
3.7541084 8.350975 4.7117887
3.8307228 8.274361 4.903325
3.9456444 8.389282 5.2480903
4.060566 8.542511 5.477934
4.098873 8.580819 5.5545483
3.9839516 8.542512 5.5928555
3.7924156 8.312668 5.4396267
3.6008792 8.121132 5.3247046
3.5242648 8.00621 5.209783
3.4859576 8.00621 5.171476
3.5242648 8.121132 5.2480903
3.6391866 8.236053 5.3247046
3.7158012 8.427589 5.401319
3.7924156 8.504205 5.363012
3.7924156 8.542512 5.3247046
3.677494 8.465897 5.3247046
3.4859576 8.236053 5.3247046
3.2944217 8.0445175 5.439626
3.1794999 7.967903 5.4779334
3.1411924 7.967903 5.363012
3.1794999 8.121132 5.209783
3.2944214 8.274361 5.0182467
3.371036 8.312668 4.711789
3.371036 8.42759 4.520253
3.371036 8.465898 4.4819455
3.2944217 8.465898 4.4436383
3.1411927 8.542512 4.5968676
3.1028852 8.542512 4.673482
3.1411927 8.542512 4.6351748
3.1794999 8.619126 4.6351748
3.3327289 8.6574335 4.5202527
3.4476504 8.887277 4.3670235
3.562572 8.925584 4.252102
3.6391866 8.963891 4.1371803
3.715801 9.002198 4.060566
3.715801 9.002198 3.9456444
3.562572 8.925584 3.86903
3.3710358 8.848969 3.7924156
3.217807 8.734048 3.8307228
3.1411924 8.734048 3.7158012
3.1028852 8.810662 3.4476504
3.064578 8.887277 3.2561142
3.064578 8.887277 3.0262709
3.0262709 8.848969 2.9496565
3.064578 8.810662 2.9496565
3.1411924 8.734048 2.873042
3.1028852 8.6574335 2.7964277
3.064578 8.619126 2.6431987
2.9496565 8.580819 2.528277
2.7964277 8.6574335 2.413355
2.681506 8.734048 2.3367407
2.6048915 8.734048 2.2218192
2.528277 8.772355 2.2218192
2.4899697 8.695741 2.2218192
2.4899697 8.6574335 2.1452045
2.4516625 8.619126 2.1068974
2.4516625 8.580819 2.030283
2.4133554 8.542512 1.9919758
2.2984335 8.504205 1.9153614
2.183512 8.504205 1.7621324
2.0685902 8.542512 1.532289
1.9919758 8.580819 1.3790601
1.9919758 8.580819 1.2258313
1.9536686 8.580819 1.3024458
1.9153614 8.504205 1.3024458
1.9153614 8.542512 1.2258313
1.8770541 8.6574335 1.1492168
1.8387469 8.734048 0.9193734
1.8004396 8.887277 0.8044517
1.7238252 8.925584 0.8044517
1.685518 8.925584 0.8810662
1.685518 8.925584 0.9576807
1.685518 8.887277 1.1109096
1.7238252 8.887277 1.1492169
1.7238252 8.925584 1.1109096
1.6472108 8.963891 1.2258313
1.6089035 8.963891 1.3407528
1.532289 8.963891 1.2641385
1.4173673 8.963891 1.187524
1.3790601 8.963891 1.0342951
1.3024457 9.002198 0.6895301
1.1875241 9.040505 0.49799392
1.1109096 9.040505 0.45968673
0.9959879 8.963891 0.49799392
0.8810662 8.925584 0.7278373
0.7278373 8.887277 0.9576807
0.5746084 8.848969 1.1109096
0.45968673 8.848969 1.2641385
0.30645782 8.848969 1.2641385
0.22984335 8.772355 1.2258313
0.15322891 8.772355 1.1109096
0.0 8.772355 0.842759
-0.11492168 8.695741 0.7278373
-0.4213795 8.504205 0.61291564
-0.4213795 8.42759 0.7278373
-0.3830723 8.42759 0.7661446
-0.30645782 8.504205 0.88106626
-0.22984335 8.542512 0.80445176
-0.22984335 8.580819 0.6512229
-0.2681506 8.580819 0.49799395
-0.30645782 8.619126 0.26815057
-0.344765 8.580819 0.19153613
-0.4596867 8.542512 0.15322891
-0.5746084 8.504205 0.22984336
-0.7278373 8.350976 0.4213795
-0.842759 8.274361 0.53630114
-0.8810662 8.197746 0.6512228
-0.91937345 8.197746 0.6512228
-0.91937345 8.197746 0.5363012
-0.9576807 8.121132 0.38307226
-1.0342952 8.159439 0.15322891
-1.1492169 8.0445175 -0.076614454
-1.2641386 8.082825 -0.22984336
-1.340753 8.197746 -0.19153613
-1.340753 8.197746 -0.11492168
-1.2641385 8.274361 -0.038307227
-1.187524 8.274361 0.11492168
-1.187524 8.350975 0.11492168
-1.187524 8.389282 0.19153613
-1.2258313 8.42759 0.22984336
-1.3024457 8.42759 0.11492168
-1.3024457 8.312668 -0.038307227
-1.340753 8.236053 -0.22984335
-1.3790601 8.197746 -0.38307226
-1.3024457 8.197746 -0.45968673
-1.2258313 8.312668 -0.45968673
-1.1492168 8.350975 -0.34476504
-1.1875241 8.389282 -0.22984336
-1.2641385 8.427589 -0.15322891
-1.4173675 8.312668 -0.038307227
-1.5705963 8.236053 0.0
-1.6089035 8.121132 0.038307227
-1.7238252 8.082825 0.076614454
-1.7238252 8.159439 0.15322891
-1.6472108 8.274361 0.11492168
-1.6472108 8.42759 0.11492168
-1.6472108 8.542512 0.22984336
-1.7238252 8.542512 0.22984336
-1.9153614 8.504204 0.30645782
-1.9919758 8.389282 0.34476504
-1.9919758 8.236053 0.30645782
-1.8770542 8.236053 0.30645782
-1.7621324 8.312668 0.30645782
-1.6472108 8.542512 0.26815057
-1.5705963 8.810662 0.22984335
-1.5705963 8.963891 0.076614454
-1.6089035 8.963891 0.0
-1.685518 8.734048 0.11492168
-1.8004397 8.427589 0.38307226
-1.9919758 8.159439 0.84275895
-2.183512 7.929596 1.1875241
-2.4133554 7.929596 1.1875241
-2.528277 7.929596 1.0342951
-2.566584 7.967903 0.7278373
-2.4899697 8.082825 0.49799395
-2.2984338 8.082825 0.42137948
-2.1452048 8.121132 0.42137948
-1.9919758 8.159439 0.42137948
-1.9153614 8.197746 0.57460845
-1.9536686 8.159439 0.7661445
-1.9536686 8.121132 0.9576807
-1.9536686 8.121132 1.2641385
-1.9153614 8.197746 1.2641385
-1.8770542 8.236053 1.187524
-1.9919758 8.312668 0.8810662
-2.1452048 8.312668 0.42137948
-2.2601264 8.197746 0.26815057
-2.2984335 8.121132 0.22984335
-2.2218192 8.121132 0.5746084
-2.2218192 8.197746 1.1492168
-2.2984335 8.350975 1.3790601
-2.3367407 8.580819 1.4556746
-2.413355 8.6574335 1.340753
-2.2984335 8.619126 1.0342951
-2.1452045 8.580819 0.9576807
-1.9919758 8.465898 1.1492168
-1.8770542 8.350975 1.532289
-1.8770542 8.389282 2.0302832
-1.9919758 8.427589 2.4516625
-2.2984335 8.542512 2.528277
-2.566584 8.6574335 2.3750482
-2.8347347 8.580818 2.1068974
-2.9496565 8.350975 1.8387469
-2.9879637 8.082825 1.8004397
-3.0262709 7.8146744 1.8770542
-3.0262709 7.6231384 2.2218192
-3.1028852 7.73806 2.6815057
-3.1028852 7.967903 3.2178068
-3.1028852 8.274361 3.6774936
-3.1794999 8.542511 3.9456444
-3.217807 8.542511 4.0222588
-3.371036 8.389282 3.9456444
-3.524265 8.159439 3.9073372
-3.6008794 7.8912888 3.9839516
-3.6774938 7.8912888 4.367024
-3.6774938 8.121132 4.9799395
-3.6774938 8.465897 5.554548
-3.6391866 8.887276 5.899313
-3.6008794 9.155427 6.129156
-3.5242648 9.232041 6.1674633
-3.4859576 9.11712 6.129156
-3.5242648 8.848969 6.090849
-3.6391869 8.504204 5.93762
-3.9073372 8.236053 5.9759274
-3.9073372 8.465897 6.090849
-3.715801 8.810662 6.3589997
-3.4859576 9.117121 6.6654572
-3.217807 9.2703495 6.7803793
-3.1028855 9.232042 6.933608
-3.1794999 8.963891 6.8186865
-3.3327289 8.619125 6.6654577
-3.5625722 8.274361 6.703765
-3.5625722 8.197746 6.8186865
-3.2944217 8.350975 7.04853
-2.873042 8.734048 7.2783732
-2.2984338 9.155428 7.431602
-1.8387469 9.500193 7.73806
-1.6855179 9.730036 8.082825
-1.7621324 9.576807 8.236053
-2.030283 9.270349 8.350975
-2.336741 8.887277 8.274361
-2.4133554 8.619126 8.197746
-2.183512 8.734048 8.197746
-1.7238252 9.078814 8.121132
-1.1109097 9.461885 8.0445175
-0.53630114 9.768343 7.8912888
-0.34476504 9.883265 7.73806
-0.53630114 9.615114 7.546524
-1.0726023 9.040505 7.508217
-1.7621324 8.350976 7.6231384
-2.2601266 7.73806 7.8529816
-2.4516625 7.354988 8.274361
-2.3367407 7.354988 8.465897
-1.9919758 7.546524 8.542512
-1.5705962 7.73806 8.580819
-1.3024457 8.00621 8.542512
-1.2258313 8.121132 8.427589
-1.4173675 8.0445175 8.312668
-1.7238252 7.8146744 8.121132
-1.9536686 7.508217 7.929596
-2.0685902 7.2783737 7.967903
-2.030283 7.163451 8.121132
-1.8770542 7.163451 8.465897
-1.3790601 7.393295 8.96389
-0.26815057 7.8912888 9.653421
0.30645782 8.236053 9.691729
0.53630114 8.389282 9.461885
0.6895301 8.465897 9.193735
0.6512228 8.389282 9.078813
0.38307226 8.121132 8.963891
1.4901161E-8 7.699753 8.810662
-0.4596867 7.2017584 8.619125
-0.8810662 6.703765 8.389282
-1.0726023 6.3589993 8.236053
-1.0342951 6.2057705 8.197746
-0.8044517 6.129156 8.236053
-0.49799398 6.129156 8.312668
-0.11492168 6.090849 8.312668
0.34476504 5.9759274 8.236053
1.0726024 6.0142345 8.236053
1.9536686 6.397307 8.312668
2.7964275 7.010223 8.312668
3.2561142 7.546524 8.350975
3.1411927 7.8146744 8.236053
2.4516625 7.584831 8.0445175
1.4556746 6.9719152 7.776367
0.42137948 6.3206925 7.584831
-0.61291564 5.7843914 7.4316025
-1.2641386 5.5162406 7.3549876
-1.6472108 5.4779334 7.6614456
-1.6089035 5.8226986 8.236053
-1.4556745 6.0142345 8.504205
-1.3024457 6.1674633 8.504205
-1.1492168 6.320692 8.42759
-0.9576807 6.397307 8.236053
-0.7661446 6.5505357 7.967903
-0.57460845 6.6654572 7.699753
-0.49799398 6.7803793 7.4316025
-0.38307226 6.8569937 7.278373
-0.19153613 6.933608 7.3932953
0.07661444 6.895301 7.508217

