0.68953013 6.742072 7.776367
0.8044518 6.895301 7.8146744
0.9576807 7.04853 7.73806
1.340753 7.3549876 7.5465236
1.4173675 7.4699097 7.6231384
1.4173675 7.4699097 7.5082164
1.3024457 7.4699097 7.5082164
1.2641385 7.3549876 7.546524
1.2641385 7.3549876 7.6614456
1.37906 7.4316025 7.699753
1.5705962 7.546524 7.73806
1.7621324 7.73806 7.699753
1.9153614 7.776367 7.546524
1.9536686 7.776367 7.431602
1.8770542 7.73806 7.2783732
1.8004396 7.584831 7.1634517
1.7621324 7.4699097 7.04853
1.8004396 7.431602 6.8569937
1.9536686 7.431602 6.7803793
2.1452048 7.546524 6.7803793
2.2984335 7.6614456 6.8186865
2.4133554 7.699753 6.9719152
2.4516625 7.699753 6.933608
2.4133554 7.584831 6.933608
2.3750482 7.546524 6.9719152
2.336741 7.5082164 6.8569937
2.2984335 7.431602 6.895301
2.2984335 7.469909 6.895301
2.3367407 7.469909 6.895301
2.4133554 7.508217 7.0485296
2.5282772 7.6231384 7.086837
2.6431987 7.699753 6.9719152
2.719813 7.8146744 6.8186865
2.719813 7.8146744 6.6271505
2.719813 7.8146744 6.435614
2.681506 7.8146744 6.320692
2.6431987 7.776367 6.2440777
2.681506 7.776367 6.2057705
2.719813 7.8146744 6.320692
2.9113493 7.8912888 6.550536
3.1028855 8.00621 6.7803793
3.2944214 8.197746 7.0102224
3.4476504 8.312668 7.0102224
3.4859576 8.389282 6.8569937
3.4859576 8.350975 6.5888433
3.4093432 8.236053 6.2440777
3.2944214 8.159439 5.899313
3.217807 8.121132 5.746084
3.217807 8.159439 5.6311626
3.2561142 8.312668 5.5928555
3.4476504 8.504204 5.707777
3.6774938 8.734047 5.899313
3.9839516 8.963891 6.244078
4.290409 9.155427 6.588843
4.443638 9.155427 6.7037644
4.5202527 9.11712 6.435614
4.4819455 8.963891 6.090849
4.4436383 8.772355 5.7460837
4.4819455 8.772355 5.554548
4.55856 8.772355 5.554548
4.6351743 8.734048 5.554548
4.711789 8.772355 5.592855
4.711789 8.734048 5.631162
4.6351748 8.6574335 5.707777
4.4819455 8.6574335 5.707777
4.3287163 8.580819 5.5928555
4.1754875 8.504205 5.477934
3.9839516 8.389282 5.2480903
3.9456444 8.389282 5.0948615
3.9456444 8.389282 4.903325
3.9839516 8.427589 4.7884035
4.098873 8.504205 4.7500963
4.1371803 8.504205 4.711789
4.060566 8.542512 4.7500963
3.9073372 8.504205 4.7500963
3.7541084 8.427589 4.7500963
3.6391864 8.389282 4.673482
3.6008792 8.350975 4.5968676
3.6391866 8.312668 4.5202527
3.6391866 8.427589 4.4436383
3.6008794 8.504205 4.4819455
3.562572 8.580819 4.4436383
3.5242648 8.695741 4.405331
3.4859576 8.772355 4.367024
3.4093432 8.810662 4.2904096
3.371036 8.772355 4.2521024
3.2944214 8.810662 4.2137947
3.217807 8.810662 4.098873
3.1411927 8.810662 3.9456444
2.9879637 8.848969 3.7541084
2.873042 8.848969 3.6008797
2.873042 8.848969 3.562572
2.9496565 8.963891 3.562572
3.0262709 9.078813 3.5242648
3.1028852 9.11712 3.4476504
3.064578 9.193734 3.3327286
2.9496565 9.232041 3.217807
2.834735 9.385271 3.1028852
2.6815062 9.500193 2.9496565
2.528277 9.500193 2.7964277
2.4133554 9.500193 2.7198133
2.3750482 9.385271 2.834735
2.4133554 9.308657 3.1028855
2.528277 9.308657 3.217807
2.6431987 9.232042 3.2944214
2.719813 9.155427 3.1794999
2.6815057 9.040505 2.8347347
2.528277 8.887277 2.566584
2.3750482 8.810662 2.2984335
2.183512 8.772355 2.1452045
2.0685902 8.734048 2.1452045
2.0685902 8.695741 2.2984335
2.1068974 8.734048 2.4516625
2.2218192 8.619126 2.6815057
2.3750482 8.619126 2.8730419
2.4133554 8.695741 2.911349
2.2984335 8.619126 2.9496565
2.1452048 8.619126 2.834735
1.9153614 8.580819 2.7964277
1.8004396 8.465898 2.719813
1.8770542 8.542512 2.6048915
1.9919758 8.580819 2.4899697
2.1835117 8.734048 2.2601264
2.2984338 8.925584 2.030283
2.2984338 9.002198 1.8387469
2.183512 9.11712 1.7621324
2.0685902 9.078813 1.7621324
1.9153614 9.040505 1.9153614
1.7238252 8.963891 2.0685902
1.6472107 8.810662 2.1068974
1.4939818 8.734048 2.0685902
1.3790601 8.619126 1.9536686
1.3024458 8.504205 1.7621324
1.1109096 8.504205 1.6472108
0.9576807 8.504205 1.6089036
0.6895301 8.504205 1.532289
0.4596867 8.542512 1.5705962
0.30645782 8.619126 1.532289
0.15322891 8.619126 1.4939818
0.19153613 8.580819 1.4939818
0.19153613 8.542512 1.532289
0.15322891 8.542512 1.6089035
0.076614454 8.504205 1.4939818
-0.038307227 8.542512 1.4939818
-0.15322891 8.504204 1.4173675
-0.30645782 8.427589 1.4556746
-0.45968673 8.389282 1.6472108
-0.61291564 8.274361 1.8387469
-0.72783726 8.236053 1.9919759
-0.80445176 8.197746 1.9919759
-0.842759 8.159439 1.9536686
-0.88106626 8.197746 1.7621324
-0.9576807 8.236053 1.5705962
-0.9959879 8.236053 1.4556746
-0.9959879 8.350975 1.4173673
-0.9576807 8.427589 1.6089035
-0.7661445 8.542512 1.7621324
-0.5746084 8.6574335 1.8770541
-0.49799392 8.6574335 1.9536686
-0.49799392 8.619126 1.8387469
-0.61291564 8.542512 1.7238252
-0.8044517 8.465898 1.7238252
-0.95768064 8.389283 1.5705962
-1.0726023 8.350975 1.4939818
-1.1492169 8.350975 1.4173675
-1.0726024 8.389282 1.1875241
-0.88106626 8.542511 0.9959879
-0.6512229 8.6574335 0.88106626
-0.49799395 8.695741 0.7661446
-0.45968673 8.695741 0.842759
-0.53630114 8.542512 0.9959879
-0.7278373 8.465898 0.9576807
-0.84275895 8.42759 0.8810662
-0.95768064 8.350975 0.7278373
-0.9959879 8.350975 0.6895301
-0.9959879 8.350975 0.8044518
-0.9959879 8.350975 1.0342951
-0.9576807 8.42759 1.2258313
-0.9576807 8.504205 1.2258313
-0.9576807 8.619126 1.1492168
-0.9576807 8.580818 0.9576807
-1.0726024 8.542511 0.80445176
-1.2258313 8.465897 0.7661445
-1.340753 8.389282 0.9193734
-1.532289 8.465898 1.1492168
-1.5705963 8.542512 1.2641385
-1.5705963 8.695741 1.4173673
-1.5705963 8.810662 1.3790601
-1.4939818 8.963891 1.340753
-1.4556746 9.078813 1.3790601
-1.4556746 9.078813 1.4556746
-1.4556746 8.963891 1.6089036
-1.4939818 8.810662 1.6472108
-1.6089035 8.6574335 1.6472108
-1.6472108 8.542512 1.4939818
-1.6472108 8.580819 1.2258313
-1.5705962 8.6574335 1.0726024
-1.3790603 8.6574335 0.9193734
-1.1875241 8.734048 0.72783726
-0.9959879 8.695741 0.6129156
-0.8810662 8.580819 0.5363012
-0.8810662 8.542512 0.5363012
-0.9959879 8.389283 0.6512228
-1.1875241 8.350976 0.5746084
-1.4556746 8.236053 0.4596867
-1.6472108 8.121132 0.38307226
-1.7621325 8.121132 0.26815057
-1.7621325 8.0445175 0.4213795
-1.6472108 8.121132 0.6895301
-1.4939818 8.389282 0.80445176
-1.3024457 8.619125 0.91937345
-1.1875241 8.887276 0.8810662
-1.1109096 9.040505 0.7661445
-1.1109096 8.963891 0.72783726
-1.2258313 8.810662 0.7661445
-1.3790603 8.6574335 0.95768064
-1.5322891 8.580819 1.0342951
-1.6472107 8.542512 1.1875241
-1.685518 8.580819 1.3790603
-1.685518 8.619126 1.4556746
-1.6472108 8.695741 1.7238252
-1.6089036 8.734048 2.0302832
-1.6089036 8.734048 2.2601266
-1.6089036 8.734048 2.4516628
-1.6089036 8.772355 2.4133554
-1.6472108 8.848969 2.1452048
-1.6472108 9.040506 1.8387469
-1.6472108 9.155428 1.6089035
-1.7238252 9.078814 1.5705963
-1.8770542 9.002199 1.685518
-2.1452048 8.848969 1.9153614
-2.4133554 8.695741 2.183512
-2.681506 8.619126 2.3367407
-2.7964277 8.619126 2.4899697
-2.7198133 8.580819 2.5665843
-2.6048913 8.580819 2.48997
-2.4133554 8.619126 2.4516625
-2.2218192 8.504205 2.4516625
-2.183512 8.427589 2.528277
-2.2601264 8.350975 2.7581203
-2.4899697 8.312668 2.9113493
-2.7581203 8.312668 2.9496565
-2.9113493 8.350975 2.9879637
-2.9496565 8.42759 2.9879637
-2.8347347 8.504205 3.1411927
-2.6431987 8.542512 3.2944214
-2.528277 8.504205 3.3327286
-2.4899697 8.389282 3.217807
-2.566584 8.121132 3.0262709
-2.7964277 7.929596 2.911349
-3.1028855 7.776367 2.7964275
-3.4476504 7.699753 2.9496565
-3.6774938 7.73806 3.4093432
-3.7541084 7.776367 3.9456444
-3.6008794 7.967903 4.55856
-3.2944214 8.197746 4.9799395
-3.0645783 8.465898 4.9416323
-2.9113493 8.734048 4.711789
-2.9113493 8.734048 4.4436383
-2.9496565 8.6574335 4.3287163
-2.9496565 8.504204 4.55856
-2.8347347 8.465897 5.2097826
-2.566584 8.657433 5.9759274
-2.183512 9.002198 6.6654577
-1.8387469 9.423577 7.086837
-1.685518 9.691729 6.933608
-1.7621324 9.768343 6.6654572
-2.1452048 9.5385 6.090849
-2.6431985 9.002198 5.7460837
-3.1028852 8.389282 5.7077765
-3.4476504 7.8529816 5.93762
-3.4859576 7.546524 6.5888433
-3.1794999 7.699753 7.2017584
-2.719813 8.159439 7.8146744
-2.1452045 8.734047 8.121132
-1.7621324 9.2703495 8.0445175
-1.7621324 9.576807 7.73806
-2.0685902 9.461885 7.163451
-2.566584 9.11712 6.7420716
-3.1411924 8.580819 6.780379
-3.4476504 8.082825 7.086837
-3.371036 7.8912888 7.6997523
-3.064578 8.0445175 8.197746
-2.528277 8.504205 8.542511
-1.9919758 8.848969 8.695741
-1.685518 9.193735 8.6574335
-1.6089035 9.155428 8.504205
-1.7621324 8.810662 8.197746
-2.030283 8.504205 8.082825
-2.48997 7.6614456 8.236053
-2.5665843 7.4316025 8.542511
-2.5665843 7.2783732 8.810662
-2.4516625 7.1251445 9.117121
-2.2218192 7.240066 9.423578
-1.8770542 7.4699097 9.576807
-1.4556746 7.73806 9.653421
-0.9959879 8.121132 9.5385
-0.6895301 8.312668 9.270349
-0.6512229 8.312668 8.887277
-0.88106626 8.121132 8.504204
-1.4173675 7.699753 8.236053
-2.030283 7.1251445 8.082825
-2.528277 6.6654572 8.159439
-2.8347347 6.3206925 8.312668
-2.873042 6.2057705 8.427589
-2.6431987 6.320692 8.69574
-2.3750482 6.435614 8.848969
-2.1452048 6.5505357 8.810662
-2.0685902 6.5505357 8.772355
-2.1452045 6.397307 8.580819
-2.221819 6.2057705 8.504205
-2.3367407 6.090849 8.504205
-2.2984335 5.9759274 8.542512
-2.1452048 6.090849 8.504204
-2.030283 6.0525417 8.427589
-2.030283 6.090849 8.350975
-2.0685902 6.0525417 8.274361
-2.1452045 5.899313 8.312668
-2.1452045 5.861006 8.350975
-2.2218192 5.66947 8.274361
-2.3367407 5.209783 7.8146744
-1.532289 5.2863975 8.121133
-0.03830725 5.861006 9.002198
1.5705962 7.086837 9.80665
2.834735 8.389282 10.457872
2.9879637 8.657433 10.189722
2.2218192 8.274361 9.423577
1.340753 7.393295 8.848969
0.61291564 6.62715 8.619126
-0.076614454 6.282385 8.312668
-0.7278373 5.93762 7.929596
-1.3790601 5.516241 7.5465236
-1.8004396 5.2863975 7.5082164
-2.030283 5.094861 7.6614456
-2.183512 5.094861 7.8529816
-2.2218192 5.133168 7.967903
-2.183512 5.1714754 7.929596
-2.1452045 5.363012 7.8146744
-1.9919758 5.5162406 7.699753
-1.7621324 5.8226986 7.6231384
-1.532289 5.93762 7.546524
-1.2258313 6.205771 7.6231384
-0.9193734 6.5505357 7.73806
-0.61291564 6.7037644 7.929596
-0.34476504 6.933608 8.159439

