-0.038307227 6.7803793 8.00621
0.076614454 6.895301 7.699753
0.22984336 7.086837 7.4316025
0.45968673 7.354988 7.125144
0.49799395 7.4699097 7.201759
0.5746084 7.508217 7.240066
0.6512228 7.508217 7.240066
0.72783726 7.3549876 7.2783732
0.7661445 7.393295 7.3549876
0.80445176 7.3549876 7.393295
0.95768064 7.3549876 7.3549876
1.2641385 7.4699097 7.3549876
1.6472108 7.6231384 7.3549876
2.030283 7.776367 7.3166804
2.336741 7.929596 7.3166804
2.528277 7.967903 7.201759
2.6048913 7.967903 6.9719152
2.681506 7.929596 6.780379
2.681506 7.8529816 6.7420716
2.7198133 7.8146744 6.856993
2.7581205 7.776367 6.971915
2.7964277 7.8146744 7.125144
2.9113493 7.776367 7.086837
2.9496565 7.8146744 7.0485296
3.0262709 7.8146744 6.9719152
3.1028852 7.776367 6.7420716
3.1028852 7.8146744 6.62715
3.1028852 7.8529816 6.435614
3.1411924 7.8529816 6.397307
3.1411924 7.8146744 6.6271505
3.217807 7.73806 6.742072
3.2944214 7.6614456 6.8186865
3.3710358 7.6614456 6.895301
3.4476504 7.73806 6.6654572
3.4859576 7.776367 6.588843
3.5242648 7.776367 6.5122285
3.5242648 7.776367 6.3206925
3.5242648 7.699753 6.167464
3.5242648 7.699753 6.0525417
3.562572 7.73806 6.0142345
3.6008792 7.699753 6.0525417
3.6391866 7.776367 6.0525417
3.7541084 7.8146744 6.090849
3.86903 7.8146744 6.167464
4.0222588 7.8912888 6.1291566
4.1754875 7.929596 6.244078
4.290409 7.967903 6.129156
4.3287168 8.121132 5.8226986
4.3287168 8.197746 5.5928555
4.2904096 8.236053 5.286398
4.1754875 8.274361 5.056554
4.098873 8.197746 4.9799395
4.060566 8.197746 4.903325
4.0222588 8.159439 4.9799395
4.0222588 8.197746 5.133168
4.098873 8.312668 5.209783
4.1371803 8.389282 5.2480903
4.2137947 8.504204 5.133168
4.2904096 8.504204 4.865018
4.252102 8.504204 4.673482
4.2137947 8.504204 4.5968676
4.1754875 8.504204 4.673482
4.1371803 8.580819 4.8267107
4.2137947 8.619126 4.9799395
4.252102 8.619126 5.056554
4.3287163 8.695741 5.0182467
4.405331 8.810662 4.9416323
4.4436383 8.925584 4.865018
4.5202527 9.040505 4.673482
4.5968676 9.078813 4.5202527
4.6351748 9.078813 4.4819455
4.673482 9.002198 4.4436383
4.673482 9.040505 4.596867
4.6351743 9.040505 4.6734815
4.596867 9.040505 4.596867
4.5202527 9.040505 4.55856
4.4436383 8.887277 4.405331
4.3287168 8.848969 4.367024
4.252102 8.810662 4.252102
4.098873 8.695741 4.252102
4.0222588 8.810662 4.252102
4.0222588 8.810662 4.1371803
3.9456444 8.848969 4.2137947
3.9073372 8.963891 4.060566
3.8307228 8.925584 3.9456444
3.677494 8.887277 3.7924156
3.562572 8.772355 3.6008797
3.4476504 8.772355 3.562572
3.3327289 8.734048 3.562572
3.3327289 8.772355 3.7924156
3.4093432 8.925584 3.9073372
3.4859576 8.925584 3.86903
3.5242648 9.002198 3.7541084
3.409343 9.002198 3.5242648
3.1794999 8.925584 3.4476504
2.9496565 8.925584 3.4859576
2.7581203 8.810662 3.5242648
2.6431987 8.734048 3.6774936
2.6431987 8.734048 3.7541084
2.6431987 8.772355 3.7924156
2.6048915 8.810662 3.86903
2.528277 8.887277 3.9073372
2.4133554 8.925584 4.0222588
2.3367407 8.925584 4.098873
2.2984335 9.040505 4.3287163
2.2984335 9.078813 4.4819455
2.2601264 9.040505 4.5968676
2.1835117 9.002198 4.7500963
2.1068974 8.887277 4.711789
2.030283 8.810662 4.6351743
1.9919758 8.810662 4.5202527
1.9536686 8.848969 4.290409
1.9153614 8.925584 4.1371803
1.9153614 9.002198 3.86903
1.9536686 9.11712 3.3327289
1.9153614 9.11712 3.064578
1.8770542 9.155427 2.9496565
1.7621324 9.078813 2.9879637
1.7621324 9.11712 3.026271
1.8004397 9.11712 2.9879637
1.7621324 9.078813 2.9496565
1.7621324 9.078813 2.719813
1.6472108 8.925584 2.5665843
1.4939818 8.925584 2.4899697
1.3407528 8.925584 2.4516625
1.1875241 8.887277 2.566584
1.0726024 8.887277 2.681506
0.9959879 8.772355 2.7964277
0.9959879 8.695741 2.873042
0.9576807 8.619126 2.8347347
0.8810662 8.6574335 2.7964275
0.7661445 8.695741 2.681506
0.6512228 8.619126 2.528277
0.57460845 8.6574335 2.528277
0.57460845 8.695741 2.566584
0.61291564 8.734048 2.6048913
0.6512228 8.734048 2.7581203
0.6895301 8.695741 2.7964277
0.72783726 8.695741 2.834735
0.72783726 8.695741 2.834735
0.72783726 8.848969 2.6048915
0.72783726 8.925584 2.336741
0.6512228 8.887277 2.1068976
0.61291564 8.772355 1.8770542
0.45968673 8.619126 1.8770542
0.2681506 8.580819 2.030283
0.076614454 8.580819 2.1068976
-0.15322891 8.619126 2.2218192
-0.26815057 8.619126 2.2601264
-0.34476507 8.542512 2.2984335
-0.30645782 8.465898 2.3367407
-0.22984336 8.42759 2.3367407
-0.22984336 8.465898 2.3367407
-0.19153613 8.580819 2.2601264
-0.19153613 8.6574335 2.2218192
-0.22984336 8.734048 2.1452048
-0.15322891 8.695741 2.0685902
-0.15322891 8.6574335 1.9536686
-0.22984336 8.6574335 1.8770542
-0.30645782 8.580819 1.838747
-0.49799395 8.619126 1.838747
-0.6512228 8.542512 1.838747
-0.7661446 8.389282 1.8004397
-0.7661446 8.389282 1.7621324
-0.7661446 8.427589 1.6855179
-0.6895301 8.427589 1.5705963
-0.61291564 8.504205 1.4939818
-0.57460845 8.465898 1.4939818
-0.49799398 8.42759 1.4173675
-0.49799398 8.504205 1.4173675
-0.49799398 8.465897 1.3407528
-0.5746084 8.504204 1.2258313
-0.7661445 8.427589 1.1109095
-0.91937345 8.350975 0.91937345
-0.9959879 8.465898 0.7661446
-1.0342951 8.580819 0.61291564
-0.91937345 8.695741 0.57460845
-0.80445176 8.734048 0.57460845
-0.7278373 8.734048 0.61291564
-0.61291564 8.734048 0.7661445
-0.5363012 8.848969 0.8810662
-0.5746084 9.002198 0.9193734
-0.61291564 9.040505 0.8810662
-0.7661445 8.963891 0.7661445
-0.9959879 8.734048 0.7278373
-1.340753 8.236053 1.0726024
-1.4173675 8.082825 1.2258313
-1.3790603 8.082825 1.2258313
-1.3407528 8.236053 0.9576807
-1.1492169 8.350975 0.842759
-0.9959879 8.542512 0.6895301
-0.8810662 8.6574335 0.5746084
-0.7661445 8.6574335 0.5746084
-0.7661445 8.695741 0.45968673
-0.7661445 8.772355 0.4213795
-0.7278373 8.810662 0.4213795
-0.7278373 8.887277 0.45968673
-0.8044517 8.887277 0.5363012
-0.9576807 8.810662 0.5746084
-1.2258313 8.734048 0.61291564
-1.532289 8.695741 0.57460845
-1.7238252 8.542511 0.57460845
-1.838747 8.465897 0.49799398
-1.8770542 8.312668 0.49799398
-1.8387469 8.274361 0.53630114
-1.8004397 8.42759 0.53630114
-1.7621324 8.504205 0.57460845
-1.7238252 8.6574335 0.45968673
-1.6472108 8.695741 0.30645782
-1.6089036 8.619126 0.19153613
-1.5705962 8.465898 0.26815057
-1.6089035 8.389282 0.4596867
-1.8004396 8.274361 0.80445176
-2.1068974 8.159439 1.0342951
-2.528277 8.082825 1.1875241
-2.9113493 7.8912888 1.2258313
-3.1028852 7.699753 1.2258313
-3.0262709 7.6231384 1.2641385
-2.7964277 7.6231384 1.187524
-2.528277 7.776367 1.2258313
-2.2984335 7.967903 1.1875241
-2.3750482 8.274361 1.37906
-2.5282772 8.197746 1.4939818
-2.7964277 8.0445175 1.7238252
-3.026271 7.776367 1.838747
-3.2561142 7.546524 1.8004396
-3.562572 7.354988 1.7238252
-3.7924154 7.2400656 1.5322891
-3.86903 7.2400656 1.4556746
-3.7541082 7.4316025 1.685518
-3.2944214 7.699753 1.9919758
-2.7198129 8.0445175 2.3750482
-2.1452045 8.389282 2.566584
-1.685518 8.734048 2.528277
-1.4173675 9.040506 2.2984335
-1.37906 9.155428 2.0685902
-1.685518 9.040506 2.1452048
-1.8004396 8.925584 2.566584
-1.7238252 8.963891 3.0262709
-1.532289 9.078813 3.4093432
-1.3024457 9.232042 3.7541084
-1.1492168 9.346964 3.6774938
-1.0342952 9.385271 3.4859576
-0.9959879 9.385271 3.3327286
-1.1109096 9.308657 3.1028852
-1.2258313 9.193734 3.2178068
-1.3790601 9.078813 3.4859576
-1.5705963 8.925584 3.8307223
-1.685518 8.887277 4.252102
-1.7238252 8.887277 4.5202527
-1.8004396 8.848969 4.596867
-1.8770542 8.772355 4.6351748
-1.9536686 8.619126 4.596867
-2.1068974 8.542512 4.55856
-2.2601264 8.465898 4.55856
-2.3367407 8.504205 4.596867
-2.4516625 8.619126 4.596867
-2.6431987 8.695741 4.7500963
-2.834735 8.734048 4.903325
-3.0262709 8.695741 4.903325
-3.217807 8.619126 4.903325
-3.2944217 8.542512 4.8267107
-3.3327289 8.619126 4.7500963
-3.3327289 8.695741 4.7884035
-3.2561145 8.695741 5.056554
-3.1028855 8.695741 5.439626
-2.873042 8.6574335 6.090849
-2.6431987 8.695741 6.6654572
-2.4133554 8.772355 7.0102224
-2.2984335 8.810662 7.086837
-2.2601264 8.734048 6.818686
-2.2984335 8.619126 6.435614
-2.4516625 8.465898 6.1674633
-2.6048915 8.312668 6.129156
-2.681506 8.197746 6.3589997
-2.6431987 8.159439 6.895301
-2.4133554 8.312668 7.469909
-1.9919758 8.542511 7.929596
-1.5705962 8.810661 8.00621
-1.1875241 9.040505 7.8529816
-0.9576807 9.002198 7.5465236
-1.0342951 8.810662 7.125144
-1.340753 8.542511 6.856993
-1.8004397 8.159439 6.7420716
-2.1452045 7.8912888 6.933608
-2.1452045 7.8529816 7.3166804
-1.8770541 7.929596 7.6614456
-1.340753 8.197746 7.967903
-0.7661445 8.580818 7.967903
-0.34476507 8.925583 7.776367
-0.22984338 9.117121 7.776367
-0.2681506 9.078814 7.8146744
-0.4213795 8.963892 7.967903
-0.61291564 8.734048 8.274361
-0.57460845 8.619126 8.350975
-0.57460845 8.580819 8.312668
-0.68953013 8.274362 8.427589
-0.8044518 8.00621 8.504204
-0.9193734 7.73806 8.69574
-0.8810662 7.5082164 8.848969
-0.68953013 7.584831 8.848969
-0.4213795 7.73806 8.810662
-0.15322891 7.929596 8.887277
0.0 8.082825 8.887277
0.038307227 8.00621 8.6574335
-0.19153613 7.776367 8.465897
-0.5746084 7.3166804 8.121132
-0.9576807 6.8186865 8.00621
-1.1109096 6.5505357 8.159439
-1.0342951 6.4356136 8.350975
-0.68953 6.550536 8.619125
-0.30645782 6.7803793 8.6574335
-0.11492168 6.9719152 8.580819
-0.038307227 7.0868373 8.389282
-0.22984336 7.0868373 8.121132
-0.49799395 6.9719157 7.967903
-0.6895301 6.8186865 7.967903
-0.6895301 6.703765 8.0445175
-0.5363012 6.742072 8.236053
-0.30645782 6.895301 8.312668
-0.076614454 7.086837 8.274361
0.038307227 7.086837 8.159439
0.11492168 6.933608 8.0445175
0.26815057 6.6654577 8.082825
0.7278373 6.550536 8.159439
1.4939818 7.0102224 8.427589
2.1452048 7.699753 8.465897
2.375048 8.159439 8.427589
1.9536686 8.121132 8.389282
1.0726023 7.5082164 8.082825
0.07661444 6.6654572 7.8529816
-0.6895301 5.975928 7.699753
-1.2641386 5.554548 7.584831
-1.6472108 5.363012 7.6231384
-1.8004397 5.209783 7.8146744
-1.8770542 5.1714754 7.929596
-1.8387469 5.209783 7.929596
-1.8004396 5.2863975 8.00621
-1.685518 5.4779334 8.00621
-1.4556746 5.7843914 8.0445175
-1.1492169 6.129156 8.0445175
-0.80445176 6.320692 8.00621
-0.4596867 6.4739213 7.967903
-0.11492168 6.588843 7.8146744
0.15322891 6.7037644 7.6614456
0.38307226 6.933608 7.4699097
0.57460845 7.086837 7.3932953
0.61291564 7.163451 7.4316025

