0.61291564 7.086837 7.508217
0.5363012 6.933608 7.584831
0.15322891 6.6654572 7.1634517
0.22984335 6.8569937 7.0102224
0.3830723 7.1634517 6.933608
0.42137954 7.2783732 6.8569937
0.88106626 7.6614456 7.125144
1.1109095 7.8146744 7.125144
1.2258313 7.73806 7.2783737
1.3024457 7.6614456 7.316681
1.3790601 7.6231384 7.354988
1.4556746 7.5082164 7.354988
1.6472107 7.6614456 7.1251445
1.8387469 7.776367 7.0485296
1.9919758 7.776367 7.0485296
2.1452045 7.8529816 7.0102224
2.2601264 7.8146744 7.125144
2.336741 7.776367 7.201759
2.4133554 7.776367 7.125144
2.4899697 7.73806 7.163451
2.566584 7.73806 7.0485296
2.6431985 7.6614456 7.0485296
2.7964275 7.6614456 7.086837
2.9496565 7.776367 7.0102224
3.064578 7.8529816 7.125144
3.1794999 8.0445175 6.933608
3.2561145 8.197746 6.7037644
3.2944217 8.236053 6.4739213
3.371036 8.274361 6.090849
3.4859576 8.312668 5.899313
3.6008794 8.350975 5.899313
3.8307228 8.427589 5.899313
4.0222588 8.542512 6.129156
4.213795 8.6574335 6.3589997
4.405331 8.734048 6.5888433
4.55856 8.772355 6.6654577
4.6734815 8.810662 6.6271505
4.7117887 8.695741 6.3973074
4.6734815 8.695741 5.9376206
4.5202527 8.619126 5.6311626
4.405331 8.542512 5.2863975
4.3287168 8.542512 5.171476
4.2904096 8.504205 5.133168
4.2904096 8.465897 5.133168
4.3287168 8.389282 5.133168
4.367024 8.350975 4.9799395
4.367024 8.389282 4.903325
4.3287163 8.427589 4.7500963
4.252102 8.465898 4.5202527
4.098873 8.542512 4.3670235
4.0222588 8.312669 4.290409
3.9839516 8.274361 4.290409
3.9073372 8.274361 4.4819455
3.9456444 8.197746 4.673482
3.9456444 8.350975 4.7884035
3.9456444 8.465898 4.865018
3.9456444 8.504205 4.673482
3.86903 8.6574335 4.4819455
3.7924156 8.734048 4.3287168
3.6774938 8.848969 4.290409
3.6391866 8.963891 4.4436383
3.6391866 9.078813 4.673482
3.6774938 9.193734 4.865018
3.7541084 9.155427 4.903325
3.7924156 9.232042 4.7500963
3.7924156 9.193734 4.5968676
3.7541084 9.193734 4.520253
3.6774938 9.193734 4.481945
3.6008794 9.002198 4.673482
3.6774938 8.963891 4.7500963
3.715801 8.887277 4.673482
3.7541082 8.848969 4.55856
3.86903 8.963891 4.3287168
3.7924156 8.963891 4.1754875
3.7158012 8.963891 4.060566
3.6391864 8.887277 4.098873
3.4859576 8.810662 4.2137947
3.4093432 8.772355 4.2904096
3.3327286 8.810662 4.367024
3.2561142 8.772355 4.2137947
3.1028855 8.734048 4.0222588
2.9113493 8.6574335 3.9073372
2.7581205 8.542512 3.9073372
2.7581205 8.6574335 4.060566
2.7581205 8.772355 4.213795
2.834735 8.963891 4.2904096
2.9879637 9.232042 4.2521024
3.0262709 9.385271 4.060566
3.064578 9.5385 3.7541082
2.9879637 9.576807 3.4093432
2.719813 9.423578 3.1411927
2.3750482 9.308657 3.1794999
2.1452048 9.193734 3.5242648
2.0685902 9.11712 4.0222588
2.0685902 9.11712 4.4436383
2.1835117 9.11712 4.6351748
2.2601264 8.963891 4.5968676
2.183512 8.963891 4.481946
2.1452045 8.925584 4.2521024
2.0685902 8.887277 3.9073372
1.9536686 8.963891 3.6008792
1.8770542 8.887277 3.217807
1.8004398 8.887277 2.9113493
1.7238252 8.810662 2.834735
1.7238252 8.734048 2.834735
1.7621324 8.6574335 2.7581205
1.8004397 8.580819 2.834735
1.7621325 8.580819 2.873042
1.6472108 8.427589 2.7581205
1.4939818 8.350975 2.7198133
1.3407528 8.350975 2.5665843
1.2641385 8.350975 2.2601264
1.1875241 8.542512 1.9536686
1.1492169 8.6574335 1.7238252
1.0726024 8.619126 1.532289
0.9576807 8.580819 1.532289
0.8810662 8.504205 1.5705963
0.80445176 8.42759 1.5705963
0.80445176 8.389283 1.6089036
0.842759 8.42759 1.6089036
0.8810662 8.504205 1.5705962
0.9576807 8.580819 1.6472108
1.0342951 8.695741 1.6472108
1.0726023 8.734048 1.7238252
1.0342951 8.6574335 1.838747
0.91937345 8.580819 1.8770542
0.7661445 8.42759 1.9919758
0.6512228 8.350976 2.030283
0.53630114 8.389283 2.1068976
0.4213795 8.465898 1.8770542
0.34476507 8.504205 1.532289
0.26815057 8.542512 1.3024457
0.34476507 8.580819 1.1109095
0.49799395 8.619126 1.2258313
0.61291564 8.734048 1.532289
0.72783726 8.810662 1.532289
0.72783726 8.810662 1.4556746
0.6512228 8.810662 1.4173675
0.5746084 8.848969 1.1875241
0.45968673 8.810662 1.1109096
0.4213795 8.772355 1.1492168
0.34476504 8.734048 1.1492168
0.30645782 8.695741 1.3024457
0.26815057 8.695741 1.4939818
0.15322891 8.772355 1.532289
0.038307227 8.810662 1.4173675
-0.076614454 8.810662 1.3024457
-0.19153613 8.734048 1.2258313
-0.2681506 8.734048 1.3024457
-0.19153613 8.772355 1.3407528
-0.15322891 8.848969 1.3790601
-0.076614454 8.963891 1.4556746
-0.038307227 8.925584 1.340753
-0.15322891 8.848969 1.3790601
-0.30645782 8.695741 1.3407528
-0.49799395 8.542511 1.1875241
-0.6512228 8.504204 1.1875241
-0.7661445 8.465897 1.1492169
-0.842759 8.504204 1.1109096
-0.842759 8.542512 1.1109096
-0.80445176 8.542512 1.0726024
-0.6895301 8.542512 1.0726024
-0.61291564 8.504205 1.0726024
-0.57460845 8.580819 1.1109096
-0.6512228 8.6574335 0.9959879
-0.8044517 8.6574335 0.8810662
-0.9959879 8.695741 0.80445176
-1.1875241 8.580818 0.6895301
-1.3024458 8.465897 0.7661446
-1.340753 8.427589 0.80445176
-1.2258313 8.465897 0.842759
-1.0342951 8.580819 0.7661445
-0.8810662 8.734048 0.5746084
-0.7661445 8.810662 0.34476504
-0.72783726 8.810662 0.038307227
-0.84275895 8.810662 -0.11492168
-1.0342951 8.6574335 -0.076614454
-1.3024457 8.504205 0.1532289
-1.6472108 8.312668 0.4596867
-1.9536686 8.082825 0.7661446
-2.1452048 7.8912888 0.91937345
-2.2601264 7.8146744 0.9959879
-2.2601264 7.699753 1.0342951
-2.1835117 7.6614456 1.0726024
-2.030283 7.699753 1.2641385
-1.8770542 7.776367 1.340753
-1.8004397 7.929596 1.2258313
-1.7621324 8.0445175 1.0726024
-1.8004397 8.082825 0.7661445
-1.8387469 8.00621 0.61291564
-1.8387469 7.929596 0.6895301
-1.9153614 7.8912888 0.8810662
-2.030283 7.8529816 1.0342951
-2.183512 7.8146744 1.0342951
-2.4516625 7.776367 0.9959879
-2.6431985 7.6614456 0.84275895
-2.8347347 7.546524 0.80445176
-2.873042 7.431602 0.95768064
-2.719813 7.278373 1.1875241
-2.528277 7.316681 1.4556746
-2.2601264 7.508217 1.7621324
-2.0685902 7.8912888 1.838747
-1.9536686 8.350975 1.7238252
-1.8387469 8.734047 1.5705962
-1.8004397 8.848969 1.3024458
-1.7238252 8.848969 1.2641385
-1.6089035 8.772355 1.685518
-1.6089035 8.695741 2.336741
-1.6472107 8.887277 3.1411927
-1.8004397 8.963891 3.7541082
-2.030283 9.078813 3.7541082
-2.1835117 9.11712 3.4476504
-2.2601264 9.002198 3.1028855
-2.3367407 9.002198 2.987964
-2.4899697 9.078814 3.141193
-2.719813 9.078814 3.4476504
-3.026271 9.040506 3.6008792
-3.2561142 8.963892 3.6008792
-3.3327286 8.772355 3.4859576
-3.2944214 8.619126 3.2944214
-3.1794999 8.580819 3.2561142
-3.1411924 8.580819 3.2944214
-3.1411924 8.695741 3.5242648
-3.1794996 8.848969 3.5625722
-3.217807 8.963891 3.4859576
-3.1794999 8.963891 3.2944214
-3.1028855 8.848969 3.1028852
-2.9879637 8.657433 3.1028852
-2.8730419 8.389282 3.217807
-2.8347347 8.159439 3.4093432
-2.9496565 8.082825 3.524265
-3.1411924 8.082825 3.4859576
-3.371036 8.121132 3.2561145
-3.562572 8.159439 2.9496565
-3.562572 8.082825 2.6431985
-3.4476504 7.929596 2.566584
-3.2178073 7.8529816 2.7198129
-2.9113493 7.73806 2.9879637
-2.6048913 7.699753 3.371036
-2.336741 7.8529816 3.7158008
-2.1452048 8.159439 4.0222588
-2.030283 8.504204 4.290409
-1.9536686 8.657433 4.3670235
-1.9153614 8.734048 4.290409
-1.9153614 8.580819 4.098873
-1.9153614 8.350976 3.677494
-2.030283 8.121132 3.371036
-2.2218192 7.776367 3.217807
-2.2984335 7.431602 3.2944214
-2.375048 7.2783732 3.6774938
-2.2601264 7.393295 4.213795
-1.9919758 7.699753 4.903325
-1.8387469 8.082825 5.1331687
-1.7621324 8.389283 5.3247046
-1.9153613 8.542512 5.133168
-2.2984338 8.465897 4.8267107
-2.7198129 8.312668 4.711789
-2.9879637 8.121132 4.673482
-3.0645783 7.967903 5.094861
-2.873042 8.0445175 5.554548
-2.528277 8.274361 6.244078
-2.2601264 8.619126 6.7803793
-2.1835117 8.925584 7.0102224
-2.2984338 9.11712 7.125144
-2.6048913 9.11712 7.354987
-2.9496565 8.963891 7.73806
-3.1411927 8.772355 8.389282
-3.1411927 8.695741 8.963892
-2.911349 8.6574335 9.232042
-2.6048913 8.925584 9.308657
-2.3367407 9.2703495 9.078813
-2.2601264 9.385271 8.925584
-2.4516625 9.385271 8.887277
-2.719813 9.078814 8.887277
-3.064578 8.619126 8.963891
-3.2944217 8.197746 9.078813
-3.2561145 7.776367 9.346964
-3.026271 7.8529816 9.653421
-2.7198133 7.967903 9.921572
-2.3750482 8.159439 10.113108
-2.1452048 8.312668 10.151415
-1.8770541 8.389282 9.921572
-1.7621324 8.389282 9.5385
-1.8004397 8.159439 9.155428
-1.9153613 7.8912888 9.040506
-2.1452045 7.546524 9.040506
-2.336741 7.201759 9.155428
-2.336741 7.1251445 9.193735
-2.1835122 7.0485296 9.078814
-1.9536687 7.0485296 8.925584
-1.7238252 7.201759 8.69574
-1.6855179 7.201759 8.619125
-1.7621324 7.0868373 8.542511
-1.9536686 6.8569937 8.619125
-2.0685902 6.588843 9.040505
-1.9536686 6.6654572 9.040505
-1.6472107 6.895301 8.848969
-1.3790601 7.125144 8.542511
-1.0342951 7.316681 8.274361
-0.9193734 7.4316025 8.0445175
-1.0342951 7.354988 7.929596
-1.187524 6.8186865 7.6614456
-0.9959879 6.359 7.6614456
-0.03830722 6.512229 8.159439
1.340753 7.3166804 8.772355
2.4899697 8.619125 9.385271
2.7964275 9.5385 9.461885
2.1068974 9.500193 8.810661
0.80445176 8.542512 7.852981
-0.45968673 7.3166804 7.163451
-1.4173675 6.3589997 6.7420716
-2.030283 5.7843914 6.62715
-2.3750482 5.66947 6.703765
-2.528277 5.66947 6.703765
-2.6048915 5.707777 6.7803793
-2.6431987 5.7843914 6.742072
-2.6431987 5.7843914 6.588843
-2.5282772 5.7843914 6.435614
-2.2601266 5.861006 6.2440777

