4.6351748 7.0102224 5.0182467
4.55856 7.1251445 4.9799395
2.75812 7.929596 5.0182467
2.0685902 8.465897 5.286398
1.8387468 8.810662 5.3630123
1.5705962 9.193735 5.4013195
1.4556746 9.653421 5.477934
1.532289 9.80665 5.363012
1.5705962 9.921572 5.3247046
1.532289 9.998186 5.363012
1.4556746 9.998186 5.363012
1.340753 10.036493 5.5545483
1.2641385 10.0748005 5.66947
1.2641385 10.151415 5.6311626
1.3024457 10.304645 5.66947
1.3790601 10.381259 5.66947
1.5322891 10.419566 5.707777
1.6472107 10.342951 5.861006
1.685518 10.189722 6.090849
1.7621324 9.998186 6.3589997
1.7621324 9.844957 6.5505357
1.8770542 9.691729 6.8569937
2.030283 9.576807 7.0485296
2.183512 9.5385 7.0485296
2.4516625 9.461885 7.086837
2.719813 9.461885 6.8569937
3.0262709 9.500193 6.7420716
3.3327289 9.500193 6.5505357
3.6391864 9.5385 6.282385
3.9456444 9.500193 6.1674633
4.252102 9.461885 5.899313
4.5585604 9.500193 5.707777
4.711789 9.5385 5.631162
4.7884035 9.5385 5.439626
4.711789 9.461885 5.363012
4.5968676 9.346964 5.3247046
4.5202527 9.11712 5.2480903
4.4436383 9.002198 5.171476
4.520253 8.963891 5.056554
4.5968676 8.925584 4.903325
4.6351748 8.963891 4.7500963
4.711789 8.887277 4.673482
4.673482 8.848969 4.596867
4.6351743 8.810662 4.4819455
4.673482 8.810662 4.290409
4.673482 8.887277 4.098873
4.673482 8.848969 3.86903
4.6351748 8.848969 3.7158012
4.4436383 8.69574 3.6008792
4.290409 8.619125 3.4859576
4.2137947 8.580818 3.4476504
4.1754875 8.542511 3.2561145
4.2137947 8.6574335 3.141193
4.252102 8.695741 3.0262709
4.252102 8.695741 2.873042
4.252102 8.695741 2.834735
4.2904096 8.734048 2.719813
4.3287168 8.848969 2.566584
4.3287168 8.925584 2.4516623
4.3287168 9.002198 2.2601264
4.290409 9.002198 2.1452045
4.252102 8.887277 2.0685902
4.2137947 8.887277 1.9536686
4.1754875 8.848969 1.8770542
4.1754875 8.887277 1.8004397
4.1754875 8.963891 1.7621325
4.252102 9.040505 1.6089036
4.3287163 9.11712 1.6472108
4.4436383 9.193734 1.8004396
4.5202527 9.232041 1.7238252
4.55856 9.232041 1.7621324
4.596867 9.232041 1.6089035
4.596867 9.11712 1.3024458
4.55856 9.078813 1.1109096
4.5202527 9.002198 0.9576807
4.4436383 8.925584 0.80445176
4.367024 8.925584 0.72783726
4.2904096 8.887277 0.72783726
4.2137947 8.848969 0.72783726
4.1754875 8.810662 0.7661445
4.098873 8.695741 0.80445176
4.060566 8.580819 0.80445176
3.9839516 8.619126 0.80445176
3.8307228 8.619126 0.84275895
3.6391866 8.695741 0.80445176
3.4093432 8.734048 0.88106626
3.217807 8.6574335 0.9576807
3.064578 8.6574335 0.9576807
3.064578 8.6574335 0.9576807
3.1028852 8.6574335 0.9959879
3.1794996 8.6574335 0.9959879
3.2944217 8.695741 0.8810662
3.3327289 8.734048 0.68953013
3.1411927 8.734048 0.11492168
2.9879637 8.619126 0.0
2.873042 8.542512 -0.038307227
2.834735 8.465898 -0.076614454
2.873042 8.465898 0.038307227
2.9113493 8.389282 0.0
2.834735 8.312668 0.0
2.7198133 8.236053 0.0
2.5282772 8.121132 -0.11492168
2.2601264 8.0445175 -0.15322891
1.9919758 7.8912888 -0.19153613
1.8004396 7.73806 -0.22984335
1.6089035 7.699753 -0.19153613
1.4556746 7.699753 -0.15322891
1.340753 7.73806 -0.15322891
1.1492169 7.73806 -0.19153613
1.0342952 7.699753 -0.30645782
0.9576807 7.6614456 -0.30645782
0.842759 7.584831 -0.30645782
0.6895301 7.584831 -0.34476504
0.5746084 7.508217 -0.30645782
0.4213795 7.508217 -0.4213795
0.2681506 7.4699097 -0.5363012
0.19153613 7.508217 -0.6895301
0.038307227 7.546524 -0.9576807
-0.11492168 7.546524 -1.2258313
-0.19153613 7.6231384 -1.4173675
-0.22984335 7.584831 -1.4939818
-0.22984335 7.6614456 -1.532289
-0.15322891 7.6614456 -1.4173673
-0.11492168 7.584831 -1.3790601
-0.15322891 7.546524 -1.3024457
-0.2681506 7.4316025 -1.1492168
-0.49799398 7.3549876 -1.1492168
-0.7278373 7.3549876 -1.1875241
-0.9576807 7.2783732 -1.2641385
-1.0342951 7.2017584 -1.3790601
-1.0342951 7.163451 -1.4173675
-0.91937345 7.2017584 -1.3790601
-0.7278373 7.31668 -1.3024458
-0.61291564 7.5082164 -1.2641385
-0.5363012 7.5848308 -1.2641385
-0.5746084 7.6231384 -1.3407528
-0.6895301 7.6231384 -1.4173675
-0.8810662 7.4699097 -1.4173675
-1.1109096 7.3166804 -1.3024457
-1.3407528 7.1251445 -1.1492169
-1.5705962 7.04853 -1.1875241
-1.7238252 7.0102224 -1.2641385
-1.8004397 7.0485296 -1.4939818
-1.7621325 7.125144 -1.7621324
-1.6089036 7.125144 -1.9536685
-1.4173675 7.201759 -2.0685902
-1.2258313 7.354988 -2.183512
-1.1492169 7.4316025 -2.1068974
-1.2258313 7.4699097 -1.8770541
-1.3790603 7.508217 -1.685518
-1.6472108 7.393295 -1.3407528
-1.9153614 7.393295 -1.0342951
-2.183512 7.431602 -0.91937345
-2.3367407 7.31668 -0.8810662
-2.375048 7.2400656 -0.9576807
-2.4133554 7.125144 -1.0342952
-2.3750482 7.125144 -1.0342952
-2.4133554 7.2783732 -0.99598795
-2.528277 7.5082164 -0.9576807
-2.528277 7.6614456 -0.91937345
-2.4516625 7.73806 -0.7661446
-2.2601264 7.73806 -0.45968676
-1.9919758 7.776367 -0.076614454
-1.7621324 7.967903 0.22984336
-1.7238252 8.159439 0.34476507
-1.8387468 8.350975 0.19153614
-1.9919758 8.465898 0.0
-2.1452048 8.427589 -0.11492168
-2.1068976 8.236053 -0.11492168
-1.9919758 8.159439 0.15322891
-1.838747 8.121132 0.49799395
-1.7621324 8.159439 0.8044518
-1.7621324 8.389282 1.0342951
-1.8387469 8.580818 1.1875241
-1.8387469 8.695741 1.2258313
-1.8004397 8.772355 1.1875241
-1.685518 8.695741 1.1492169
-1.5705963 8.504205 1.1875241
-1.4173675 8.465898 1.2641385
-1.3024458 8.504205 1.3790601
-1.2258313 8.772355 1.4939818
-1.1875241 9.193735 1.5705963
-1.3024458 9.461885 1.6089035
-1.4556746 9.5385 1.8004397
-1.685518 9.423578 2.2218192
-1.7621324 9.155427 2.681506
-1.7238252 8.887277 3.217807
-1.4939818 8.848969 3.715801
-1.2258313 9.002198 3.9839516
-1.0342951 9.461885 4.098873
-0.9576807 9.883265 4.1371803
-1.0342952 10.151415 3.9839516
-1.0726024 10.266336 3.9839516
-1.1109096 10.113108 4.1371803
-1.1109096 9.998186 4.367024
-1.1109096 9.921572 4.8267107
-1.0726024 9.883265 5.286397
-1.0726024 9.998186 5.7843914
-0.9959879 10.151415 6.359
-0.8044518 10.304645 6.7803793
-0.7661445 10.381259 7.0102224
-0.7661445 10.266336 7.0102224
-0.842759 10.036493 6.933608
-0.9193734 9.80665 6.933608
-0.842759 9.653421 7.2017584
-0.61291564 9.691729 7.5848308
-0.26815057 9.998186 7.967903
0.0 10.419565 8.159439
0.076614454 10.76433 7.929596
-0.07661445 10.802637 7.393295
-0.4213795 10.49618 6.818686
-0.6895301 9.998186 6.435614
-0.7278373 9.691729 6.397307
-0.3830723 9.653421 6.742072
0.22984336 9.921572 7.0485296
0.9959879 10.496181 7.354988
1.9153613 11.070789 7.3932953
2.1068974 11.070789 7.1634517
2.030283 10.726024 6.895301
2.030283 10.304644 6.8186865
2.1068974 10.036493 6.742072
2.2218192 9.921572 6.9719152
2.4899697 9.844957 7.0485296
2.7964275 9.921572 7.0485296
3.064578 9.959879 7.125144
3.371036 9.844957 7.201759
3.6391864 9.768343 7.508217
3.86903 9.653421 7.699753
4.1371803 9.576807 7.776367
4.290409 9.615114 7.546524
4.290409 9.691729 7.201759
4.1754875 9.653421 6.933608
3.9456444 9.500193 6.8186865
3.7158008 9.2703495 6.8186865
3.562572 8.963891 6.8569937
3.6391864 8.810662 6.9719152
3.7541082 8.695741 7.010223
3.9073372 8.695741 7.0868373
3.9456444 8.695741 7.0868373
3.8307228 8.542512 6.9719152
3.6008794 8.389282 6.818686
3.3327286 8.0445175 6.780379
3.2944214 7.73806 6.818686
3.2561142 7.5848308 6.933608
3.371036 7.5848308 7.0868373
3.5242648 7.699753 7.1251445
3.6008797 7.8146744 7.0868373
3.677494 7.8912888 7.0485296
3.677494 7.776367 7.086837
3.6391864 7.584831 7.0485296
3.562572 7.4316025 7.0485296
3.562572 7.2783732 6.9719152
3.6008794 7.201759 6.8569937
3.6391866 7.201759 6.895301
3.7158012 7.201759 6.933608
3.7541084 7.1634517 6.9719152
3.8307228 7.1634517 6.856993
3.8307228 7.1634517 6.7420716
3.86903 7.125144 6.5505357
3.86903 7.125144 6.3589997
3.7541084 7.125144 6.1291566
3.7158012 7.086837 5.861006
3.6008792 7.0485296 5.592855

