-0.3830723 6.7803793 7.3549876
-0.038307227 7.546524 7.776367
0.15322891 8.197746 7.8529816
0.4213795 8.772355 8.0445175
0.9193735 9.461885 8.0445175
1.0342952 9.385271 7.8912888
1.0726024 9.193734 7.6231384
1.1109096 9.11712 7.3932953
1.2641385 8.925584 7.354988
1.5705962 8.848969 7.2400656
1.9536686 8.848969 7.3166804
2.3750482 8.887277 7.3166804
2.719813 8.963891 7.2783732
2.987964 9.040505 7.240066
3.1411927 9.078813 7.086837
3.217807 9.11712 6.8186865
3.2561142 9.078813 6.359
3.217807 8.925584 5.9759274
3.217807 8.695741 5.5928555
3.2944214 8.465897 5.439626
3.3710358 8.350975 5.401319
3.4476502 8.274361 5.439626
3.562572 8.389282 5.439626
3.6391866 8.42759 5.3247046
3.7158012 8.389282 5.1331687
3.7924156 8.427589 4.8267107
3.8307228 8.389282 4.6351743
3.8307228 8.350975 4.4436383
3.7924156 8.350975 4.2137947
3.7541084 8.312668 4.1371803
3.7924156 8.236053 4.290409
3.9073372 8.236053 4.5202527
4.060566 8.274361 4.9416323
4.213795 8.389282 5.1714754
4.3287168 8.542511 5.133168
4.290409 8.619126 4.903325
4.252102 8.580818 4.5202527
4.1371803 8.504204 4.0222588
3.9456444 8.427589 3.6008792
3.8307228 8.350975 3.3327286
3.7158012 8.389282 3.217807
3.7158012 8.389282 3.2561142
3.8307228 8.427589 3.3327289
4.0222588 8.542512 3.562572
4.2904096 8.695741 3.6774936
4.520253 8.848969 3.9073372
4.5968676 8.887277 3.9073372
4.5202527 8.887277 3.6391864
4.3287168 8.734048 3.4859576
4.1371803 8.580819 3.2178068
4.0222588 8.542512 3.1411924
4.060566 8.542512 3.1411924
4.1371803 8.695741 3.2561142
4.213795 8.848969 3.3710358
4.367024 9.002198 3.2944214
4.4436383 9.078813 3.2561142
4.5202527 9.040505 3.1028855
4.6351743 9.040505 2.9496565
4.6351743 9.002198 2.9496565
4.596867 9.002198 2.7964275
4.4819455 8.963891 2.719813
4.290409 8.887277 2.681506
4.098873 8.848969 2.7581203
3.9456444 8.810662 2.9496565
4.0222588 8.925584 3.1028852
4.1754875 9.078813 3.2944214
4.3287163 9.193735 3.3327289
4.4436383 9.2703495 3.3327289
4.3670235 9.232042 3.2561145
4.1754875 9.193735 3.1028852
4.0222588 9.11712 3.1028852
3.86903 9.078813 3.1795
3.715801 9.040505 3.2561145
3.715801 9.078813 3.371036
3.715801 9.11712 3.3327286
3.6391866 9.193735 3.2561142
3.6008794 9.308657 3.1411927
3.5242648 9.232041 2.9879637
3.4859576 9.346964 3.0262709
3.6391866 9.385271 3.064578
3.7924156 9.423578 3.1411924
3.86903 9.615114 3.1795
3.86903 9.576807 3.026271
3.7541084 9.5385 2.9113493
3.6008794 9.5385 2.873042
3.4093432 9.385271 2.9496565
3.217807 9.308656 3.1411924
3.1794999 9.270349 3.4093432
3.1411927 9.232041 3.5242648
3.1794999 9.193734 3.562572
3.217807 9.193734 3.4093432
3.1794999 9.232041 3.1794999
3.064578 9.155427 3.0645783
2.9496565 9.11712 2.9879637
2.9113493 9.11712 3.064578
2.834735 9.040505 3.1794999
2.834735 9.11712 3.0262709
2.834735 9.193734 2.8347347
2.7198133 9.11712 2.6048913
2.4899697 9.078813 2.375048
2.2601266 8.925584 2.413355
1.9153614 8.772355 2.4899697
1.6089036 8.734048 2.5665843
1.3790603 8.6574335 2.7198133
1.2258313 8.6574335 2.7964277
1.1492169 8.6574335 2.719813
1.0726024 8.6574335 2.566584
1.0726024 8.734048 2.183512
0.9959879 8.734048 1.8004396
0.9959879 8.772355 1.6472108
1.0342951 8.848969 1.5322891
1.0342951 8.848969 1.6089035
0.9959879 8.887277 1.6472107
0.9193734 8.887277 1.5322891
0.7661445 8.810662 1.4173675
0.61291564 8.772355 1.1875241
0.5363012 8.734048 1.1492168
0.4213795 8.810662 1.0726024
0.4213795 8.848969 1.1492168
0.49799395 8.887277 1.2641385
0.5363012 8.963891 1.2258313
0.6512228 9.002198 1.340753
0.6512228 9.002198 1.2641385
0.49799395 9.002198 1.1109096
0.38307226 8.963891 1.0342951
0.19153613 8.887277 0.9959879
0.038307227 8.848969 1.0726024
-0.076614454 8.810662 1.1492168
-0.22984335 8.772355 1.2641385
-0.45968673 8.6574335 1.2258313
-0.6512229 8.580819 1.2258313
-0.80445176 8.504205 1.340753
-0.9576807 8.42759 1.2258313
-0.91937345 8.465898 1.2641385
-0.80445176 8.619126 1.1875241
-0.68953013 8.619126 1.0342951
-0.61291564 8.695741 1.0342951
-0.68953013 8.734048 0.842759
-0.88106626 8.6574335 0.7661445
-1.0726023 8.6574335 0.7661445
-1.2641385 8.542511 0.7661445
-1.4556746 8.389282 0.91937345
-1.5705962 8.274361 0.9576807
-1.685518 8.312668 0.9576807
-1.685518 8.389282 0.8810662
-1.5705962 8.465898 0.7278373
-1.4939818 8.42759 0.6512228
-1.3790601 8.42759 0.45968673
-1.3024458 8.42759 0.38307226
-1.2641385 8.465898 0.34476504
-1.2258313 8.580819 0.26815057
-1.2641385 8.542512 0.344765
-1.3024457 8.542512 0.344765
-1.4556746 8.504205 0.49799395
-1.6089035 8.465898 0.61291564
-1.685518 8.465898 0.6895301
-1.7238252 8.389282 0.7278373
-1.5705963 8.350975 0.5746084
-1.3790601 8.312668 0.38307226
-1.2641385 8.274361 0.15322891
-1.2258313 8.312668 -0.114921674
-1.2641385 8.350975 -0.34476504
-1.3790601 8.350975 -0.53630114
-1.4556746 8.312668 -0.61291564
-1.532289 8.197746 -0.53630114
-1.6472107 8.0445175 -0.42137948
-1.7238252 7.929596 -0.1532289
-1.8770542 7.8529816 0.038307227
-1.9919759 7.8146744 0.076614454
-2.1068976 7.8529816 0.11492168
-2.1452048 7.8146744 -0.11492168
-2.0685902 7.776367 -0.38307226
-1.9536686 7.776367 -0.53630114
-1.7621324 7.8146744 -0.6512228
-1.6089035 7.967903 -0.49799395
-1.4939818 8.121132 -0.22984335
-1.4556746 8.312668 -0.076614454
-1.493982 8.312668 0.076614454
-1.5705965 8.236053 0.076614454
-1.685518 8.159439 0.0
-1.7621324 8.0445175 -0.11492168
-1.8004396 8.00621 -0.22984336
-1.7621324 8.0445175 -0.4213795
-1.6472107 8.197746 -0.7661445
-1.532289 8.389282 -0.9193734
-1.3790601 8.580819 -1.1492168
-1.3024457 8.734048 -1.2258313
-1.2258313 8.887277 -1.3024457
-1.1109096 8.963891 -1.3407528
-0.9959879 9.002198 -1.187524
-0.9576807 9.11712 -0.99598783
-1.0726024 9.11712 -0.5363012
-1.3407528 9.002198 -0.11492168
-1.7238252 8.925584 0.0
-2.030283 8.734048 0.0
-2.221819 8.427589 -0.076614454
-2.2984335 8.236053 -0.19153613
-2.183512 8.082825 -0.11492168
-2.030283 8.121132 -0.076614454
-1.8004396 8.389282 -0.15322891
-1.4939818 8.734048 -0.22984335
-1.3024457 9.078814 -0.38307226
-1.1875241 9.232042 -0.34476504
-1.2258313 9.193735 -0.22984336
-1.4173675 9.002198 0.11492168
-1.685518 8.772355 0.6895301
-1.9536686 8.580819 1.1109096
-2.2601264 8.465898 1.532289
-2.528277 8.465898 1.5705965
-2.719813 8.389283 1.3790603
-2.834735 8.350975 1.2258313
-2.7581203 8.274361 1.0342951
-2.6048915 8.197746 1.0726024
-2.4516625 8.197746 1.0726024
-2.2984335 8.236053 1.0342952
-2.2601264 8.236053 0.9959879
-2.3367407 8.236053 0.842759
-2.4516625 8.236053 0.91937345
-2.6048915 8.082825 1.2258313
-2.7581205 7.929596 1.7621324
-2.9113493 7.73806 2.4133554
-3.1028855 7.5465236 2.6815057
-3.2944217 7.5082164 2.6815057
-3.4476504 7.6614456 2.2601264
-3.4859576 7.8529816 1.685518
-3.3327289 8.121132 1.532289
-3.1411927 8.389282 1.4556746
-2.9113493 8.542511 1.7238252
-2.719813 8.580819 2.1068976
-2.6048915 8.619126 2.528277
-2.5665843 8.6574335 3.064578
-2.5665843 8.6574335 3.3327289
-2.681506 8.772355 3.4093432
-2.9113495 8.887277 3.217807
-3.0645783 8.848969 2.9113493
-3.1794999 8.810662 2.9113493
-3.1411927 8.734048 3.2944217
-2.9879637 8.695741 3.7924156
-2.834735 8.810662 4.213795
-2.6431987 9.078813 4.405331
-2.4899697 9.423577 4.2137947
-2.336741 9.653421 3.7924151
-2.183512 9.844957 3.4476502
-2.1452048 9.921572 3.2944214
-2.2218192 9.730036 3.2561142
-2.3750482 9.461885 3.5625722
-2.6048915 9.11712 3.9839518
-2.719813 8.848969 4.4053316
-2.6431987 8.810662 4.8267107
-2.4516625 9.078813 4.9416323
-2.1452048 9.423578 4.903325
-1.9153614 9.653421 4.9416323
-1.685518 9.844957 5.2097826
-1.4556746 9.883265 5.554548
-1.3024457 9.959879 5.899313
-1.187524 10.0748005 6.0525417
-1.1109096 10.304644 5.8226986
-1.1492169 10.572794 5.66947
-1.1875241 10.649409 5.516241
-1.2258313 10.6877165 5.401319
-1.3407528 10.611102 5.5545483
-1.4556746 10.381259 5.66947
-1.5705965 10.113108 5.861006
-1.7238252 9.80665 6.0525417
-1.7621324 9.461885 6.244078
-1.685518 9.2703495 6.397307
-1.532289 9.346964 6.397307
-1.3024458 9.576807 6.282385
-1.1875241 9.730036 6.090849
-1.2258313 9.691729 5.7843914
-1.4173675 9.615114 5.5928555
-1.7238252 9.308657 5.401319
-2.0685902 9.078814 5.363012
-2.336741 8.848969 5.554548
-2.3750482 8.542511 5.9759274
-2.1452048 8.542511 6.473922
-1.685518 8.695741 6.8186865
-1.0726023 9.040506 7.0485296
-0.5746084 9.500193 6.8953004
-0.34476504 9.768343 6.7037644
-0.34476504 9.80665 6.588843
-0.6512228 9.576807 6.6654572
-1.0342951 9.078813 7.0102224
-1.2641385 8.542512 7.5082164
-1.340753 8.236053 7.8529816
-1.1492168 8.159439 8.00621
-0.80445176 8.350975 8.159439
-0.45968673 8.69574 8.197746
-0.22984335 8.925584 8.350976
-0.22984335 8.887277 8.389283
-0.34476504 8.69574 8.350975
-0.49799395 8.389282 8.312668
-0.49799395 8.121132 8.236053
-0.30645782 8.159439 8.197746
-0.15322891 8.197746 8.0445175
-0.038307227 8.236053 8.00621
-0.11492168 8.159439 8.00621
-0.22984336 7.929596 8.082825
-0.34476504 7.8146744 8.159439
-0.34476504 7.699753 8.121132
-0.2681506 7.699753 7.929596
-0.22984336 7.73806 7.6614456
-0.15322891 7.699753 7.546524
-0.19153613 7.6614456 7.393295
-0.26815057 7.546524 7.393295
-0.38307226 7.431602 7.431602
-0.49799395 7.3549876 7.393295
-0.61291564 7.3166804 7.4699097
-0.68953 7.2783732 7.4699097
-0.7278373 7.2783732 7.4316025
-0.842759 7.125144 7.3932953
-0.9193734 7.0102224 7.201759
-1.0342952 6.8569937 7.1251445
-1.1109096 6.703765 7.1634517
-1.0342951 6.742072 7.2783732
-0.91937345 6.703765 7.431602
-0.7278373 6.8186865 7.469909
-0.57460845 6.9719152 7.393295
-0.45968676 7.0102224 7.3166804
-0.4213795 7.0485296 7.240066
-0.4213795 6.9719152 7.201759
-0.38307226 6.895301 7.1251445
-0.30645782 6.895301 7.0868373
-0.11492168 6.933608 7.0485296
0.22984336 7.0485296 7.0485296
0.6895301 7.2017584 7.201759
1.1109096 7.431602 7.240066
1.4173675 7.6614456 7.3166804
1.4939818 7.73806 7.240066
1.2641385 7.6614456 7.163451
0.91937345 7.4316025 7.086837
0.5363012 7.125144 6.895301
0.22984336 6.933608 6.895301
0.038307227 6.8186865 6.9719152
0.0 6.8186865 7.010223
0.038307227 6.8569937 7.1634517
0.076614454 6.9719152 7.201759
0.15322891 7.163451 7.086837
0.15322891 7.3166804 6.9719152
0.15322891 7.431602 6.933608

