0.19153613 7.5082164 6.933608
0.19153613 7.546524 6.9719152
0.22984336 7.4316025 7.125144
0.0 7.04853 7.2783732
0.22984336 7.2783732 7.393295
0.45968673 7.6231384 7.393295
0.842759 8.0445175 7.584831
1.1492169 8.236053 7.4699097
1.1109096 8.159439 7.316681
1.0342951 8.00621 7.086837
1.0342951 7.8912888 6.895301
1.0342951 7.8529816 6.8569937
1.0342951 7.8912888 6.742072
1.0726024 7.929596 6.6271505
1.1109096 8.0445175 6.703765
1.1875241 8.159439 6.8186865
1.2641386 8.236053 7.0102224
1.3790601 8.197746 7.278373
1.4556746 8.082825 7.3549876
1.4939818 8.0445175 7.431602
1.532289 7.929596 7.431602
1.532289 7.967903 7.2783732
1.532289 8.0445175 7.201759
1.532289 7.929596 7.086837
1.532289 7.929596 7.0102224
1.5705963 7.8912888 7.086837
1.6089035 7.8146744 7.201759
1.7238252 7.8529816 7.2783732
1.8387469 7.8912888 7.2783732
1.9153614 7.967903 7.1634517
1.9919758 8.0445175 6.8953013
1.9919758 8.159439 6.703765
1.9919758 8.197746 6.5122285
2.030283 8.236053 6.4739213
2.1068974 8.350975 6.4739213
2.183512 8.465898 6.435614
2.2984338 8.619126 6.3206925
2.3750482 8.695741 6.244078
2.3750482 8.6574335 6.0525417
2.336741 8.6574335 5.7843914
2.2601264 8.6574335 5.66947
2.2601264 8.695741 5.4396267
2.2601264 8.887277 5.363012
2.3750482 9.002198 5.401319
2.4516625 9.040505 5.554548
2.4516625 9.040505 5.746084
2.4133554 8.925584 5.8226986
2.2984338 8.772355 5.8226986
2.183512 8.734048 5.5545483
2.1068976 8.695741 5.24809
2.1452048 8.772355 4.9799395
2.2218192 8.963891 4.711789
2.3750482 9.117121 4.4819455
2.4899697 9.232042 4.252102
2.5665843 9.2703495 4.098873
2.6431987 9.308657 4.0222588
2.719813 9.346964 4.0222588
2.7964277 9.423578 4.0222588
2.873042 9.576807 3.9456444
2.9879637 9.615114 3.7924156
3.064578 9.730036 3.524265
3.1794999 9.80665 3.1794999
3.2944214 9.844957 2.987964
3.3710358 9.921572 2.873042
3.4093432 9.921572 2.9879637
3.4476504 9.959879 3.2561145
3.5242648 10.036493 3.371036
3.4859576 10.036493 3.562572
3.4476502 10.0748005 3.5242648
3.3327286 10.036493 3.4859576
3.0262709 9.921572 3.4093432
2.7581203 9.844957 3.1794996
2.4899697 9.691729 3.0262709
2.2601264 9.615114 2.7964277
2.2984335 9.576807 2.7581205
2.4516625 9.615114 2.7964277
2.7964277 9.80665 2.834735
3.1411924 9.959879 2.9496565
3.2944217 9.998186 2.9496565
3.2561145 9.998186 3.0645783
2.9113493 9.80665 3.1028855
2.4516625 9.615114 3.1028855
1.9919758 9.500193 3.217807
1.6089034 9.385271 3.217807
1.37906 9.385271 3.2561142
1.3024457 9.385271 3.2561142
1.37906 9.423578 3.1411927
1.6089034 9.500193 3.0262709
1.8387468 9.5385 3.064578
1.9919758 9.615114 2.9496565
2.030283 9.653421 2.873042
1.9153614 9.615114 2.7581205
1.7621325 9.461885 2.5665843
1.6472107 9.346964 2.6048915
1.5322891 9.193734 2.681506
1.3790601 9.078813 2.7964277
1.2258313 9.040505 2.9496565
1.0342951 8.925584 3.0262709
0.9193735 8.925584 3.0262709
0.9193735 9.002198 2.9879637
0.9193735 9.078813 2.834735
0.9576807 9.232042 2.681506
0.9193735 9.2703495 2.5282772
0.88106626 9.155427 2.3750482
0.88106626 9.040505 2.2218192
0.91937345 9.040505 2.183512
1.0342952 9.078813 2.2218192
1.1492169 9.2703495 2.2601264
1.1875241 9.461885 2.183512
1.1875241 9.423578 1.9919758
1.1492168 9.385271 1.838747
1.0726024 9.2703495 1.685518
1.0726024 9.193734 1.7238252
1.0342951 9.11712 1.7238252
0.8810662 9.078813 1.6472108
0.68953013 8.963891 1.6472108
0.49799395 8.887277 1.5705963
0.4213795 8.963891 1.6089035
0.53630114 9.040505 1.5705963
0.6512228 9.193735 1.4556745
0.7661445 9.308657 1.2258312
0.7661445 9.346964 0.9193734
0.72783726 9.385271 0.6512228
0.6512228 9.385271 0.42137948
0.5746084 9.385271 0.344765
0.49799395 9.2703495 0.38307226
0.30645782 9.078814 0.4596867
0.15322891 8.84897 0.6512229
-0.076614454 8.6574335 0.8044518
-0.30645782 8.504204 0.842759
-0.5746084 8.312668 0.8044518
-0.8044518 8.236053 0.5746084
-0.99598795 8.082825 0.34476504
-1.1109097 8.082825 0.22984335
-1.1109097 8.236053 0.19153613
-1.0726024 8.274361 0.15322891
-0.99598795 8.389282 0.22984336
-0.99598795 8.42759 0.22984336
-0.99598795 8.42759 0.19153613
-1.0342952 8.504205 0.26815057
-1.0726024 8.580819 0.22984335
-1.1109096 8.580819 0.22984335
-1.187524 8.504204 0.2681506
-1.3024457 8.465897 0.2681506
-1.4173673 8.312668 0.30645782
-1.532289 8.274361 0.344765
-1.6089035 8.350975 0.4596867
-1.6089035 8.274361 0.4596867
-1.532289 8.350975 0.4596867
-1.3790603 8.465898 0.344765
-1.1875241 8.504205 0.19153613
-1.0342951 8.6574335 0.038307227
-0.9576807 8.6574335 -0.11492168
-0.91937345 8.580819 -0.22984336
-0.99598795 8.504205 -0.30645782
-1.1109096 8.389283 -0.22984336
-1.1875241 8.42759 -0.11492168
-1.2641385 8.389282 0.0
-1.2641385 8.389282 0.0
-1.1875241 8.427589 -0.15322891
-1.1109096 8.350975 -0.38307226
-1.0342952 8.42759 -0.6895301
-0.9959879 8.465898 -0.91937345
-0.9576807 8.504205 -0.99598795
-0.91937345 8.619126 -1.1109097
-0.80445176 8.695741 -1.1109097
-0.6512228 8.772355 -1.1492169
-0.53630114 8.734048 -1.2641385
-0.45968673 8.6574335 -1.340753
-0.45968673 8.542512 -1.4173673
-0.49799398 8.42759 -1.4556746
-0.5746084 8.389283 -1.4939818
-0.6512228 8.389283 -1.4556746
-0.7661445 8.350975 -1.3790601
-0.8810662 8.312668 -1.340753
-0.91937345 8.236053 -1.2258313
-0.9959879 8.121132 -1.1109096
-1.0342952 8.082825 -1.1492168
-0.9959879 8.00621 -1.1492168
-0.9959879 8.082825 -1.2258313
-0.9576807 8.159439 -1.3024457
-0.88106626 8.159439 -1.3024457
-0.80445176 8.274361 -1.3407528
-0.6512229 8.312668 -1.3024457
-0.49799395 8.389282 -1.3024457
-0.38307226 8.580819 -1.1109096
-0.26815057 8.6574335 -0.88106626
-0.30645782 8.734048 -0.68953013
-0.2681506 8.695741 -0.45968676
-0.2681506 8.542511 -0.45968676
-0.30645782 8.465897 -0.49799395
-0.30645782 8.427589 -0.38307226
-0.34476507 8.504204 -0.34476504
-0.34476507 8.580819 -0.22984335
-0.34476507 8.6574335 -0.076614454
-0.34476507 8.6574335 -0.15322891
-0.4213795 8.6574335 -0.19153613
-0.53630114 8.695741 -0.15322891
-0.6512228 8.734048 -0.22984336
-0.7278373 8.772355 -0.19153613
-0.7661445 8.772355 -0.15322891
-0.80445176 8.810662 -0.15322891
-0.84275895 8.734048 -0.15322891
-0.8810662 8.772355 -0.15322891
-0.9959879 8.772355 -0.15322891
-0.9959879 8.734048 -0.22984335
-0.9959879 8.695741 -0.15322891
-0.9959879 8.619126 0.038307227
-0.91937345 8.6574335 0.15322891
-0.9576807 8.734048 0.19153613
-1.0342952 8.848969 0.11492168
-1.1492169 8.925584 -0.114921674
-1.3024458 8.887277 -0.26815057
-1.4173673 8.734048 -0.22984336
-1.4173673 8.695741 -0.076614454
-1.340753 8.734048 0.22984336
-1.1109096 8.963892 0.5363012
-0.7661445 9.346964 0.6895301
-0.4213795 9.653421 0.6512229
-0.076614454 9.998186 0.38307226
0.19153613 10.189723 0.15322891
0.34476504 10.189723 0.076614454
0.2681506 10.189723 0.11492168
0.038307227 9.959879 0.38307226
-0.4213795 9.615114 0.61291564
-1.0342952 9.423578 0.6512229
-1.5705962 9.11712 0.6512229
-1.9919757 8.925584 0.4596867
-2.1068974 8.810662 0.30645782
-1.9536686 8.619126 0.38307226
-1.6472108 8.734048 0.61291564
-1.2641385 8.848969 0.95768064
-1.0342951 9.040506 1.2641385
-0.99598795 9.346964 1.3790601
-1.1492168 9.500193 1.2641385
-1.532289 9.5385 0.91937345
-2.030283 9.423578 0.57460845
-2.528277 9.040505 0.42137948
-2.9113493 8.542512 0.5363012
-3.0262709 8.121132 0.99598795
-2.8730419 7.929596 1.6089036
-2.566584 8.121132 2.0685904
-2.183512 8.504205 2.336741
-1.8004396 8.963892 2.2984338
-1.532289 9.385271 2.183512
-1.3024458 9.615114 2.1068976
-1.1492169 9.691729 2.1068976
-1.1109097 9.615114 2.2218192
-1.0726024 9.38527 2.4516625
-1.0342951 9.155427 2.7581203
-0.9959879 9.155427 2.9113493
-0.9576807 9.308657 2.9113493
-0.8810662 9.576807 2.681506
-0.80445176 9.844957 2.2984335
-0.6895301 9.883265 2.1452045
-0.6512228 9.768343 2.0685902
-0.6895301 9.500193 2.1452045
-0.7661445 9.117121 2.4899697
-0.842759 8.848969 2.7581205
-0.7278373 8.810662 3.2178073
-0.49799395 9.078814 3.6008794
-0.19153613 9.615114 3.6774938
0.114921674 10.0748005 3.715801
0.30645782 10.457872 3.562572
0.34476504 10.534487 3.217807
0.19153613 10.266336 2.9879637
-0.15322891 9.844957 2.7964277
-0.45968673 9.308657 2.681506
-0.6895301 9.040505 2.7964275
-0.6895301 9.002198 3.0262709
-0.38307226 9.232041 3.4859576
-0.03830722 9.691729 4.0222588
0.30645782 10.036494 4.5202527
0.4213795 10.342952 4.7884035
0.2681506 10.419566 4.865018
-0.07661444 10.113108 4.8267107
-0.49799395 9.65342 4.711789
-0.842759 9.232041 4.865018
-0.9959879 8.887277 4.903325
-0.8810662 8.887277 5.0182467
-0.5746084 9.117121 5.2863975
-0.15322891 9.461885 5.6311626
0.19153613 9.844957 5.9759274
0.34476504 10.0748005 6.397307
0.30645782 10.113108 6.703765
0.11492168 9.921572 6.7803793
-0.15322891 9.5385 6.6271505
-0.38307226 9.232042 6.3973074
-0.4596867 9.002198 6.244078
-0.34476507 8.925584 6.244078
-0.11492168 9.078813 6.62715
0.19153614 9.346964 7.086837
0.4213795 9.5385 7.431602
0.49799395 9.615114 7.431602
0.49799395 9.576807 7.201759
0.30645782 9.2703495 6.742072
0.11492168 9.040505 6.2823853
-0.038307227 8.772355 6.167464
-0.076614454 8.580819 6.1291566
0.0 8.542512 6.244078
0.19153613 8.542512 6.550536
0.42137948 8.6574335 6.8186865
0.68953013 8.925584 7.163451
0.8810662 9.078813 7.4699097
0.91937345 9.193734 7.508217
0.80445176 9.193734 7.3932953
0.53630114 8.963891 7.3166804
0.30645782 8.772355 7.3166804
0.15322891 8.619126 7.431602
0.19153613 8.580819 7.584831
0.22984335 8.619126 7.546524
0.3064578 8.695741 7.316681
0.26815057 8.695741 7.163452
0.076614454 8.6574335 7.0485296
-0.15322891 8.465897 7.0102224
-0.38307226 8.197746 7.163451
-0.49799395 8.00621 7.2783732
-0.4213795 7.8146744 7.3166804
-0.15322891 7.929596 7.393295
0.15322891 8.159439 7.584831
0.49799395 8.427589 7.6614456
0.6512229 8.580819 7.73806
0.5746084 8.542511 7.6614456
0.30645782 8.350975 7.393295
-0.11492168 7.929596 7.2017584
-0.45968673 7.584831 7.086837
-0.61291564 7.240066 7.2017584
-0.53630114 7.1634517 7.278373
-0.26815057 7.3166804 7.3166804
0.0 7.5465236 7.3166804
0.26815057 7.8529816 7.240066
0.4213795 7.929596 7.0868373
0.30645782 7.699753 6.8569937
0.038307235 6.9719152 6.435614
0.49799398 6.3973074 6.435614
1.6472108 7.0102224 7.0485296
2.9496565 8.197746 7.584831
4.0222588 9.768343 7.8529816
4.0222588 10.419565 7.8146744
3.217807 9.615114 7.278373
2.2218192 8.542512 6.780379
1.4556746 7.546524 6.7037644
0.8810662 7.125144 6.588843
0.30645782 7.0102224 6.435614
-0.22984338 6.7420716 6.435614
-0.68953013 6.435614 6.588843
-1.1492168 6.282385 6.7420716
-1.4939818 6.1674633 6.933608
-1.6472108 6.1674633 7.1251445
-1.6472108 6.2440777 7.240066
-1.5705962 6.397307 7.201759
-1.3790603 6.6654577 7.163451
-1.1109096 6.9336085 7.0485296
-0.842759 7.2783732 6.9719152
-0.49799398 7.546524 7.0102224
-0.22984336 7.699753 7.086837
-0.038307227 7.776367 7.201759
0.076614454 7.73806 7.240066
0.076614454 7.6614456 7.1634517
0.038307227 7.508217 7.086837
-0.038307227 7.354988 6.9719152
-0.11492168 7.163451 6.895301
-0.19153613 7.0102224 6.8569937
-0.2681506 6.9719152 6.7803793
-0.30645782 6.9719152 6.8186865
-0.30645782 7.0485296 6.8569937
-0.22984336 7.125144 6.895301
-0.038307227 7.2017584 6.933608
0.076614454 7.3166804 6.895301
0.22984335 7.4316025 6.895301
0.3064578 7.584831 6.933608
0.34476504 7.6614456 6.9719152

