0.4213795 7.584831 7.0485296
0.3830723 7.546524 6.9719152
-0.30645782 7.2783732 7.125144
-0.22984338 7.393295 7.086837
-0.19153616 7.3549876 7.163451
-0.07661447 7.508217 7.0485296
0.6512228 7.6231384 6.933608
0.7278373 7.73806 6.895301
0.9576807 7.8912888 6.895301
1.1875241 8.082825 6.895301
1.4173675 8.350975 6.9719152
1.6089036 8.69574 6.9336076
1.7621324 9.040506 6.818686
1.8004397 9.232042 6.7420716
1.7238252 9.2703495 6.7037644
1.5705962 9.078813 6.8186865
1.4173675 8.925584 7.0102224
1.3024457 8.925584 7.086837
1.37906 8.887277 7.2017584
1.5705962 8.963891 7.3549876
1.8387469 9.078813 7.3166804
2.1068976 9.078813 7.1634517
2.2984338 9.232041 6.933608
2.4133554 9.308657 6.588843
2.3750482 9.308657 6.3589997
2.2984335 9.308657 6.282385
2.1068974 9.155428 6.1674633
1.8770541 9.002198 6.090849
1.6855179 8.887277 6.090849
1.6089035 8.772355 6.090849
1.6855179 8.772355 6.129156
1.8387468 8.887277 6.090849
2.030283 9.002198 5.861006
2.2218192 9.11712 5.5162406
2.336741 9.232041 5.094861
2.4516625 9.2703495 4.750096
2.4899697 9.232042 4.405331
2.4516625 9.155428 4.252102
2.3750482 9.002199 4.060566
2.2218192 8.848969 3.9073372
2.030283 8.734048 3.8307228
1.9536686 8.734048 3.7541084
1.9536686 8.734048 3.9073372
2.030283 8.695741 4.0222588
2.1452045 8.810662 4.252102
2.183512 8.772355 4.367024
2.183512 8.810662 4.367024
2.1068976 8.925584 4.2904096
2.0685902 8.963891 4.2521024
2.0685902 9.078813 4.2904096
2.1452045 9.270349 4.3287168
2.2601264 9.385271 4.367024
2.336741 9.461885 4.3287168
2.3750482 9.576807 4.1371803
2.2984338 9.500193 4.060566
2.2601264 9.500193 3.9839516
2.2984335 9.500193 3.8307228
2.2984335 9.461885 3.86903
2.3750482 9.500193 3.8307228
2.3750482 9.5385 3.8307228
2.3750482 9.576807 3.7924156
2.4899697 9.576807 3.8307228
2.566584 9.653421 3.7924156
2.681506 9.691729 3.86903
2.719813 9.691729 3.9839516
2.5665843 9.768343 3.9456444
2.4516625 9.730036 3.9456444
2.3367407 9.730036 3.9456444
2.2218192 9.768343 3.86903
2.1835117 9.768343 3.8307228
2.1068974 9.730036 3.7924154
2.0685902 9.691729 3.6774938
2.0685902 9.653421 3.7541084
2.0685902 9.653421 3.86903
1.9919758 9.653421 3.9456444
1.9153614 9.653421 4.0222588
1.8004397 9.615114 3.9839516
1.685518 9.5385 3.86903
1.5322891 9.461885 3.8307228
1.2641385 9.346963 3.7541084
0.99598783 9.232041 3.7924156
0.84275895 9.078813 3.8307228
0.80445176 9.11712 3.8307228
0.9576807 9.193735 3.8307228
1.1492168 9.308657 3.677494
1.2641385 9.461885 3.4476504
1.340753 9.461885 3.1411927
1.2258313 9.385271 2.7964275
1.0342951 9.2703495 2.566584
0.7661446 9.11712 2.566584
0.5746084 9.002198 2.6431985
0.49799395 9.002198 2.8347347
0.57460845 9.040505 3.0262709
0.7278373 9.155427 3.217807
0.842759 9.308657 3.4093432
0.8810662 9.346964 3.5242648
0.8810662 9.461885 3.371036
0.8810662 9.5385 3.1795
0.8810662 9.576807 2.9496565
0.8810662 9.615114 2.7581205
0.80445176 9.576807 2.719813
0.6895301 9.500193 2.6048915
0.57460845 9.385271 2.528277
0.49799398 9.232041 2.4133554
0.45968673 9.040505 2.4133554
0.4213795 8.963891 2.3750482
0.4213795 8.925584 2.2984335
0.4213795 8.887277 2.1452048
0.4213795 8.963891 1.9919758
0.4213795 8.963891 1.8770542
0.38307226 8.887277 1.7621324
0.344765 8.887277 1.7621324
0.30645782 8.887277 1.7238252
0.30645782 8.925584 1.6472108
0.34476507 8.963891 1.532289
0.3830723 9.078813 1.3790601
0.3830723 9.040505 1.2258313
0.45968673 9.040505 1.2258313
0.4213795 9.078813 1.3407528
0.2681506 9.040505 1.4173673
0.15322891 9.002198 1.4556746
-0.038307227 8.887277 1.4556746
-0.19153613 8.772355 1.3790601
-0.34476504 8.695741 1.4173673
-0.49799395 8.6574335 1.4173673
-0.7278373 8.6574335 1.1875241
-0.95768064 8.580819 1.0342951
-1.0726023 8.504205 0.84275895
-1.1875241 8.427589 0.80445176
-1.2258313 8.274361 0.8810662
-1.2641385 8.236053 0.95768064
-1.340753 8.121132 0.9959879
-1.4556746 8.0445175 0.9576807
-1.6089035 8.0445175 1.0342952
-1.7621324 8.0445175 1.1109096
-1.8387469 8.121132 1.1875241
-1.8770542 8.159439 1.3024457
-1.8387469 8.159439 1.2641385
-1.7238252 8.159439 1.2258313
-1.5705962 8.236053 1.2641385
-1.3790603 8.465897 1.2258313
-1.1875241 8.6574335 1.1875241
-1.0726023 8.772355 1.1109096
-1.1492168 8.695741 0.99598795
-1.3024458 8.504204 0.91937345
-1.4939818 8.389282 0.842759
-1.6472107 8.274361 0.842759
-1.7238252 8.274361 0.8810662
-1.8004397 8.274361 0.9193735
-1.838747 8.236053 0.9959879
-1.838747 8.274361 1.1109096
-1.8004398 8.274361 1.1492169
-1.7238252 8.274361 1.2258313
-1.685518 8.236053 1.3024457
-1.6472108 8.312668 1.1109095
-1.6472108 8.389282 0.9576806
-1.6472108 8.389282 0.7278373
-1.6472108 8.465897 0.49799395
-1.6089036 8.465897 0.53630114
-1.5322891 8.427589 0.4596867
-1.3790603 8.504205 0.49799395
-1.2258313 8.619126 0.6129156
-1.1492169 8.6574335 0.5363012
-1.1109097 8.772355 0.61291564
-1.1109097 8.810662 0.53630114
-1.1492169 8.772355 0.45968673
-1.2258313 8.6574335 0.45968673
-1.2641386 8.504204 0.38307226
-1.3790601 8.504204 0.4213795
-1.340753 8.465897 0.38307226
-1.2258313 8.619126 0.4213795
-1.0726023 8.734048 0.45968673
-0.8810662 8.772355 0.49799395
-0.842759 8.848969 0.49799395
-0.88106626 8.772355 0.4213795
-1.0342952 8.619126 0.45968673
-1.2641386 8.504205 0.53630114
-1.3790601 8.465898 0.6512228
-1.4173673 8.504205 0.7661445
-1.4173673 8.6574335 0.7278373
-1.3024457 8.772355 0.6512228
-1.2258313 8.734048 0.5746084
-1.1875241 8.695741 0.61291564
-1.0726024 8.695741 0.7278373
-0.9959879 8.6574335 0.88106626
-1.0342952 8.6574335 1.0342952
-1.1875241 8.695741 1.1109096
-1.4173675 8.6574335 1.1109096
-1.7238252 8.580819 1.1109096
-1.9536686 8.504204 0.9576807
-2.030283 8.389282 0.842759
-2.030283 8.197746 0.80445176
-1.9153614 8.159439 0.6895301
-1.8004397 8.197746 0.8810662
-1.685518 8.274361 1.0342951
-1.6089035 8.542511 1.2641385
-1.5705963 8.695741 1.6089036
-1.4939818 8.810662 1.7621324
-1.4939818 8.887277 1.8770542
-1.4939818 8.848969 1.8004397
-1.5705963 8.810662 1.4939818
-1.7238252 8.695741 1.2258313
-1.8770541 8.6574335 0.842759
-2.0685902 8.6574335 0.6512228
-2.1068974 8.695741 0.61291564
-2.0685902 8.848969 0.68953013
-1.8770542 8.848969 0.9959879
-1.6089036 8.925584 1.4173675
-1.3790603 9.040505 1.8387468
-1.2641385 9.11712 2.0685902
-1.3024457 9.346964 2.183512
-1.4556746 9.385271 1.9153614
-1.7238252 9.308657 1.532289
-1.9536686 9.155427 1.2258313
-2.183512 8.810662 1.0342951
-2.336741 8.504204 1.1492169
-2.4516625 8.236053 1.3790601
-2.4899697 8.159439 1.8004398
-2.4899697 8.236053 2.183512
-2.4516625 8.465897 2.4899697
-2.3750482 8.6574335 2.6431987
-2.2984335 8.848969 2.4516625
-2.2601264 8.887277 2.1068974
-2.2218192 8.772355 1.7238252
-2.183512 8.734048 1.5705963
-2.2218192 8.542512 1.9153614
-2.2984335 8.465898 2.4516623
-2.4133554 8.542512 3.0262709
-2.5282772 8.619126 3.3327289
-2.5665843 8.772355 3.2178073
-2.528277 8.963891 2.834735
-2.4133554 9.078813 2.4133554
-2.2218192 9.193734 2.2218192
-1.9919758 9.270349 2.1452045
-1.8004396 9.308657 2.2984335
-1.685518 9.346964 2.566584
-1.685518 9.346964 2.873042
-1.838747 9.232042 3.2561142
-2.030283 9.117121 3.5242648
-2.2218192 9.002198 3.562572
-2.3750482 8.925584 3.3327289
-2.4133554 8.887277 3.0262709
-2.336741 8.887277 2.7581203
-2.183512 8.925584 2.6431987
-1.9919758 8.963891 2.7198133
-1.9536686 9.040505 2.873042
-1.9919758 9.078813 2.9496565
-2.1452045 8.963891 2.9496565
-2.3750482 8.772355 3.026271
-2.4899697 8.580818 3.0645783
-2.528277 8.389282 3.217807
-2.4516625 8.274361 3.562572
-2.3750482 8.236053 3.9073372
-2.2218192 8.350975 4.1754875
-2.1068974 8.504204 4.405331
-2.0685902 8.69574 4.3287168
-1.9919758 8.887277 3.9839516
-2.0685902 8.887277 3.6391864
-2.2984335 8.772355 3.2561142
-2.6048913 8.542512 3.1028852
-2.911349 8.159439 3.4476502
-3.1028852 7.967903 3.9839516
-3.1028852 8.00621 4.5585604
-2.9496565 8.236053 4.9799395
-2.719813 8.619125 5.056554
-2.4516625 8.848969 4.9799395
-2.2984335 8.925584 4.8267107
-2.3367407 8.810662 4.6734815
-2.566584 8.542511 4.4819455
-3.0262709 8.121132 4.4053307
-3.371036 7.699753 4.55856
-3.6008794 7.4316025 4.903325
-3.6008794 7.3932953 5.363012
-3.217807 7.776367 5.861006
-2.6048915 8.274361 6.3206925
-1.8387469 9.002197 6.7803793
-1.1492168 9.730036 6.9719152
-0.8810662 10.113108 6.8569937
-1.1109096 10.151415 6.4739213
-1.685518 9.768343 6.0142345
-2.3367407 9.155427 5.93762
-2.7581203 8.695741 6.0908494
-2.7581203 8.619125 6.6271505
-2.2984335 8.887276 7.2783732
-1.6089035 9.5385 7.699753
-0.842759 10.304644 8.00621
-0.2681506 10.994175 7.929596
-0.15322891 11.300632 7.546524
-0.3830723 11.147403 7.2400656
-0.8044517 10.649409 7.0485296
-1.187524 10.0748005 7.163451
-1.3024457 9.730036 7.5465236
-1.1492168 9.615114 8.121132
-0.842759 9.730036 8.695741
-0.5363012 9.921572 9.040505
-0.30645782 10.036493 9.040505
-0.26815057 10.036493 8.734048
-0.42137948 9.844957 8.274361
-0.80445176 9.346964 7.8529816
-1.3024457 8.695741 7.73806
-1.7621324 8.00621 7.73806
-2.0685902 7.431602 8.0445175
-2.1068976 7.125144 8.427589
-1.9153614 7.086837 8.8489685
-1.5705963 7.3549876 9.193735
-1.1492168 7.776367 9.232042
-0.80445176 8.082825 9.155428
-0.6895301 8.274361 8.810662
-0.80445176 8.082825 8.389282
-1.1492168 7.661445 7.929596
-1.532289 7.2400656 7.6614456
-1.7621324 6.818686 7.6231384
-1.8387469 6.6654572 7.73806
-1.7621324 6.7037644 7.8912888
-1.4939818 6.818686 7.8146744
-1.2641385 7.0485296 7.699753
-0.9959879 7.2783732 7.584831
-0.7661446 7.3932953 7.508217
-0.8044518 7.4316025 7.546524
-0.9576807 7.316681 7.508217
-1.2641385 7.0102224 7.431602
-1.5705963 6.6654577 7.431602
-1.8004397 6.3973064 7.4699097
-1.8770542 6.2440777 7.508217
-1.8770542 6.2440777 7.546524
-1.8004397 6.3206925 7.584831
-1.685518 6.435614 7.4699097
-1.6089035 6.4739213 7.3932953
-1.4939818 6.435614 7.3932953
-1.3790601 6.397307 7.3166804
-0.9959879 6.244078 7.393295
-0.22984338 6.2823853 7.5082164
0.8044517 6.780379 7.8529816
1.9153613 7.5848308 8.389283
2.6815057 8.580819 8.810662
2.719813 9.232041 8.925584
2.1452048 9.040505 8.580819
1.0342951 8.274361 7.929596
-0.26815063 7.2017584 7.2400656
-1.3790603 6.2823853 6.7420716
-2.2601264 5.7843914 6.4739213
-2.873042 5.554548 6.397307
-3.2561142 5.401319 6.5122285
-3.4093432 5.363012 6.8569937
-3.4093432 5.439626 7.0485296
-3.2178073 5.6694694 7.163451
-2.9113493 6.0525417 7.240066
-2.528277 6.473921 7.1634517
-2.1452045 6.8186865 7.201759
-1.8387469 7.0102224 7.354988
-1.532289 7.125144 7.508217
-1.3407528 7.125144 7.584831
-1.2641385 7.125144 7.6614456
-1.1875241 7.125144 7.73806
-1.2641385 7.125144 7.73806
-1.4556746 7.086837 7.8146744
-1.6472108 6.8569937 7.8529816
-1.8770541 6.6271505 7.776367
-2.0685902 6.473922 7.73806
-2.221819 6.3206925 7.6231384
-2.336741 6.2440777 7.3932953
-2.4133554 6.282385 7.240066
-2.3750482 6.2440777 7.0485296

