-2.2601264 6.320692 6.933608
-1.5705963 6.4739213 6.8569937
-0.45968676 7.0485296 6.9719152
0.61291564 7.508217 7.0102224
1.3407528 7.929596 7.163451
2.0685902 8.312668 7.163451
1.9153614 8.0445175 7.086837
1.838747 7.8529816 7.278373
1.838747 7.73806 7.2017584
1.9153614 7.6614456 7.278373
1.9536686 7.546524 7.278373
2.0685902 7.4699097 7.163451
2.1452045 7.431602 7.0485296
2.2218192 7.431602 6.7803793
2.3750482 7.5465236 6.588843
2.4899697 7.6231384 6.397307
2.6431987 7.699753 6.2823853
2.7964277 7.699753 6.3589997
2.834735 7.584831 6.473922
2.834735 7.508217 6.5888433
2.7581203 7.3549876 6.703765
2.719813 7.3549876 6.742072
2.719813 7.393295 6.7037644
2.681506 7.393295 6.62715
2.681506 7.508217 6.435614
2.681506 7.508217 6.320692
2.719813 7.508217 6.320692
2.7964277 7.584831 6.435614
2.9113493 7.584831 6.6654572
2.9496565 7.6614456 6.856993
2.9496565 7.699753 7.0102224
2.9496565 7.699753 7.0485296
2.9113493 7.776367 6.9719152
2.9496565 7.8146744 6.7803793
3.0262709 7.8529816 6.4739213
3.1028852 8.00621 6.090849
3.2944214 8.082825 5.861006
3.4859576 8.197746 5.707777
3.6774938 8.350975 5.66947
3.9456444 8.427589 5.899313
4.1371803 8.465898 6.205771
4.3287168 8.465898 6.435614
4.405331 8.504205 6.5505357
4.3670235 8.389282 6.435614
4.290409 8.350975 6.090849
4.098873 8.350975 5.6694694
3.9456444 8.312668 5.324704
3.86903 8.389282 5.056554
3.8307228 8.42759 4.903325
3.86903 8.504205 4.9416323
3.9839516 8.580819 4.9799395
4.098873 8.695741 5.0182467
4.1754875 8.810662 5.1714754
4.2137947 8.848969 5.286397
4.1754875 8.887277 5.363012
4.098873 8.810662 5.401319
4.060566 8.772355 5.209783
4.060566 8.772355 4.9799395
4.098873 8.734048 4.7117887
4.1371803 8.848969 4.596867
4.1754875 8.925584 4.5202527
4.252102 9.002198 4.4819455
4.3287163 9.155428 4.5202527
4.405331 9.193735 4.3670235
4.405331 9.232042 4.4436383
4.2904096 9.155428 4.367024
4.060566 9.078813 4.252102
3.7541084 8.963891 4.2137947
3.4859576 8.925584 4.098873
3.2561145 8.848969 4.060566
3.1794999 8.848969 4.0222588
3.2561142 8.925584 4.213795
3.3327286 8.963891 4.213795
3.4476502 9.155427 4.3287168
3.4859576 9.193734 4.4436383
3.3327289 9.155427 4.252102
3.141193 9.078813 4.1754875
2.9113493 9.002198 4.060566
2.6431987 8.887277 3.9456444
2.4516625 8.887277 3.9456444
2.3367407 8.887277 3.86903
2.2601264 8.848969 3.86903
2.2218192 8.887277 3.9839516
2.375048 8.963891 4.1371803
2.4899697 9.078813 4.367024
2.6048913 9.232042 4.4819455
2.719813 9.346964 4.55856
2.6048915 9.346964 4.5202527
2.4133554 9.2703495 4.4436383
1.9153614 9.040506 4.2904096
1.3790601 8.887277 4.2521024
0.8810662 8.695741 4.367024
0.49799395 8.619126 4.5202527
0.49799395 8.734048 4.8267107
0.6512228 8.734048 5.0182467
0.842759 8.963891 5.056554
0.9959879 9.040505 4.9416323
0.9959879 9.040505 4.673482
0.8810662 9.11712 4.405331
0.7661445 9.002198 4.1754875
0.6512228 8.963891 3.9839516
0.57460845 9.002198 3.86903
0.57460845 8.963891 3.7541084
0.6512228 9.040505 3.677494
0.7661445 9.193734 3.7924156
0.9576807 9.308657 3.9456444
1.1109096 9.423578 3.9073372
1.1492169 9.423578 3.754108
1.0726023 9.385271 3.562572
0.8810662 9.155428 3.2561145
0.5746084 8.963891 3.1411927
0.30645782 8.734048 3.1794999
0.11492168 8.504204 3.2944214
0.038307227 8.465897 3.524265
0.076614454 8.465897 3.6008797
0.076614454 8.580819 3.4859576
0.038307227 8.6574335 3.2561145
-0.11492168 8.619126 2.9496565
-0.2681506 8.542512 2.7964277
-0.45968673 8.427589 2.681506
-0.61291564 8.197746 2.5665843
-0.6512228 8.082825 2.681506
-0.6512228 8.00621 2.681506
-0.5746084 8.0445175 2.681506
-0.45968673 8.197746 2.6048915
-0.34476504 8.312669 2.336741
-0.30645782 8.465898 2.1068976
-0.26815057 8.504205 1.9153614
-0.26815057 8.580819 1.7621324
-0.26815057 8.580819 1.6089035
-0.30645782 8.619126 1.4939818
-0.34476504 8.695741 1.4173675
-0.45968673 8.542511 1.6089035
-0.68953013 8.465897 1.8770541
-0.842759 8.389282 2.183512
-1.0342951 8.236053 2.4516625
-1.187524 8.274361 2.4516625
-1.3024457 8.312668 2.4133554
-1.3790601 8.236053 2.2601264
-1.4173673 8.236053 2.1452045
-1.4173673 8.312668 2.1068974
-1.340753 8.350975 2.0685902
-1.3024457 8.465897 2.1452045
-1.1875241 8.619126 2.2218192
-1.1109096 8.734048 2.1835117
-1.0726023 8.810662 2.1068974
-0.9959879 8.963891 1.9536686
-0.9959879 9.040505 1.8004396
-0.9959879 8.963891 1.8004396
-1.0342951 8.925584 1.7621324
-1.1875241 8.734048 1.7621324
-1.3024457 8.542512 1.8004398
-1.4173673 8.542512 1.685518
-1.5322891 8.542512 1.7238252
-1.5705965 8.542512 1.685518
-1.6472108 8.580819 1.6089035
-1.6472108 8.542512 1.7238252
-1.6089036 8.504205 1.7238252
-1.5705963 8.504205 1.7238252
-1.5705963 8.542512 1.6472107
-1.6089035 8.542512 1.532289
-1.6472107 8.504205 1.4939818
-1.7621324 8.504205 1.4939818
-1.8770542 8.389282 1.6089035
-2.030283 8.236053 1.6855179
-2.1452048 8.312668 1.6089035
-2.1068976 8.389282 1.532289
-1.9536686 8.427589 1.3790603
-1.7621324 8.580819 1.1492169
-1.5705963 8.619126 0.91937345
-1.4556746 8.619126 0.7661445
-1.4939818 8.6574335 0.61291564
-1.5705963 8.580818 0.6512229
-1.685518 8.389282 0.8044518
-1.8770542 8.350975 0.8044518
-1.9536686 8.350975 0.842759
-2.030283 8.350975 0.7278373
-2.0685902 8.350975 0.7278373
-2.030283 8.236053 0.8044518
-1.9919758 8.197746 0.8810662
-1.9153614 8.236053 0.8810662
-1.8387469 8.312668 0.842759
-1.8004397 8.350975 0.8810662
-1.8004397 8.350975 0.8810662
-1.9153614 8.350975 1.0726024
-2.0685902 8.350975 1.2258313
-2.1835117 8.350975 1.3790601
-2.3367407 8.236053 1.532289
-2.3367407 8.0445175 1.4173675
-2.3750482 7.967903 1.3790603
-2.4516625 7.8146744 1.1875241
-2.528277 7.8529816 1.2258313
-2.6048915 7.929596 1.3790601
-2.6431987 7.967903 1.4556746
-2.6048913 8.0445175 1.5705963
-2.4516625 8.0445175 1.5322891
-2.3750482 8.0445175 1.3790601
-2.2984338 8.082825 1.1492168
-2.2984338 8.121132 1.0342951
-2.3750482 8.121132 0.80445176
-2.3750482 8.197746 0.6512229
-2.3750482 8.236053 0.5746084
-2.3750482 8.427589 0.4213795
-2.4133554 8.657433 0.22984336
-2.4516625 8.734048 0.15322891
-2.4899697 8.695741 0.0
-2.4899697 8.504204 -0.076614454
-2.4516625 8.350975 -0.076614454
-2.4899697 8.312668 -0.11492168
-2.6048913 8.42759 -0.038307227
-2.7964275 8.580819 -0.11492168
-3.064578 8.6574335 -0.22984336
-3.2561142 8.6574335 -0.22984336
-3.2944214 8.619126 -0.22984336
-3.1411927 8.619126 -0.038307227
-2.834735 8.619126 0.4213795
-2.528277 8.810662 0.88106626
-2.2984338 9.002198 1.3024458
-2.1068976 9.193735 1.7621324
-2.0685904 9.308657 2.1068976
-2.1452048 9.2703495 2.3750482
-2.2218192 9.193735 2.7581203
-2.4516625 8.887277 2.873042
-2.566584 8.580818 2.873042
-2.6431987 8.350975 2.6431987
-2.719813 8.197746 2.2984335
-2.719813 8.274361 2.183512
-2.719813 8.542511 2.183512
-2.6431987 8.734048 2.4133554
-2.566584 8.772355 2.6431985
-2.528277 8.6574335 2.6431985
-2.6048915 8.350975 2.4899697
-2.681506 8.121132 2.375048
-2.7964277 8.00621 2.2984335
-2.873042 8.082825 2.2601264
-2.873042 8.197746 2.4133554
-2.9113493 8.312668 2.5665843
-2.873042 8.389282 2.6431987
-2.719813 8.389282 2.7581205
-2.4899697 8.465898 2.834735
-2.183512 8.465898 2.7964277
-1.9536686 8.580819 2.7581205
-1.9153614 8.6574335 2.7964277
-2.030283 8.619126 2.7581203
-2.336741 8.619126 2.681506
-2.6048913 8.504205 2.681506
-2.8347347 8.350976 2.7581203
-2.9113493 8.274361 2.9879637
-2.7964275 8.197746 3.371036
-2.2984335 8.312668 3.9456444
-2.0685902 8.580818 4.0222588
-1.9153614 8.925584 3.9073372
-1.9153614 9.193735 3.6391864
-1.9919758 9.500193 3.409343
-2.183512 9.500193 3.2561142
-2.4133554 9.346964 3.4476504
-2.6431985 9.117121 3.9456444
-2.6815057 8.848969 4.405331
-2.566584 8.848969 4.9799395
-2.2984338 8.963891 5.3630114
-1.9919759 9.308657 5.477934
-1.8004398 9.730036 5.4396267
-1.7238252 10.036493 5.2097826
-1.9153614 10.151415 4.8267107
-2.0685904 10.036493 4.673482
-2.1452048 9.768343 4.8267107
-2.1068974 9.576807 5.133168
-1.8387468 9.576807 5.631162
-1.6089035 9.691729 6.090849
-1.4556746 9.921572 6.320692
-1.4556746 10.036493 6.320692
-1.5705963 10.0748005 6.090849
-1.8770541 9.921572 5.7077765
-2.3367407 9.5385 5.286397
-2.719813 9.040505 5.324704
-2.9879637 8.542512 5.66947
-2.911349 8.312668 6.3589993
-2.413355 8.542511 6.933608
-1.8387468 8.963892 7.0102224
-1.37906 9.423578 6.895301
-1.2258313 9.653421 6.5888433
-1.4173675 9.500193 6.397307
-1.838747 9.11712 6.3589997
-2.2984338 8.6574335 6.4739213
-2.6048915 8.274361 6.6271505
-2.7964277 8.0445175 7.010223
-2.6431987 8.159439 7.3549876
-2.336741 8.427589 7.4699097
-1.9919758 8.810662 7.546524
-1.7238252 9.078813 7.4699097
-1.7621324 9.155427 7.431602
-1.9919758 9.002198 7.6231384
-2.3750482 8.695741 7.6231384
-2.7964277 8.312668 7.699753
-3.064578 7.929596 7.8146744
-3.1411924 7.776367 7.8529816
-3.064578 7.73806 8.00621
-2.873042 7.8529816 8.082825
-2.7198133 7.929596 8.159439
-2.7964277 7.776367 8.00621
-3.026271 7.4699097 7.8529816
-3.3327289 6.9719157 7.73806
-3.6008794 6.588843 7.6614456
-3.5625722 6.4739213 7.929596
-3.2561145 6.5888433 8.121132
-2.834735 6.9719157 8.274361
-2.336741 7.2783732 8.350975
-1.9153614 7.508217 8.159439
-1.7621324 7.584831 7.967903
-1.7238252 7.354988 7.8912888
-1.8004397 7.163451 7.8529816
-1.8770541 6.9719152 7.8912888
-1.8387469 6.8569937 8.0445175
-1.6472108 6.895301 8.082825
-1.4173675 7.0485296 8.0445175
-1.2641385 7.125144 8.0445175
-1.0342951 7.163451 7.967903
-0.9576807 7.2017584 7.929596
-0.91937345 7.125144 8.00621
-0.8810662 7.086837 8.00621
-0.91937345 7.0485296 8.00621
-0.9576807 7.0485296 7.967903
-0.9959879 7.0485296 7.8146744
-1.1492168 7.0485296 7.73806
-1.3790601 6.8569937 7.6231384
-1.8387469 6.2440777 7.3166804
-1.8387469 5.1714754 7.163451
-0.61291564 5.24809 7.7380595
0.8810662 6.62715 8.350975
2.336741 8.427589 8.657433
3.0645783 9.921572 8.657433
2.4516625 9.80665 8.121132
1.4173675 8.619126 7.431602
0.5746084 7.4699097 7.163451
-0.11492168 6.9719152 7.0485296
-0.7278373 6.8186865 6.6654577
-1.2258313 6.512229 6.550536
-1.685518 6.1291566 6.6271505
-2.030283 5.861006 6.895301
-2.183512 5.7843914 7.31668
-2.1452048 5.899313 7.546524
-1.9536686 6.090849 7.584831
-1.685518 6.320692 7.3549876
-1.340753 6.5505357 7.010223
-1.0342951 6.8186865 6.895301
-0.72783726 7.0868373 6.9719152
-0.4596867 7.3166804 7.163451
-0.34476507 7.508217 7.393295
-0.22984336 7.4699097 7.546524
-0.22984336 7.4699097 7.584831
-0.34476507 7.4699097 7.546524
-0.38307226 7.393295 7.431602
-0.49799395 7.393295 7.3166804
-0.57460845 7.2400656 7.201759
-0.61291564 7.086837 7.1251445
-0.6512228 6.9719152 7.1634517
-0.68953 6.933608 7.0102224
-0.68953 6.895301 6.9719152
-0.61291564 6.933608 6.933608
-0.49799395 6.933608 6.933608
-0.34476504 6.9719152 7.0102224
-0.22984335 7.1251445 7.0102224
-0.076614454 7.1634517 7.125144

