0.0 7.240066 7.163451
0.0 7.0485296 7.2783732
-0.53630114 7.0102224 7.4316025
-0.9959879 6.9719152 7.6231384
-1.4556745 6.9719152 8.00621
-1.5705962 7.086837 8.350975
-1.2258313 7.2017584 8.504204
-0.842759 7.4699097 8.619126
-0.34476504 7.8912888 8.619126
0.11492168 8.350975 8.542512
0.57460845 8.772354 8.427589
0.95768064 8.925584 8.159439
1.1875241 8.963891 7.967903
1.340753 8.887277 7.73806
1.2641385 8.734048 7.469909
1.1875241 8.619125 7.469909
1.0726024 8.389282 7.2783732
0.8810662 8.159439 7.2017584
0.7278373 7.8146744 7.2400656
0.53630114 7.3549876 7.086837
0.45968673 7.0102224 6.9719152
0.6512228 6.742072 6.933608
1.1109096 6.7803793 6.742072
1.685518 7.125144 6.5888433
2.2601264 7.546524 6.550536
2.681506 7.8912888 6.3589997
2.8347347 8.00621 6.129156
2.8347347 7.967903 6.0525417
2.719813 7.776367 5.899313
2.566584 7.6614456 5.9759274
2.566584 7.776367 6.2440777
2.6048913 7.8912888 6.3206925
2.6815057 8.159439 6.397307
2.719813 8.312668 6.3589997
2.5665843 8.236053 6.3206925
2.3750482 8.236053 6.3589997
2.183512 8.082825 6.4739213
2.030283 7.967903 6.5505357
2.030283 8.00621 6.588843
2.1452048 8.121132 6.6654572
2.336741 8.350975 6.7803793
2.6048915 8.657433 6.9719157
2.8347347 8.925584 6.9719157
2.9879637 9.002198 6.895301
3.0262709 9.002198 6.6271505
2.9879637 8.887277 6.244078
2.9496565 8.695741 6.090849
2.873042 8.619126 5.861006
2.873042 8.542512 5.8226986
2.9496565 8.619126 6.0142345
3.0262709 8.734048 6.090849
3.1028852 8.772355 6.129156
3.1411924 8.772355 6.0142345
3.064578 8.6574335 5.5928555
3.0262709 8.6574335 5.2097826
2.9496565 8.580819 5.056554
2.834735 8.542512 4.903325
2.7581205 8.542512 5.0182467
2.681506 8.504205 5.2480903
2.7581205 8.619126 5.4779334
2.834735 8.734048 5.746084
2.9113493 8.887277 5.7843914
2.8347347 8.887277 5.631162
2.6048915 8.848969 5.4779334
2.3750482 8.734048 5.3247046
2.1068976 8.542512 5.2480903
1.9919758 8.465898 5.4396267
1.9919758 8.42759 5.477934
2.0685902 8.465898 5.5545483
2.2601264 8.6574335 5.6311626
2.4516625 8.810662 5.66947
2.5665843 9.040505 5.5928555
2.6048915 9.11712 5.3247046
2.4899697 9.040505 5.056554
2.2601264 8.963891 4.6734815
2.0685902 8.734048 4.596867
1.9153614 8.6574335 4.7884035
1.9536686 8.6574335 5.0565543
2.1068976 8.695741 5.2480903
2.3367407 8.810662 5.3247046
2.566584 9.002198 5.209783
2.681506 9.193735 5.056554
2.719813 9.232042 4.903325
2.5665843 9.232042 4.711789
2.4133554 9.155428 4.673482
2.2218192 9.040505 4.55856
2.0685902 9.040505 4.6351748
2.030283 9.002198 4.7884035
2.0685902 9.040505 4.865018
2.1452045 9.117121 4.9416323
2.221819 9.193735 4.7500963
2.2601264 9.385271 4.4819455
2.2218192 9.461885 4.252102
2.183512 9.461885 4.1754875
2.0685902 9.461885 4.290409
1.9153614 9.346964 4.4436383
1.685518 9.2703495 4.596867
1.3407531 9.193734 4.673482
0.95768064 9.155427 4.5968676
0.61291564 9.155427 4.367024
0.4213795 9.232041 4.2137947
0.45968673 9.232041 4.060566
0.6512229 9.193734 4.098873
0.9576807 9.2703495 4.252102
1.2258313 9.2703495 4.1754875
1.4556746 9.423578 3.9839516
1.7238252 9.615114 3.6391869
1.9536686 9.691729 3.2178073
2.1068976 9.768343 2.9496565
2.1068976 9.691729 2.7581205
1.9536686 9.5385 2.7198133
1.6472108 9.308657 2.9113493
1.3024457 9.078814 3.0645783
0.9959879 8.887277 3.217807
0.7278373 8.734048 3.2561142
0.68953 8.734048 3.1028855
0.7278373 8.734048 2.9879637
0.8810662 8.810662 2.834735
1.1109096 8.887277 2.719813
1.1875241 8.963891 2.5665843
1.2641385 8.925584 2.4133554
1.1492168 8.848969 2.2601264
0.91937345 8.734048 2.2218192
0.7278373 8.542512 2.3367407
0.53630114 8.465898 2.3750482
0.4213795 8.42759 2.528277
0.34476507 8.42759 2.4899697
0.19153613 8.42759 2.3367407
0.038307227 8.465898 2.1452048
-0.15322891 8.504205 1.9153614
-0.2681506 8.619126 1.7238252
-0.2681506 8.810662 1.685518
-0.15322891 8.963891 1.8004398
0.11492168 9.155428 1.9536686
0.34476504 9.308657 1.9919758
0.49799398 9.346964 1.9153614
0.45968673 9.346964 1.6089034
0.30645782 9.270349 1.2641385
0.11492168 9.11712 1.1875241
-0.11492168 8.963891 1.1109096
-0.34476504 8.887277 1.2641385
-0.49799395 8.734048 1.4939818
-0.6512228 8.580818 1.685518
-0.7278373 8.542511 1.9536686
-0.7661445 8.465897 2.030283
-0.8810662 8.465897 2.1068976
-0.9193735 8.427589 1.9919758
-0.9193735 8.427589 1.838747
-0.842759 8.427589 1.8770542
-0.7661446 8.427589 1.8387469
-0.80445176 8.504205 1.8004396
-0.88106626 8.427589 1.6089035
-1.0342951 8.274361 1.3024457
-1.1875241 8.236053 1.0726024
-1.2258313 8.197746 0.9193734
-1.2641385 8.159439 0.8810662
-1.2641385 8.197746 0.8044518
-1.2258313 8.197746 0.6512229
-1.1875241 8.159439 0.61291564
-1.0726023 8.274361 0.61291564
-0.9959879 8.465897 0.6512228
-0.91937345 8.580818 0.6512228
-0.91937345 8.695741 0.49799395
-1.0342952 8.619125 0.30645782
-1.0726024 8.465897 0.11492168
-1.1109096 8.312668 0.11492168
-1.1492168 8.236053 0.2681506
-1.1109096 8.274361 0.45968673
-1.1109096 8.312668 0.7278373
-1.0342951 8.427589 0.80445176
-0.88106626 8.542512 0.7661445
-0.7661446 8.619126 0.6512228
-0.7661446 8.695741 0.4213795
-0.9576807 8.695741 0.19153613
-1.2258313 8.580818 0.076614454
-1.5705963 8.427589 0.11492168
-1.7621324 8.274361 0.2681506
-1.8387469 8.197746 0.38307226
-1.8004397 8.159439 0.38307226
-1.6472108 8.236053 0.30645782
-1.4939818 8.389282 0.15322891
-1.3024457 8.465897 0.11492168
-1.1109096 8.619126 0.11492168
-0.9959879 8.734048 0.11492168
-0.9959879 8.734048 0.19153613
-1.0726024 8.810662 0.2681506
-1.2258313 8.887277 0.34476504
-1.340753 8.963891 0.38307226
-1.3024458 9.040505 0.38307226
-1.1875241 9.11712 0.38307226
-0.9576807 9.155427 0.4596867
-0.7278373 9.155427 0.38307226
-0.5746084 9.155427 0.30645782
-0.49799395 9.078813 0.07661445
-0.61291564 8.963891 -0.30645782
-0.7661445 8.848969 -0.4213795
-0.9193734 8.734048 -0.61291564
-1.1492168 8.619126 -0.5746084
-1.4173673 8.542512 -0.5363012
-1.7238251 8.350975 -0.6129156
-1.9919757 8.159439 -0.5746084
-2.1835117 7.967903 -0.5746084
-2.2601264 7.73806 -0.49799395
-2.2601264 7.584831 -0.30645782
-2.2984335 7.469909 -0.076614454
-2.2984335 7.431602 0.076614454
-2.2601264 7.4699097 0.19153613
-2.1452045 7.6614456 0.30645782
-2.030283 7.8912888 0.22984336
-1.8770542 8.0445175 0.15322891
-1.7621324 8.236053 0.038307227
-1.7238252 8.312668 -0.26815057
-1.7238252 8.389283 -0.42137948
-1.838747 8.465898 -0.61291564
-2.0685904 8.312668 -0.72783726
-2.336741 8.121132 -0.80445176
-2.566584 7.8529816 -0.7278373
-2.6431985 7.6231384 -0.30645782
-2.4899697 7.546524 0.34476504
-2.2601266 7.6614456 1.1492168
-2.0685902 7.929596 1.7621324
-1.9536686 8.236053 1.9919758
-1.9919758 8.504204 1.8770542
-2.1068974 8.619126 1.7238252
-2.1068974 8.619126 1.5705963
-2.030283 8.542512 1.532289
-1.8770542 8.542512 1.7238252
-1.7238252 8.542512 1.8387468
-1.7621324 8.6574335 2.183512
-1.8770542 8.848969 2.528277
-2.030283 9.078813 2.6048913
-2.1452048 9.346963 2.566584
-2.0685904 9.461885 2.2601264
-1.9153614 9.423578 1.9536686
-1.8004397 9.308657 2.030283
-1.8004397 9.2703495 2.4516625
-2.030283 9.346964 3.2944214
-2.1452048 9.576807 3.3710358
-2.183512 9.653421 3.1794999
-2.2218192 9.844957 2.9496565
-2.2984338 9.883265 2.7581205
-2.336741 9.883265 2.566584
-2.336741 9.921572 2.4899697
-2.2984338 9.959879 2.4516625
-2.183512 9.998186 2.48997
-2.1068974 9.921572 2.6048915
-1.9919758 9.691729 2.7581205
-2.030283 9.461885 2.7964277
-2.183512 9.193734 2.873042
-2.3750482 8.963891 3.064578
-2.528277 8.925584 3.3327286
-2.528277 8.925584 3.7924154
-2.375048 9.117121 4.1371803
-2.1452048 9.461885 4.3287163
-1.9919758 9.730036 4.252102
-1.9919758 9.883265 3.86903
-2.183512 9.768343 3.4093432
-2.6048915 9.346964 2.9879637
-3.064578 8.925584 2.873042
-3.3327286 8.504204 3.2178068
-3.409343 8.236053 3.7924154
-3.1794999 8.312668 4.290409
-2.8730419 8.580819 4.5968676
-2.6048913 8.925585 4.5968676
-2.528277 9.117121 4.3287168
-2.681506 8.963891 4.098873
-2.9496565 8.504205 3.9456444
-3.2561142 8.00621 4.0222588
-3.3327286 7.6231384 4.4819455
-3.1028855 7.6614456 4.9799395
-2.7964275 7.967903 5.363012
-2.4899697 8.312668 5.5545483
-2.4133554 8.580818 5.516241
-2.528277 8.619126 5.363012
-2.681506 8.542512 5.2480903
-2.7964277 8.42759 5.2480903
-2.681506 8.389283 5.3247046
-2.4133554 8.504205 5.66947
-1.9919758 8.772355 6.167464
-1.4939818 9.193735 6.5888433
-1.1875241 9.615114 6.9719157
-1.1492168 9.844957 7.04853
-1.4556746 9.768343 6.742072
-1.9919758 9.308657 6.473922
-2.528277 8.734048 6.244078
-2.911349 8.197746 6.3206925
-2.8730419 7.929596 6.7420716
-2.4899697 8.121132 7.125144
-1.8004396 8.580818 7.5848308
-0.9959879 9.193735 7.8912888
-0.22984338 9.80665 8.00621
0.15322888 10.189722 7.929596
0.07661444 10.113108 7.5465236
-0.3830723 9.615114 7.3166804
-1.3790603 8.312668 7.5082164
-1.3790603 8.121132 8.00621
-0.9959879 8.312668 8.389282
-0.49799395 8.580819 8.6574335
-0.03830722 8.925584 8.619126
0.15322891 9.078813 8.350975
0.038307227 8.810662 7.967903
-0.26815057 8.389283 7.73806
-0.61291564 7.929596 7.776367
-0.80445176 7.508217 8.0445175
-0.7278373 7.431602 8.465897
-0.45968673 7.508217 8.734048
-0.15322891 7.6231384 8.810662
0.15322891 7.73806 8.848969
0.30645782 7.776367 8.734048
0.30645782 7.699753 8.504204
0.22984336 7.4699097 8.389282
0.076614454 7.2400665 8.274361
0.0 7.0102224 8.197746
-0.038307227 6.8569937 8.389282
0.0 6.8569937 8.465897
0.15322891 6.895301 8.504204
0.22984336 6.9719152 8.465897
0.30645782 7.0102224 8.274361
0.34476504 7.0102224 8.197746
0.30645782 6.9719152 8.082825
0.22984336 6.8186865 8.121132
0.11492168 6.6271505 8.082825
-0.076614454 6.3973064 8.00621
-0.22984336 6.1674633 7.967903
-0.30645782 6.090849 7.929596
-0.30645782 6.129156 8.0445175
-0.15322891 6.2440777 8.159439
0.0 6.4356136 8.236053
0.19153613 6.6654577 8.312668
0.34476507 6.8569937 8.350976
0.38307226 6.895301 8.274361
0.34476504 6.933608 8.159439
0.22984335 6.8186865 7.967903
0.11492168 6.6271505 7.776367
0.076614454 6.512229 7.6231384
0.11492168 6.3589997 7.6614456
0.26815057 6.3206925 7.73806
0.5363012 6.282385 7.8529816
1.0342952 6.320692 8.159439
1.7238252 6.588843 8.542511
2.528277 6.933608 8.8489685
3.2561142 7.5082164 8.963892
3.5625722 7.929596 8.848969
3.4476507 8.0445175 8.427589
2.834735 7.8529816 7.8912888
1.9919758 7.3549876 7.431602
1.0726024 6.8569937 7.125144
0.19153614 6.3589997 6.9719152
-0.45968673 6.0142345 7.086837
-1.0342951 5.7843914 7.278373
-1.4556746 5.6311626 7.4316025
-1.7238252 5.516241 7.6231384
-1.8770541 5.4779334 7.73806
-1.9153614 5.516241 7.8912888
-1.8387469 5.6311626 7.967903
-1.6472108 5.8226986 7.929596
-1.4556746 6.0142345 7.8912888
-1.1492169 6.167464 7.776367
-0.80445176 6.2823853 7.776367
-0.5363012 6.4356146 7.8912888
-0.22984335 6.6271505 7.967903
-0.038307227 6.8186865 8.00621
0.15322891 6.9719152 8.00621
0.34476504 7.163451 8.00621
0.49799395 7.278373 7.967903
0.61291564 7.278373 7.929596
0.61291564 7.278373 7.73806
0.5363012 7.086837 7.4316025
0.38307226 6.7803793 7.2017584
0.22984336 6.6271505 7.0485296

