0.49799398 7.584831 6.742072
0.49799398 7.584831 6.7803793
0.4213795 7.546524 6.5505357
0.38307226 7.508217 6.5505357
0.38307226 7.431602 6.4739213
0.4213795 7.393295 6.435614
0.4213795 7.3549876 6.397307
0.45968673 7.3549876 6.397307
0.45968673 7.393295 6.397307
0.4213795 7.431602 6.435614
0.38307226 7.469909 6.4739213
0.26815057 7.469909 6.435614
0.076614454 7.393295 6.3589997
-0.15322891 7.278373 6.3206925
-0.45968673 7.0102224 6.1674633
-0.6512228 6.742072 6.1674633
-0.8044518 6.5888433 6.1674633
-0.842759 6.550536 6.2057705
-0.80445176 6.703765 6.2823853
-0.7661445 6.933608 6.3206925
-0.72783726 7.125144 6.3589997
-0.7661445 7.2783732 6.244078
-0.80445176 7.393295 6.1674633
-0.8810662 7.431602 6.090849
-0.8810662 7.508217 6.1674633
-0.8044517 7.584831 6.3973064
-0.7278373 7.6231384 6.5888433
-0.6512228 7.699753 6.8569937
-0.61291564 7.6614456 7.0102224
-0.5363012 7.508217 7.1251445
-0.4213795 7.584831 7.2783732
-0.22984336 7.6614456 7.3932953
-0.076614454 7.8529816 7.584831
0.038307227 8.082825 7.699753
0.15322891 8.159439 7.8146744
0.15322891 8.236053 7.8529816
0.19153613 8.312668 7.8146744
0.19153613 8.504204 7.699753
0.15322891 8.504204 7.584831
0.15322891 8.427589 7.240066
0.11492168 8.236053 7.163451
0.11492168 8.159439 7.086837
0.11492168 8.121132 7.086837
0.11492168 8.0445175 7.2017584
0.11492168 8.00621 7.3166804
0.11492168 7.967903 7.4699097
0.11492168 7.8912888 7.584831
0.15322891 7.8146744 7.6231384
0.30645782 7.776367 7.6231384
0.45968673 7.776367 7.546524
0.6512228 7.929596 7.4699097
0.842759 8.0445175 7.3549876
1.0342952 8.082825 7.2400656
1.1875241 8.159439 7.163451
1.3024458 8.082825 7.163451
1.340753 8.0445175 7.125144
1.340753 8.00621 7.125144
1.3024457 7.8912888 7.125144
1.2641385 7.73806 7.0102224
1.340753 7.699753 7.0102224
1.3024457 7.699753 7.086837
1.3407528 7.6614456 7.086837
1.37906 7.73806 7.163451
1.3024457 7.699753 7.125144
1.340753 7.6614456 6.9719152
1.340753 7.699753 7.086837
1.2641385 7.699753 7.086837
1.3024458 7.699753 7.316681
1.2258313 7.776367 7.508217
1.1875241 7.8146744 7.508217
1.2641385 7.8912888 7.6614456
1.3024457 8.159439 7.6231384
1.4556746 8.504204 7.699753
1.5705962 8.8489685 7.8146744
1.5705962 8.963892 7.776367
1.3407528 8.695741 7.699753
1.2258313 8.542512 7.6614456
1.1875241 8.619126 7.6614456
1.1875241 8.734048 7.546524
1.3790601 8.925584 7.2783737
1.5705963 9.193734 7.0102224
1.8004396 9.346963 6.703765
2.030283 9.500193 6.6654577
2.0685902 9.576807 6.5505357
2.030283 9.461885 6.3589997
1.9536686 9.423578 6.244078
1.9153614 9.385271 6.129156
1.9153614 9.346964 6.0525417
1.9536686 9.385271 5.9759274
2.030283 9.385271 5.7843914
2.030283 9.2703495 5.477934
1.9919758 9.193734 5.2480903
1.9919758 9.155427 5.133168
1.9919758 9.155427 5.133168
2.1068974 9.2703495 5.1714754
2.3367407 9.500193 5.209783
2.528277 9.615114 5.1331687
2.6431987 9.615114 4.9416323
2.4516625 9.346963 4.865018
2.183512 9.040505 4.9416323
1.8770541 8.734048 5.094861
1.6089035 8.542512 5.286397
1.532289 8.580819 5.439626
1.5705962 8.734048 5.401319
1.7621324 8.925584 5.2480903
1.9919758 9.155427 5.0182467
2.2218192 9.232042 4.5202527
2.2218192 9.193735 4.252102
2.1068976 9.078814 4.2137947
2.1068976 8.963891 4.1754875
2.030283 8.848969 4.060566
1.9919758 8.695741 3.9839516
1.9919758 8.619126 3.9073372
1.9153614 8.542512 3.8307226
1.8770542 8.580819 3.9073372
1.8387469 8.6574335 3.9073372
1.8770542 8.695741 3.715801
1.8770542 8.695741 3.4476504
1.8770542 8.6574335 3.1411927
1.9153614 8.695741 2.9113493
1.9919758 8.734048 2.7964275
2.0685902 8.772355 2.7581203
2.1068974 8.772355 2.7964277
2.0685902 8.772355 2.9113493
1.9153614 8.619126 2.9879637
1.838747 8.542512 3.1028852
1.8004397 8.427589 3.217807
1.7621324 8.350975 3.2944214
1.7621324 8.389282 3.3327286
1.7238252 8.350975 3.371036
1.7238252 8.389282 3.2944217
1.7621324 8.350975 3.2178073
1.7621324 8.389282 3.1028852
1.7238252 8.389282 2.9496565
1.6089035 8.274361 2.873042
1.4173673 8.121132 2.719813
1.2258313 7.8912888 2.681506
1.0726024 7.776367 2.6048913
0.91937345 7.8146744 2.566584
0.842759 7.929596 2.6431985
0.842759 8.082825 2.6048913
0.8810662 8.236053 2.6048913
0.9193735 8.427589 2.528277
0.9576807 8.542512 2.2984338
0.9576807 8.772355 2.0685902
0.91937345 8.848969 1.8770542
0.91937345 8.734047 1.6472108
0.842759 8.657433 1.532289
0.7278373 8.427589 1.532289
0.5746084 8.350975 1.532289
0.38307226 8.389283 1.7238252
0.26815057 8.465898 2.0685904
0.19153613 8.580819 2.2601264
0.15322891 8.6574335 2.3750482
0.19153613 8.734048 2.2218192
0.26815057 8.810662 1.8770542
0.34476504 8.887277 1.532289
0.4213795 8.848969 1.1492168
0.3830723 8.848969 0.9576806
0.2681506 8.6574335 0.9193734
0.11492168 8.734048 1.0726023
0.038307227 8.772355 1.2258313
-0.22984335 8.580819 1.3024457
-0.30645782 8.312668 1.3024457
-0.3830723 8.082825 1.2258313
-0.4213795 8.00621 1.1492169
-0.38307226 8.082825 1.0342951
-0.38307226 8.197746 0.91937345
-0.38307226 8.236053 0.84275895
-0.45968673 8.082825 0.7661446
-0.5746084 7.967903 0.5746084
-0.6512228 7.929596 0.45968673
-0.7278373 7.967903 0.45968673
-0.80445176 7.929596 0.4213795
-0.88106626 7.73806 0.5363012
-0.91937345 7.546524 0.6129156
-0.91937345 7.2783732 0.6895301
-0.9959879 7.1251445 0.8810662
-1.0726023 7.086837 1.0342951
-1.3024457 7.086837 1.2641385
-1.5705962 7.201759 1.4556746
-1.8004396 7.201759 1.5705963
-2.030283 7.201759 1.3790603
-2.1452048 7.0868373 1.1109096
-2.0685902 6.9719152 0.7278373
-1.9153613 6.895301 0.61291564
-1.7238252 6.933608 0.7661445
-1.5705963 7.2017593 1.1109096
-1.7238251 7.4699097 1.685518
-1.9536685 7.73806 2.0685904
-2.1835117 7.776367 2.528277
-2.4899697 7.469909 2.4899697
-2.528277 7.125144 2.3750482
-2.4899697 6.895301 2.1452048
-2.336741 7.0102224 1.6472108
-2.2601264 7.278373 1.6089036
-2.183512 7.3549876 1.6472108
-2.030283 7.508217 1.7621325
-1.8770542 7.6614456 1.7621325
-1.685518 7.8146744 1.6472108
-1.5322891 8.0445175 1.3790603
-1.3790601 8.236053 1.0726023
-1.2641386 8.312668 0.7661445
-1.0726024 8.427589 0.5746084
-0.80445176 8.542511 0.6512228
-0.5363012 8.619125 0.842759
-0.34476507 8.772355 1.2641385
-0.34476507 8.963891 1.6472108
-0.57460845 9.193735 1.9536686
-0.91937345 9.385271 2.0685902
-1.2641385 9.423578 1.9153614
-1.532289 9.308657 1.685518
-1.5705963 9.11712 1.4173675
-1.4173675 9.002198 1.2258313
-1.1492168 9.11712 1.1875241
-0.842759 9.385271 1.4173675
-0.6512228 9.844957 1.7621326
-0.5363012 10.228029 2.2601264
-0.5363012 10.534488 2.873042
-0.5363012 10.764331 3.371036
-0.49799398 10.726024 3.6391866
-0.45968673 10.572795 3.562572
-0.45968673 10.22803 3.1028852
-0.61291564 9.768343 2.566584
-0.91937345 9.38527 2.183512
-1.1875241 9.193734 2.1068976
-1.2641385 9.270349 2.3750482
-1.0342951 9.615114 2.873042
-0.45968673 10.342952 3.6008794
0.07661445 11.147404 4.060566
0.6512228 12.066776 4.3287168
0.61291564 11.87524 3.7924156
0.61291564 11.60709 3.2561145
0.6512229 11.415554 2.6048915
0.8044518 11.453861 2.2218192
0.88106626 11.492168 2.1452048
0.80445176 11.377247 2.6048915
0.61291564 11.109096 3.217807
0.38307226 10.840945 3.7541082
0.34476504 10.6877165 4.252102
0.49799395 10.764331 4.4053307
0.76614463 10.994175 4.5202527
1.1109096 11.147404 4.4436383
1.340753 11.33894 4.252102
1.4173673 11.33894 4.098873
1.4556745 11.262324 4.098873
1.340753 11.18571 4.4436383
1.2258313 11.070788 4.865018
1.187524 11.109097 5.171476
1.2258313 11.109097 5.0565543
1.3407528 10.994175 4.673482
1.3024457 10.764332 4.2521024
1.2641385 10.572794 4.0222588
1.2641385 10.572794 4.175488
1.3790601 10.802637 4.481946
1.7238252 11.377246 4.903325
2.1068974 11.9135475 4.9416323
2.3367407 12.258313 4.6351743
2.3367407 12.334928 4.098873
2.1068974 11.990163 3.5242648
1.8004397 11.492168 3.6008792
1.5705963 11.18571 3.9839516
1.493982 11.262324 4.5585604
1.6089036 11.645396 4.9799395
1.7621324 12.028469 4.8267107
1.9153614 12.220005 4.520253
1.9536686 12.066776 4.1371803
1.8004396 11.530476 3.8307228
1.5705965 10.91756 3.6774938
1.1875241 10.266337 3.7541082
0.6512229 9.308656 4.2137947
0.5746084 9.040505 4.481945
0.6895301 9.078813 4.481945
0.9576807 9.232042 4.481945
1.3024458 9.385271 4.4053307
1.685518 9.5385 4.2137947
2.030283 9.500193 4.0222588
2.2601264 9.500193 3.7158012
2.4899697 9.461885 3.5242648
2.6048913 9.461885 3.4476504
2.6431987 9.346964 3.4476504
2.681506 9.117121 3.562572
2.719813 8.925584 3.7541084
2.719813 8.810662 4.060566
2.7964277 8.848969 4.5202527
2.873042 8.848969 4.865018
2.7581205 8.772355 5.0182467
2.336741 8.159439 4.9416323
2.030283 7.8146744 4.865018
1.8004397 7.584831 4.711789
1.6472107 7.4316025 4.4819455
1.5705963 7.393295 4.4436383
1.5705963 7.584831 4.2521024
1.5705963 7.8529816 4.1371803
1.6472107 8.274361 4.1371803
1.8387469 8.695741 4.1371803
1.9536685 9.002198 4.1371803
2.030283 9.11712 4.1754875
1.9153614 9.11712 4.1371803
1.5705963 9.002198 4.0222588
1.2641385 8.772355 3.9839516
1.0342951 8.619126 4.098873

