0.842759 8.542512 4.2137947
0.6895301 8.542512 4.4819455
-0.076614454 8.925584 4.711789
-0.61291564 9.078813 4.5968676
-1.0342951 9.346964 4.5202527
-1.4939818 9.5385 4.596867
-1.7621325 9.615114 4.5202527
-1.7238252 9.5385 4.367024
-1.685518 9.5385 4.1754875
-1.6472108 9.461885 3.9839516
-1.6089036 9.423578 3.86903
-1.4556746 9.385271 3.86903
-1.2258313 9.423578 4.098873
-0.99598783 9.5385 4.252102
-0.72783726 9.730036 4.367024
-0.4596867 10.0748005 4.55856
-0.15322888 10.381259 4.6351748
0.15322891 10.611102 4.673482
0.3830723 10.802638 4.596867
0.49799398 10.840945 4.4053307
0.49799398 10.91756 4.2137947
0.49799398 11.070789 4.098873
0.45968673 11.224018 4.290409
0.4213795 11.33894 4.5202527
0.4213795 11.492168 4.7500963
0.49799395 11.645397 5.056554
0.5363012 11.722012 5.056554
0.6512228 11.760319 5.133168
0.68953 11.683704 5.209783
0.61291564 11.453861 5.2863975
0.6512228 11.18571 5.477934
0.6512228 10.994174 5.746084
0.7278373 10.802638 5.861006
0.8810662 10.726024 5.9759274
0.99598795 10.726024 6.0525417
1.1109096 10.6877165 5.861006
1.2258313 10.6877165 5.5928555
1.2641385 10.611102 5.1714754
1.3024457 10.534488 4.8267107
1.3024457 10.419566 4.6351748
1.2641385 10.189722 4.673482
1.3024457 10.0748005 4.7500963
1.2641385 9.921572 4.7500963
1.3024457 9.80665 4.5968676
1.340753 9.80665 4.3287168
1.3024458 9.768343 4.0222588
1.3024458 9.615114 3.715801
1.3024458 9.5385 3.371036
1.3024458 9.461885 2.9879637
1.3790601 9.500193 2.681506
1.6089035 9.844957 2.375048
1.9536686 10.228029 2.2601264
2.2984335 10.6877165 2.336741
2.5665843 11.032482 2.528277
2.6431987 11.109097 2.7964275
2.4516625 10.994175 3.0645783
2.1452045 10.64941 3.1794999
1.8004397 10.228029 3.1794999
1.4556746 9.844957 3.1794999
1.1492169 9.5385 3.1411924
0.99598795 9.346963 3.3327286
1.0726023 9.423577 3.8307226
1.1109096 9.730035 4.55856
1.1492168 9.921572 5.1714754
1.1109096 9.998186 5.4013186
0.842759 9.730036 5.2097826
0.61291564 9.346964 4.5585604
0.4596867 9.078814 3.9839518
0.38307226 8.963891 3.7924156
0.38307226 9.040505 3.6774938
0.4213795 9.155427 3.7541084
0.4213795 9.232041 3.8307228
0.34476504 9.193734 3.677494
0.2681506 9.002198 3.562572
0.22984335 8.772355 3.4859576
0.22984335 8.6574335 3.4859576
0.49799392 8.963892 3.4859576
0.6512228 9.117121 3.2178073
0.7278373 9.155428 2.873042
0.7278373 9.11712 2.528277
0.6512228 9.078813 2.2218192
0.45968673 9.002198 2.1835117
0.2681506 8.925584 2.2218192
0.0 8.695741 2.3367407
-0.2681506 8.542512 2.4899697
-0.45968673 8.504205 2.528277
-0.5363012 8.542512 2.6431987
-0.49799395 8.695741 2.6431987
-0.38307226 8.810662 2.4899697
-0.15322891 8.925584 2.183512
0.0 9.11712 1.6472108
0.11492168 9.193734 1.1492168
0.15322891 9.232041 0.842759
0.0 9.078813 0.5746084
-0.19153613 8.810662 0.53630114
-0.4213795 8.542512 0.5746084
-0.68953013 8.274361 0.6512228
-0.88106626 8.0445175 0.88106626
-0.99598795 7.8146744 0.88106626
-1.0726024 7.6614456 0.7661446
-1.1109096 7.431602 0.57460845
-1.1492168 7.240066 0.30645782
-1.2641385 6.818686 0.076614454
-1.340753 6.818686 0.11492168
-1.4173673 6.780379 0.30645782
-1.4939818 6.856993 0.57460845
-1.5705962 6.9719152 0.57460845
-1.6089036 6.9719152 0.38307226
-1.685518 7.0485296 0.22984335
-1.7621324 6.9719152 0.076614454
-1.7621324 6.895301 0.15322891
-1.838747 6.7803793 0.38307226
-1.9153614 6.6271505 0.4213795
-2.1068974 6.5122285 0.19153613
-2.183512 6.4739213 -0.076614454
-2.2984335 6.435614 -0.19153613
-2.3750482 6.3206925 -0.15322891
-2.3750482 6.397307 0.0
-2.2601264 6.588843 0.3830723
-2.030283 6.8569937 0.6512229
-1.8770542 7.163451 0.7661445
-1.9153614 7.469909 0.72783726
-2.1068976 7.5082164 0.6895301
-2.3750482 7.3549876 0.6895301
-2.6431985 7.086837 0.6895301
-2.719813 6.7420716 0.6895301
-2.6431987 6.6654572 0.5363012
-2.4133554 6.9719152 0.30645782
-2.1452048 7.469909 0.11492168
-1.9536686 7.929596 -0.038307227
-1.9536686 8.197746 -0.15322891
-2.3750482 7.8529816 -0.15322891
-2.681506 7.546524 -0.076614454
-2.9113493 7.163451 0.0
-3.1411927 6.895301 0.038307227
-3.2561142 6.8186865 -0.076614454
-3.3327289 7.163451 -0.19153613
-3.2944217 7.6231384 -0.4213795
-3.1795 8.0445175 -0.61291564
-3.064578 8.274361 -0.6895301
-3.026271 7.73806 -0.26815057
-3.6391866 7.2400656 0.6895301
-4.1371803 7.086837 0.91937345
-4.7500963 6.7803793 0.45968673
-4.673482 6.6654577 0.34476504
-3.8307228 6.9719152 0.80445176
-3.2944217 7.3549876 1.2258313
-3.0262709 7.929596 1.5705962
-2.9879637 8.236053 1.7621324
-3.2561145 8.312668 1.7238252
-3.6008792 8.121132 1.6089035
-3.7924156 7.010223 0.9193734
-3.2561145 6.7420716 0.53630114
-2.9879637 7.0485296 0.5746084
-2.681506 7.929596 1.1492168
-2.3367407 8.810662 2.1068976
-1.838747 9.730036 3.2944217
-1.9153614 9.38527 2.9496565
-2.2601266 8.772355 2.1068974
-2.6431985 8.159439 1.3790601
-2.9113493 7.73806 1.1109096
-2.9113493 7.8912888 1.2258313
-2.4516625 8.810662 1.9919758
-1.8004397 10.266336 2.834735
-0.7278373 12.794613 4.1754875
-0.8810662 12.986149 4.0222588
-1.3790603 12.334927 3.5242648
-2.0685902 11.415554 3.0262709
-2.7964275 10.304644 2.719813
-3.1411927 9.576807 2.8347347
-3.1411927 9.500193 3.409343
-2.9879637 10.0748005 3.9456441
-2.566584 10.840945 4.4436383
-2.2218192 11.645397 4.8267107
-1.9536686 12.181699 4.673482
-1.8387469 12.181699 4.5968676
-1.9153614 11.875241 4.3287168
-2.183512 11.377247 4.098873
-2.528277 10.840945 4.1371803
-2.681506 10.496181 4.290409
-2.6431987 10.419566 4.6351743
-2.3750482 10.572795 4.9799395
-1.9919758 10.955868 5.401319
-1.6472108 11.224018 5.477934
-1.4939818 11.377247 5.4396267
-1.3407528 11.33894 5.4013195
-1.1875241 10.994174 5.5545483
-0.9959879 10.802638 5.5545483
-0.91937345 10.572795 5.516241
-0.80445176 10.572795 6.052542
-1.1492169 10.611102 6.9336085
-1.1875241 10.49618 7.4316025
-1.0342951 10.802637 7.3932953
-0.842759 11.224018 6.550536
-0.11492169 11.530476 5.3247046
0.30645782 11.990162 4.1371803
-0.344765 10.91756 3.9839516
-0.8810662 10.381258 4.367024
-1.1109096 10.266336 5.094861
-1.1875241 10.036493 6.1291566
-1.0342951 9.768343 5.7843914
-1.0342951 9.615114 5.363012
-1.1109096 9.5385 5.0182467
-1.0726024 9.576807 4.7884035
-0.9959879 9.730036 4.8267107
-0.8810662 9.921572 5.0182467
-0.61291564 10.0748005 5.1714754
-0.4596867 10.151415 5.1714754
-0.4213795 10.036493 4.9799395
-0.4213795 9.844957 4.5968676
-0.5746084 9.5385 4.1371803
-0.7661445 9.11712 3.7541082
-0.9193735 8.925584 3.5625722
-1.0342952 8.887277 3.524265
-0.9959879 8.925584 3.7924154
-0.91937345 9.193735 4.098873
-0.80445176 9.232042 4.3287163
-0.61291564 9.232042 4.596867
-0.4213795 9.308657 4.7500963
-0.22984336 9.2703495 4.8267107
-0.038307227 9.385271 4.865018
0.11492168 9.461885 4.6351748
0.2681506 9.5385 4.2904096
0.4213795 9.691729 4.098873
0.53630114 9.691729 3.86903
0.53630114 9.653421 3.86903
0.38307226 9.423578 4.0222588
0.15322891 9.040505 4.252102
-0.11492168 8.695741 4.520253
-0.34476507 8.427589 4.711789
-0.4213795 8.350975 4.865018
-0.3830723 8.427589 4.8267107
-0.2681506 8.619125 4.7500963
-0.11492168 8.772355 4.7500963
-0.038307227 8.925584 4.5968676
0.0 9.002198 4.5202527
-0.038307227 8.963891 4.4819455
-0.11492168 8.887277 4.290409
-0.2681506 8.734048 4.290409
-0.3830723 8.542512 4.1754875
-0.5746084 8.389282 4.098873
-0.8044518 8.312668 4.098873
-0.9959879 8.312668 4.1754875
-1.1492168 8.465897 4.4053307

