-1.4556746 8.542512 5.1714754
-1.7238252 8.772355 5.24809
-2.1835117 9.002198 5.286397
-2.6431985 9.232042 5.133168
-2.8347347 9.5385 5.133168
-2.9879637 9.653421 5.0182467
-3.0262709 9.730036 4.865018
-2.9879637 9.768343 5.0182467
-2.9113493 9.883265 5.171476
-2.7581203 9.921572 5.363012
-2.6431987 9.998186 5.5928555
-2.6048915 9.998186 5.5928555
-2.6048915 9.883265 5.5545483
-2.7581203 9.80665 5.5545483
-2.873042 9.653421 5.3247046
-2.9496565 9.5385 5.133168
-2.9879637 9.461885 4.903325
-2.9496565 9.576807 4.7500963
-2.8347347 9.80665 4.673482
-2.6431987 10.0748005 4.6351743
-2.1452048 10.611102 4.673482
-1.9153614 10.764331 4.711789
-1.7238252 10.879252 4.673482
-1.5705963 10.764331 4.5585604
-1.6472107 10.496181 4.4053307
-1.7238252 10.189722 4.290409
-1.8770542 9.80665 4.1754875
-1.9153614 9.653421 4.2904096
-1.8004396 9.768343 4.6351743
-1.6472108 10.036493 5.056554
-1.4556746 10.189722 5.5162406
-1.3024457 10.228029 5.7843914
-1.340753 10.036493 5.7843914
-1.4556746 9.768343 5.707777
-1.4173675 9.730036 5.516241
-1.3407528 9.844957 5.5545483
-1.1109096 10.036493 5.477934
-0.84275895 10.266336 5.363012
-0.5746084 10.611102 5.363012
-0.30645782 10.879253 5.2480903
-0.22984335 11.032482 5.3247046
-0.26815057 10.955867 5.4779334
-0.4596867 10.534487 5.4779334
-0.842759 10.0748005 5.66947
-1.0342951 9.768343 5.899313
-1.0342951 9.653421 6.205771
-0.9959879 9.80665 6.550536
-0.84275895 9.883265 6.5888433
-0.7661445 9.921572 6.3973074
-0.6895301 9.883265 6.1674633
-0.5746084 9.844957 5.8226986
-0.4213795 9.883265 5.5928555
-0.26815057 9.921572 5.401319
-0.15322891 9.998186 5.133168
-0.038307227 9.998186 4.9799395
0.076614454 9.959879 4.711789
0.22984335 9.959879 4.5968676
0.34476504 10.036493 4.481946
0.38307226 10.0748005 4.3287168
0.34476507 10.036493 4.367024
0.22984336 9.768343 4.252102
0.11492168 9.500193 4.2137947
0.0 9.270349 4.098873
0.0 9.040505 3.8307228
0.076614454 9.002198 3.7924156
0.11492168 9.002198 3.7541084
0.22984336 8.963891 3.7158012
0.19153613 8.963891 3.6391864
0.076614454 8.772354 3.371036
-0.038307227 8.542511 3.064578
-0.19153613 8.312668 2.9496565
-0.26815057 8.121132 2.873042
-0.26815057 8.082825 2.834735
-0.26815057 8.00621 2.6431987
-0.30645782 7.967903 2.2218192
-0.30645782 8.00621 1.8770541
-0.30645782 8.121132 1.5705963
-0.22984336 8.236053 1.340753
-0.11492168 8.350975 1.2258313
-0.038307227 8.350975 1.1492168
-0.11492168 8.197746 0.9959879
-0.30645782 7.929596 0.9959879
-0.57460845 7.584831 1.1492168
-0.8810662 7.278373 1.1492168
-1.0342952 6.9719152 1.2258313
-1.1492169 6.8569937 1.1875241
-1.2258313 6.7803793 1.0342952
-1.3024457 6.703765 0.842759
-1.3790601 6.8569937 0.5746084
-1.340753 7.0102224 0.19153613
-1.2258313 7.240066 -0.30645782
-1.1109096 7.469909 -0.6512228
-1.1109096 7.5082164 -0.842759
-1.2641385 7.3549876 -0.7278373
-1.4939818 7.0102224 -0.4213795
-1.7238252 6.62715 -0.15322891
-1.9536686 6.244078 0.11492168
-2.1452045 6.0525417 0.076614454
-2.2984335 6.090849 -0.076614454
-2.3750482 6.129156 -0.15322891
-2.3750482 6.3589997 -0.2681506
-2.2984338 6.588843 -0.15322891
-2.2218192 6.703765 0.076614454
-2.2218192 6.933608 0.22984336
-2.2601264 7.086837 0.45968673
-2.336741 7.125144 0.49799395
-2.4133554 7.2783732 0.49799395
-2.4516625 7.3549876 0.5363012
-2.4899697 7.3166804 0.4213795
-2.566584 7.3549876 0.34476504
-2.719813 7.2783732 0.22984336
-2.9113493 7.1634517 -0.076614454
-3.0262709 7.1634517 -0.30645782
-3.1411924 7.0102224 -0.5363012
-3.0262709 7.0485296 -0.61291564
-2.719813 7.3932953 -0.38307226
-2.4899697 7.967903 -0.038307227
-2.4133554 8.197746 0.038307227
-2.4516625 8.274361 0.22984336
-2.5282772 8.197746 0.076614454
-2.6431987 8.0445175 -0.076614454
-2.7964277 7.73806 -0.26815057
-3.0645783 7.3166804 -0.49799395
-3.371036 6.895301 -0.6895301
-3.6774938 6.4739213 -0.8044517
-3.9456444 6.2440777 -0.7278373
-4.0222588 6.2823853 -0.5363012
-3.9839516 6.4356146 -0.11492169
-3.8307228 6.6654577 0.076614454
-3.562572 6.895301 0.11492168
-3.2944217 7.0102224 0.0
-3.1411927 6.933608 -0.4213795
-3.1028852 6.933608 -0.7661445
-3.1028852 6.933608 -1.0342951
-3.1028852 6.7803793 -1.3407528
-2.9879637 6.8569937 -1.4173673
-2.7964275 6.895301 -1.3024457
-2.6048915 6.933608 -1.0726024
-2.4516625 7.0485296 -0.6895301
-2.4516625 7.086837 -0.22984335
-2.566584 7.163451 0.15322891
-2.719813 7.2783732 0.4213795
-2.6048915 7.699753 0.45968673
-2.2984338 7.967903 0.3830723
-1.9153614 8.236053 0.30645782
-1.6472107 8.42759 0.2681506
-1.532289 8.619126 0.49799395
-1.6089035 8.6574335 0.6512228
-1.8387468 8.619126 0.80445176
-2.030283 8.504205 0.8810662
-2.260126 8.236053 0.7661445
-2.336741 7.967903 0.7661445
-2.260126 7.776367 0.9959879
-2.260126 7.73806 1.2641386
-2.260126 7.8146744 1.685518
-2.528277 7.967903 1.8770541
-3.0262709 7.967903 1.7621324
-3.562572 7.73806 1.5705962
-3.9456444 7.8146744 2.0685902
-3.7541084 8.580819 3.5242648
-3.3327289 9.308657 4.1754875
-3.1411927 9.80665 3.86903
-3.2561142 10.151415 3.4476504
-3.4859576 10.304644 2.834735
-3.8307226 10.304644 2.5282772
-3.9456444 10.342951 2.7198133
-3.7924154 10.457872 2.9879637
-3.4859576 10.611102 3.371036
-3.2561142 10.91756 3.562572
-3.1794996 11.070788 3.6774938
-3.3327289 10.955867 3.7158012
-3.6008792 10.840945 3.7541084
-3.7158012 10.840945 4.0222588
-3.6008794 10.91756 4.098873
-3.2944217 11.109097 3.86903
-2.9496565 11.109097 3.4859576
-2.719813 10.802639 2.9113493
-2.7964275 10.381259 2.528277
-2.9113493 9.998186 2.566584
-2.9879637 9.844957 2.9496565
-2.8347347 10.266336 3.5625722
-2.1452048 11.453861 4.2137947
-1.8770542 12.105084 4.3287168
-1.9536686 12.02847 4.1754875
-2.183512 11.568783 4.1754875
-2.528277 10.840946 4.2137947
-2.9113493 9.959879 4.367024
-3.1411927 9.346964 4.711789
-3.2561142 9.078813 4.9416323
-3.2944214 9.002198 5.133168
-3.217807 9.270349 5.3630123
-3.064578 9.576807 5.516241
-2.8347347 9.959879 6.052542
-2.2218192 10.6877165 7.0102224
-1.8004396 11.032482 7.4316025
-0.842759 11.798626 7.393295
-0.45968673 11.9135475 6.3206925
-0.61291564 11.492168 5.861006
-0.8810662 10.802638 5.9759274
-0.842759 10.496181 6.5505357
-0.6512229 10.534488 6.9719152
-0.4213795 10.534488 7.2783732
-0.26815057 10.496181 7.201759
-0.11492168 10.457873 6.933608
-0.038307227 10.342951 6.742072
0.076614454 10.304644 6.7803793
0.30645782 10.457872 7.0485296
0.57460845 10.840944 7.2783737
0.8044518 11.109096 7.1634517
0.9193735 11.109096 6.435614
0.9193735 10.840945 5.554548
0.6895301 10.189722 4.6351743
0.2681506 9.500192 3.9839516
-0.22984338 9.002198 4.137181
-0.61291564 8.6574335 4.903325
-0.80445176 8.619126 6.205771
-0.80445176 8.6574335 7.3932953
-0.7661446 8.734048 7.967903
-0.7661446 8.772355 7.776367
-0.7661446 8.6574335 6.8186865
-0.7661446 8.389282 5.861006
-0.7661446 8.0445175 5.0182467
-0.80445176 7.699753 4.4436383
-0.84275895 7.431602 4.4436383
-0.8810662 7.3549876 4.596867
-0.8810662 7.3932953 4.865018
-0.80445176 7.546524 5.363012
-0.6895301 7.8912888 5.707777
-0.49799392 8.312668 6.0525417
-0.2681506 8.542511 6.2440777
-0.15322891 8.6574335 6.0525417
-0.15322891 8.580819 5.7843914
-0.2681506 8.350975 5.516241
-0.42137948 8.197746 5.477934
-0.57460845 8.082825 5.707777
-0.68953 8.082825 6.0525417
-0.72783726 8.082825 6.282385
-0.7661445 8.082825 6.3589993
-0.7661445 8.121132 6.2057705
-0.80445176 8.121132 5.9759274
-0.842759 8.0445175 5.7843914
-0.9959879 8.00621 5.707777
-1.1109096 7.8912888 5.5162406
-1.1492168 7.776367 5.2863975
-1.2258313 7.8146744 4.9799395

