-1.9153614 8.082825 5.516241
-2.1068976 8.465898 5.4779334
-2.5282772 8.6574335 5.7077765
-2.7964277 8.963891 5.899313
-2.9113493 9.232041 5.7843914
-3.064578 9.078813 5.861006
-3.1028852 9.040505 5.7843914
-3.064578 9.193734 5.8226986
-3.0262709 9.385271 5.899313
-2.9496565 9.615114 5.861006
-2.9113493 9.768343 5.7843914
-2.9113493 9.730036 5.746084
-2.9113493 9.615114 5.8226986
-2.9113493 9.461885 5.899313
-2.9113493 9.193735 6.0525417
-2.9113493 9.002199 6.0525417
-2.873042 8.925584 5.899313
-2.7581203 8.963891 5.861006
-2.528277 9.193734 5.746084
-2.2218192 9.461885 5.707777
-1.9536686 9.653421 5.5928555
-1.8004398 9.653421 5.3247046
-1.7621324 9.5385 5.1331687
-1.7621324 9.346964 4.9416323
-1.8004397 9.11712 4.7884035
-1.7621324 9.002198 4.6351743
-1.7621324 8.925584 4.6351743
-1.685518 8.887277 4.596867
-1.4939818 9.040506 4.7500963
-1.2641385 9.232042 4.903325
-0.9576807 9.461885 4.903325
-0.7661445 9.691729 4.865018
-0.6895301 9.768343 4.8267107
-0.6895301 9.691729 4.7500963
-0.72783726 9.653421 4.5968676
-0.7661445 9.5385 4.6351748
-0.7278373 9.346964 4.5202527
-0.68953 9.461885 4.55856
-0.53630114 9.5385 4.673482
-0.34476504 9.80665 4.596867
-0.15322891 10.189723 4.405331
0.0 10.266337 4.175488
0.0 10.304645 3.86903
-0.11492168 10.0748005 3.6391864
-0.34476504 9.730036 3.6008792
-0.49799395 9.576807 3.562572
-0.61291564 9.461885 3.6008792
-0.61291564 9.500193 3.6008792
-0.45968673 9.730036 3.6774936
-0.34476504 9.883265 3.6774936
-0.19153613 10.036493 3.5242648
-0.076614454 10.113108 3.4476504
0.038307227 10.228029 3.1411924
0.15322891 10.534487 3.4093432
0.11492168 10.611101 3.6391866
0.0 10.419565 3.8307228
-0.15322891 10.266336 4.098873
-0.34476504 10.036493 4.252102
-0.45968673 9.959879 4.55856
-0.5363012 9.959879 4.9799395
-0.57460845 10.036493 5.2480903
-0.57460845 10.113108 5.363012
-0.49799395 10.228029 5.2097826
-0.4213795 10.381258 4.903325
-0.30645782 10.496181 4.4436383
-0.19153613 10.6877165 4.098873
-0.11492168 10.840945 3.9839516
-0.15322891 10.840945 3.9839516
-0.22984336 10.764331 4.2904096
-0.4213795 10.611102 4.5585604
-0.68953013 10.342951 4.711789
-1.1875241 9.883265 4.7884035
-1.340753 9.576807 4.7884035
-1.3790603 9.576807 4.673482
-1.1875241 9.730036 4.5968676
-0.84275895 10.036493 4.3287168
-0.45968673 10.49618 3.9456444
-0.038307227 10.649409 3.4476502
0.19153613 10.649409 2.719813
0.30645782 10.572795 2.2218192
0.34476504 10.266336 1.7621324
0.11492168 10.036493 1.8004397
-0.076614454 9.691729 2.2601264
-0.30645782 9.308657 2.7964277
-0.5363012 9.078814 3.4476504
-0.5746084 8.772355 3.7924156
-0.45968673 8.810662 3.5625722
-0.15322891 9.078814 3.0645783
0.038307227 9.2703495 2.7581203
0.11492168 9.385271 2.6048915
0.076614454 9.2703495 2.4899697
-0.30645782 8.734048 2.6048913
-0.5746084 8.350975 2.681506
-0.842759 7.967903 2.681506
-0.9959879 7.6231384 2.4133554
-1.0342951 7.354988 2.1068974
-0.9959879 7.316681 1.9153613
-0.842759 7.508217 1.6855179
-0.68953013 7.73806 1.6855179
-0.5746084 8.00621 1.6472107
-0.5363012 8.159439 1.6855179
-0.5746084 8.236053 1.8387469
-0.6895301 8.236053 1.9153614
-0.842759 8.159439 1.8770542
-0.99598795 7.929596 1.685518
-1.1875241 7.6231384 1.3790601
-1.340753 7.354988 1.0342951
-1.4556745 7.163451 0.842759
-1.4556745 7.2783737 0.80445176
-1.3024457 7.584831 0.91937345
-1.1875241 7.8912888 1.1492168
-1.1492168 8.0445175 1.3024458
-1.2258313 7.967903 1.340753
-1.4556746 7.699753 1.2258313
-1.6089036 7.3932953 1.1109096
-1.6472108 7.2017584 0.88106626
-1.6472108 7.125144 0.6895301
-1.6089036 7.086837 0.5363012
-1.6089036 7.086837 0.38307226
-1.685518 7.2017584 0.26815057
-1.7621324 7.163451 0.344765
-1.8004396 7.3932943 0.38307226
-1.7621324 7.661445 0.38307226
-1.6472107 7.8529816 0.4596867
-1.5705963 8.121132 0.38307226
-1.4939818 8.121132 0.4213795
-1.532289 8.00621 0.5746084
-1.7238252 7.8146744 0.61291564
-1.9153614 7.584831 0.5746084
-2.1452048 7.393295 0.5363012
-2.336741 7.3549876 0.49799395
-2.2984335 7.3932953 0.6512229
-2.183512 7.584831 0.7661445
-1.9536686 7.929596 0.8810662
-1.685518 8.236053 0.80445176
-1.4556746 8.504204 0.5746084
-1.340753 8.695741 0.2681506
-1.3790601 8.734048 -0.038307227
-1.532289 8.695741 -0.11492168
-1.8387468 8.542511 0.0
-2.1452048 8.197746 0.42137948
-2.4133554 7.8146744 0.80445176
-2.7964277 7.3166804 1.2258313
-2.873042 7.3932953 1.2258313
-2.834735 7.6614456 1.0726024
-2.681506 8.00621 0.7661446
-2.528277 8.274361 0.45968673
-2.375048 8.427589 0.15322891
-2.2984335 8.350975 -0.11492168
-2.4133554 7.929596 -0.15322891
-2.528277 7.776367 -0.076614454
-2.6815057 7.6231384 0.076614454
-2.8347347 7.508217 0.2681506
-3.0262709 7.3549876 0.6512228
-3.1411927 7.0868373 0.9193735
-3.1411927 6.8569937 1.2641385
-3.026271 6.6654577 1.1875241
-2.834735 6.6271505 0.84275895
-2.6431987 6.7803793 0.53630114
-2.528277 6.933608 0.30645782
-2.4899697 7.0485296 0.30645782
-2.4516625 7.201759 0.38307226
-2.4133554 7.163451 0.4596867
-2.336741 7.163451 0.4213795
-2.2601264 7.163451 0.61291564
-2.2601264 7.163451 0.9959879
-2.2601264 7.163451 1.4939818
-2.3750482 7.201759 1.8004396
-2.6431987 7.2783732 1.9536686
-2.7964275 7.201759 1.838747
-2.9113493 7.2783732 1.6472108
-2.7964275 7.431602 1.4939818
-2.4133554 7.6614456 1.340753
-1.9536686 7.967903 1.1492168
-1.4939818 8.197746 1.0342951
-1.2641385 8.389282 1.2641385
-1.2258313 8.542511 1.7238252
-1.340753 8.657433 2.336741
-1.6089035 8.772355 2.7964275
-1.8770541 8.848969 2.911349
-2.221819 8.963891 2.6048913
-2.1835117 8.925584 2.336741
-2.030283 8.772355 2.1068974
-1.9536686 8.465897 1.9153614
-1.9153614 8.197746 1.8004396
-2.030283 8.159439 1.9919758
-2.2218192 8.274361 2.6431987
-2.4133554 8.580818 3.217807
-2.6048913 8.925584 3.715801
-2.873042 9.002198 3.9456444
-3.1794999 8.925584 3.86903
-3.4093432 8.6574335 3.9073372
-3.6008794 8.197746 4.0222588
-3.6774938 8.00621 4.367024
-3.6008794 8.0445175 4.673482
-3.5242648 8.427589 5.0182467
-3.4093432 9.193735 5.1714754
-3.2561145 9.959879 5.24809
-3.1411924 10.572794 5.401319
-2.9879637 11.070788 5.3247046
-2.834735 11.530476 5.477934
-2.719813 11.760319 5.4396267
-2.719813 11.87524 5.4013195
-2.7964275 11.722012 5.516241
-3.0262709 11.18571 5.516241
-3.2561142 10.764331 5.6311626
-3.3710358 10.764331 5.5928555
-3.409343 10.91756 5.3247046
-3.3710358 11.18571 4.9799395
-3.3327286 11.377247 4.6351743
-3.1794999 11.224018 4.55856
-3.0645783 11.032482 4.7500963
-2.7964277 11.032482 5.133168
-2.4516625 11.224018 5.554548
-2.2601264 11.33894 5.66947
-2.1068974 11.33894 5.4779334
-2.1452048 11.070788 5.1714754
-2.2984335 10.572795 4.9799395
-2.375048 10.228029 5.133168
-2.2601264 10.151415 5.592855
-1.8770542 10.381258 6.090849
-1.2641385 11.109096 6.588843
-0.5363012 11.990163 6.7037644
0.07661444 12.603078 6.435614
0.34476504 12.679692 5.899313
0.38307226 12.105084 5.209783
0.26815057 11.224018 4.9799395
0.15322891 10.572795 5.2863975
0.30645782 10.381259 5.861006
0.6512228 10.496181 6.2823853
1.0342951 10.764331 6.3589997
1.4173673 10.955867 6.1291566
1.685518 11.032481 5.8226986
1.685518 10.879252 5.5162406
1.5705963 10.49618 5.286397
1.340753 9.80665 5.2097826
0.9959879 9.11712 5.3247046
0.8810662 8.6574335 5.6694694
0.8810662 8.465897 5.93762
0.9959879 8.619125 6.0142345
1.2258313 8.963891 5.8226986
1.3024457 9.155427 5.439626
1.1492168 9.232041 5.2480903
0.9576806 9.193734 5.2480903
0.7661445 9.040505 5.3247046
0.57460845 9.002198 5.707777
0.5363012 8.887277 5.93762
0.49799398 8.848969 5.9759274
0.45968673 8.734048 6.0525417
0.61291564 8.6574335 5.7843914
0.9193735 8.963891 5.4779334
1.7621324 9.959879 5.363012
2.0685904 10.419566 5.401319
2.1452048 10.457873 5.4396267
2.0685902 10.228029 5.516241
1.8004396 9.768343 5.7843914
1.4173673 9.232042 6.167464
0.99598783 8.6574335 6.5122285
0.53630114 8.0445175 6.588843
0.0 7.4316025 6.5122285
-0.49799395 6.9719152 6.282385
-0.91937345 6.742072 6.090849
-1.1492169 6.7803793 5.746084
-1.2258313 7.086837 5.4013186
-1.0726023 7.4316025 5.133168

