-0.6512229 8.159439 4.865018
-0.4596867 8.465897 4.7500963
-1.2258313 8.159439 5.8610053
-1.6472107 8.197746 6.3589997
-1.7621325 8.389282 6.5122285
-2.030283 8.657433 6.2823853
-2.2984338 9.002198 6.1674633
-2.528277 9.078813 5.6694694
-2.6815062 9.078813 5.401319
-2.873042 8.925584 5.1714754
-3.064578 8.657433 5.0182467
-3.1794999 8.427589 4.9799395
-3.2944214 8.274361 4.865018
-3.2944214 8.350975 4.8267107
-3.1794999 8.465897 4.7500963
-3.0262709 8.6574335 4.7884035
-2.7964275 8.925584 4.865018
-2.528277 9.155428 5.1331687
-2.3367407 9.308657 5.401319
-2.2601264 9.385271 5.401319
-2.2601264 9.346964 5.3247046
-2.2601264 9.346964 5.133168
-2.2218192 9.423578 4.9416323
-2.030283 9.5385 5.0182467
-1.8387468 9.768343 5.133168
-1.6472107 10.036493 5.3247046
-1.4939818 10.266336 5.516241
-1.3790601 10.496181 5.5545483
-1.340753 10.611102 5.5928555
-1.3790601 10.572795 5.66947
-1.4173673 10.534488 5.631162
-1.4556746 10.381259 5.554548
-1.5322891 10.189722 5.592855
-1.5705965 9.998186 5.401319
-1.6472108 9.730036 5.5545483
-1.7621324 9.576807 5.6311626
-1.838747 9.500193 5.746084
-1.9153614 9.346964 5.93762
-1.9153614 9.423578 6.0525417
-1.7621324 9.5385 6.3206925
-1.4556746 9.768343 6.3589997
-0.9959879 10.342952 6.3589997
-0.26815057 11.032481 5.592855
-0.15322891 11.147403 5.1714754
-0.19153613 10.91756 4.9416323
-0.344765 10.764331 4.903325
-0.4596867 10.649409 5.056554
-0.49799395 10.649409 5.24809
-0.49799395 10.802638 5.2863975
-0.4213795 10.879252 5.2480903
-0.34476507 10.840945 5.209783
-0.34476507 10.764331 5.133168
-0.4213795 10.649409 5.1714754
-0.53630114 10.572795 5.209783
-0.61291564 10.572795 5.209783
-0.57460845 10.649409 5.171476
-0.49799395 10.6877165 5.0182467
-0.4213795 10.6877165 4.903325
-0.38307226 10.6877165 4.7500963
-0.4213795 10.572795 4.673482
-0.49799395 10.457872 4.55856
-0.57460845 10.304644 4.4819455
-0.61291564 10.228029 4.4819455
-0.6512228 10.228029 4.5202527
-0.5746084 10.266337 4.596867
-0.4213795 10.419566 4.673482
-0.34476507 10.381259 4.5968676
-0.19153613 10.419566 4.5202527
-0.15322891 10.457873 4.711789
-0.19153613 10.419566 4.9416323
-0.19153613 10.342952 5.2480903
-0.38307226 10.0748005 5.2480903
-0.53630114 9.768343 4.8267107
-0.6512228 9.308657 4.2521024
-0.7661445 9.078814 3.7924156
-0.6895301 9.040506 3.6391866
-0.6895301 9.002198 3.6391866
-0.7661445 9.11712 3.7541084
-0.842759 9.078813 3.677494
-0.9576807 8.925584 3.524265
-0.9576807 8.887277 3.371036
-0.7661446 8.848969 3.217807
-0.5746084 8.887277 3.1028852
-0.45968673 8.848969 2.9496565
-0.45968673 8.6574335 2.719813
-0.6512229 8.389282 2.528277
-0.91937345 8.0445175 2.4133554
-1.1875241 7.6614456 2.4133554
-1.4939818 7.2783737 2.6048915
-1.7621324 6.9719152 2.7581203
-1.9919758 6.742072 3.0645783
-2.183512 6.6654577 3.3327289
-2.1452048 6.8569937 3.7541084
-2.1068974 7.125144 4.1371803
-1.9919758 7.316681 4.2137947
-1.9536686 7.4316025 4.098873
-2.0685902 7.354988 3.6008792
-2.183512 7.1634517 3.0645783
-2.375048 7.010223 2.6048915
-2.4899697 6.933608 2.2601266
-2.6431987 6.8569937 1.9919759
-2.7964277 6.8186865 1.7238252
-2.9113493 6.8186865 1.6472107
-3.064578 6.742072 1.6855179
-3.2561142 6.6654572 1.7621324
-3.4093432 6.4739213 2.030283
-3.6008794 6.282385 2.1452048
-3.677494 6.090849 2.2984338
-3.7158012 5.899313 2.3750482
-3.7541084 5.7843914 2.2601264
-3.7541084 5.746084 2.0685902
-3.7924156 5.8226986 1.8004396
-3.7158012 5.9759274 1.5705962
-3.6008792 6.3206925 1.4173675
-3.4859576 6.588843 1.4556746
-3.371036 6.8569937 1.5705962
-3.2944214 7.0868373 1.7238252
-3.2944214 7.1634517 1.8770542
-3.3327286 7.2783732 1.9919758
-3.409343 7.240066 1.9536686
-3.4476504 7.163451 1.9153614
-3.4859576 7.163451 1.838747
-3.4093432 7.125144 1.6472108
-3.2944217 7.2400656 1.532289
-3.1794999 7.393295 1.340753
-2.9879637 7.469909 1.1109096
-2.9113493 7.6614456 0.842759
-2.873042 7.73806 0.6512228
-2.834735 7.776367 0.61291564
-2.719813 7.73806 0.7661446
-2.719813 7.6231384 1.0342951
-2.719813 7.6231384 1.2641385
-2.9879637 7.776367 1.0726023
-3.1411924 7.929596 0.5746084
-3.1411924 7.8912888 0.11492166
-3.1028852 7.73806 -0.38307226
-2.9879637 7.6614456 -0.6512228
-2.873042 7.6231384 -0.4213795
-3.0262709 7.699753 0.038307227
-3.217807 7.73806 0.0
-3.3327289 7.73806 -0.26815057
-3.4093432 7.584831 -0.4213795
-3.4476504 7.508217 -0.30645782
-3.371036 7.3549876 -0.15322891
-3.371036 7.2017584 0.2681506
-3.6008792 7.086837 0.6512229
-3.8307228 6.9719152 0.91937345
-4.060566 6.933608 0.9959879
-4.0222588 7.086837 0.6512228
-3.7924154 7.163451 0.4213795
-3.4859576 7.125144 0.4213795
-3.217807 7.2783732 0.68953013
-3.0645783 7.4699097 1.1492169
-3.1028855 7.6614456 1.5705962
-3.3327286 7.967903 1.9536686
-3.562572 8.0445175 1.8770541
-3.7541084 7.8146744 1.6472107
-3.7541084 7.6614456 1.3024458
-3.4859576 7.431602 1.0726024
-3.1028852 7.3166804 1.2258313
-2.7581203 7.508217 1.3407528
-2.528277 7.73806 1.5705962
-2.4899697 8.0445175 1.6089035
-2.5665843 8.312668 1.532289
-2.6431987 8.427589 1.532289
-2.7198133 8.350975 1.4556746
-2.834735 8.0445175 1.4556746
-2.9113493 7.73806 1.6089034
-2.873042 7.584831 1.8387468
-2.7581203 7.6231384 2.1452048
-2.719813 7.967903 2.3367407
-2.7964275 8.350975 2.1068974
-3.064578 8.542511 1.8004397
-3.4093432 8.6574335 1.6472107
-3.6391866 8.580819 1.6855179
-3.8307228 8.312668 1.9919758
-3.9839516 8.00621 2.6048915
-4.098873 7.776367 3.3327289
-4.2521024 7.8146744 4.1371803
-4.2904096 8.427589 5.439626
-4.367024 8.734048 5.439626
-4.5202527 8.848969 5.133168
-4.8267107 8.887277 4.6351743
-5.0182467 9.078813 4.5202527
-5.056554 9.232041 4.8267107
-4.865018 9.500193 5.401319
-4.4819455 9.921572 6.244078
-4.137181 10.266336 6.742072
-4.0222588 10.572795 6.8569937
-4.1754875 10.6877165 6.6654577
-4.55856 10.49618 6.2823853
-4.9416323 10.266336 6.244078
-5.133168 9.998186 6.3589997
-5.056554 9.883265 6.6654572
-4.750096 9.883265 6.9719152
-4.4819455 9.691729 6.742072
-4.2137947 9.691729 6.512229
-3.9839516 9.691729 6.4356146
-3.5242648 10.189722 6.6271505
-2.4133554 11.836933 7.546524
-1.8004396 12.717999 7.584831
-1.6472108 12.756307 7.0868373
-1.9919758 11.568782 5.784391
-2.7581205 9.998186 5.401319
-3.4476504 8.580819 5.4779334
-3.9456444 7.3166804 5.93762
-4.0222588 6.588843 6.5122285
-3.5242648 6.62715 6.8186865
-2.9113493 6.9719152 6.703765
-2.2218192 7.546524 6.397307
-1.3790601 8.236054 6.244078
-0.038307235 9.2703495 7.086837
0.5363012 9.844957 7.699753
0.842759 10.381259 8.159439
1.0726024 10.802639 8.312668
1.1492169 10.917561 8.121132
1.0726024 10.611101 7.6614456
0.8044517 9.959879 6.895301
0.49799395 9.576807 6.3589997
0.38307226 9.461885 6.2057705
0.38307226 9.768343 6.1674633
0.6512228 10.266336 6.397307
0.9576807 10.611101 6.2823853
1.1109096 10.687716 5.861006
0.80445176 9.921572 4.9416323
0.38307226 9.193735 4.7500963
-0.2681506 8.42759 5.0182467
-0.9576807 7.584831 5.554548
-1.4939818 6.9719152 6.244078
-1.7621324 6.7803793 6.895301
-1.5705962 7.086837 7.240066
-1.1109096 7.73806 7.3549876
-0.45968673 8.465898 6.933608
0.34476504 9.5385 6.129156
0.61291564 9.80665 6.0525417
0.7278373 10.036493 6.205771
0.8044517 10.113108 6.3206925
0.84275895 10.036493 6.244078
0.7661445 9.959879 5.9759274
0.6512228 9.768343 6.052542
0.5363012 9.385271 6.435614
0.34476507 8.925584 7.0485296
0.038307227 8.350976 7.8529816
-0.4213795 7.508217 8.389282
-0.9576807 6.703765 8.734048
-1.4556746 5.9759274 8.6574335
-1.8004397 5.4396267 8.312668
-1.9919758 5.286397 7.776367
-2.0685902 5.477933 7.0485296
-2.0685902 5.9759274 6.435614
-1.838747 6.6271505 6.014235
-1.4939818 7.278373 5.707777
-1.2258313 7.8529816 5.5545483

