-1.0726024 8.121132 5.5545483
-1.1875241 8.121132 5.363012
-1.8770541 7.240066 6.397307
-2.0685902 7.393295 6.9336085
-2.1452045 7.508217 7.1251445
-2.4133554 7.546524 7.546524
-2.6048915 7.8529816 7.4699097
-2.5665843 7.967903 7.3932953
-2.4899697 8.121132 7.2783732
-2.413355 8.389282 7.240066
-2.3367407 8.580818 7.201759
-2.2984335 8.772355 7.201759
-2.2984335 8.887277 7.1634517
-2.2984335 8.848969 7.125144
-2.2984335 8.887277 7.125144
-2.2601264 8.925584 7.086837
-2.183512 9.002198 7.0485296
-2.1068974 9.11712 7.086837
-2.1068974 9.232041 7.086837
-2.1452045 9.232041 7.086837
-2.2218192 9.232041 7.0102224
-2.2984335 9.193734 6.856993
-2.2601264 9.11712 6.7420716
-2.1835117 9.11712 6.5505357
-1.9919758 9.11712 6.4739213
-1.7238252 9.346964 6.397307
-1.4173675 9.653421 6.3589997
-1.1109096 9.921572 6.320692
-0.91937345 10.189722 6.320692
-0.7661445 10.304644 6.2440777
-0.6512228 10.266336 6.129156
-0.61291564 10.113108 6.090849
-0.57460845 9.998186 6.0142345
-0.57460845 9.844957 5.93762
-0.57460845 9.768343 5.861006
-0.49799395 9.730036 5.707777
-0.38307226 9.80665 5.5928555
-0.26815057 9.80665 5.4013195
-0.19153613 9.80665 5.133168
-0.15322891 9.768343 4.8267107
-0.15322891 9.5385 4.5968676
-0.22984336 9.308656 4.5202527
-0.30645782 9.078813 4.481945
-0.30645782 9.040505 4.6734815
-0.22984336 9.193734 4.865018
-0.038307227 9.500193 5.0948615
0.19153613 9.883265 5.6311626
0.34476507 10.189722 6.1291566
0.34476507 10.228029 6.3206925
0.34476507 10.228029 6.3206925
0.30645782 10.0748005 5.899313
0.30645782 9.921572 5.3247046
0.344765 9.921572 4.9799395
0.344765 9.959879 4.8267107
0.38307226 10.036493 4.7884035
0.38307226 10.113108 4.9416323
0.38307226 10.189722 5.094861
0.4213795 10.113108 5.2480903
0.45968676 10.151415 5.516241
0.45968676 10.151415 5.746084
0.49799398 9.998186 5.93762
0.4213795 9.883265 6.0525417
0.30645782 9.615114 6.0142345
0.2681506 9.461885 5.8226986
0.2681506 9.423578 5.5162406
0.34476504 9.461885 5.2097826
0.61291564 9.730036 4.9416323
0.6895301 9.80665 5.056554
0.6895301 9.768343 5.094861
0.5746084 9.500193 5.133168
0.19153613 8.6574335 4.520253
0.0 8.274361 4.0988736
-0.15322891 8.082825 3.562572
-0.30645782 8.0445175 3.1411927
-0.53630114 8.159439 2.9496562
-0.6895301 8.082825 3.0262709
-0.84275895 7.8912888 3.064578
-0.9959879 7.73806 2.911349
-1.1492168 7.6614456 2.7964275
-1.2641385 7.699753 2.7964275
-1.3024457 7.776367 2.6048913
-1.3024457 7.8529816 2.4133554
-1.2258313 7.929596 2.1068974
-1.1875241 8.00621 1.8004397
-1.2258313 8.0445175 1.8387469
-1.3790601 7.967903 2.030283
-1.6472108 7.8529816 2.3367407
-1.9536686 7.6614456 2.528277
-2.2218192 7.4699097 2.6048915
-2.3750482 7.3549876 2.5282772
-2.4133554 7.2783732 2.4133554
-2.2984335 7.354988 2.3367407
-2.1452048 7.6231384 2.2984335
-2.0685902 8.0445175 2.4133554
-2.183512 8.121132 2.3750482
-2.3367407 8.00621 2.3367407
-2.4516625 7.8912888 2.2984335
-2.6431987 7.546524 2.4133554
-2.873042 7.2783732 2.4899697
-3.1411927 6.8953004 2.6431987
-3.217807 6.62715 2.5665843
-3.1411924 6.5122285 2.4133554
-3.064578 6.4739213 2.2218192
-2.9113493 6.742072 2.1452045
-2.6815057 7.2783737 2.2601264
-2.4133554 7.8146744 2.4133554
-2.1452045 8.274362 2.4516625
-1.9919758 8.389283 2.3750482
-1.9153614 8.159439 2.2218192
-2.030283 7.8146744 2.0685902
-2.2601264 7.31668 1.9919758
-2.528277 6.9719152 1.9536686
-2.7581203 6.742072 1.7621325
-2.7964277 6.703765 1.4556746
-2.7581205 6.7803793 1.187524
-2.5665843 7.0102224 0.8810662
-2.2601264 7.393295 0.7661445
-2.1068976 7.776367 0.8810662
-1.9919758 8.082825 0.9576807
-2.030283 8.159439 1.1109097
-2.2601264 8.082825 1.0726023
-2.4516625 7.8529816 0.95768064
-2.6431985 7.6614456 0.80445176
-2.8347347 7.4699097 0.6895301
-2.9879637 7.2783732 0.61291564
-3.1028855 7.201759 0.49799395
-3.217807 7.125144 0.53630114
-3.2561142 7.0485296 0.49799395
-3.2944214 7.125144 0.53630114
-3.3710358 7.125144 0.61291564
-3.3710358 7.2400656 0.7661445
-3.4093432 7.3166804 1.0342951
-3.4859576 7.2783732 1.3024458
-3.6008797 7.1251445 1.6472108
-3.7924156 6.8186865 1.7621324
-3.9456444 6.4739213 1.7621324
-4.060566 6.1674633 1.6089036
-4.060566 5.9759274 1.2641385
-3.86903 6.129156 0.7661445
-3.715801 6.3206925 0.61291564
-3.524265 6.6654572 0.53630114
-3.371036 6.9719152 0.49799395
-3.217807 7.1634517 0.5746084
-3.1028852 7.04853 0.6512228
-3.1028852 6.703765 0.9576807
-3.2944214 6.167464 1.187524
-3.6008792 5.516241 1.4173673
-3.9073372 5.324705 1.7621324
-4.098873 5.4396267 1.9536686
-4.0222588 5.746084 2.1452048
-3.7541082 6.320692 2.0685902
-3.3710358 6.7803793 1.8770541
-2.9496562 7.2017584 1.5705963
-2.4899697 7.699753 1.2641385
-2.1068976 8.082825 1.2258313
-1.8770542 8.274361 1.1492169
-1.838747 8.312668 1.2258313
-1.9919758 8.197746 1.4173675
-2.1835117 7.967903 1.685518
-2.2984338 7.8529816 2.2218192
-2.260126 7.8529816 2.7964277
-2.1068974 8.00621 3.2178068
-1.8770541 8.312668 3.4476504
-1.7621325 8.657433 3.3327289
-1.7621325 8.848969 2.9879637
-1.8770541 8.925584 2.6815057
-2.0685902 8.810662 2.3367407
-2.1452045 8.542511 2.2984335
-2.1452045 8.312668 2.566584
-1.9919758 8.197746 3.0262709
-1.6855179 8.427589 3.715801
-1.2641385 8.925585 4.3287163
-0.8044517 9.615114 4.865018
-0.49799395 10.381258 5.324704
-0.4213795 10.840945 5.592855
-0.6512228 11.070788 5.6694694
-0.95768064 11.18571 5.6694694
-1.1492169 11.147403 5.5162406
-1.1492169 11.224017 5.363012
-0.91937345 11.415554 5.171476
-0.6895301 11.377247 4.8267107
-0.49799395 11.070789 4.6351743
-0.53630114 11.147404 5.592855
-0.42137948 11.530476 6.129156
-0.1532289 12.028469 6.090849
0.038307227 12.181698 5.66947
0.15322891 11.990162 5.363012
0.22984336 11.645397 5.439626
0.38307226 11.453861 5.8226986
0.6895301 11.645397 6.473921
1.1492168 12.105083 7.0102224
1.6472108 12.679692 7.125144
1.8770542 13.1393795 6.7420716
1.9919758 13.330915 6.1291566
1.8004397 13.1393795 5.439626
1.340753 12.488155 4.7884035
0.91937345 11.568783 4.865018
0.5363012 10.687716 5.363012
0.19153613 9.883265 6.0142345
0.0 9.385271 6.6654572
-0.038307227 9.155427 6.895301
-0.038307227 9.078813 6.895301
0.076614454 9.155427 6.512229
0.22984336 9.308657 6.1674633
0.34476504 9.461885 5.899313
0.49799395 9.615114 5.7843914
0.61291564 9.691729 5.861006
0.6895301 9.691729 5.9759274
0.7661445 9.500193 6.0142345
0.72783726 9.117121 5.861006
0.6895301 8.848969 5.8226986
0.61291564 8.542512 5.746084
0.57460845 8.42759 5.707777
0.61291564 8.465898 5.7843914
0.68953013 8.42759 5.746084
0.842759 8.465898 5.707777
0.9193735 8.42759 5.5928555
0.9576807 8.350975 5.5928555
0.9959879 8.312668 5.707777
1.0342951 8.312668 5.7843914
1.1492168 8.542511 5.93762
1.340753 8.925584 5.861006
1.4556746 9.346963 5.592855
1.5322891 9.691729 5.2097826
1.5322891 9.768343 4.750096
1.4173673 9.576807 4.4819455
1.2641385 9.308657 4.4819455
1.1492169 9.040506 4.865018
1.0726024 8.925584 5.5928555
1.1109096 9.002198 6.4356146
1.2641385 9.155427 7.086837
1.4173675 9.461885 7.4316025
1.5705965 9.653421 7.4316025
1.6089036 9.768343 7.0102224
1.6089036 9.730036 6.550536
1.532289 9.5385 6.0525417
1.3790601 9.270349 5.707777
1.187524 8.963891 5.5928555
0.9959879 8.619125 5.66947
0.7661445 8.236053 5.8226986
0.5363012 7.929596 5.899313
0.34476504 7.584831 5.9759274
0.19153613 7.4316025 5.899313
0.038307227 7.4316025 5.6694694
-0.038307227 7.4699097 5.4013186
0.0 7.6614456 5.1714754

