0.15322891 6.512229 7.125144
0.19153613 6.4739213 7.3549876
0.30645782 6.435614 7.661445
0.22984336 6.244078 7.661445
0.076614454 6.1291566 7.6997523
-0.076614454 6.1291566 7.623138
-0.038307227 6.167464 7.776367
0.15322891 6.435614 7.8912888
0.38307226 6.6654577 7.8529816
0.7661445 6.895301 7.73806
1.1875241 7.163451 7.73806
1.5705965 7.31668 7.6231384
2.0302832 7.5465236 7.699753
2.336741 7.73806 7.73806
2.5665843 7.8912888 7.776367
2.6431987 8.0445175 7.8146744
2.4899697 8.121132 7.6614456
2.2218192 8.159439 7.6614456
1.9153614 8.0445175 7.6614456
1.6472107 7.8912888 7.699753
1.4939818 7.699753 7.8146744
1.4173675 7.546524 7.967903
1.3790601 7.469909 7.929596
1.3790601 7.393295 7.8146744
1.3790601 7.3549876 7.699753
1.4173675 7.3166804 7.546524
1.5322891 7.3549876 7.6231384
1.6089035 7.3166804 7.699753
1.7238252 7.2017584 7.6231384
1.838747 7.125144 7.508217
1.8770542 7.0102224 7.2783732
2.030283 7.0485296 7.0485296
2.1835117 7.1251445 7.0102224
2.2984338 7.1634517 7.0485296
2.4133554 7.1251445 7.125144
2.4516625 7.0485296 7.2400656
2.4133554 6.9719152 7.2400656
2.3750482 6.8569937 7.163451
2.2984335 6.8186865 7.0485296
2.183512 6.7803793 6.895301
2.183512 6.7803793 6.895301
2.183512 6.895301 6.933608
2.2601264 7.0485296 7.0102224
2.3367407 7.163451 7.125144
2.2984335 7.240066 7.1634517
2.2218192 7.240066 7.1634517
2.1068974 7.1251445 7.240066
1.9536686 7.086837 7.3932953
1.8770542 7.0485296 7.4316025
1.838747 7.0485296 7.584831
1.8004397 7.163451 7.73806
1.8770542 7.163451 7.8146744
1.9919758 7.3549876 7.967903
2.1452048 7.584831 8.082825
2.3367407 7.776367 8.00621
2.528277 8.082825 7.8912888
2.6431987 8.197746 7.699753
2.7581205 8.236053 7.4316025
2.834735 8.312668 7.3166804
2.873042 8.350975 7.240066
2.834735 8.274361 7.393295
2.7581205 8.159439 7.6614456
2.681506 7.967903 7.8529816
2.6048915 7.8529816 8.0445175
2.6048915 7.8146744 7.8146744
2.6431987 7.929596 7.508217
2.6431987 8.121132 7.2017584
2.681506 8.274361 6.933608
2.7581203 8.389282 6.895301
2.834735 8.42759 6.8569937
2.9879637 8.465898 6.895301
3.064578 8.465898 6.933608
3.1411924 8.542512 6.8953004
3.1028852 8.580819 6.818686
2.9496565 8.542512 6.6654572
2.7964277 8.42759 6.588843
2.5665843 8.312668 6.435614
2.4133554 8.236053 6.3206925
2.3367407 8.236053 6.167464
2.3367407 8.312668 6.090849
2.4133554 8.389282 6.2057705
2.4516625 8.389282 6.2057705
2.4516625 8.274361 6.2440777
2.3750482 8.236053 6.129156
2.2218192 8.159439 5.9759274
2.0685902 8.082825 5.861006
1.8770542 8.0445175 5.7843914
1.685518 7.967903 5.746084
1.5705963 7.929596 5.8226986
1.4556746 7.967903 5.9759274
1.4173673 8.0445175 6.0525417
1.3790601 8.0445175 6.090849
1.3024457 8.0445175 6.129156
1.2641385 8.00621 6.0142345
1.2258313 7.967903 6.0525417
1.1875241 7.929596 5.9759274
1.1875241 8.00621 5.861006
1.1875241 8.0445175 5.707777
1.1875241 8.121132 5.5162406
1.3024457 8.236053 5.439626
1.340753 8.312668 5.24809
1.3790601 8.465897 5.24809
1.4939818 8.580819 5.2097826
1.5705963 8.695741 5.133168
1.6472108 8.772355 5.133168
1.7238252 8.810662 5.133168
1.685518 8.810662 5.094861
1.532289 8.810662 5.133168
1.4556746 8.772355 5.209783
1.4173673 8.695741 5.0948615
1.4173673 8.772355 4.9416327
1.5705963 8.887277 4.711789
1.685518 9.002198 4.4819455
1.7621325 9.078813 4.4436383
1.7621325 9.11712 4.405331
1.6472108 9.078813 4.4436383
1.4173675 9.002198 4.4819455
1.1492168 8.925584 4.4436383
0.91937345 8.734048 4.4436383
0.6895301 8.542512 4.4819455
0.5363012 8.42759 4.405331
0.4213795 8.389283 4.290409
0.38307226 8.42759 4.1371803
0.49799395 8.542512 3.9073372
0.7278373 8.6574335 3.7541084
1.0342951 8.810662 3.6008794
1.3407528 9.040505 3.4476504
1.6089034 9.2703495 3.217807
1.7621324 9.423578 2.9496565
1.7621324 9.5385 2.834735
1.6472108 9.500193 3.0645783
1.4556746 9.308657 3.371036
1.3024457 9.155427 3.715801
1.2641385 9.002198 3.9456444
1.4556746 9.002198 3.86903
1.6472108 9.078813 3.6391866
1.8770542 9.193735 3.2944217
2.0685902 9.308657 2.9496565
2.1068976 9.308657 2.5665843
2.1068976 9.2703495 2.4133554
1.9919758 9.193734 2.4133554
1.8004396 9.002198 2.4899697
1.4556746 8.810662 2.6048915
1.1875241 8.6574335 2.6048915
0.9959879 8.504205 2.4899697
0.9576807 8.580819 2.3750482
1.1109096 8.6574335 2.2984335
1.3024457 8.887277 2.1068974
1.4939818 9.040505 2.1068974
1.5705965 9.11712 1.9919758
1.532289 9.155427 1.9536686
1.340753 9.040505 2.1068974
1.0342951 8.848969 2.1068974
0.6895301 8.6574335 2.1068974
0.3830723 8.427589 2.1068974
0.11492168 8.274361 2.0685902
0.0 8.274361 2.030283
-0.038307227 8.312668 2.183512
-0.038307227 8.465897 2.2984335
-0.038307227 8.695741 2.2601264
-0.076614454 8.887277 2.2218192
-0.11492168 9.078813 2.1452048
-0.19153613 9.193734 1.9536686
-0.19153613 9.193734 1.9919758
-0.15322891 9.155427 2.1068974
-0.15322891 9.078813 2.0685902
-0.11492168 9.002198 2.1068974
-0.22984336 8.887277 1.9536686
-0.4213795 8.848969 1.7621324
-0.5746084 8.772355 1.7621324
-0.72783726 8.734048 1.8004396
-0.7661445 8.772355 1.8387469
-0.7278373 8.810662 1.7238252
-0.68953 8.848969 1.5705962
-0.68953 8.925584 1.4173675
-0.7278373 8.925584 1.340753
-0.8810662 8.810662 1.4173675
-1.0342951 8.734048 1.4173675
-1.1109097 8.542511 1.3790601
-1.1109097 8.427589 1.3024458
-1.0342952 8.427589 1.1875241
-0.9576807 8.350975 0.9959879
-0.91937345 8.427589 0.8810662
-0.91937345 8.504204 0.7661445
-0.842759 8.580818 0.84275895
-0.7661445 8.734048 0.84275895
-0.7278373 8.772355 0.84275895
-0.68953 8.734048 0.80445176
-0.84275895 8.619126 0.5746084
-1.0342951 8.465897 0.5363012
-1.1492168 8.389282 0.45968676
-1.2258313 8.274361 0.61291564
-1.1492168 8.236053 0.5363012
-0.9959879 8.197746 0.49799395
-0.842759 8.197746 0.53630114
-0.6895301 8.274361 0.344765
-0.61291564 8.427589 0.38307223
-0.6512228 8.504205 0.3064578
-0.8044518 8.504205 0.076614454
-1.1109096 8.465898 0.038307227
-1.4556746 8.236053 0.0
-1.8004396 8.082825 0.0
-2.0685902 7.8529816 0.076614454
-2.183512 7.699753 0.038307227
-2.2218192 7.73806 0.038307227
-2.0685902 7.8529816 0.038307227
-1.9153614 8.197746 0.11492168
-1.7238252 8.465897 0.2681506
-1.4556746 8.810661 0.34476507
-1.2641385 9.193735 0.5363012
-1.0726024 9.346964 0.49799395
-1.0342951 9.423578 0.344765
-1.1875241 9.232041 0.3064578
-1.4173675 8.925584 0.19153613
-1.6472108 8.619125 0.2681506
-1.8004396 8.542511 0.45968673
-1.8004396 8.580818 0.6512229
-1.7238252 8.69574 0.7278373
-1.6472108 8.925584 0.6512229
-1.6472108 9.002198 0.4213795
-1.685518 9.078813 0.07661445
-1.8004397 9.078813 -0.11492168
-1.9536686 8.925584 -0.15322891
-2.0685902 8.772355 -0.19153613
-2.2601264 8.542512 -0.038307227
-2.4133554 8.350975 0.2681506
-2.5282772 8.197746 0.49799398
-2.6048915 8.197746 0.91937345
-2.566584 8.312668 1.1875241
-2.4899697 8.389282 1.1492169
-2.2601266 8.580819 1.1109096
-1.9153613 8.580819 0.95768064
-1.5705962 8.580819 0.8810662
-1.2641386 8.6574335 0.8810662
-1.1109096 8.734048 0.80445176
-1.1109096 8.887277 0.7661445
-1.2641385 8.963891 0.6512228
-1.5322893 8.887277 0.5746084
-1.8770542 8.657433 0.5746084
-2.183512 8.389282 0.68953013
-2.3750482 8.082825 0.9576807
-2.3750482 7.8146744 1.2641385
-2.2601264 7.73806 1.6472107
-2.1068974 7.73806 1.8770541
-2.030283 7.8912888 1.9153614
-2.1068976 8.0445175 1.685518
-2.2218192 8.121132 1.3790603
-2.4133554 8.159439 1.1109096
-2.5665843 8.00621 0.9576807
-2.681506 7.929596 1.0726024
-2.834735 7.8912888 1.1875241
-2.9113493 7.776367 1.2641385
-2.873042 7.8529816 1.2641385
-2.7581203 7.929596 1.3024457
-2.5282772 8.0445175 1.4939818
-2.2218194 8.274361 1.9153614
-2.0302832 8.427589 2.3750482
-1.9536686 8.6574335 2.834735
-2.0302832 8.734048 3.1411927
-2.2984338 8.619126 3.1411927
-2.6431987 8.542511 3.0262709
-2.8730419 8.312668 2.7198133
-2.9496565 8.121132 2.6431985
-2.8347347 8.082825 2.75812
-2.566584 8.0445175 3.064578
-2.2601264 8.159439 3.4859576
-2.0685902 8.427589 3.6391869
-2.0685902 8.734048 3.8307228
-2.1452045 8.925584 3.8307228
-2.336741 9.002198 3.7924156
-2.4899697 8.887277 3.7924156
-2.4899697 8.734048 3.8307228
-2.4133554 8.695741 3.9073372
-2.2218192 8.734048 4.098873
-2.0685902 8.848969 4.4436383
-1.9919758 9.002198 4.5585604
-2.030283 9.11712 4.711789
-2.183512 9.155427 4.673482
-2.2984335 9.193734 4.5202527
-2.375048 9.11712 4.5202527
-2.3367407 9.078813 4.5585604
-2.2984335 8.925584 4.6351748
-2.3367407 8.69574 4.7884035
-2.4899697 8.69574 5.324704
-2.6048915 8.657433 6.0525417
-2.6048915 8.772354 6.742072
-2.528277 9.040505 7.125144
-2.336741 9.11712 7.0102224
-2.183512 9.232042 6.7420716
-2.1068974 9.2703495 6.5505357
-2.183512 9.155428 6.3973064
-2.4133554 9.002199 6.4356136
-2.719813 8.848969 6.473921
-3.064578 8.695741 6.5888433
-3.1794999 8.6574335 6.895301
-3.1411927 8.695741 7.086837
-2.987964 8.734048 7.163451
-2.7964277 8.810662 7.2017584
-2.6431987 8.772355 7.163451
-2.681506 8.6574335 7.125144
-2.873042 8.312668 7.086837
-3.1028852 7.967903 7.2017584
-3.4093432 7.6231384 7.316681
-3.4859576 7.3549876 7.508217
-3.4859576 7.3166804 7.699753
-3.371036 7.3166804 7.6231384
-3.2178073 7.4699097 7.584831
-3.1794996 7.584831 7.469909
-3.1794996 7.699753 7.469909
-3.2178068 7.699753 7.546524
-3.1028852 7.73806 7.73806
-2.873042 7.8146744 7.8912888
-2.566584 7.8146744 8.00621
-2.2218192 7.967903 8.465897
-1.9919758 8.00621 8.734048
-1.8387468 8.00621 8.925584
-1.7621324 8.00621 9.040505
-1.8004397 7.8912888 8.772355
-1.9153614 7.699753 8.542511
-2.030283 7.508217 8.504204
-2.0685902 7.2783737 8.580818
-2.1068976 7.0102224 8.772354
-2.0685902 6.8569937 9.002198
-2.030283 6.6654577 9.11712
-1.9919758 6.5505357 9.193734
-1.9153614 6.5122285 9.155427
-1.8770542 6.397307 9.078813
-1.9153614 6.2823853 8.925584
-1.9919758 6.1291566 8.848969
-1.9919758 5.9759274 8.887277
-1.9153614 5.93762 9.040505
-1.6472108 5.9759274 9.346964
-1.3024457 6.129156 9.500193
-0.95768064 6.3589997 9.653421
-0.6512228 6.5122285 9.768343
-0.49799395 6.62715 9.730036
-0.49799395 6.62715 9.653421
-0.53630114 6.435614 9.346964
-0.49799395 6.129156 9.002198
-0.26815057 5.9759274 8.772355
0.3830723 5.93762 8.810663
1.2258313 6.1674633 9.078814
2.1068974 6.7037644 9.423578
2.7581203 7.240066 9.653421
2.8730419 7.6614456 9.576807
2.528277 7.776367 9.2703495
1.8387468 7.5082164 8.810662
0.9959879 6.933608 8.312668
0.22984338 6.2057705 7.967903
-0.4596867 5.6311626 7.6231384
-0.95768064 5.2097826 7.469909
-1.3024457 4.903325 7.469909
-1.532289 4.865018 7.393295
-1.532289 4.903325 7.584831
-1.5705965 5.056554 7.6231384
-1.4556746 5.3630114 7.6231384
-1.3407528 5.554548 7.776367
-1.3024457 5.707777 7.967903
-1.1875241 5.8226986 8.082825
-1.1492169 5.93762 8.236053
-1.0342951 6.129156 8.236053
-0.91937345 6.282385 8.159439
-0.84275895 6.320692 8.197746
-0.7661445 6.282385 8.274361

