-0.45968673 7.967903 6.090849
-1.187524 8.159439 6.129156
-1.6855179 8.236053 6.0142345
-2.183512 8.427589 5.93762
-2.5665843 8.734048 5.8226986
-2.681506 8.772355 5.899313
-2.681506 8.925584 6.0142345
-2.681506 9.193735 6.0525417
-2.6431987 9.423578 6.090849
-2.6431987 9.5385 6.129156
-2.719813 9.576807 6.1674633
-2.7964275 9.461885 6.1674633
-2.8347347 9.423578 6.129156
-2.7581203 9.5385 6.090849
-2.528277 9.80665 5.9759274
-2.2218192 10.0748005 5.9759274
-1.9536686 10.304644 6.0142345
-1.7238252 10.266336 5.861006
-1.5705962 10.151415 5.8226986
-1.4939818 10.0748005 5.861006
-1.3790601 9.921572 5.899313
-1.2258313 10.0748005 6.1291566
-1.1109096 10.113108 6.244078
-0.9576807 10.266336 6.3206925
-0.842759 10.419566 6.3589997
-0.7661445 10.419566 6.397307
-0.6512228 10.649409 6.435614
-0.49799395 10.802638 6.3206925
-0.30645782 10.879252 6.129156
-0.19153613 10.91756 5.93762
-0.19153613 10.6877165 5.7843914
-0.2681506 10.381258 5.8226986
-0.34476504 10.266336 6.0142345
-0.34476504 10.189722 6.205771
-0.15322891 10.381258 6.3589997
0.0 10.572795 6.2823853
0.15322891 10.649409 6.129156
0.2681506 10.572795 5.8226986
0.19153613 10.342951 5.516241
0.076614454 10.036493 5.4396267
-0.038307227 9.730036 5.477934
-0.26815057 9.2703495 5.899313
-0.34476504 9.232042 5.9759274
-0.45968673 9.232042 5.93762
-0.49799395 9.308657 5.861006
-0.49799395 9.500193 5.707777
-0.34476504 9.653421 5.66947
-0.22984336 9.80665 5.66947
-0.2681506 9.730036 5.707777
-0.38307226 9.5385 5.6311626
-0.6512228 9.193734 5.477934
-0.8810662 8.887277 5.3630123
-0.9959879 8.772355 5.2097826
-0.9576807 8.6574335 5.133168
-0.5746084 8.925584 5.1331687
-0.2681506 9.308656 5.4013186
0.38307226 10.189723 6.1674633
0.49799395 10.342952 6.2057705
0.49799395 10.22803 6.0142345
0.34476504 9.883265 5.592855
-0.076614454 9.11712 4.8267107
-0.26815057 8.772355 4.520253
-0.30645782 8.542512 4.443639
-0.11492168 8.389282 4.4819455
0.11492168 8.580818 4.6734815
0.30645782 8.848969 4.7500963
0.49799395 9.040505 4.8267107
0.5746084 8.925584 4.7500963
0.4213795 8.542511 4.4436383
0.19153613 8.082825 4.098873
-0.15322891 7.6231384 3.7541084
-0.45968673 7.316681 3.3327289
-0.61291564 7.2400656 3.064578
-0.68953 7.2400656 2.9879637
-0.6512228 7.469909 2.8347347
-0.53630114 7.73806 2.873042
-0.4213795 7.967903 2.7964275
-0.30645782 8.236053 2.3750482
-0.3830723 7.8146744 1.4939818
-0.49799395 7.393295 1.2641385
-0.61291564 7.163451 1.2641385
-0.7661445 7.163451 1.5322891
-0.9576807 7.3932953 2.2601264
-0.9959879 7.6614456 2.4133554
-1.0342951 7.73806 2.4899697
-0.9959879 7.776367 2.4516625
-0.9193734 7.699753 2.4133554
-0.8810662 7.584831 2.4133554
-0.8810662 7.584831 2.336741
-0.99598795 7.546524 2.221819
-1.1492169 7.546524 2.0685902
-1.2641386 7.584831 1.8387469
-1.340753 7.508217 1.7238252
-1.340753 7.393295 1.6472107
-1.3024457 7.3549876 1.6472107
-1.3024457 7.3166804 1.8004396
-1.3024457 7.4699097 1.8770542
-1.3024457 7.699753 1.9153614
-1.187524 8.0445175 2.0685902
-1.0342951 8.350975 2.1068974
-0.91937345 8.389282 2.0685902
-0.80445176 8.312668 1.9919758
-0.842759 8.082825 1.8004396
-0.9576807 7.776367 1.4556746
-1.1109096 7.6231384 1.1492168
-1.3407528 7.508217 0.8810662
-1.4939818 7.431602 0.6895301
-1.5705963 7.431602 0.7661445
-1.532289 7.431602 0.88106626
-1.4939818 7.469909 1.1875241
-1.4556746 7.469909 1.4173675
-1.4939818 7.393295 1.493982
-1.5705962 7.2783732 1.6089035
-1.7238252 7.201759 1.5705963
-1.9536686 7.086837 1.5705963
-2.1452045 6.9719152 1.4939818
-2.336741 6.8186865 1.4556746
-2.4133554 6.742072 1.37906
-2.4516625 6.7803793 1.1875241
-2.4133554 7.0102224 1.1492168
-2.2984335 7.3549876 1.1875241
-2.183512 7.6231384 1.2258313
-2.030283 7.8529816 1.532289
-1.9153614 7.8146744 1.7621324
-1.9919758 7.6614456 1.9919758
-2.1452048 7.393295 2.1068976
-2.3750482 7.0485296 2.0685902
-2.7581205 6.780379 1.9919758
-3.064578 6.5505357 1.7238252
-3.2944217 6.3589993 1.4939818
-3.4093432 6.282385 1.2641385
-3.2561142 6.320692 1.2258313
-2.9879637 6.4739213 1.3790601
-2.681506 6.6654572 1.8004397
-2.5665843 6.818686 2.2218194
-2.7198133 6.8569937 2.7198133
-3.064578 6.8569937 3.1411924
-3.4093432 6.895301 3.3327289
-3.6391869 6.8569937 3.5242648
-3.6391869 6.895301 3.409343
-3.4093432 6.8186865 3.0645783
-3.1795 6.8186865 2.7964275
-2.9879637 6.9719152 2.528277
-2.9496565 7.201759 2.3750482
-2.9879637 7.5848308 2.566584
-3.0262709 8.00621 2.7964272
-2.9496565 8.389282 3.1411924
-2.7581205 8.734047 3.6391864
-2.4899697 8.887277 3.9456444
-2.2218194 8.810662 4.098873
-2.0685902 8.6574335 4.098873
-2.030283 8.350975 3.86903
-2.1068974 8.121132 3.4476504
-2.2601264 8.0445175 3.0262709
-2.3750482 7.967903 2.4133554
-2.4133554 7.8529816 1.8770542
-2.336741 7.8146744 1.5705963
-2.1452045 7.73806 1.4939818
-1.9536686 7.776367 1.8770541
-1.8387469 7.967903 2.4899697
-1.9153614 8.274361 3.2178073
-2.183512 8.542511 3.8307228
-2.4516625 8.734048 4.098873
-2.681506 8.772355 4.1754875
-2.7964275 8.772355 4.252102
-2.681506 8.887277 4.4819455
-2.4899697 9.040506 4.673482
-2.2218192 9.308657 4.865018
-1.9536686 9.576807 5.1331687
-1.8770542 9.730036 5.24809
-1.9536686 9.921572 5.5928555
-2.1452048 10.113108 5.93762
-2.4133554 10.228029 6.1674633
-2.5665843 10.304644 6.3589997
-2.719813 10.304644 6.5505357
-2.8347347 10.266336 6.742072
-2.9113493 10.228029 6.895301
-3.0262709 10.228029 7.163451
-3.1794999 10.228029 7.354988
-3.217807 10.266336 7.546524
-3.1411927 10.342951 7.3549876
-3.1028855 10.381258 7.0102224
-2.9879637 10.342951 6.4739213
-2.9113493 10.304644 6.0142345
-2.873042 10.151415 5.93762
-2.7581203 10.151415 6.129156
-2.4899697 10.266336 6.435614
-2.183512 10.496181 6.588843
-1.8770542 10.764331 6.588843
-1.5705962 10.726024 6.2823853
-1.4173675 10.534487 6.0142345
-1.2641385 10.151415 5.7843914
-1.1109096 9.883265 5.707777
-0.9193734 9.730036 5.707777
-0.6512228 9.653421 5.7843914
-0.34476504 9.730036 5.861006
-0.11492168 9.691729 5.861006
-0.038307227 9.653421 5.9759274
-0.038307227 9.500193 6.167464
-0.26815057 9.155427 6.4356146
-0.49799395 8.734048 6.742072
-0.6512228 8.389282 7.0485296
-0.6895301 8.159439 7.5082164
-0.53630114 8.350975 7.6231384
-0.2681506 8.619126 7.6231384
0.038307227 9.040505 7.3549876
0.19153613 9.232041 7.163451
0.22984335 9.232041 7.125144
0.076614454 9.155427 7.2400665
-0.038307227 9.002198 7.776367
0.076614454 9.11712 7.776367
0.30645782 9.308656 7.469909
0.5363012 9.461885 6.933608
0.6895301 9.461885 6.244078
0.6895301 9.346964 5.6311626
0.61291564 9.078813 5.2863975
0.4596867 8.848969 5.3247046
0.344765 8.619126 5.5162406
0.26815057 8.427589 5.861006
0.22984336 8.274361 6.090849
0.22984336 8.121132 6.2057705
0.34476504 8.274361 6.473921
0.61291564 8.619126 6.6654577
0.9193734 9.11712 6.933608
1.3024457 9.653421 7.086837
1.6472108 10.036493 7.0102224
1.8770542 10.304644 6.8569937
2.0685904 10.534488 6.5888433
2.0685904 10.534488 6.320692
1.838747 10.342951 6.129156
1.4939818 9.80665 6.0142345
0.95768064 8.963891 5.93762
0.45968673 8.082825 5.861006
0.076614454 7.2783732 5.7843914
-0.19153613 6.780379 5.66947
-0.15322891 6.6654572 5.707777
0.0 6.7803793 5.7843914
0.30645782 7.201759 5.8226986
0.6512229 7.623138 5.7843914
0.88106626 7.967903 5.554548
1.0342952 8.236053 5.286397
1.0342952 8.274361 4.9416323
0.9959879 8.274361 4.8267107
0.8810662 8.197746 4.865018
0.80445176 8.197746 5.056554
0.6895301 8.0445175 5.2480903
0.49799395 7.8146744 5.363012
0.38307226 7.6231384 5.6311626

