0.19153613 7.431602 5.746084
0.15322891 7.469909 5.93762
-0.5746084 7.776367 6.1674633
-1.0726023 7.8529816 6.397307
-1.4556746 7.8146744 6.5122285
-1.8387468 7.73806 6.588843
-2.1068974 7.73806 6.62715
-2.2601264 7.699753 6.5122285
-2.375048 7.699753 6.588843
-2.375048 7.929596 6.588843
-2.375048 8.236053 6.703765
-2.2984335 8.580818 6.933608
-2.2601264 8.925584 7.086837
-2.2984335 9.155427 7.354988
-2.336741 9.232041 7.508217
-2.4133554 9.308657 7.6231384
-2.4133554 9.461885 7.73806
-2.2984338 9.691729 7.8912888
-2.1452048 10.036493 7.967903
-1.9536686 10.419565 8.00621
-1.7621324 10.840945 7.8912888
-1.4939818 11.224018 7.584831
-1.3024457 11.60709 7.2783737
-1.1875241 11.836933 7.0485296
-1.1109096 11.798626 6.933608
-1.2641385 11.492168 7.125144
-1.3790601 11.070789 7.431602
-1.4939818 10.687717 7.8146744
-1.6089035 10.381259 8.121132
-1.6089035 10.266336 8.274361
-1.6089035 10.189722 8.427589
-1.532289 10.0748005 8.274361
-1.3790601 10.036493 8.0445175
-1.0342951 9.959879 7.354988
-0.842759 9.883265 6.895301
-0.5363012 9.730036 6.397307
-0.3064578 9.615114 6.0525417
-0.2681506 9.615114 6.0525417
-0.22984335 9.500193 6.090849
-0.22984335 9.461885 6.2440777
-0.15322891 9.500193 6.2440777
-0.11492168 9.461885 6.1674633
-0.076614454 9.500193 6.0142345
0.0 9.5385 5.707777
0.076614454 9.5385 5.4396257
0.19153613 9.500193 5.094861
0.22984335 9.385271 4.8267107
0.22984335 9.193734 4.7500963
0.15322891 9.155427 4.711789
0.11492168 9.193734 4.7884035
0.15322891 9.385271 4.865018
0.22984336 9.691729 4.903325
0.38307226 9.883265 4.8267107
0.49799395 10.036493 4.6351743
0.5746084 10.036493 4.3670235
0.5363012 9.959879 3.9839516
0.38307226 9.730036 3.677494
0.11492168 9.461885 3.4093432
-0.15322891 9.232042 3.4476504
-0.38307226 9.078813 3.4859576
-0.49799395 9.078813 3.5242648
-0.5363012 9.11712 3.6391864
-0.61291564 9.11712 3.4476504
-0.6512228 8.963891 3.4476504
-0.7661445 8.887277 3.4093432
-0.84275895 8.734048 3.2561145
-0.91937345 8.619126 3.1028852
-0.9959879 8.580819 2.873042
-1.0726024 8.465898 2.6431987
-1.1492168 8.42759 2.5665843
-1.2641385 8.389283 2.4899697
-1.4556746 8.350975 2.375048
-1.6472108 8.236053 2.2984335
-1.8004397 8.159439 2.183512
-1.8770542 8.121132 2.2601264
-1.8770542 8.121132 2.336741
-1.8004397 8.236053 2.528277
-1.8004397 8.350975 2.643199
-1.8387469 8.389282 2.6048915
-1.9153614 8.350975 2.5282772
-2.1068976 8.197746 2.2984338
-2.2601264 7.929596 2.0685902
-2.3750482 7.776367 1.9153614
-2.4516625 7.6231384 1.8004396
-2.4516625 7.4699097 1.8004396
-2.4899697 7.3166804 1.8770542
-2.528277 7.086837 1.9919758
-2.528277 6.933608 2.0685902
-2.6048913 6.8186865 2.2218192
-2.6815057 6.7803793 2.2218192
-2.7964275 6.5505357 2.1452048
-2.873042 6.2823853 1.8770542
-2.9879637 6.0142345 1.1875241
-2.9879637 6.090849 0.9193734
-2.9496565 6.2440777 0.7661445
-2.7964275 6.3589997 0.7661445
-2.6048913 6.5505357 0.8810662
-2.4516623 6.742072 0.9959879
-2.413355 6.895301 1.0342951
-2.528277 6.933608 1.1109096
-2.719813 6.8569937 1.1492168
-2.9496565 6.7420716 1.1492168
-3.1028852 6.5122285 1.0726024
-3.1794999 6.3589993 0.9193734
-3.217807 6.282385 0.68953013
-3.217807 6.320692 0.45968673
-3.1028852 6.512229 0.5363012
-2.9496565 6.895301 0.68953013
-2.7581203 7.2783737 0.9576807
-2.528277 7.508217 1.2641385
-2.4899697 7.6231384 1.2641385
-2.5665843 7.508217 1.0342951
-2.7964277 7.201759 0.7278373
-3.141193 6.895301 0.53630114
-3.4476504 6.5505357 0.38307226
-3.7158012 6.1674633 0.38307226
-3.86903 5.9759274 0.49799395
-3.9456444 5.861006 0.5746084
-3.9456444 5.9759274 0.8810662
-3.8307228 6.2823853 1.3790601
-3.7541082 6.588843 1.7621324
-3.562572 6.8569937 2.1452045
-3.7158008 6.3206925 1.3407528
-3.8307226 5.8226986 0.9959879
-3.9839516 5.4779334 0.8810662
-4.1371803 5.209783 0.9959879
-4.2137947 5.056554 0.9959879
-4.3670235 5.0182467 1.0342951
-4.4819455 5.1714754 1.2641385
-4.55856 5.4013186 1.6472108
-4.55856 5.746084 2.2218192
-4.405331 6.6271505 2.7964275
-4.290409 6.933608 2.7964275
-4.290409 7.0485296 2.5665843
-4.3287163 7.0102224 2.2601266
-4.252102 6.8953004 2.1068976
-3.9073372 6.9719152 1.838747
-3.7158012 7.4316025 1.8770542
-3.562572 7.8912888 2.030283
-3.6391866 8.236054 2.2984338
-3.86903 8.274362 2.6048915
-4.098873 7.929596 3.0262709
-4.4436383 7.508217 3.4476504
-4.55856 7.086837 3.9073372
-4.3287168 7.2017584 4.367024
-3.9839518 7.546524 4.711789
-3.3710358 8.350975 4.903325
-2.8347347 9.308656 4.596867
-2.528277 9.921572 3.9456441
-2.2984335 10.342952 2.6048913
-2.375048 10.113109 2.375048
-2.4899697 9.691729 2.719813
-2.719813 9.232041 3.3327289
-3.1028855 8.887277 4.060566
-3.4859576 8.734048 5.056554
-3.8690298 9.002198 5.9759274
-4.098873 9.346964 6.703765
-4.098873 9.844957 7.04853
-3.9456444 10.342951 7.010223
-3.6774938 10.726023 6.6654577
-3.4859576 11.070788 6.3206925
-3.3327289 11.224017 6.3206925
-3.2561145 11.300632 6.4739213
-3.2561145 11.300632 6.6654572
-3.1794999 11.33894 6.895301
-2.9879637 11.453861 7.0485296
-2.719813 11.530476 7.086837
-2.4133554 11.568783 7.086837
-2.1452048 11.530476 7.0485296
-2.0685902 11.33894 6.933608
-2.1068974 11.070788 6.8186865
-2.1452048 10.802638 6.8569937
-2.183512 10.49618 6.895301
-2.030283 10.304644 6.895301
-1.7238252 10.228029 6.703765
-1.3407528 10.228029 6.3589993
-0.9193734 10.266336 5.93762
-0.7278373 10.266336 5.5928555
-0.6512228 10.189722 5.516241
-0.6895301 10.0748005 5.6311626
-0.6895301 10.036493 5.861006
-0.5746084 9.959879 6.090849
-0.4213795 9.959879 6.2823853
-0.2681506 9.959879 6.4739213
-0.11492168 9.883265 6.5505357
0.0 9.921572 6.5122285
0.076614454 9.883265 6.62715
0.076614454 9.921572 6.703765
0.076614454 9.921572 6.8569937
0.11492168 9.883265 6.933608
0.22984335 9.921572 6.8569937
0.34476504 9.844957 6.588843
0.4213795 9.691729 6.3206925
0.49799395 9.615114 6.0908494
0.45968673 9.346964 5.861006
0.34476504 9.078813 5.899313
0.22984335 8.848969 5.93762
0.11492168 8.542511 6.0142345
0.038307227 8.312668 6.090849
0.038307227 8.197746 6.129156
0.11492168 8.197746 6.205771
0.2681506 8.236053 6.2823853
0.42137948 8.389283 6.3206925
0.53630114 8.504205 6.2823853
0.61291564 8.504205 6.1674633
0.6512228 8.465897 6.0525417
0.6512228 8.389282 5.9759274
0.6512228 8.350975 6.0142345
0.6512228 8.312668 6.090849
0.57460845 8.236053 5.93762
0.49799398 8.274361 5.7843914
0.5363012 8.312668 5.7843914
0.61291564 8.465897 5.7843914

