0.7661445 8.772355 5.861006
-1.1875241 8.00621 5.4779334
-1.4556746 8.0445175 5.4779334
-1.7238252 8.121132 5.631162
-1.9919758 8.236053 5.7077765
-2.2218192 8.580819 5.8226986
-2.183512 8.810662 5.746084
-2.1068974 9.078813 5.66947
-1.9536686 9.346963 5.8226986
-1.8004396 9.5385 6.0142345
-1.7238252 9.691729 6.1674633
-1.685518 9.768343 6.2440777
-1.7238252 9.730036 6.0525417
-1.8004396 9.80665 5.861006
-1.8387469 9.768343 5.8226986
-1.8770542 9.80665 5.8226986
-1.8387469 9.959879 5.899313
-1.6472107 10.304645 5.8226986
-1.6089035 10.496181 5.746084
-1.6089035 10.534488 5.707777
-1.7238252 10.534488 5.707777
-1.9919758 10.304644 5.8226986
-2.1452048 10.151415 5.861006
-2.2601264 9.844957 5.899313
-2.2984335 9.691729 5.899313
-2.3367407 9.653421 5.7843914
-2.2601264 9.844957 5.8226986
-2.183512 10.0748005 5.7843914
-2.1068974 10.151415 5.7843914
-2.0685902 10.228029 5.746084
-2.030283 10.113108 5.707777
-1.9919758 10.036493 5.707777
-1.9919758 9.921572 5.6311626
-1.9536686 9.730036 5.5545483
-1.8770542 9.691729 5.6311626
-1.7621324 9.730036 5.6311626
-1.5705962 9.844957 5.746084
-1.3790603 9.998186 5.7843914
-1.1492169 10.228029 5.5928555
-0.91937345 10.419565 5.3630114
-0.7278373 10.572795 5.1714754
-0.5363012 10.6877165 4.865018
-0.4213795 10.6877165 4.7117887
-0.344765 10.611102 4.6734815
-0.344765 10.534488 4.4819455
-0.344765 10.496181 4.367024
-0.3064578 10.496181 4.367024
-0.2681506 10.534488 4.1754875
-0.15322891 10.572795 4.060566
-0.11492168 10.457873 3.9073372
-0.11492168 10.266336 3.7158012
-0.11492168 10.0748005 3.562572
-0.15322891 9.883265 3.371036
-0.15322891 9.80665 3.371036
-0.15322891 9.844957 3.217807
-0.15322891 9.921572 3.2944214
-0.15322891 9.959879 3.2944214
-0.15322891 9.998186 3.1794999
-0.19153613 9.959879 3.1028855
-0.19153613 9.844957 2.9113493
-0.26815057 9.730036 2.719813
-0.4213795 9.423578 2.4899697
-0.57460845 9.346964 2.4133554
-0.68953013 9.346964 2.3750482
-0.8044518 9.385271 2.566584
-0.8810662 9.2703495 2.681506
-0.91937345 9.155427 2.7581203
-1.0342951 9.002198 2.528277
-1.0726024 9.078813 2.6048915
-1.1109096 9.078813 2.566584
-1.1109096 9.193735 2.6048915
-1.1492169 9.2703495 2.6431987
-1.1492169 9.308657 2.6048915
-1.1109097 9.423578 2.681506
-1.1492169 9.423578 2.6431987
-1.1875241 9.308657 2.566584
-1.2641385 9.232042 2.566584
-1.3790601 9.040505 2.566584
-1.493982 8.848969 2.528277
-1.5705965 8.810662 2.4133554
-1.6089036 8.695741 2.2984335
-1.5705965 8.6574335 2.1068974
-1.4556746 8.772355 1.9153613
-1.187524 9.002199 1.7621324
-0.9193734 9.193735 1.4173673
-0.7278373 9.461885 1.0342951
-0.61291564 9.5385 0.80445176
-0.6895301 9.346964 0.6512228
-0.91937345 9.078814 0.7661446
-1.187524 8.695741 0.88106626
-1.4173675 8.312668 1.1109096
-1.6472108 8.0445175 1.4173675
-1.7621324 7.929596 1.6089035
-1.7621324 7.929596 1.7621324
-1.685518 8.00621 1.7238252
-1.5705963 8.197746 1.4939818
-1.4173675 8.312668 1.1492168
-1.340753 8.350975 0.8810662
-1.3790601 8.350975 0.68953013
-1.3790601 8.197746 0.49799395
-1.3790601 8.121132 0.5363012
-1.3790601 8.00621 0.49799395
-1.3790601 7.8912888 0.26815057
-1.4939818 7.699753 0.19153611
-1.685518 7.3932953 0.114921674
-1.8387469 7.240066 0.26815057
-1.9536686 7.1251445 0.49799395
-1.9536686 7.1251445 0.7661445
-1.9536686 7.240066 0.8810662
-1.9536686 7.1634517 0.8044517
-2.030283 7.125144 0.7661445
-2.1452045 7.125144 0.5746084
-2.1452045 7.125144 0.4213795
-2.1452045 7.316681 0.4213795
-2.030283 7.546524 0.4213795
-1.9536686 7.699753 0.38307226
-1.9153614 7.8912888 0.2681506
-1.8770541 7.967903 0.038307227
-1.8770541 7.967903 -0.11492168
-1.8387469 7.967903 -0.076614454
-1.8387469 7.8146744 0.11492168
-1.8770542 7.73806 0.4213795
-1.9536686 7.6614456 0.6512228
-2.1068974 7.508217 0.80445176
-2.2601266 7.354988 0.80445176
-2.4516625 7.0868373 0.7661445
-2.6048913 6.742072 0.6512229
-2.6431987 6.588843 0.57460845
-2.6431987 6.6654572 0.49799392
-2.6431987 6.8569937 0.45968673
-2.6048915 7.125144 0.6512228
-2.6048915 7.2783732 0.80445176
-2.681506 7.2783732 0.99598795
-2.681506 7.3166804 1.0342951
-2.7581203 7.2783732 0.842759
-3.1411927 7.125144 0.114921674
-3.4093432 6.8186865 -0.19153614
-3.6774938 6.550536 -0.3830723
-3.8307228 6.3206925 -0.45968676
-3.7924156 6.244078 -0.26815057
-3.6391866 6.3589997 -7.4505806E-9
-3.4093432 6.588843 0.30645782
-3.3327289 6.895301 0.49799395
-3.371036 7.125144 0.5746084
-3.562572 7.163451 0.49799395
-3.86903 7.0102224 0.34476504
-4.098873 6.6654572 0.26815057
-4.290409 6.2057705 0.26815057
-4.3287163 5.861006 0.45968673
-4.290409 5.7077765 0.7278374
-4.1371803 5.7460837 1.0342952
-3.9839516 6.205771 1.1875241
-3.9073372 6.7803793 1.1492168
-3.8307228 7.2783732 1.0342951
-3.9073372 7.6614456 0.842759
-3.9839516 7.6231384 0.9193734
-4.060566 7.508217 1.2258312
-4.098873 7.393295 1.6855179
-4.0222588 7.2783732 2.2984335
-4.0222588 7.201759 2.528277
-4.098873 7.1251445 2.3750482
-4.2137947 7.0102224 2.1835117
-4.3287163 7.0102224 1.9536686
-4.4436383 7.086837 1.9153614
-4.5202527 7.1634517 2.4133554
-4.5202527 7.201759 2.7581205
-4.367024 7.393295 3.2561145
-4.098873 7.546524 3.6391864
-3.8307228 7.8146744 4.0222588
-3.6008797 8.236053 4.252102
-3.371036 8.619126 4.3287163
-3.1795 9.193734 4.3670235
-3.064578 9.691729 4.098873
-3.0262709 9.883265 3.715801
-3.064578 9.80665 3.3327286
-3.1028852 9.5385 3.217807
-3.1028852 9.232042 3.4476507
-2.9496565 9.117121 3.9456446
-2.681506 9.461885 4.7500963
-2.3750482 10.113108 5.4396257
-2.1068976 10.879253 5.9759274
-2.030283 11.645397 6.3589993
-2.1068976 12.028469 6.129156
-2.3750482 11.990162 5.7460837
-2.719813 11.568783 5.133168
-3.0645783 10.879253 4.290409
-3.4476504 10.228029 3.7541082
-3.7541082 9.768343 3.715801
-3.9073372 9.691729 4.290409
-3.9073372 10.036493 5.363012
-3.7541084 10.534488 6.6654577
-3.4859576 10.994174 7.623138
-3.2561145 11.224018 8.197746
-3.0645783 11.070789 8.389282
-3.1028855 10.726024 8.197746
-3.3327286 10.304645 7.967903
-3.6391866 9.883265 7.8529816
-3.9073372 9.653421 8.082825
-3.9073372 9.500193 8.542512
-3.6391864 9.500193 8.772355
-3.217807 9.653421 8.810662
-2.7581203 9.730036 8.580819
-2.2984338 9.768343 7.967903
-1.9919758 9.730036 7.393295
-1.8770542 9.461885 6.7803793
-1.8770542 9.155427 6.3589997
-1.9153614 8.925584 6.3589997
-1.8770542 8.695741 6.5122285
-1.685518 8.619126 6.7420716
-1.4173675 8.772355 6.6654572
-1.1492168 8.887277 6.5122285
-0.9193734 9.193734 6.397307
-0.7661445 9.500193 6.397307
-0.6512228 9.576807 6.5888433
-0.6512228 9.576807 6.742072
-0.61291564 9.193735 6.5888433
-0.53630114 9.078813 6.244078
-0.42137945 9.155427 5.9376206
-0.26815057 9.615114 5.5545483
-0.26815057 9.883265 5.6311626
-0.22984336 9.959879 5.707777
-0.19153613 10.0748005 5.8226986
-0.076614454 10.151415 5.9759274
0.11492168 10.22803 5.9759274
0.34476504 10.266337 5.861006
0.5746084 10.074801 5.746084
0.6512228 9.730036 5.6311626
0.6129156 9.346963 5.6311626
0.4213795 9.040505 5.66947
0.26815057 8.887277 5.861006
0.19153613 8.887277 6.2823853
0.15322891 8.925584 6.6271505
0.19153613 9.002198 7.04853
0.22984335 8.8489685 7.3166804
0.19153613 8.69574 7.240066
0.22984336 8.504204 7.0102224
0.19153613 8.197746 6.62715
0.038307227 7.929596 6.205771
-0.038307227 7.6231384 6.090849
-0.15322891 7.4316025 6.0525417

