-0.22984335 7.3932953 6.090849
-1.4939818 7.699753 6.588843
-1.9536686 7.73806 6.5505357
-2.3750482 7.8912888 6.4739213
-2.8347347 8.0445175 6.5122285
-3.1411924 8.236053 6.3589993
-3.064578 8.427589 6.512228
-2.8347347 8.734048 6.703765
-2.681506 9.078813 6.6654577
-2.566584 9.308657 6.588843
-2.4516625 9.576807 6.435614
-2.3750482 9.80665 6.3589993
-2.336741 9.883265 6.435614
-2.336741 9.959879 6.4739213
-2.4133554 9.998186 6.7037644
-2.528277 9.998186 6.8953004
-2.566584 10.036493 7.125144
-2.6431987 9.959879 7.469909
-2.719813 9.921572 7.6231384
-2.7581203 9.844957 7.776367
-2.9113493 9.691729 7.73806
-2.9113493 9.615114 7.776367
-2.834735 9.500193 7.73806
-2.681506 9.423578 7.699753
-2.4516625 9.423578 7.8146744
-2.2984335 9.461885 7.776367
-2.2218192 9.576807 7.8912888
-2.1068974 9.653421 7.967903
-2.030283 9.768343 7.8912888
-1.8387469 9.80665 7.776367
-1.6089035 9.883265 7.6614456
-1.4556746 9.844957 7.508217
-1.340753 9.768343 7.3549876
-1.3790601 9.730036 7.163451
-1.4173673 9.576807 6.8569937
-1.532289 9.5385 6.6654577
-1.6472107 9.385271 6.512229
-1.7621324 9.308656 6.4739213
-1.8770541 9.270349 6.5122285
-1.9153614 9.346963 6.3973064
-1.8770542 9.500193 6.2057705
-1.8004398 9.615114 5.899313
-1.7621324 9.691729 5.554548
-1.7621324 9.691729 5.363012
-1.6472108 9.768343 5.2863975
-1.4939818 9.959879 5.2097826
-1.2641385 10.189722 5.24809
-1.0726024 10.342952 5.2097826
-1.1109096 10.304644 5.056554
-1.2258313 10.151415 4.903325
-1.2258313 9.921572 4.596867
-1.1875241 9.653421 4.098873
-1.1109096 9.500193 3.6774936
-0.9959879 9.308657 3.2561142
-0.9576807 9.193734 2.8347347
-0.9959879 9.078813 2.6815057
-0.91937345 9.040505 2.4899697
-0.84275895 8.963891 2.2984335
-0.80445176 8.925584 2.3750482
-0.7661445 8.810662 2.3367407
-0.80445176 8.619126 2.528277
-0.91937345 8.465897 2.9113493
-0.9576807 8.274361 3.217807
-0.9959879 8.197746 3.6008794
-1.1109096 8.082825 3.7158012
-1.1492169 7.929596 3.6008792
-1.1875241 7.8912888 3.371036
-1.1492169 7.8529816 3.1411924
-0.99598795 7.8912888 2.873042
-0.80445176 8.082825 2.6431985
-0.6512228 8.159439 2.4516625
-0.61291564 8.274361 2.2984338
-0.6512229 8.350975 2.2984338
-0.8810662 8.312668 2.2601266
-1.187524 8.197746 2.336741
-1.4173675 8.082825 2.336741
-1.6089036 8.0445175 2.2601264
-1.7238252 8.0445175 2.183512
-1.7621324 8.121132 2.0685902
-1.8004396 8.159439 1.9153614
-1.8004396 8.197746 1.838747
-1.7621324 8.197746 1.9153614
-1.7621324 8.197746 2.0302832
-1.8004396 8.121132 2.1452048
-1.9536686 7.8529816 2.4133554
-2.1452048 7.4699097 2.6048915
-2.375048 6.9719152 2.7581203
-2.6048913 6.550536 3.0645783
-2.8347347 6.3589997 3.1795
-3.064578 6.282385 3.1795
-3.1794999 6.5505357 3.2178073
-3.1794999 6.9719152 2.9879637
-2.9879637 7.393295 2.6431985
-2.6431985 7.967903 2.4133554
-2.2984338 8.350975 2.0685902
-2.0685902 8.504205 1.8770542
-1.9919758 8.42759 1.838747
-2.1452048 8.121132 1.7621324
-2.3750482 7.699753 1.8004397
-2.681506 7.31668 1.9153614
-2.9879637 7.125144 1.8770542
-3.1794996 6.933608 1.9153614
-3.2561145 6.8569937 1.8770542
-3.1795 6.895301 1.7238252
-2.987964 7.0102224 1.6089034
-2.7581203 7.2783732 1.4173675
-2.6431987 7.546524 1.1492169
-2.528277 7.699753 0.95768064
-2.4516625 7.73806 0.8044517
-2.4133554 7.699753 0.7278373
-2.2984335 7.6231384 0.8044517
-2.2601264 7.584831 0.8810662
-2.2601264 7.546524 1.0342951
-2.2984335 7.546524 1.2258313
-2.3367407 7.6231384 1.3407528
-2.2984335 7.73806 1.4939818
-2.2601264 7.8146744 1.5705963
-2.183512 7.8146744 1.4556745
-2.2601264 7.8146744 1.340753
-2.4133554 7.73806 1.0726024
-2.5665843 7.699753 0.842759
-2.719813 7.6614456 0.61291564
-2.681506 7.73806 0.45968673
-2.528277 7.8912888 0.49799395
-2.375048 8.00621 0.45968673
-2.2601264 8.159439 0.5746084
-2.2218192 8.082825 0.5746084
-2.3367407 7.929596 0.49799398
-2.4899697 7.8529816 0.45968676
-2.6431987 7.73806 0.38307226
-2.873042 7.6231384 0.38307226
-2.9879637 7.546524 0.4213795
-3.0262709 7.3932953 0.45968673
-2.9496565 7.2783732 0.6512229
-2.719813 7.201759 0.8810662
-2.528277 7.125144 1.1875241
-2.528277 7.2017584 1.4556746
-2.6431985 7.278373 1.6472107
-2.8730419 7.2400656 1.685518
-3.1794999 7.125144 1.5322891
-3.2944217 6.780379 1.3407531
-3.2944217 6.397307 1.0726023
-3.141193 6.2057705 0.9959879
-2.9113493 6.1674633 1.0726023
-2.7198133 6.3973064 1.4173675
-2.5665843 6.742072 1.7621324
-2.48997 7.086837 2.0685904
-2.336741 7.4699097 2.2984338
-2.2218192 7.699753 2.3750482
-2.183512 7.8529816 2.336741
-2.183512 7.8912888 2.183512
-2.3367407 7.8529816 2.030283
-2.4899697 7.73806 1.8004397
-2.5282772 7.6231384 1.8004397
-2.5282772 7.6614456 1.9536686
-2.2984338 7.929596 2.1835117
-2.1452048 8.312668 2.4899697
-1.9919758 8.657433 2.681506
-1.9536686 8.810662 2.834735
-2.030283 8.580819 3.3327289
-2.0685902 8.580819 3.6391864
-2.030283 8.772355 3.9073372
-1.9536686 9.002198 3.9839516
-1.9153614 9.155428 3.7541082
-1.8387469 9.232042 3.6391864
-1.7238252 9.193735 3.562572
-1.5705963 9.232042 3.8307226
-1.4556746 9.2703495 4.4436383
-1.340753 9.576807 5.133168
-1.3790601 9.921572 5.8993134
-1.5322891 10.0748005 6.244078
-1.685518 10.036493 6.2823853
-1.9153614 9.730036 6.205771
-1.9919758 9.2703495 6.090849
-1.9919758 8.848969 6.3206925
-1.8770541 8.810662 6.8186865
-1.6089035 8.963891 7.4316025
-1.340753 9.576806 7.776367
-1.0726023 10.304644 8.082825
-0.8810662 10.840945 8.0445175
-0.84275895 11.18571 7.73806
-0.8810662 11.147403 7.584831
-0.95768064 10.879252 7.240066
-0.9959879 10.419565 6.9719152
-1.0726024 9.80665 6.9336076
-1.1109096 9.193735 6.971915
-1.1109096 8.810663 7.2400656
-1.1109096 8.580819 7.623138
-0.9959879 8.6574335 8.00621
-0.7661445 8.925584 8.350975
-0.53630114 9.193735 8.389282
-0.26815057 9.385271 8.236053
-0.038307227 9.423578 7.8912888
0.11492168 9.346964 7.584831
0.34476504 9.308657 7.4699097
0.5363012 9.423578 7.546524
0.842759 9.653421 7.6231384
1.3024458 10.0748005 7.354987
1.3024458 10.0748005 7.2400656
0.9959879 9.500193 7.508217
0.88106626 9.193735 7.967903
1.1109096 9.193735 8.734047
1.3407528 9.461885 9.002198
1.532289 9.768343 8.887277
1.7621324 9.959879 8.542512
1.9153614 10.151415 8.082825
1.9919758 10.228029 7.508217
1.9919758 10.113108 6.895301
1.7621324 9.768343 6.397307
1.4556746 9.232041 6.129156
1.1492169 8.695741 6.205771
0.91937345 8.350975 6.6654572
0.842759 8.236053 7.163451
0.91937345 8.274361 7.6231384
1.1109096 8.504204 7.6614456
1.340753 8.734048 7.2783732
1.5705963 8.963891 6.8186865
1.6472108 9.078813 6.129156
1.5705963 8.772354 5.66947
1.3790601 8.312668 5.2863975
1.1492168 7.8529816 5.0948615
1.0342952 7.4316025 5.1331687
1.0342952 7.3932953 5.2480903
1.2258313 7.508217 5.516241
1.4556746 7.6614456 5.66947
1.6472108 7.8529816 5.899313
1.7621324 7.929596 6.1291566
1.7621324 7.8912888 6.3589997
1.6089034 7.6614456 6.6654577
1.3407528 7.31668 6.8186865
1.0342951 6.895301 6.933608
0.7278373 6.550536 7.086837
0.5363012 6.473922 7.1251445
0.61291564 6.550536 7.1251445
0.7661446 6.895301 7.04853
0.9193735 7.3932953 6.8569937
1.0726024 7.699753 6.62715
0.9959879 8.00621 6.5505357
0.842759 7.967903 6.4739213
0.57460845 7.776367 6.4739213
0.22984336 7.508217 6.5888433
-0.076614454 7.163451 6.6271505
-0.34476507 7.0102224 6.703765
-0.5363012 6.933608 6.7803793
-0.6512228 7.04853 6.7803793
-0.72783726 7.240066 6.742072
-0.6512228 7.546524 6.5888433
-0.61291564 7.776367 6.5122285
-0.57460845 7.8912888 6.5505357
-0.61291564 7.967903 6.6654572
-0.7661445 7.929596 6.7420716
-0.8810662 7.73806 6.8569937
-1.0342951 7.546524 6.8569937
-1.1492168 7.3932953 6.8569937
-1.1875241 7.240066 6.895301
-1.1875241 7.201759 6.818686
-1.1875241 7.086837 6.7037644
-1.2258313 7.0102224 6.5122285
-1.187524 7.0868373 6.435614

