-0.91937345 7.431602 6.8186865
-1.3024457 7.623138 6.7803793
-1.8387469 7.623138 6.6654572
-2.3750482 7.699753 6.7037644
-2.9879637 7.8912888 6.9719152
-3.2561145 7.929596 7.584831
-3.2944217 8.121132 7.73806
-3.2561145 8.312668 7.699753
-3.2561145 8.504205 7.584831
-3.1794999 8.6574335 7.240066
-3.1411924 8.810662 7.0485296
-3.0262709 8.925584 6.8569937
-2.873042 9.040505 6.933608
-2.7581205 9.193735 7.1251445
-2.6048915 9.232042 7.2783732
-2.4516628 9.308657 7.546524
-2.2984338 9.423578 7.508217
-2.0685904 9.500193 7.3932953
-1.8004396 9.653421 7.278373
-1.4556746 9.883265 7.086837
-1.3790601 9.883265 7.086837
-1.4173675 9.844957 7.0485296
-1.340753 9.959879 6.933608
-1.1875241 10.151416 6.895301
-0.99598783 10.342952 6.742072
-0.80445176 10.457873 6.512229
-0.68953 10.342951 6.0525417
-0.7278373 10.151415 5.93762
-0.7278373 10.036493 5.93762
-0.72783726 9.998186 5.93762
-0.6512228 9.883265 5.899313
-0.5363012 9.883265 5.8226986
-0.34476507 9.883265 5.8226986
-0.19153613 9.998186 5.8226986
-0.038307227 10.113108 5.8226986
0.038307227 10.113108 5.861006
0.038307227 10.0748005 5.899313
0.038307227 9.921572 5.861006
-0.038307227 9.80665 5.7843914
-0.076614454 9.768343 5.6311626
-0.076614454 9.844957 5.3630123
-0.038307227 10.228029 5.1714754
-0.038307227 10.304644 5.2097826
-0.11492168 10.266336 5.439626
-0.11492168 10.304644 5.66947
-0.15322891 10.228029 5.746084
-0.22984336 10.151415 5.631162
-0.38307226 9.959879 5.4013186
-0.61291564 9.653421 5.094861
-0.80445176 9.346964 4.7884035
-0.91937345 9.193735 4.6351748
-0.9576807 9.11712 4.4819455
-1.1109096 8.963891 4.4819455
-1.1109096 9.002198 4.405331
-1.0342951 9.117121 4.098873
-0.91937345 9.155428 3.8307226
-0.91937345 9.117121 3.409343
-1.2258313 8.619126 3.1794999
-1.4939818 8.274361 3.064578
-1.7621324 8.00621 3.1794999
-1.9919757 7.6231384 3.3710358
-2.221819 7.316681 3.4859576
-2.4133554 7.163451 3.6008794
-2.4899697 7.0485296 3.6008794
-2.5665843 7.1251445 3.371036
-2.528277 7.201759 3.0645783
-2.4516625 7.240066 2.719813
-2.3750482 7.2783732 2.2601264
-2.2984335 7.2783732 1.8387468
-2.2601264 7.2783732 1.6089036
-2.2984335 7.2783732 1.4173675
-2.4133554 7.240066 1.1492168
-2.5282772 7.2017584 1.0342951
-2.719813 7.086837 0.9576807
-2.9113493 7.0102224 0.91937345
-3.064578 6.895301 0.91937345
-3.1411924 6.8186865 1.0342951
-3.1794999 6.7803793 1.1109096
-3.2561142 6.742072 1.1875241
-3.4476504 6.8569937 1.2258313
-3.4859576 6.933608 1.0726023
-3.4093432 7.0102224 0.7661445
-3.3327289 7.086837 0.5746084
-3.217807 7.0485296 0.38307226
-3.217807 6.933608 0.19153613
-3.4093432 6.512229 -0.11492168
-3.6008794 6.397307 -0.30645782
-3.7541082 6.282385 -0.45968673
-3.7924156 6.2440777 -0.7661445
-3.6391866 6.129156 -0.8810662
-3.409343 6.129156 -0.9576807
-3.2561142 6.2057705 -1.0342951
-3.217807 6.3589997 -1.0342951
-3.2561145 6.5888433 -0.9193734
-3.371036 6.7803793 -0.8044518
-3.4093432 6.742072 -0.49799398
-3.4476504 6.8186865 -0.11492168
-3.4859576 6.7803793 0.15322891
-3.562572 6.6654577 0.61291564
-3.7541084 6.512229 1.1492168
-3.9073372 6.512229 1.187524
-3.9456444 6.6654577 0.9576807
-3.9456444 6.895301 0.57460845
-3.9073372 7.163451 0.30645782
-3.7541084 7.3549876 0.11492168
-3.6391864 7.431602 -0.038307227
-3.6008792 7.431602 0.076614454
-3.6008792 7.393295 0.15322891
-3.715801 7.2400656 0.4213795
-3.86903 7.0485296 0.5746084
-4.1371803 6.703765 0.5746084
-4.4436383 6.4356136 0.5746084
-4.6351748 6.2440777 0.6512228
-4.711789 6.1674633 0.8810662
-4.6351748 6.3206925 1.0342951
-4.5585604 6.5505357 1.1875241
-4.4819455 6.8569937 0.95768064
-4.4819455 7.086837 0.6895301
-4.4436383 7.240066 0.5746084
-4.2521024 7.3932953 0.49799395
-4.098873 7.4699097 0.8810662
-4.0222588 7.508217 1.4173673
-4.0222588 7.393295 1.8770542
-4.252102 7.2017584 2.2984335
-4.6351743 6.9336076 2.336741
-4.9799395 6.6654572 2.2601266
-5.1714754 6.5122285 2.2601266
-5.133168 6.3589997 2.2218192
-4.788403 6.550536 2.4133554
-4.252102 6.9719152 2.4516625
-3.7924156 7.5082164 2.3750482
-3.4476504 8.197746 2.3750482
-3.217807 8.542511 2.183512
-3.1794999 8.619125 1.9919758
-3.2561142 8.504204 1.7621324
-3.3327286 8.159439 1.4939818
-3.4476504 7.776367 1.4556746
-3.562572 7.546524 1.5705963
-3.6008792 7.3166804 1.9153614
-3.677494 7.163451 2.2601266
-3.8307228 7.163451 2.5665843
-3.86903 7.125144 2.9113493
-3.9073372 7.240066 3.1028855
-3.8307228 7.4699097 3.2944214
-3.5625722 7.8529816 3.371036
-3.2561142 8.236053 3.2944217
-2.9496565 8.619126 2.9496565
-2.681506 8.963891 2.528277
-2.528277 9.078813 1.9919758
-2.566584 9.002198 1.6089034
-2.6431985 8.734048 1.685518
-2.834735 8.197746 1.877054
-3.1028852 7.6614456 2.2601264
-3.1794996 7.3932953 2.7581203
-3.2178068 7.316681 3.1794999
-3.1411924 7.584831 3.86903
-2.9496565 8.0445175 4.6351748
-2.834735 8.465897 5.0948615
-2.7581203 8.848969 5.363012
-2.7581203 8.963891 5.094861
-2.7581203 8.848969 4.6734815
-2.9113493 8.695741 4.3287163
-3.0645783 8.389282 4.252102
-3.1028855 8.274361 4.596867
-3.0262709 8.427589 5.2097826
-2.7198129 8.810662 6.090849
-2.1835117 9.576806 6.6654572
-1.5705963 10.419565 6.971915
-1.1492169 11.147403 6.6654572
-0.91937345 11.568783 5.8610063
-0.95768064 11.530476 5.133168
-1.2641385 11.262325 4.55856
-1.4939818 10.840946 4.481945
-1.532289 10.572794 4.865018
-1.4556746 10.611101 5.324704
-1.1492169 10.76433 5.861006
-0.7661446 11.070788 6.1674633
-0.49799395 11.377247 6.320692
-0.19153613 11.568783 6.435614
-0.038307227 11.683704 6.3206925
0.0 11.568783 6.2823853
0.0 11.070788 6.0142345
-0.2681506 9.80665 5.746084
-0.34476507 9.193734 5.7843914
-0.30645782 8.963891 6.1291566
-0.15322891 9.040505 6.588843
0.26815063 9.346964 7.125144
0.7278373 9.998186 7.469909
1.1492168 10.611102 7.6614456
1.532289 11.070788 7.5465236
1.7621324 11.33894 7.2400656
1.8387469 11.262325 6.9336076
1.8387469 11.032482 6.7420716
1.7621324 10.764331 6.5505357
1.6472108 10.342952 6.435614
1.5705963 10.0748005 6.435614
1.532289 9.80665 6.3206925
1.532289 9.5385 6.3206925
1.5705963 9.461885 6.5122285
1.685518 9.461885 6.6271505
1.8004396 9.615114 6.7803793
1.9919758 9.768343 6.895301
2.0685902 9.921572 6.742072
2.030283 9.844957 6.5505357
1.9153614 9.615114 6.1674633
1.6089035 9.232042 5.8226986
1.4173673 8.810662 5.592855
1.187524 8.619126 5.554548
1.1109096 8.619126 5.746084
1.187524 8.772355 6.0142345
1.2258313 9.002198 6.1674633
1.340753 9.232042 6.2057705
1.3790601 9.2703495 6.129156
1.4173675 9.423578 5.93762
1.493982 9.500193 6.0142345
1.493982 9.385271 5.9759274
1.3790601 9.193735 6.0142345
1.1492168 8.695741 5.93762
0.8044517 8.121132 5.66947
0.5746084 7.584831 5.4013195
0.5363012 7.316681 5.056554
0.61291564 7.354988 4.903325
0.8810662 7.6231384 4.8267107
1.2258313 8.0445175 5.0182467
1.6089035 8.542512 5.439626
1.9919759 9.040505 5.975928
2.2601264 9.346964 6.4739213
2.336741 9.461885 6.5122285
2.2218192 9.385271 6.397307
1.9536686 9.078813 6.052542
1.685518 8.695741 5.7843914
1.3407528 8.350975 5.899313
0.95768064 7.8912888 6.0525417
0.6512228 7.5082164 6.129156
0.30645782 7.2400656 6.090849
0.11492168 7.0485296 5.9759274
0.038307227 7.0485296 5.8226986
0.038307227 7.125144 5.746084
0.076614454 7.278373 5.66947
0.19153613 7.5082164 5.5928555
0.2681506 7.699753 5.5545483
0.2681506 7.8146744 5.5545483
0.22984336 7.929596 5.746084
0.11492168 7.8912888 6.0142345

