-1.1492168 7.699753 6.2823853
-1.6472107 8.082825 6.244078
-1.9919758 8.772354 6.205771
-2.2984335 9.500192 6.4356146
-2.336741 10.266336 6.7803793
-2.1068976 10.726024 7.163452
-1.9919758 10.879252 7.354988
-2.030283 10.76433 7.4316025
-2.1452048 10.419565 7.4699097
-2.2984335 10.0748005 7.3166804
-2.4899697 9.80665 7.240066
-2.5665843 9.730036 7.2783732
-2.5282772 9.80665 7.3549876
-2.4133554 10.036493 7.508217
-2.030283 10.457872 7.584831
-1.5322889 10.91756 7.584831
-1.0342951 11.300632 7.393295
-0.61291564 11.492168 7.201759
-0.4213795 11.453861 7.0102224
-0.4213795 11.224018 6.7037644
-0.53630114 10.840945 6.7037644
-0.61291564 10.457873 6.818686
-0.61291564 10.228029 6.8953004
-0.49799395 10.0748005 6.9336076
-0.34476504 10.113108 6.856993
-0.15322891 10.189722 6.588843
-0.038307227 10.113108 6.3589997
0.0 9.959879 6.3206925
0.076614454 9.883265 6.244078
0.15322891 9.883265 6.2823853
0.2681506 9.921572 6.2823853
0.4213795 10.113108 6.244078
0.5363012 10.0748005 6.0525417
0.49799398 9.691729 5.631162
0.30645785 9.270349 5.324704
0.038307227 8.887277 5.286397
-0.22984338 8.580818 5.2097826
-0.4213795 8.274361 5.133168
-0.5363012 8.082825 5.056554
-0.5363012 8.00621 4.865018
-0.4213795 8.00621 4.6351743
-0.30645782 8.159439 4.367024
-0.11492168 8.350975 4.252102
0.0 8.504204 3.9839516
0.038307227 8.580819 3.7541082
0.0 8.619126 3.6008792
-0.076614454 8.619126 3.3710358
-0.22984335 8.542511 3.2561142
-0.42137948 8.427589 3.217807
-0.61291564 8.236053 3.2944214
-0.842759 8.197746 3.4093432
-0.8810662 8.312668 3.7158012
-0.8810662 8.465898 4.0222588
-0.8044517 8.695741 4.175488
-0.68953 8.810662 4.367024
-0.6512228 8.772355 4.290409
-0.7278373 8.619125 4.1371803
-0.9193735 8.274361 3.9839516
-0.9959879 8.197746 3.9456444
-0.9959879 8.236053 3.9456444
-0.9576807 8.350975 4.0222588
-0.8810662 8.389282 4.060566
-0.80445176 8.542511 4.3287168
-0.6895301 8.6574335 4.5202527
-0.61291564 8.734048 4.4819455
-0.5363012 8.810662 4.213795
-0.49799398 8.810662 3.5242648
-0.5363012 8.810662 2.7964277
-0.6512229 8.695741 2.2218194
-0.7661446 8.619126 1.7621325
-0.9576807 8.504205 1.6855179
-1.1109096 8.42759 1.7621325
-1.2258313 8.42759 1.9153613
-1.4173675 8.42759 2.1452045
-1.532289 8.350975 2.4133554
-1.6472108 8.350975 2.528277
-1.7621324 8.274361 2.566584
-1.8004397 8.197746 2.6048915
-1.8387469 8.197746 2.3750482
-1.8770542 8.082825 2.2218192
-1.9536686 8.0445175 1.9536686
-2.0685902 7.967903 1.6089036
-2.2218192 7.929596 1.532289
-2.3367407 7.8529816 1.5705962
-2.375048 7.776367 1.685518
-2.4516625 7.73806 1.8004396
-2.4516625 7.6614456 1.7621324
-2.4516625 7.6231384 1.685518
-2.4133554 7.6231384 1.4939818
-2.4133554 7.6614456 1.5705963
-2.3750482 7.776367 1.7238251
-2.3750482 7.929596 1.9536685
-2.4133554 8.00621 2.030283
-2.4516625 8.0445175 1.8770542
-2.566584 8.0445175 1.6089036
-2.6815057 7.8912888 1.3790601
-2.7964275 7.776367 1.2641385
-2.9496565 7.508217 1.7621325
-2.9496565 7.546524 1.9919759
-2.9113493 7.6231384 2.1068976
-2.7964277 7.8529816 2.030283
-2.719813 8.082825 1.7621324
-2.5665843 8.159439 1.532289
-2.4899697 8.197746 1.3024457
-2.4516625 7.967903 1.1109096
-2.4133554 7.776367 1.1492168
-2.4899697 7.5848308 1.1875241
-2.6048915 7.393295 1.3024458
-2.719813 7.3549876 1.1875241
-2.834735 7.3166804 0.9959879
-2.9113493 7.4316025 0.6895301
-2.873042 7.584831 0.49799395
-2.834735 7.776367 0.53630114
-2.7964275 7.929596 0.61291564
-2.7581203 7.967903 0.8810662
-2.7581203 7.967903 1.1109096
-2.834735 7.8146744 1.3024457
-2.9879637 7.6614456 1.4556745
-3.1794999 7.469909 1.3407528
-3.5242648 7.086837 1.0726023
-3.5242648 6.933608 0.8810662
-3.4859576 6.7803793 0.91937345
-3.3710358 6.703765 0.8810662
-3.217807 6.7803793 0.8810662
-3.1794999 6.895301 0.8810662
-3.1411924 7.0485296 0.80445176
-3.256114 7.0485296 0.7661445
-3.4093432 6.933608 0.5746084
-3.5242648 6.6271505 0.53630114
-3.6008792 6.2057705 0.61291564
-3.562572 5.7843914 0.7661445
-3.5242648 5.477934 1.1875241
-3.4859576 5.324704 1.4556746
-3.4859576 5.4396257 1.8004396
-3.4859576 5.899313 2.1068974
-3.4093432 6.3973074 2.1835117
-3.2561145 7.086837 2.260126
-3.064578 7.584831 2.0685902
-2.834735 7.73806 1.8004396
-2.6815062 7.776367 1.4556746
-2.6048913 7.469909 1.1875241
-2.6048913 7.2017584 1.0726024
-2.7964275 7.0102224 1.0342951
-2.9496565 6.8186865 1.2258313
-3.1411927 6.8186865 1.4939818
-3.1794999 6.895301 1.8770542
-2.9879637 7.1251445 2.1452048
-2.7198133 7.546524 2.2984335
-2.2601266 8.00621 2.3367407
-1.8387469 8.465898 2.1068974
-1.532289 8.810662 1.9153613
-1.37906 9.078813 1.7238252
-1.532289 9.346963 1.6089035
-1.8004396 9.461885 1.6089035
-2.183512 9.5385 1.685518
-2.528277 9.423578 1.838747
-2.7581203 9.232042 2.0302832
-2.9496565 9.002199 2.2984338
-3.064578 8.734048 2.5282772
-3.217807 8.542511 2.681506
-3.3710358 8.350975 2.834735
-3.4859574 8.427589 2.9496565
-3.5242648 8.619125 2.9879637
-3.4476504 9.002198 3.217807
-3.3327289 9.4618845 3.2944214
-3.2178073 9.768343 3.4476504
-3.1411927 9.998186 3.715801
-3.1028852 10.036493 4.0222588
-3.1411927 9.921572 4.5202527
-3.4093432 9.730036 5.439626
-3.7158012 9.653421 5.707777
-4.0988736 9.2703495 5.631162
-4.5968676 8.695741 5.592855
-5.1331687 7.8529816 5.4779334
-5.5162406 6.8186865 5.899313
-5.5162406 6.62715 7.04853
-5.133168 7.1251445 7.9679036
-4.55856 7.9679036 8.580819
-4.0222588 8.925585 8.465898
-3.7158012 9.232042 7.8912888
-3.7158012 8.887278 7.469909
-3.677494 8.465898 7.3166804
-3.371036 8.121132 7.8912888
-2.873042 8.542511 8.236053
-1.6472108 9.615114 8.389282
-1.2258313 9.730036 7.8529816
-0.9959879 9.461885 7.125144
-0.91937345 9.155427 6.703765
-0.5746084 8.695741 7.125144
-0.22984336 8.963891 7.8912888
0.22984336 9.385271 8.274361
0.6512229 9.80665 8.312668
1.0726024 10.304644 7.3932953
0.9959879 10.151415 6.6654577
0.8044518 9.844957 6.3206925
0.61291564 9.500193 6.3589997
0.49799395 9.346964 6.8186865
0.6512228 9.423578 7.431602
0.91937345 9.730036 7.8146744
1.2641385 10.036493 7.776367
1.6089036 10.304644 7.3166804
1.685518 10.228029 6.6654577
1.3790601 9.5385 5.899313
0.9959879 8.84897 6.1291566
0.6895301 8.389283 6.895301
0.4596867 7.967903 7.584831
0.344765 7.8912888 8.236054
0.4213795 8.0445175 8.465898
0.49799395 8.197746 8.312668
0.57460845 8.312668 8.00621
0.6512228 8.389283 7.5848308
0.6512228 8.312669 7.0485296
0.61291564 8.236053 6.6654572
0.5746084 8.121132 6.5122285
0.45968673 8.00621 6.5505357
0.38307226 8.00621 6.780379
0.38307226 8.082825 6.9719152
0.4213795 8.274361 7.0485296
0.5363012 8.504205 6.9719152
0.6512228 8.772355 6.9719152
0.7661445 8.963891 6.8569937
0.8810662 9.11712 6.5888433
0.9576807 9.270349 6.359
1.0342952 9.423578 6.090849
1.0342952 9.385271 5.899313
0.9576807 9.2703495 5.861006
0.7661445 8.925584 5.861006
0.4596867 8.465897 5.8226986
-1.4901161E-8 7.967903 5.861006
-0.45968676 7.278373 5.899313
-0.8427591 6.703765 6.0142345
-1.1875241 6.282385 6.2057705
-1.2641385 6.0525417 6.320692
-1.2258313 6.205771 6.397307
-1.0726023 6.588843 6.3589993
-0.7278373 7.0102224 6.2057705
-0.38307226 7.5082164 5.93762
-0.076614454 7.8529816 5.592855
0.15322891 8.082825 5.363012
0.2681506 8.197746 5.3247046
0.22984336 8.197746 5.439626
0.11492168 8.121132 5.66947
-0.076614454 7.967903 5.861006
-0.30645782 7.776367 6.1291566
-0.4213795 7.6231384 6.2823853
-0.49799395 7.584831 6.435614
-0.45968673 7.6614456 6.6654572
-0.38307226 7.8529816 6.588843
-0.42137948 8.00621 6.5122285
-0.49799392 8.0445175 6.397307
-0.68953013 8.00621 6.129156
-0.8810662 7.8529816 6.090849

