-1.8770541 7.086837 7.0485296
-2.2984338 7.240066 7.0485296
-2.9113493 7.3166804 7.0485296
-3.4476504 7.4316025 7.0102224
-4.098873 7.2017584 6.933608
-4.3287163 7.0102224 6.7803793
-4.405331 6.933608 6.588843
-4.405331 6.8569937 6.4739213
-4.2904096 6.933608 6.435614
-3.9839516 7.163451 6.703765
-3.6391866 7.584831 6.9336085
-3.2944214 8.0445175 7.010223
-2.911349 8.542512 7.1251445
-2.6048913 8.925584 7.201759
-2.413355 9.232042 7.2783732
-2.3367407 9.423578 7.508217
-2.375048 9.461885 7.73806
-2.4516625 9.461885 7.8529816
-2.5282772 9.308657 8.00621
-2.6431987 9.232042 8.197746
-2.7198133 9.193734 8.389282
-2.7198133 9.193734 8.465897
-2.6048915 9.461885 8.504204
-2.3750482 9.730036 8.427589
-2.183512 10.036493 8.159439
-2.030283 10.228029 8.159439
-2.030283 10.228029 8.159439
-2.0685902 10.189722 8.197746
-2.1068976 10.113108 8.350975
-2.1452048 10.113108 8.465898
-2.0302832 10.151415 8.542512
-1.838747 10.113108 8.504204
-1.6089036 10.0748005 8.427589
-1.3790601 10.0748005 8.274361
-1.2641385 9.921572 8.082825
-1.2641385 9.883265 7.967903
-1.3024457 9.80665 7.8912888
-1.3024457 9.653421 7.73806
-1.1875241 9.691729 7.584831
-0.9959879 9.730036 7.393295
-0.84275895 9.80665 6.9719152
-0.7278373 9.730036 6.3206925
-0.8810662 9.500193 6.090849
-1.0342951 9.155427 6.0142345
-1.2641385 8.810662 5.9759274
-1.4556746 8.580819 6.0142345
-1.5705962 8.389282 5.9759274
-1.6089036 8.350975 5.9759274
-1.5705962 8.389282 5.93762
-1.5705962 8.504204 5.8226986
-1.532289 8.6574335 5.707777
-1.532289 8.887277 5.66947
-1.532289 9.040505 5.6311626
-1.532289 9.11712 5.4396267
-1.5705962 9.11712 5.286397
-1.6472108 8.925584 5.056554
-1.8770542 8.6574335 4.9416323
-2.1068976 8.389282 5.018247
-2.3750482 8.0445175 5.209783
-2.7581203 7.699753 5.3630123
-3.026271 7.431602 5.4013195
-3.2944217 7.125144 5.2863975
-3.1028857 7.163451 5.1331687
-2.6815062 7.6231384 4.8267107
-2.4899697 7.73806 4.596867
-2.4516625 7.8529816 4.290409
-2.4516625 7.8146744 3.7924151
-2.5282772 7.584831 3.4859576
-2.719813 7.354988 3.4093432
-2.9113493 7.086837 3.6391864
-3.1028855 6.9719152 4.060566
-3.2944217 6.9719152 4.3670235
-3.4859576 6.933608 4.55856
-3.677494 6.895301 4.4053307
-3.8307228 6.7803793 4.098873
-3.86903 6.742072 3.8307228
-3.7541084 6.8186865 3.4859576
-3.5625722 7.0102224 3.1795
-3.371036 7.125144 2.9879637
-3.3327289 7.201759 2.7198133
-3.4093432 7.240066 2.4516625
-3.5242648 7.1634517 2.2984338
-3.677494 7.1634517 2.1068974
-3.677494 7.1634517 1.8770541
-3.6008792 7.1251445 1.8387469
-3.4093432 7.1251445 1.9536685
-3.4476504 7.1634517 2.0685902
-3.5242648 7.240066 1.9919758
-3.6008794 7.201759 1.7238252
-3.7158012 7.125144 1.4939818
-3.7158012 6.9719152 1.3024458
-3.7158012 6.8569937 1.1492169
-3.7158012 6.8186865 1.1875241
-3.7158012 6.8569937 1.1109097
-3.7541084 6.9719152 1.0726024
-3.8307228 7.0102224 0.9193735
-3.9073372 7.0102224 0.842759
-3.9456444 6.895301 0.8044517
-4.0222588 6.62715 0.9193734
-4.098873 6.397307 1.1109096
-4.2137947 6.2440777 1.1492169
-4.3287168 6.1674633 1.2258313
-4.3287168 6.282385 1.1875241
-4.2137947 6.5505357 1.1875241
-4.0222588 6.8186865 1.1492169
-3.7924156 7.201759 1.1492169
-3.6391869 7.4699097 0.9576807
-3.562572 7.584831 0.842759
-3.562572 7.699753 0.9193734
-3.6391864 7.508217 0.9576807
-3.7541082 7.2783737 1.1109096
-3.9456444 6.9719152 1.2258313
-4.1754875 6.5888433 1.1492169
-4.3287168 6.3589993 1.1109097
-4.3670235 6.397307 0.9959879
-4.1754875 6.6654572 1.1875241
-3.9456444 7.0102224 1.1875241
-3.7541084 7.3549876 1.2258313
-3.6391866 7.584831 1.3024457
-3.6774938 7.6231384 1.187524
-3.8307228 7.584831 1.1492168
-3.9839516 7.3932953 1.1109096
-4.1754875 7.163451 0.99598795
-4.2521024 6.933608 0.91937345
-4.367024 6.703765 0.91937345
-4.481946 6.5505357 0.9959879
-4.5585604 6.4739213 1.2258313
-4.673482 6.588843 1.9153612
-4.673482 6.62715 2.1835117
-4.7500963 6.588843 2.2601264
-4.865018 6.3589993 2.1068974
-4.9799395 6.1674633 1.9153614
-5.0948615 6.0142345 1.7621324
-5.018247 5.9759274 1.685518
-4.8267107 6.205771 1.7238252
-4.252102 7.04853 1.9153614
-4.098873 7.5082164 1.8387469
-4.1371803 7.699753 1.6089035
-4.2137947 7.6614456 1.340753
-4.4053307 7.3166804 1.0726024
-4.673482 6.818686 1.0342951
-4.7884035 6.5122285 1.3024458
-4.865018 6.3973064 1.7238252
-4.7500963 6.780379 2.1068974
-4.4819455 7.3549876 2.4899697
-4.2521024 8.00621 2.6815062
-4.1371803 8.619126 2.528277
-4.1754875 8.734048 2.2601264
-4.290409 8.657433 1.8004397
-4.3287163 8.389282 1.4556746
-4.2137947 8.082825 1.2641385
-4.0222588 8.0445175 1.532289
-3.9073372 8.121132 1.9919759
-3.9839516 8.236053 2.4516625
-4.2137947 8.274361 2.9496565
-4.55856 8.00621 2.9879637
-4.8267107 7.6231384 2.719813
-4.9416323 7.086837 2.3750482
-4.9799395 6.6654577 1.838747
-4.7500963 6.5122285 1.5705963
-4.5968676 7.0102224 1.7621325
-4.481946 7.5082164 2.183512
-4.367024 7.967903 2.6048915
-4.3287168 8.350975 3.0262709
-4.4436383 8.274361 3.371036
-4.5968676 7.967903 3.524265
-4.8267107 7.3549876 3.6008797
-5.094861 6.7037644 3.7158012
-5.094861 6.435614 4.0988736
-4.865018 6.6654572 4.8267107
-4.4819455 7.4316015 5.5162406
-4.060566 8.350975 5.93762
-3.7924156 9.11712 5.6694694
-3.6774938 9.423577 5.0182467
-3.7541082 9.346963 4.4436383
-3.9456444 8.772355 4.0222588
-4.213795 8.00621 4.060566
-4.4436383 7.546524 4.6351743
-4.6351743 7.469909 5.93762
-4.5202527 7.967903 6.62715
-4.367024 8.465897 7.086837
-3.9073372 9.346963 7.3549876
-3.2944217 10.189722 7.240066
-2.834735 10.879252 6.8569937
-2.6048915 11.224018 6.3206925
-2.7964277 11.032482 6.0525417
-3.2178073 10.649408 6.090849
-3.6391864 10.113108 6.2823853
-3.9073372 9.730036 6.5122285
-4.0222588 9.500193 6.8186865
-3.8690298 9.346964 7.0102224
-3.5242648 9.423578 7.1634517
-3.1411927 9.461885 7.240066
-2.7964277 9.385271 7.0102224
-2.6048915 9.2703495 6.856993
-2.48997 9.078813 6.7037644
-2.2218192 9.11712 6.7420716
-1.8387469 9.2703495 6.8186865
-1.532289 9.500193 6.742072
-1.3024457 9.691729 6.6271505
-1.2258313 9.691729 6.3973064
-1.3024457 9.653421 6.2440777
-1.3024457 9.5385 6.1674633
-1.1875241 9.576807 6.3589997
-1.1492169 9.653421 6.7037644
-1.1492169 9.615114 7.1634517
-1.2641385 9.461885 7.1634517
-1.3407528 9.232042 7.0868373
-1.3790601 9.11712 7.240066
-1.3790601 9.193734 7.393295
-1.2641385 9.423577 7.6614456
-1.1109096 9.768343 7.776367
-0.95768064 9.998186 7.776367
-0.84275895 10.036493 7.776367
-0.8810662 9.844957 7.6231384
-0.9959879 9.615114 7.546524
-1.0726024 9.346964 7.354988
-1.1875241 9.040506 7.2017584
-1.3024457 8.734048 7.2017584
-1.3790601 8.389282 7.0485296
-1.4939818 8.121132 6.9719152
-1.4556745 7.8529816 6.933608
-1.2641385 7.8146744 6.742072
-1.0342951 7.929596 6.3973074
-0.72783726 8.0445175 5.93762
-0.4596867 8.236053 5.4396267
-0.38307226 8.427589 5.056554
-0.22984336 8.657433 4.9799395
0.03830722 9.078813 5.2097826
0.34476504 9.615114 5.439626
0.84275895 10.228029 5.5162406
1.3024457 10.76433 5.66947
1.532289 11.109096 5.5545483
1.5705962 11.3006315 5.516241
1.3790603 11.109096 5.5928555
0.9959879 10.611102 5.516241
0.5746084 9.998186 5.516241
0.22984336 9.232042 5.477934
-0.114921674 8.542512 5.3247046
-0.38307226 7.967903 5.2863975
-0.61291564 7.508217 5.2097826
-0.7661445 7.316681 4.9799395
-0.7661445 7.278373 4.9416323
-0.7278373 7.4316025 5.0182467
-0.6895301 7.6231384 5.171476
-0.72783726 7.6614456 5.5162406
-0.84275895 7.699753 5.746084
-0.9959879 7.6231384 5.746084
-1.0726024 7.6231384 5.8226986
-1.1109096 7.699753 5.8226986
-1.0726024 7.776367 5.746084
-0.9959879 7.8912888 5.861006
-0.9576807 7.8529816 5.7843914
-0.9576807 7.8529816 5.631162
-0.9576807 7.8146744 5.746084
-0.842759 7.8529816 5.8226986
-0.8810662 7.967903 5.8226986
-0.8810662 8.00621 5.9759274
-0.842759 8.0445175 6.205771

