-0.9193734 8.00621 6.3589997
-1.9536686 7.623138 6.320692
-2.719813 7.469909 6.5505357
-3.0262709 7.699753 6.8569937
-3.5242648 7.6614456 7.2783732
-3.86903 7.8529816 7.508217
-3.7924156 8.00621 7.354988
-3.8307228 8.121132 7.0102224
-3.9456444 8.159439 6.5888433
-4.290409 8.082825 6.4356136
-4.6351743 8.00621 6.3589993
-4.9416323 7.8146744 6.4356136
-5.209783 7.73806 6.818686
-5.209783 7.8912888 7.125144
-5.094861 8.274361 7.431602
-4.9416323 8.734048 7.699753
-4.7500963 9.193734 7.584831
-4.673482 9.461885 7.3166804
-4.6351743 9.5385 6.9719152
-4.596867 9.615114 6.780379
-4.55856 9.691729 6.7037644
-4.4436383 9.80665 6.780379
-4.252102 9.998186 6.818686
-4.060566 10.189722 6.7420716
-3.9456444 10.228029 6.780379
-3.86903 10.151415 6.8186865
-3.9073372 9.959879 7.010223
-3.9839516 9.691729 7.240066
-3.9456444 9.461885 7.4316025
-3.9073372 9.346964 7.546524
-3.7924156 9.308657 7.584831
-3.6391864 9.308657 7.584831
-3.5242648 9.346964 7.546524
-3.4476504 9.385271 7.5082164
-3.4476504 9.423578 7.431602
-3.4859576 9.385271 7.431602
-3.5242648 9.423578 7.584831
-3.4859576 9.423578 7.699753
-3.409343 9.385271 7.73806
-3.2561142 9.423578 7.8146744
-3.1411924 9.346964 7.546524
-3.1411924 9.232042 7.3549876
-3.1794996 9.155427 7.278373
-3.1794996 9.155427 7.0485296
-3.1794996 9.11712 6.895301
-3.064578 9.193735 6.6654577
-2.9113493 9.308657 6.4739213
-2.7964277 9.2703495 6.282385
-2.6431987 9.423578 6.1674633
-2.375048 9.5385 5.899313
-2.2984335 9.500193 5.861006
-2.2601264 9.308657 5.899313
-2.2984335 9.002199 5.93762
-2.3750482 8.695741 6.090849
-2.4516625 8.389282 5.9759274
-2.566584 8.121132 5.784391
-2.6048913 8.0445175 5.554548
-2.528277 8.082825 5.2863975
-2.1068976 8.580819 5.094861
-1.8770542 8.772355 4.9416323
-1.8004397 8.848969 4.5202527
-1.7621324 8.848969 4.213795
-1.838747 8.695741 3.9839516
-1.9919758 8.504205 3.9456444
-2.183512 8.236053 4.060566
-2.4516625 7.967903 4.1371803
-2.7581203 7.699753 4.098873
-3.026271 7.469909 3.9839516
-3.2561145 7.3549876 3.9456444
-3.371036 7.2783732 3.9073372
-3.371036 7.240066 4.060566
-3.2944217 7.2783732 4.1371803
-3.1794999 7.3166804 4.1754875
-3.1028852 7.3549876 4.098873
-3.064578 7.393295 3.9073372
-3.1028852 7.431602 3.8307228
-3.1411924 7.3549876 3.7924156
-3.217807 7.2783732 3.715801
-3.3327286 7.1251445 3.6391866
-3.4476504 6.933608 3.562572
-3.5625722 6.780379 3.5242648
-3.6774938 6.7037644 3.562572
-3.7924156 6.856993 3.6008792
-3.8307228 6.9719152 3.5242648
-3.9073372 7.240066 3.064578
-3.9073372 7.1634517 2.834735
-3.9839516 7.1634517 2.6431987
-4.060566 7.125144 2.6431987
-4.1754875 7.0485296 2.681506
-4.2904096 6.933608 2.719813
-4.405331 6.7803793 2.719813
-4.5585604 6.5505357 2.6431987
-4.7500963 6.397307 2.528277
-4.9416323 6.2440777 2.3367407
-5.0182467 6.0525417 2.2218192
-4.9799395 5.899313 2.1452045
-4.903325 5.8226986 2.030283
-4.711789 5.8226986 1.9919758
-4.5585604 5.9759274 1.9153614
-4.405331 6.320692 1.8387469
-4.2137947 6.550536 1.7621324
-4.098873 6.742072 1.8387469
-4.1371803 6.4739213 1.685518
-4.252102 6.205771 1.6472107
-4.405331 5.861006 1.5322891
-4.55856 5.66947 1.340753
-4.7500963 5.5545483 1.3024457
-4.865018 5.439626 1.2641385
-4.903325 5.477934 1.2641385
-4.865018 5.4396267 1.37906
-4.711789 5.5545483 1.532289
-4.5968676 5.746084 1.7621324
-4.405331 6.1674633 1.9536686
-4.3287168 6.3589993 1.7238252
-4.2137947 6.62715 1.3024458
-4.0222588 6.8569937 0.6512229
-3.7924154 7.0485296 0.11492168
-3.4859576 7.2400656 -0.30645782
-3.562572 7.278373 -7.4505806E-9
-3.9456444 7.2017584 0.7278373
-4.1371803 7.0102224 1.0726023
-4.2521024 6.8186865 1.1492168
-4.3287168 6.6271505 1.0726024
-4.405331 6.5122285 0.80445176
-4.5202527 6.397307 0.49799395
-4.6351743 6.397307 0.34476507
-4.6351743 6.5122285 0.38307226
-4.4436383 6.7803793 0.45968673
-4.213795 7.125144 0.68953013
-3.9456444 7.316681 0.8044517
-3.86903 7.354988 0.8810662
-4.098873 7.2400665 0.91937345
-4.367024 7.0102224 0.91937345
-4.673482 6.8569937 0.842759
-4.9416323 6.742072 0.7278373
-5.0182467 6.703765 0.68953013
-4.9799395 6.703765 0.6512228
-4.865018 6.742072 0.7661445
-4.5968676 6.895301 0.9576807
-4.367024 7.1251445 1.2258313
-4.2137947 7.469909 1.3790601
-4.1371803 7.8529816 1.532289
-4.1754875 8.082825 1.532289
-4.290409 8.0445175 1.2641385
-4.4053307 7.699753 1.0726024
-4.4436383 7.201759 0.9576807
-4.4819455 6.742072 0.9959879
-4.520253 6.5122285 1.3024458
-4.5968676 6.4739213 1.5322891
-4.7500963 6.5505357 1.6472108
-4.8267107 6.6654572 1.7621325
-4.7500963 6.8186865 1.7621325
-4.4436383 7.1251445 1.9153614
-3.9839516 7.508217 1.9153614
-3.4476504 7.929596 1.9153614
-2.9496565 8.350975 1.8387469
-2.7198133 8.580818 1.5705963
-2.7964277 8.542511 1.4173675
-3.1794996 8.274361 1.2641385
-3.6391864 7.8146744 1.3790603
-4.0222588 7.31668 1.8770542
-4.2521024 6.9719152 2.4516625
-4.2521024 6.8569937 3.1411927
-4.3287168 6.7420716 3.5242648
-4.4819455 6.588843 3.4859576
-4.6351743 6.435614 3.4476504
-4.7884035 6.435614 3.256114
-4.711789 6.5888433 3.064578
-4.405331 7.125144 3.0262709
-3.9456444 7.967903 3.1028855
-3.4476504 8.6574335 3.1028855
-3.1794999 9.232042 3.2561145
-3.1794999 9.385271 3.5242648
-3.6774938 8.925584 3.754108
-4.9799395 7.469909 4.4053307
-5.439626 6.8186865 4.6351743
-5.401319 6.703765 4.9416323
-4.9416323 7.1634517 5.439626
-4.2137947 8.312669 5.8226986
-3.4476504 9.653421 6.0525417
-2.719813 11.109096 5.861006
-2.528277 11.9135475 5.3247046
-2.719813 11.951855 4.903325
-3.1028852 11.377247 4.6734815
-3.7158008 10.189722 4.750096
-4.1371803 9.155427 5.2097826
-4.252102 8.580819 5.7843914
-4.060566 8.6574335 6.512229
-3.6008792 9.346963 7.0102224
-2.9113493 10.342951 7.086837
-2.336741 11.45386 6.895301
-1.8770542 12.220005 6.244078
-1.6472108 12.373234 5.554548
-1.7621324 11.913547 4.9416323
-2.030283 10.955866 4.5202527
-2.719813 9.193734 4.6734815
-2.834735 8.810662 5.24809
-2.834735 8.772355 5.784391
-2.719813 8.887277 6.2057705
-2.5282772 9.11712 6.435614
-2.3750482 9.346964 6.4739213
-2.336741 9.346964 6.435614
-2.4133554 9.2703495 6.435614
-2.5282772 9.078813 6.5505357
-2.6048915 8.887277 6.62715
-2.528277 8.963892 6.7803793
-2.3750482 9.155428 6.742072
-2.2218192 9.500193 6.512229
-2.0685902 9.768343 6.1674633
-2.030283 9.653421 5.8226986
-2.183512 9.155427 5.7843914
-2.3750482 8.312668 6.0142345
-2.6815057 7.546524 6.5122285
-2.8730419 7.086837 7.2400656
-2.7964275 7.086837 7.8912888
-2.4133554 7.699753 8.6574335
-1.7238252 8.580819 9.232042
-0.91937345 9.691729 9.2703495
-0.22984336 10.802638 8.848969
0.11492168 11.33894 7.6231384
0.19153613 11.262324 6.129156
-0.07661445 10.611101 4.7500963
-0.4213795 9.576807 4.060566
-0.7278373 8.6574335 4.0222588
-0.99598795 8.082825 4.5968676
-0.99598795 7.929596 5.439626
-0.80445176 8.197746 6.0525417
-0.45968673 8.580818 6.5122285
-0.15322891 9.002198 6.2823853
0.038307227 9.193734 5.7843914
0.038307227 9.11712 5.094861
-0.15322891 8.848969 4.2904096
-0.30645782 8.580818 3.9456444
-0.38307226 8.542511 3.9456444
-0.26815057 8.619125 4.2137947
-0.076614454 9.002198 4.6351743
0.114921674 9.346964 5.133168
0.34476504 9.576807 5.707777
0.53630114 9.921572 6.0525417
0.8810662 10.381259 6.473922
1.4556746 11.109097 7.0102224
1.9919758 11.951855 7.3549876
2.4516625 12.679692 7.623138
2.6048915 12.909535 7.5465236
2.2984335 12.603078 7.0102224
1.8004396 11.798626 6.435614
1.2258313 10.726023 6.2823853
0.5746084 9.730036 6.435614
0.03830722 8.6574335 6.895301
-0.53630114 7.776367 7.240066
-1.0726023 7.0102224 7.354988
-1.4556745 6.2823853 7.240066
-1.7238252 5.93762 6.8186865
-1.7621324 5.899313 6.4739213
-1.7238252 6.0142345 5.93762
-1.6089036 6.2823853 5.592855
-1.4556746 6.5122285 5.5162406
-1.2258313 6.742072 5.439626
-1.0726023 6.933608 5.5162406
-0.95768064 7.1251445 5.554548
-0.84275895 7.2783732 5.439626
-0.84275895 7.3549876 5.363012
-0.80445176 7.4699097 5.2480903
-0.72783726 7.584831 5.1331687
-0.6895301 7.73806 5.209783
-0.61291564 8.00621 5.363012
-0.5746084 8.236053 5.707777
-0.49799395 8.389283 6.0525417
-0.45968673 8.465898 6.3206925
-0.49799395 8.350975 6.4739213
-0.53630114 8.159439 6.4739213
-0.6512228 8.0445175 6.3973064
-0.68953 7.967903 6.2057705
-0.72783726 8.00621 5.93762
-0.72783726 8.159439 5.66947
-0.6895301 8.312668 5.5162406
-0.72783726 8.504205 5.363012
-0.8044517 8.619126 5.3247046
-0.9193734 8.619126 5.3247046
-1.1492168 8.542511 5.477934

