-1.3407528 8.389282 5.7843914
-1.4939818 8.197746 6.0525417
-1.4939818 7.4316025 6.7420716
-1.8004397 7.125144 7.0102224
-2.4133554 7.2400656 6.895301
-2.9496565 7.469909 6.895301
-3.6391866 7.5465236 6.7420716
-3.9073372 7.967903 6.4739213
-3.7924156 7.929596 6.742072
-3.6008794 7.967903 7.010223
-3.0645783 8.236053 7.431602
-2.719813 8.542511 7.3549876
-2.030283 9.11712 7.0485296
-1.5322891 9.385271 6.933608
-1.4173675 9.461885 6.895301
-1.3024458 9.308657 6.8569937
-1.2258313 9.308657 7.0102224
-1.0726023 9.346964 7.086837
-0.95768064 9.423578 7.163451
-0.80445176 9.576807 7.2017584
-0.61291564 9.80665 7.278373
-0.49799395 9.959879 7.2400656
-0.30645782 10.189722 7.163451
-0.11492168 10.342951 7.086837
0.0 10.457872 6.8186865
0.11492168 10.572795 6.7037644
0.15322891 10.611102 6.588843
0.15322891 10.649409 6.2440777
0.11492168 10.534488 6.0142345
0.038307227 10.342951 5.707777
-0.11492168 10.113108 5.477934
-0.34476504 9.80665 5.439626
-0.5363012 9.5385 5.4779334
-0.6895301 9.423578 5.784391
-0.6895301 9.500193 6.090849
-0.53630114 9.653421 6.3206925
-0.4213795 9.959879 6.435614
-0.19153613 10.189723 6.244078
-0.038307227 10.342952 5.899313
0.038307227 10.496181 5.5162406
0.22984335 10.496181 5.133168
0.30645782 10.534488 4.9416323
0.3830723 10.457873 4.903325
0.45968673 10.419566 4.9416323
0.45968673 10.381258 4.9799395
0.38307226 10.266336 5.0182467
0.2681506 10.189722 4.903325
0.19153613 10.113108 4.8267107
0.15322891 10.0748005 4.7884035
0.22984336 10.0748005 4.711789
0.30645782 10.0748005 4.673482
0.34476504 10.036493 4.5968676
0.3830723 10.036493 4.4436383
0.34476507 10.036493 4.3287168
0.34476507 10.0748005 4.367024
0.30645782 10.0748005 4.367024
0.19153613 10.036493 4.4819455
0.076614454 9.883265 4.3287168
-0.076614454 9.730036 4.1371803
-0.19153613 9.576807 3.9456444
-0.34476504 9.346964 3.677494
-0.49799395 9.193734 3.6391869
-0.6512228 9.040505 3.5242648
-0.7661446 8.848969 3.371036
-0.842759 8.810662 3.2178073
-0.8044518 8.810662 2.987964
-0.68953013 8.848969 2.873042
-0.61291564 8.963891 2.834735
-0.57460845 8.963891 2.873042
-0.6512229 8.925584 2.9113493
-0.8044518 8.772355 2.873042
-0.99598795 8.619126 2.8347347
-1.0726024 8.465898 2.8347347
-1.0726024 8.389283 2.9496562
-1.0726024 8.389283 3.0262709
-0.9959879 8.42759 2.9879637
-0.9959879 8.42759 2.873042
-1.0726023 8.389282 2.6048915
-1.1109097 8.274361 2.3750482
-1.1875241 8.121132 2.2984335
-1.2258313 8.0445175 2.1452048
-1.2641385 8.00621 2.1452048
-1.2641385 8.0445175 2.183512
-1.3024457 8.0445175 2.2601264
-1.3790601 8.0445175 2.4133554
-1.4173673 7.8912888 2.5665843
-1.532289 7.776367 2.834735
-1.6855179 7.73806 3.0645783
-1.7621324 7.584831 3.1411927
-1.8770541 7.546524 3.217807
-1.9153614 7.508217 2.9879637
-1.8387469 7.431602 2.6048913
-1.7621324 7.508217 2.2601264
-1.6472107 7.508217 1.8770541
-1.5705963 7.4316025 1.5705963
-1.5705963 7.3166804 1.1109096
-1.7238252 7.0102224 0.7661445
-2.1068974 6.397307 0.19153613
-2.4516625 5.8226986 0.4213795
-2.5282772 5.5928555 0.6895301
-2.6048915 5.516241 0.8810662
-2.6431987 5.5928555 1.0726024
-2.719813 5.707777 1.0342952
-2.7964275 6.0142345 0.842759
-2.873042 6.1674633 0.61291564
-2.873042 6.205771 0.34476504
-2.7964277 6.3206925 0.19153613
-2.7198133 6.244078 0.15322891
-2.681506 6.2057705 0.2681506
-2.681506 6.1674633 0.4213795
-2.719813 6.2440777 0.61291564
-2.7964275 6.3973064 0.7278373
-2.834735 6.512228 0.6895301
-2.873042 6.6271505 0.61291564
-2.834735 6.703765 0.49799395
-2.7581205 6.703765 0.3064578
-2.7581205 6.7803793 0.19153613
-2.7964277 6.8569937 0.15322891
-2.9113493 6.9719152 0.22984335
-3.0262709 7.0485296 0.38307226
-3.0262709 7.086837 0.49799395
-3.0262709 7.0102224 0.49799395
-3.0262709 6.8186865 0.076614454
-3.1411927 6.8569937 0.038307227
-3.217807 7.0102224 0.076614454
-3.371036 7.163451 0.22984338
-3.5625722 7.2017584 0.5363012
-3.715801 6.9719152 0.7278373
-3.9456444 6.742072 0.8810662
-4.1371803 6.3973074 1.1492168
-4.2137947 6.167464 1.2258313
-4.2137947 6.244078 1.2641385
-4.098873 6.4739213 1.1492168
-3.8307228 6.8569937 0.8810662
-3.5625722 7.3549876 0.7278373
-3.3327286 7.8146744 0.61291564
-3.1028855 8.236053 0.7278373
-2.9879637 8.6574335 0.95768064
-2.9879637 8.848969 1.1875241
-3.0262709 8.925584 1.4939818
-3.1028855 8.772354 1.6472108
-3.1794999 8.542511 1.7621324
-3.1411927 8.350975 1.7621324
-2.9496565 8.197746 1.7621324
-2.4133554 8.159439 1.6472108
-2.1452048 8.236053 1.685518
-2.030283 8.350975 1.8004397
-1.9919758 8.504205 2.1452048
-2.1068974 8.695741 2.2984335
-2.221819 8.848969 2.183512
-2.3367407 8.887277 1.6089035
-2.375048 8.848969 0.53630114
-2.4516625 8.772355 -0.49799398
-2.5282772 8.619126 -1.1875241
-2.5282772 8.619126 -1.1875241
-2.4899697 8.963891 0.3830723
-2.4899697 9.2703495 1.340753
-2.528277 9.5385 1.8770541
-2.6048915 9.730036 1.9919759
-2.7581203 9.653421 1.6472107
-2.8347347 9.500193 1.187524
-2.9113493 9.232042 0.8044517
-2.873042 9.002198 0.8810662
-2.7964277 8.925584 0.9576806
-2.834735 9.040506 1.187524
-2.9113493 9.2703495 1.5705963
-3.1411927 9.5385 1.7238252
-3.371036 9.730036 1.9536686
-3.4476504 9.844957 2.1452048
-3.5242648 9.883265 2.2601264
-3.4859576 9.80665 2.566584
-3.371036 9.80665 3.2178068
-3.3327286 9.768343 3.754108
-3.1794999 9.883265 4.290409
-3.0262709 10.189722 4.55856
-2.7581203 10.687716 4.4819455
-2.4133554 11.377246 4.3287168
-2.183512 11.798626 4.0222588
-2.0685902 11.798626 4.0222588
-2.1068974 11.453861 4.1754875
-2.1452045 10.879253 4.596867
-2.1068974 10.419565 5.1714754
-1.9153614 10.381258 5.592855
-1.1875241 10.726024 6.129156
-0.80445176 11.070789 6.0142345
-0.5363012 11.147404 5.6694694
-0.4596867 11.147404 5.24809
-0.61291564 10.879253 4.903325
-0.842759 10.419565 4.7500963
-1.0342951 9.921572 4.8267107
-1.1492168 9.461885 4.903325
-1.1875241 9.11712 5.094861
-1.1109096 8.963891 5.2097826
-0.9959879 8.963891 5.401319
-0.842759 9.002198 5.707777
-0.6129157 9.040505 6.0525417
-0.3064578 9.270349 6.550536
0.30645782 10.113108 6.7803793
0.4596867 11.109096 6.0525417
0.38307226 11.262325 5.899313
0.30645782 11.070789 5.9759274
0.2681506 10.687717 6.129156
0.11492168 10.113108 6.282385
0.11492168 9.80665 6.282385
0.15322891 9.5385 6.129156
0.22984336 9.423578 6.0525417
0.45968673 9.308657 5.9759274
0.61291564 9.117121 5.861006
0.6895301 8.963892 5.707777
0.842759 8.810662 5.477934
0.9576807 8.887277 5.1714754
1.0726024 8.925584 4.7500963
1.1492168 9.002198 4.443638
1.1492168 9.078813 4.252102
1.187524 9.11712 4.252102
1.2641385 9.308656 4.405331
1.4556746 9.653421 4.711789
1.8004397 10.304645 4.9416327
2.336741 11.032481 5.1331687
3.064578 12.105083 5.171476
3.86903 13.062764 5.0182467
4.3287168 13.637373 4.8650174
4.367024 13.828909 4.7117887
4.0222588 13.101072 4.4819455
3.2561145 12.143391 4.405331
2.566584 11.109097 4.3287168
1.8770541 10.151415 4.405331
1.2641385 9.500193 4.903325
0.8044517 8.963891 5.401319
0.3064578 8.427589 5.8226986
-0.076614454 7.8146744 6.0142345
-0.4213795 7.3166804 5.9759274
-0.7278373 6.895301 6.0142345
-0.91937345 6.703765 6.090849
-1.0726023 6.5888433 6.090849
-1.1875241 6.6271505 6.0525417
-1.1875241 6.6654577 5.899313
-1.0726023 6.7803793 5.7843914
-0.88106626 7.1634517 5.7843914
-0.6512228 7.546524 5.7843914
-0.42137948 7.967903 5.66947
-0.22984335 8.350975 5.3630123
-0.19153613 8.312668 5.3247046
-0.26815057 8.121132 5.2480903
-0.26815057 8.0445175 5.363012
-0.26815057 8.082825 5.363012
-0.22984336 8.121132 5.5928555
-0.22984336 8.082825 5.7843914
-0.22984336 8.0445175 5.7843914
-0.30645782 8.00621 5.861006
-0.4213795 8.082825 5.66947
-0.57460845 8.274361 5.363012
-0.68953 8.312668 5.209783
-0.7661445 8.274361 5.209783
-0.91937345 8.274361 5.2863975
-1.0726024 8.236053 5.477934
-1.1492169 8.197746 5.66947
-1.2641385 8.121132 5.899313
-1.340753 8.00621 6.0142345
-1.3790601 7.8912888 6.090849
-1.4939818 7.8146744 6.0525417
-1.6089035 7.776367 5.93762
-1.6089035 7.8146744 5.93762
-1.685518 7.929596 5.899313
-1.6472107 8.082825 5.899313

