-1.3024457 8.312668 5.5928555
-1.4556746 8.312668 5.8226986
-1.685518 8.274361 5.9759274
-2.0685904 8.312668 6.1674633
-2.4133554 8.274361 6.3206925
-2.5665843 8.274361 6.129156
-2.6431987 8.350975 6.090849
-2.566584 8.695741 5.899313
-2.4516625 8.848969 5.7843914
-2.3750482 9.078813 5.5162406
-2.2984335 9.193734 5.401319
-2.2601264 9.2703495 5.2097826
-2.2984335 9.2703495 5.094861
-2.3750482 9.11712 5.094861
-2.5665843 8.925584 5.056554
-2.719813 8.695741 5.1714754
-2.873042 8.580819 5.286397
-2.873042 8.619126 5.5545473
-2.719813 8.810662 5.784391
-2.4899697 9.193734 5.899313
-2.1452048 9.691728 6.0142345
-1.877054 10.036493 5.899313
-1.6855179 10.419566 5.746084
-1.6089035 10.649409 5.5162406
-1.6472107 10.764331 5.4779334
-1.685518 10.840945 5.7077765
-1.6089036 10.955868 6.167464
-1.532289 11.185711 6.4739213
-1.4173675 11.300632 6.6654572
-1.340753 11.415554 6.8186865
-1.3024457 11.377247 6.703765
-1.340753 11.18571 6.5888433
-1.3790601 11.109096 6.3973074
-1.3407528 10.994174 6.0908494
-1.3407528 10.91756 5.899313
-1.1492169 10.994174 5.66947
-0.9959879 11.032481 5.439626
-0.8810662 11.032481 5.1714754
-0.7661445 11.032481 4.9416323
-0.80445176 10.91756 4.8267107
-0.842759 10.802638 4.8267107
-0.842759 10.649409 4.9416323
-0.80445176 10.572795 5.056554
-0.7278373 10.572795 5.1714754
-0.5746084 10.6877165 5.2097826
-0.38307226 10.955867 5.094861
-0.26815057 11.032481 4.865018
-0.22984336 11.032481 4.6351743
-0.19153613 10.955867 4.405331
-0.15322891 10.802638 4.367024
-0.22984335 10.649409 4.405331
-0.34476504 10.457873 4.4819455
-0.45968673 10.304644 4.4436383
-0.49799395 10.228029 4.5202527
-0.4213795 10.189722 4.405331
-0.2681506 10.266336 4.520253
-0.11492168 10.304644 4.7884035
-0.076614454 10.228029 4.7500963
-0.19153613 10.0748005 4.7500963
-0.38307226 9.691729 4.55856
-0.6512228 9.308656 4.252102
-0.9193734 9.002198 4.1371803
-1.0726024 8.657433 4.060566
-1.1875241 8.504204 4.060566
-1.1492168 8.465897 3.9839516
-0.9959879 8.542511 3.9073372
-0.8810662 8.6574335 3.8307228
-0.7278373 8.772355 3.6391869
-0.5746084 8.887277 3.6008797
-0.5363012 8.925584 3.4859576
-0.4596867 8.925584 3.371036
-0.38307226 8.848969 3.2944217
-0.4213795 8.734048 3.1411927
-0.49799395 8.619126 2.9879637
-0.6512229 8.427589 2.7964275
-0.9576807 8.274361 2.719813
-1.2641385 8.0445175 2.6431987
-1.532289 7.776367 2.681506
-1.6472108 7.73806 2.7198133
-1.6472108 7.699753 2.7198133
-1.5705963 7.776367 2.7198133
-1.4556746 7.8912888 2.5665843
-1.340753 7.967903 2.4133554
-1.1875241 8.159439 2.2601264
-1.0342951 8.350975 2.2984335
-0.9576807 8.465897 2.2218192
-1.1875241 8.159439 2.1452048
-1.5322891 7.776367 2.0685902
-1.8387468 7.431602 2.1835117
-2.1068974 7.1251445 2.336741
-2.2984335 7.0102224 2.4133554
-2.2601264 7.086837 2.4516625
-2.030283 7.393295 2.566584
-1.7238252 7.776367 2.7581203
-1.3790601 8.159439 2.987964
-1.1492168 8.465897 3.1411927
-1.187524 8.542512 3.1028855
-1.340753 8.542512 2.9879637
-1.4939818 8.465898 2.719813
-1.7238252 8.236053 2.5665843
-1.8387469 7.967903 2.4133554
-1.9919758 7.623138 2.2601264
-2.3367407 7.0485296 2.030283
-2.4899697 6.8569937 1.9153614
-2.5665843 6.8186865 1.8770541
-2.5282772 6.933608 1.9153614
-2.4133554 7.1251445 2.0685904
-2.2601264 7.3166804 2.2601266
-2.1068974 7.393295 2.4133554
-2.0685902 7.3549876 2.4899697
-2.1068974 7.3166804 2.336741
-2.1835117 7.240066 2.1452045
-2.2601264 7.201759 1.8770541
-2.2984335 7.201759 1.6089035
-2.2984335 7.125144 1.340753
-2.221819 7.0485296 1.2258313
-2.1068974 7.086837 1.1875241
-2.030283 7.125144 1.1109096
-1.9919758 7.201759 1.1492168
-2.030283 7.3549876 1.0726024
-2.1068976 7.393295 0.9959879
-2.1068976 7.431602 1.0726024
-1.9919758 7.5465236 1.0726024
-1.838747 7.584831 1.1492168
-1.7238252 7.6231384 1.1875241
-1.685518 7.546524 1.0726024
-1.8004396 7.354988 1.0342952
-1.9919758 7.125144 0.91937345
-2.183512 6.933608 0.842759
-2.2984335 6.8186865 0.842759
-2.3367407 6.8186865 0.80445176
-2.3367407 6.933608 0.91937345
-2.2218192 7.125144 1.1492169
-2.2601266 7.086837 1.4173675
-2.2984338 7.0102224 1.6472108
-2.4899697 6.895301 1.9153614
-2.7964277 6.7803793 1.9919758
-3.0262709 6.7037644 1.8004396
-3.141193 6.7420716 1.4939818
-3.1028857 6.8953004 1.1875241
-2.834735 7.2017584 1.0342951
-2.4899697 7.5848308 1.0342951
-2.2984335 7.8529816 1.1109096
-2.1452048 8.0445175 1.2258313
-2.1452048 8.082825 1.4939818
-2.2601266 8.00621 1.8770542
-2.3750482 7.8912888 2.183512
-2.4899697 7.73806 2.336741
-2.6815057 7.508217 2.336741
-2.8347347 7.2400665 2.1452048
-2.9879637 6.9719152 1.9536686
-3.1411927 6.7803793 1.8770542
-3.1794999 6.8569937 1.7621324
-3.0645783 7.1251445 1.7238252
-2.7964277 7.584831 1.7621324
-2.3750482 8.121132 1.7238252
-1.8770542 8.580819 1.8004396
-1.5705963 8.963892 1.9153614
-1.4173673 9.193735 2.030283
-1.6472107 9.346964 2.1452048
-2.030283 9.346964 2.2984335
-2.4133554 9.270349 2.4899697
-2.7964275 9.193734 2.5665843
-2.873042 9.11712 2.7581205
-2.719813 9.232041 2.7964277
-2.4133554 9.385271 2.6431987
-2.1068976 9.576807 2.6048913
-1.8770542 9.844957 2.528277
-1.8770542 10.036493 2.528277
-2.0685902 10.22803 2.7581203
-2.2984338 10.22803 3.0262709
-2.6431985 10.074801 3.3327286
-2.9879637 9.500193 3.7924156
-2.7964275 9.308657 3.86903
-2.7964275 9.2703495 3.9073372
-2.8730419 9.11712 3.7541084
-3.064578 8.925584 3.7158012
-3.1411927 8.848969 3.7924156
-2.9879637 8.925584 3.86903
-2.7964277 9.040505 4.0222588
-2.528277 9.2703495 4.098873
-2.3750482 9.5385 4.367024
-2.4899697 9.500193 4.673482
-2.7581203 9.423578 5.018247
-3.0645783 9.2703495 5.3630123
-3.4093432 8.963891 5.477934
-3.6391866 8.734048 5.6311626
-3.7541084 8.504205 5.975928
-3.7541084 8.350976 6.2823853
-3.6008794 8.504205 6.742072
-3.4093432 8.772355 7.2783732
-3.1028852 9.11712 7.661445
-2.8347347 9.4618845 7.967903
-2.6048913 9.653421 8.00621
-2.413355 9.80665 7.8912888
-2.2984335 9.768343 7.6614456
-2.1452045 9.80665 7.508217
-1.9919758 9.921572 7.6614456
-1.7238252 10.151415 7.967903
-1.3024457 10.572795 8.427589
-0.842759 11.109096 8.963891
-0.34476504 11.645397 9.232042
0.11492168 12.066776 9.117121
0.30645782 12.143391 8.542511
0.30645782 11.645397 7.6231384
0.11492168 10.840945 6.742072
-0.22984335 9.80665 6.167464
-0.57460845 8.772355 5.93762
-0.842759 8.121132 6.0525417
-0.91937345 7.776367 6.3206925
-0.80445176 7.8529816 6.895301
-0.5746084 8.236053 7.4316015
-0.26815057 8.734048 7.8529816
0.038307227 9.193735 8.159439
0.22984336 9.461885 7.967903
0.34476504 9.423578 7.73806
0.30645782 9.078813 7.2783732
0.11492168 8.619125 6.8186865
-0.076614454 8.121132 6.3206925
-0.19153613 7.929596 6.0525417
0.0 8.159439 6.129156
0.26815057 8.657433 6.4356136
0.49799395 9.117121 6.6271505
0.6895301 9.346964 6.742072
0.61291564 9.346964 6.6271505
0.42137948 9.078813 6.5122285
0.19153613 8.69574 6.3206925
-0.11492168 8.427589 6.129156
-0.2681506 8.274361 6.0525417
-0.30645782 8.274361 5.9759274
-0.15322891 8.580819 5.9759274
0.19153613 9.078813 6.0525417
0.72783726 9.768343 6.2823853
1.1492168 10.266337 6.435614
1.3407528 10.342952 6.397307
0.72783726 9.346963 5.93762
0.19153613 8.427589 5.746084
0.038307227 8.159439 5.707777
-0.076614454 8.00621 5.746084
-0.076614454 7.8912888 5.8226986
-0.038307227 7.8529816 5.8226986
0.0 7.8529816 5.861006
0.038307227 7.8146744 5.93762
0.038307227 7.8912888 5.8226986
0.076614454 7.929596 5.554548
0.11492168 7.8912888 5.286397
0.15322891 7.8912888 4.9799395
0.11492168 7.8146744 4.865018
0.0 7.6614456 4.903325
-0.11492168 7.584831 5.0182467
-0.2681506 7.546524 5.1331687
-0.38307226 7.5082164 5.209783
-0.4213795 7.469909 5.2863975
-0.45968673 7.469909 5.439626
-0.45968673 7.5082164 5.554548
-0.49799398 7.584831 5.746084
-0.49799398 7.73806 5.899313
-0.45968676 7.929596 5.899313
-0.3830723 8.236053 5.8226986
-0.22984335 8.465897 5.746084
-0.11492168 8.734048 5.5928555
-0.038307227 8.963891 5.516241
-0.076614454 8.925584 5.5928555
-0.19153613 8.887277 5.707777
-0.34476507 8.734048 5.7843914
-0.49799395 8.580819 5.861006
-0.57460845 8.465898 5.861006

