-0.7278373 6.2440777 8.427589
-0.61291564 6.1674633 8.504204
-0.45968673 6.129156 8.580819
-0.30645782 6.0525417 8.542512
-0.5363012 6.129156 8.350975
-0.7661446 6.244078 8.159439
-0.9576807 6.2823853 7.967903
-1.1109096 6.397307 8.00621
-1.0342951 6.397307 8.082825
-0.9959879 6.435614 8.236053
-1.0342951 6.4739213 8.197746
-1.0342951 6.4739213 8.082825
-1.0342951 6.4739213 7.8912888
-1.0342951 6.5122285 7.6614456
-0.9193734 6.588843 7.584831
-0.72783726 6.703765 7.584831
-0.49799395 6.895301 7.8146744
-0.22984336 7.0102224 7.967903
0.076614454 7.163451 8.0445175
0.34476504 7.240066 8.159439
0.61291564 7.2783732 8.0445175
0.91937345 7.3166804 7.929596
1.1492169 7.3549876 7.8529816
1.3024458 7.3549876 7.699753
1.3790601 7.3549876 7.6614456
1.4173675 7.393295 7.6231384
1.5705963 7.4316025 7.6614456
1.8004396 7.584831 7.699753
2.0685902 7.776367 7.8146744
2.2984335 7.8912888 8.00621
2.4133554 8.00621 8.00621
2.4516625 8.00621 8.00621
2.4133554 7.967903 7.8146744
2.2984335 7.967903 7.699753
2.1835117 7.8912888 7.776367
2.0685902 7.8529816 8.0445175
1.9153614 7.699753 8.350975
1.8004396 7.546524 8.504205
1.7238252 7.469909 8.465898
1.7621324 7.431602 8.312668
1.9153614 7.546524 8.159439
2.1068974 7.699753 7.8529816
2.2601264 7.8529816 7.699753
2.2601264 7.8912888 7.4316025
2.2218192 7.8529816 7.278373
2.2218192 7.8529816 7.31668
2.2601264 7.8146744 7.2400656
2.3750482 7.8529816 7.163451
2.4899697 7.929596 6.8569937
2.5665843 7.8912888 6.512229
2.6048915 7.8146744 6.2057705
2.566584 7.8529816 5.9759274
2.6048913 7.8912888 5.899313
2.6815062 8.121132 5.746084
2.834735 8.389282 5.5162406
3.0262709 8.542511 5.324704
3.1028852 8.695741 5.133168
3.1028852 8.619126 5.056554
2.9879637 8.542512 5.133168
2.873042 8.619126 5.094861
2.7964277 8.734048 5.0182467
2.7964277 8.925584 4.9416323
2.7964277 9.11712 4.903325
2.7964277 9.11712 5.0565543
2.7581205 9.11712 5.2480903
2.6431987 9.040505 5.3247046
2.566584 9.002198 5.286397
2.4133554 9.002198 5.1714754
2.2601264 8.925584 5.0182467
2.1452048 8.925584 5.0182467
1.9536686 8.848969 5.094861
1.838747 8.772355 5.2863975
1.7238252 8.695741 5.554548
1.6472108 8.6574335 5.7843914
1.6089036 8.6574335 5.861006
1.5705963 8.6574335 5.707777
1.5705963 8.695741 5.4779334
1.532289 8.734048 5.2480903
1.5705963 8.734048 5.1331687
1.6089036 8.810662 5.094861
1.6472108 8.925584 5.133168
1.7238252 8.963891 5.133168
1.7238252 9.040505 5.1714754
1.7621324 9.155428 5.1714754
1.838747 9.232042 5.2097826
1.7621324 9.385271 5.133168
1.685518 9.500193 4.9416323
1.532289 9.615114 4.865018
1.3024457 9.615114 4.711789
1.1875241 9.653421 4.711789
1.2258313 9.691729 4.7500963
1.340753 9.80665 4.8267107
1.532289 9.921572 4.9416323
1.685518 9.921572 4.9416323
1.6472108 9.883265 4.903325
1.4939818 9.653421 4.788403
1.2258313 9.500193 4.6351743
0.9959879 9.385271 4.6351743
0.9576807 9.346964 4.6351743
1.0342951 9.2703495 4.4819455
1.187524 9.2703495 4.2137947
1.4173673 9.308657 3.86903
1.6089035 9.385271 3.6008792
1.685518 9.461885 3.562572
1.6089036 9.423578 3.6391866
1.4173675 9.308657 3.7924156
1.1109096 9.155428 3.9839516
0.842759 9.002198 4.060566
0.7278373 8.848969 4.098873
0.61291564 8.695741 3.9073372
0.57460845 8.542512 3.7158008
0.6512229 8.542512 3.4859574
0.7661446 8.580819 3.217807
0.9576807 8.6574335 3.0645783
1.0726024 8.810662 2.873042
1.0726024 8.848969 2.7581205
0.9959879 8.925584 2.7964277
0.7661445 8.963891 3.0262709
0.4596867 8.848969 3.1411927
0.07661444 8.810662 3.217807
-0.34476504 8.695741 3.2561142
-0.61291564 8.6574335 3.1794999
-0.7278373 8.734048 3.1794999
-0.6512229 8.887278 3.1028855
-0.4596867 9.002199 2.9879637
-0.22984336 9.2703495 2.834735
0.038307227 9.461885 2.719813
0.19153613 9.5385 2.6431985
0.26815057 9.691729 2.4133554
0.26815057 9.653421 2.1835117
0.15322891 9.653421 1.8770541
0.076614454 9.576807 1.6472107
0.0 9.461885 1.4939818
-0.038307227 9.2703495 1.4556745
0.0 9.117121 1.5705963
0.038307227 9.078813 1.6472108
0.11492168 9.11712 1.685518
0.19153613 9.270349 1.6472108
0.15322891 9.270349 1.340753
0.038307227 9.11712 0.9959879
-0.22984336 8.848969 0.8810662
-0.61291564 8.465897 0.8810662
-0.91937345 8.274361 1.1492168
-1.1109096 8.197746 1.6472107
-1.1109096 8.350975 2.030283
-1.0726024 8.542511 2.1452048
-0.9959879 8.734048 1.9919759
-0.9576807 8.963891 1.7621325
-0.88106626 9.002198 1.5322891
-0.80445176 9.040505 1.4939818
-0.7661445 9.002198 1.5705963
-0.7661445 8.963891 1.5705963
-0.842759 8.887277 1.4173673
-0.91937345 8.810662 1.3024457
-1.0726024 8.772355 1.2641385
-1.1875241 8.6574335 1.2258313
-1.3024458 8.619126 1.340753
-1.3024458 8.6574335 1.4939818
-1.1875241 8.695741 1.4939818
-1.0726024 8.848969 1.532289
-0.9576807 9.002198 1.4556746
-0.99598795 9.11712 1.1492168
-1.0726024 9.155427 0.91937345
-1.2258313 9.078813 0.8044518
-1.4939818 8.887277 0.8044518
-1.7621323 8.580818 0.9959879
-2.0685902 8.274361 1.1875241
-2.2218192 8.082825 1.2258313
-2.2218192 8.00621 1.3024457
-2.1068976 8.121132 1.2258313
-1.9536686 8.274361 1.1875241
-1.8770542 8.389282 1.0342951
-1.9536686 8.427589 0.7278373
-2.1068976 8.312668 0.5363012
-2.2984338 8.159439 0.38307226
-2.6048915 8.00621 0.19153613
-2.7964275 7.8529816 0.076614454
-2.9496565 7.776367 0.076614454
-2.9879637 7.73806 0.11492168
-2.873042 7.776367 0.30645782
-2.719813 7.967903 0.4213795
-2.5665843 8.121132 0.38307226
-2.5282772 8.312668 0.22984336
-2.5282772 8.350975 0.038307227
-2.6048915 8.274361 0.038307227
-2.7581205 8.197746 0.0
-2.873042 8.082825 -0.076614454
-3.0262709 7.967903 -0.076614454
-3.1411924 7.8912888 -0.038307227
-3.217807 7.776367 -0.11492168
-3.3327286 7.6614456 -0.11492168
-3.4859576 7.6614456 -0.15322891
-3.562572 7.5848308 -0.30645782
-3.562572 7.699753 -0.22984336
-3.4093432 7.8146744 -0.038307227
-3.1028855 8.00621 0.11492168
-2.873042 8.236053 0.26815057
-2.719813 8.350976 0.30645782
-2.7581203 8.465898 0.19153613
-2.9879637 8.312669 0.076614454
-3.2561145 8.159439 0.0
-3.4476504 7.929596 0.0
-3.562572 7.776367 0.19153613
-3.4859574 7.73806 0.49799395
-3.2944214 7.776367 0.6895301
-3.0262709 7.8912888 0.7661445
-2.7581203 8.00621 0.6512228
-2.566584 8.121132 0.38307226
-2.566584 8.121132 0.076614454
-2.7198129 8.121132 -0.15322891
-2.873042 8.0445175 -0.19153613
-2.9879637 8.00621 -0.07661445
-2.9113493 8.121132 0.2681506
-2.719813 8.197746 0.68953013
-2.4516625 8.274361 1.0342951
-2.2984335 8.312668 1.2641385
-2.2218192 8.274361 1.2641385
-2.2984335 8.274361 1.1109096
-2.4516625 8.197746 0.8810662
-2.6048915 8.082825 0.6512228
-2.7581205 7.929596 0.5746084
-2.873042 7.8146744 0.61291564
-3.0262709 7.776367 0.6895301
-3.0262709 7.8912888 0.80445176
-2.9879637 8.0445175 0.6512229
-2.7964275 8.197746 0.4213795
-2.4899697 8.465897 0.19153613
-2.183512 8.619125 0.11492168
-1.9536686 8.734048 0.4213795
-1.9536686 8.734048 0.7661445
-2.183512 8.504205 1.187524
-2.6431985 8.159439 1.4173673
-3.1794996 7.8146744 1.5322891
-3.6391864 7.6231384 1.5322891
-3.9073372 7.584831 1.3024457
-3.86903 7.776367 1.0342951
-3.6008792 8.121132 0.6512228
-3.1795 8.504204 0.4213795
-2.7198133 8.887277 0.3830723
-2.3750482 9.193735 0.5363012
-2.2984335 9.308657 0.842759
-2.4516625 9.232042 1.187524
-2.7964277 9.078814 1.4173673
-3.3327289 8.848969 1.532289
-3.7158008 8.619125 1.6855179
-3.9839516 8.427589 1.7621324
-4.098873 8.159439 1.9153613
-4.0222588 7.967903 2.1452045
-3.8307228 8.0445175 2.2601266
-3.562572 8.312668 2.2984338
-3.3327289 8.810662 2.1835122
-3.1028855 9.232042 1.9536687
-2.9113493 9.5385 1.7238252
-2.7964275 9.615114 1.6472107
-2.7581203 9.461885 1.685518
-2.873042 9.232041 1.838747
-3.1795 8.848969 2.2601264
-3.4859576 8.504204 2.681506
-3.7541084 8.159439 3.2561142
-3.8307228 7.929596 3.6774938
-3.7158012 7.8912888 3.8307228
-3.5242648 8.0445175 3.8307228
-3.2561145 8.274361 3.6391866
-3.1411927 8.619125 3.4093432
-3.1411927 8.734048 3.1411927
-3.3327286 8.580818 2.987964
-3.6008794 8.427589 2.9113493
-3.7924156 8.159439 3.1028855
-3.8307228 7.929596 3.371036
-3.715801 7.8529816 3.7541082
-3.4859576 7.8912888 4.2904096
-3.2944214 8.00621 4.7884035
-3.217807 8.274361 5.3247046
-3.1028852 8.580819 5.66947
-3.064578 8.848969 5.707777
-3.064578 8.963891 5.5545483
-2.9879637 9.002198 5.324704
-2.9879637 8.963891 5.133168
-2.9113493 8.810662 5.2097826
-2.7198133 8.810662 5.554548
-2.566584 8.810662 5.9759274
-2.3750482 9.002198 6.5505357
-2.2218192 9.346964 7.0102224
-2.1452048 9.691729 7.125144
-2.1452048 9.998186 7.2017584
-2.183512 10.0748005 7.2400656
-2.375048 9.921572 7.125144
-2.6815057 9.615114 7.163451
-3.0262709 9.11712 7.2017584
-3.3327289 8.619126 7.163451
-3.371036 8.389282 7.3932953
-3.1028852 8.427589 7.73806
-2.6431985 8.772355 8.0445175
-2.1068974 9.270349 8.274361
-1.7238252 9.653421 8.159439
-1.532289 9.844957 7.967903
-1.6089035 9.844957 7.6614456
-1.9536686 9.346964 7.3166804
-2.2601266 8.925584 7.2783732
-2.3750482 8.580819 7.2783732
-2.2601264 8.350975 7.584831
-1.9536686 8.580819 7.8146744
-1.6472107 8.619126 7.929596
-1.5705962 8.619126 7.8912888
-1.7238252 8.389282 7.6231384
-1.9536686 7.929596 7.546524
-2.2218192 7.6231384 7.546524
-2.3750482 7.3166804 7.6231384
-2.3750482 7.201759 7.6614456
-2.2984335 7.201759 7.584831
-2.183512 7.163451 7.5082164
-2.0685902 7.125144 7.469909
-1.9536686 7.086837 7.508217
-1.8770542 7.0485296 7.73806
-1.8387469 7.0868373 7.699753
-1.8004396 7.1251445 7.6231384
-1.7238252 7.201759 7.6231384
-1.6472108 7.3549876 7.4699097
-1.5705962 7.431602 7.546524
-1.532289 7.431602 7.6231384
-1.6089035 7.393295 7.546524
-1.6855179 7.3166804 7.4699097
-1.7621324 7.201759 7.4699097
-1.8004396 7.1634517 7.6614456
-1.6472108 7.240066 7.929596
-1.4939818 7.2783732 8.236054
-1.2641385 7.4316025 8.312669
-1.1492169 7.584831 8.121132
-1.1875241 7.508217 8.00621
-1.3024457 7.393295 7.929596
-1.5705962 7.0102224 7.8912888
-1.685518 6.435614 7.8912888
-1.5705965 5.9759274 7.8529816
-0.7661446 6.0142345 8.274361
0.76614445 6.895301 9.11712
2.4899697 8.504204 10.189722
3.7924156 10.151415 10.994174
4.098873 10.91756 10.955867
3.4093432 10.457872 10.342951
2.0685902 9.11712 9.155427
0.6895301 7.623138 8.0445175
-0.4213795 6.5122285 7.125144
-1.2641385 5.93762 6.3589997
-1.685518 5.5928555 6.0525417
-1.8387469 5.516241 5.9759274
-1.8387469 5.5545483 6.1291566
-1.7621324 5.6311626 6.3589997
-1.6472107 5.8226986 6.5888433
-1.5322891 5.93762 6.703765
-1.340753 6.090849 6.703765
-1.0726024 6.397307 6.742072
-0.842759 6.7803793 6.742072
-0.5746084 7.163451 6.8569937
-0.45968673 7.4316025 7.0102224
-0.45968673 7.546524 7.163451
-0.53630114 7.546524 7.2783732
-0.7278373 7.469909 7.3932953
-0.95768064 7.3549876 7.3932953
-1.1875241 7.2017584 7.4316025
-1.4556746 7.0102224 7.4316025
-1.685518 6.7803793 7.3166804
-1.8387469 6.5888433 7.393295
-1.9536686 6.4356146 7.3549876
-1.9153614 6.3206925 7.3166804
-1.8004396 6.3589997 7.3166804
-1.6472108 6.4739213 7.1634517
-1.4556746 6.6654572 7.1634517
-1.2641385 6.8569937 7.201759
-1.0726023 6.933608 7.3166804
-0.842759 6.933608 7.4316025
-0.6512229 6.895301 7.546524
-0.49799395 6.8569937 7.6231384
-0.30645782 6.9719152 7.546524
-0.22984336 7.086837 7.508217
-0.11492168 7.163451 7.3549876
-0.038307227 7.2017584 7.125144
-0.076614454 7.2017584 6.9719152
-0.076614454 7.125144 6.933608
-0.19153613 7.0485296 7.1251445
-0.19153613 7.0485296 7.2783732
-0.15322891 7.125144 7.3549876
-0.15322891 7.163451 7.3549876

