-0.61291564 8.389282 5.861006
-0.68953 8.350975 5.93762
-0.7661445 8.274361 5.9759274
-0.8810662 8.236053 6.0142345
-1.0726024 7.967903 5.899313
-1.2641386 8.00621 5.93762
-1.4939818 8.082825 5.899313
-1.7621324 8.121132 5.93762
-2.030283 8.274361 6.129156
-2.0685902 8.350975 6.129156
-2.030283 8.772355 6.1674633
-2.030283 9.002198 6.129156
-2.1835117 9.2703495 6.3589993
-2.2984335 9.346964 6.435614
-2.3750482 9.461885 6.5122285
-2.3750482 9.653421 6.5505357
-2.4516625 9.921572 6.5505357
-2.4516625 10.189722 6.588843
-2.528277 10.534487 6.4739213
-2.681506 10.802638 6.3589997
-2.7581203 10.994174 6.2440777
-2.873042 11.33894 6.282385
-2.7964277 11.60709 6.512228
-2.6431987 11.836933 6.703765
-2.4899697 12.028469 6.7803793
-2.3750482 12.066776 6.7803793
-2.2984335 11.9135475 6.742072
-2.2984335 11.683704 6.742072
-2.2984335 11.415553 6.7803793
-2.2984335 11.109096 6.8569937
-2.2218192 10.91756 6.8569937
-2.030283 10.879252 6.895301
-1.7238252 10.840945 6.895301
-1.4173673 10.840945 6.703765
-1.1492168 10.840945 6.5122285
-1.0342952 10.611102 6.205771
-1.0726024 10.381259 5.9759274
-1.1109096 10.151415 5.7843914
-1.1875241 9.80665 5.5545483
-1.2258313 9.576807 5.4013195
-1.2641385 9.423578 5.171476
-1.2641385 9.232042 5.094861
-1.187524 9.2703495 5.133168
-1.0342951 9.461885 5.2480903
-0.8044518 9.691729 5.439626
-0.45968676 10.0748005 5.516241
-0.1149217 10.381259 5.2863975
0.15322891 10.496181 4.8267107
0.2681506 10.266337 4.2521024
0.15322891 10.036493 3.8307228
-0.15322891 9.691729 4.1371803
-0.11492168 9.921572 4.55856
0.038307227 10.036493 5.094861
0.11492168 10.113108 5.363012
0.11492168 10.036493 5.439626
0.076614454 9.844957 5.363012
-0.038307227 9.691729 4.903325
-0.076614454 9.500193 4.2904096
-0.11492168 9.346964 3.7924154
-0.19153613 9.155428 3.2944214
-0.22984335 8.963892 2.9496565
-0.22984335 8.887277 2.9496565
-0.19153613 8.963891 3.1028855
-0.22984335 9.002198 3.1794999
-0.34476504 8.925584 3.3327289
-0.49799395 8.887277 3.4859576
-0.61291564 8.772355 3.4859576
-0.6512228 8.772355 3.4476504
-0.61291564 8.772355 3.1411927
-0.5746084 8.810662 2.7964277
-0.5363012 8.925584 2.48997
-0.49799398 9.040505 2.48997
-0.49799398 9.193735 2.48997
-0.4213795 9.2703495 2.4516625
-0.4213795 9.346964 2.4899697
-0.45968673 9.232042 2.2984335
-0.53630114 9.11712 2.1452045
-0.6895301 8.848969 1.9919758
-0.80445176 8.542511 1.8387469
-0.91937345 8.350975 1.7621324
-0.9576807 8.082825 1.685518
-0.9576807 8.00621 1.6472108
-0.9959879 7.929596 1.6089036
-0.9959879 7.8912888 1.5705962
-1.0726023 7.8912888 1.4556746
-1.1492169 7.8912888 1.4173675
-1.1109097 7.967903 1.4939818
-1.0342951 8.00621 1.6089034
-0.9959879 8.082825 1.8387468
-1.0726024 8.00621 1.9153614
-1.3407528 7.8146744 1.7621324
-1.6089035 7.508217 1.4939818
-1.8770542 7.2017593 1.1875241
-2.0685902 7.0485296 1.0342952
-2.1068976 6.8569937 0.9576807
-2.1452048 6.8186865 0.91937345
-1.9919758 6.9719152 0.9959879
-1.7238252 7.240066 1.0726024
-1.8004397 7.201759 1.1109097
-2.030283 6.9719152 0.99598795
-2.221819 6.7037644 0.91937345
-2.528277 6.3973064 0.80445176
-2.7198129 6.282385 0.6895301
-2.9879637 6.3589997 0.49799395
-2.8347347 6.780379 0.34476504
-2.6431985 7.0102224 0.26815057
-2.2984335 7.3932953 0.4596867
-2.2601264 7.4699097 0.6512229
-2.2984338 7.508217 0.88106626
-2.4899697 7.3166804 1.1109095
-2.6431985 7.2017584 1.0726023
-2.7581203 7.0485296 0.9193734
-2.834735 6.9719152 0.8044518
-2.681506 7.163451 0.7661445
-2.566584 7.393295 0.80445176
-2.3750482 7.6231384 0.6895301
-2.336741 7.776367 0.6512228
-2.528277 7.699753 0.61291564
-2.719813 7.4699097 0.5746084
-3.064578 7.125144 0.68953
-3.2944214 6.7803793 0.6512228
-3.4476504 6.473922 0.57460845
-3.5242648 6.3206925 0.57460845
-3.562572 6.397307 0.53630114
-3.6008792 6.588843 0.7278373
-3.4476502 7.5082164 1.5705963
-3.2561142 7.8529816 1.9153614
-3.1028855 8.121132 1.9536686
-2.9879637 8.082825 1.8387469
-3.0262709 7.699753 1.5705963
-3.217807 7.2400656 1.4939818
-3.4859576 6.8569937 1.5705963
-3.6391866 6.742072 1.8770541
-3.677494 7.086837 2.2601264
-3.3327289 8.159439 2.7964277
-3.0262709 8.619126 2.6431987
-2.7964272 8.772355 2.1452048
-2.528277 8.465897 1.0726024
-2.6431985 8.00621 0.6512229
-2.719813 7.584831 0.6512229
-2.7581203 7.2783737 0.88106626
-2.834735 7.278373 1.6089036
-2.834735 7.699753 2.0685904
-2.719813 8.197746 2.4133554
-2.4899697 8.848969 2.719813
-2.1452045 9.346964 2.6431987
-1.5705963 9.730036 1.8004397
-1.5322891 9.653421 1.1875241
-1.7238252 9.461885 0.80445176
-1.9919758 9.11712 0.57460845
-2.336741 8.887277 0.57460845
-2.4899697 8.734048 0.7278373
-2.528277 8.695741 0.9959879
-2.528277 8.810662 1.340753
-2.4516625 8.963891 1.9153614
-2.3750482 9.11712 2.6048913
-2.2218194 9.193734 3.217807
-2.1452048 9.2703495 3.4476504
-2.1068976 9.2703495 3.3327289
-2.183512 9.232042 3.0645783
-2.336741 9.2703495 2.7581203
-2.4133554 9.232041 2.7581203
-2.4133554 9.2703495 2.873042
-2.336741 9.308657 2.873042
-2.1068974 9.385271 3.1028855
-1.493982 9.844957 3.4093432
-1.1109096 10.151415 3.7158012
-0.9193734 10.572794 3.7924156
-0.80445176 10.764331 3.7541084
-0.8810662 10.6877165 3.4476504
-1.187524 10.266337 3.064578
-1.8004396 8.925584 2.834735
-1.9153614 8.542512 3.141193
-1.7238252 8.6574335 3.7158012
-1.2641385 9.155428 4.3287168
-0.7278373 9.998187 4.9416323
-0.2681506 10.840945 5.209783
0.0 11.33894 4.865018
-0.15322891 11.33894 4.252102
-0.49799395 10.917561 3.4859576
-0.8810662 10.266336 3.217807
-1.1109096 9.844957 3.6391866
-1.1109096 9.730036 4.290409
-0.9576807 9.883265 5.133168
-0.6512228 10.266336 5.746084
-0.4213795 10.649409 6.0142345
-0.19153613 11.070788 6.0142345
-0.076614454 11.224017 5.861006
-0.11492168 11.147403 5.5162406
-0.2681506 10.879252 5.209783
-0.45968673 10.342951 5.171476
-0.68953013 9.883265 5.209783
-0.842759 9.730036 5.6311626
-0.8044517 9.959879 6.0908494
-0.61291564 10.49618 6.5122285
-0.22984335 11.147403 6.7803793
0.19153613 11.683704 6.742072
0.5363012 11.951855 6.512229
0.7661446 11.9135475 6.090849
0.8044518 11.60709 5.66947
0.61291564 11.109096 5.286397
0.34476504 10.496181 5.133168
0.038307227 9.959879 5.324704
-0.19153613 9.691729 5.592855
-0.26815057 9.423578 6.129156
-0.15322891 9.500193 6.129156
-0.038307227 9.500193 6.0525417
0.076614454 9.5385 6.0142345
0.076614454 9.500193 6.0525417
-0.038307227 9.423578 6.3206925
-0.19153613 9.2703495 7.1634517
-0.19153613 9.346964 7.508217
-0.11492168 9.346964 7.584831
-0.076614454 9.346964 7.3932953
0.076614454 9.308657 7.086837
0.22984336 9.155427 6.550536
0.30645782 8.925584 5.93762
0.38307226 8.695741 5.51624
0.30645782 8.427589 5.2097826
0.22984336 8.274361 5.1714754
0.15322891 8.197746 5.4013186
0.038307227 8.121132 5.631162
0.0 8.082825 5.861006
-0.038307227 8.00621 5.899313
0.038307227 8.0445175 5.8226986
0.15322891 8.121132 5.746084
0.30645782 8.197746 5.707777
0.4596867 8.312668 5.7843914
0.5363012 8.389282 5.7843914
0.6512228 8.580818 5.7843914
0.6895301 8.772355 5.66947
0.72783726 8.925584 5.5928555
0.68953 9.002198 5.6311626
0.5746084 8.963891 5.7843914
0.45968673 8.887277 5.861006
0.34476504 8.772355 5.899313
0.19153613 8.6574335 5.9759274
0.11492168 8.427589 5.9759274
0.0 8.274361 6.0525417
-0.11492168 8.121132 6.129156
-0.19153613 7.929596 6.1674633
-0.344765 7.8912888 6.2057705
-0.4596867 7.776367 6.282385
-0.49799395 7.699753 6.320692
-0.49799395 7.73806 6.320692
-0.38307226 7.776367 6.282385
-0.26815057 7.8912888 6.0142345
-0.11492168 8.0445175 5.7843914
0.038307227 8.274361 5.66947
0.15322891 8.389282 5.66947
0.22984336 8.504205 5.8226986
0.19153613 8.580819 5.899313
0.076614454 8.42759 5.899313
-0.076614454 8.312668 5.899313

