-0.9576807 7.967903 6.1674633
-1.4173675 7.8912888 6.435614
-1.685518 7.8146744 6.4739213
-2.030283 7.929596 6.4739213
-2.3750482 8.082825 6.5505357
-2.566584 8.236053 6.435614
-2.7581205 8.42759 6.6654577
-2.834735 8.42759 6.703765
-2.834735 8.389282 6.7803793
-2.834735 8.427589 6.7803793
-2.834735 8.580818 6.933608
-2.7964277 8.734047 7.125144
-2.681506 9.040505 7.163451
-2.6431987 9.308657 6.895301
-2.5282772 9.576807 6.167464
-2.6048915 9.500193 6.0525417
-2.7581203 9.232042 6.1674633
-2.8730419 9.002198 6.4356136
-3.1411924 8.925584 6.895301
-3.064578 9.040505 7.0102224
-2.9879637 9.193735 7.086837
-2.834735 9.232042 7.1251445
-2.681506 9.193735 7.086837
-2.6431987 9.232042 7.125144
-2.6048915 9.2703495 7.086837
-2.6048915 9.385271 7.086837
-2.6431987 9.423578 7.2783737
-2.6431987 9.346964 7.508217
-2.7581203 9.155427 7.8529816
-2.873042 9.002198 8.197746
-2.9879637 8.963891 8.350976
-2.9879637 9.002198 8.350976
-2.873042 9.11712 8.197746
-2.719813 9.078813 7.967903
-2.5665843 9.078813 7.776367
-2.4516625 9.078813 7.6614456
-2.4133554 9.040505 7.584831
-2.2601266 9.11712 7.584831
-2.1068974 9.193734 7.584831
-1.9153613 9.2703495 7.73806
-1.7238252 9.385271 7.8146744
-1.6089036 9.461885 7.776367
-1.4173675 9.615114 7.623138
-1.2641385 9.730036 7.31668
-1.1109096 9.768343 7.086837
-1.0342952 9.80665 6.9719152
-1.0342952 9.691729 7.0102224
-1.0342952 9.461885 6.9719152
-1.0726024 9.308656 6.9719152
-1.0726024 9.193734 6.9719152
-1.0726024 9.155427 6.7803793
-1.1109097 9.11712 6.6654577
-1.0726024 9.155427 6.588843
-1.1109096 9.155427 6.5505357
-1.1492168 9.078813 6.7420716
-1.1492168 9.078813 6.9719152
-1.1492168 9.040505 7.0102224
-1.0342951 9.040505 6.8569937
-0.8810662 9.078813 6.6271505
-0.8044517 9.078813 6.320693
-0.8044517 8.925584 6.0908494
-0.9193734 8.657433 5.93762
-1.1492168 8.312668 5.7843914
-1.4939818 7.8912888 5.707777
-1.7621324 7.6231384 5.7843914
-1.9919758 7.3932953 5.861006
-2.1068974 7.2783732 5.861006
-2.0685902 7.4316025 5.861006
-1.9919758 7.546524 5.707777
-1.9536686 7.6614456 5.516241
-1.9536686 7.8146744 5.439626
-1.9153614 7.8912888 5.2480903
-1.9153614 7.967903 5.171476
-1.9536686 8.00621 5.133168
-1.9919759 7.8529816 5.094861
-2.1068976 7.73806 5.094861
-2.2601266 7.546524 5.0182467
-2.3750482 7.3549876 5.056554
-2.6048913 7.240066 5.0182467
-2.873042 6.933608 4.9799395
-3.1028857 6.6654572 4.903325
-3.2561145 6.5505357 4.673482
-3.2561145 6.5505357 4.4819455
-3.1028852 6.8186865 4.2904096
-2.9113493 7.0868373 4.1371803
-2.7581205 7.3166804 4.098873
-2.6048915 7.469909 4.060566
-2.6431987 7.393295 4.098873
-2.7581203 7.278373 4.1371803
-2.8730419 7.125144 4.1754875
-3.1028855 6.933608 4.060566
-3.217807 6.8186865 3.9073372
-3.2561142 6.8186865 3.7541084
-3.2944214 6.7803793 3.4859576
-3.217807 6.8186865 3.4093432
-3.1028852 6.9719152 3.4093432
-3.064578 7.0868373 3.3327286
-3.064578 7.1634517 3.2561142
-3.1411927 7.1634517 3.1028855
-3.2944214 6.9719152 2.873042
-3.4093432 6.7420716 2.834735
-3.4859576 6.5505357 2.873042
-3.4859576 6.397307 2.834735
-3.4859576 6.397307 2.7581203
-3.4859576 6.3589997 2.528277
-3.4859576 6.397307 2.183512
-3.4859576 6.397307 1.9536686
-3.4476504 6.3206925 1.7621324
-3.4859576 6.2823853 1.532289
-3.4859576 6.244078 1.3407528
-3.5242648 6.2823853 1.1875241
-3.6008794 6.3589997 1.0726023
-3.562572 6.397307 1.0342951
-3.562572 6.4739213 1.1492168
-3.6008792 6.435614 1.187524
-3.5242648 6.4739213 1.2641385
-3.4476502 6.703765 1.2641385
-3.2944214 6.895301 1.1875241
-3.1411927 7.1634517 1.1109096
-3.064578 7.2783732 0.8810662
-2.9879637 7.3549876 0.842759
-3.0262709 7.393295 0.80445176
-3.064578 7.431602 0.88106626
-3.1028852 7.469909 1.0726024
-3.1794996 7.393295 1.1109096
-3.2561142 7.201759 1.1492169
-3.3710358 7.010223 1.1875241
-3.4859576 6.742072 1.340753
-3.6391866 6.5505357 1.5322891
-3.86903 6.5122285 1.7238252
-3.9839516 6.5122285 1.7621325
-4.1371803 6.6654572 1.6472108
-4.2137947 6.8186865 1.3024458
-4.060566 6.9719152 0.842759
-3.7924156 7.2017593 0.45968673
-3.4859576 7.3932953 0.2681506
-3.1411927 7.546524 0.34476504
-3.0262709 7.6231384 0.6895301
-3.1411927 7.508217 1.1875241
-3.2944217 7.3549876 1.6472108
-3.6008794 7.086837 2.1452048
-3.9456444 6.780379 2.375048
-4.2137947 6.588843 2.4899697
-4.367024 6.397307 2.3750482
-4.367024 6.512229 2.1068976
-4.1371803 6.7803793 1.9153614
-3.7541084 7.0485296 1.685518
-3.371036 7.508217 1.6089036
-3.026271 7.776367 1.5322891
-2.7964277 7.967903 1.5705963
-2.834735 8.121132 1.6472107
-2.987964 8.0445175 1.685518
-3.1411927 7.8529816 1.8387469
-3.2561142 7.546524 1.9536686
-3.217807 7.240066 2.1068976
-3.1028852 7.0868373 2.2984338
-2.9879637 7.0868373 2.5282772
-2.873042 7.3549876 2.719813
-2.719813 7.6614456 2.6048915
-2.6048913 7.8912888 2.3750482
-2.4516625 8.0445175 1.9536686
-2.2601264 8.00621 1.4939818
-2.030283 7.967903 1.2258313
-1.8004396 7.967903 1.1109096
-1.6089035 8.00621 1.1492168
-1.4939818 8.082825 1.1492168
-1.6472107 8.082825 1.2641385
-1.8387469 8.00621 1.3790601
-2.1068974 8.082825 1.6472107
-2.1452045 8.197746 2.030283
-1.9919758 8.42759 2.2984338
-1.7621324 8.619126 2.2984338
-1.532289 8.695741 2.030283
-1.4939818 8.619125 1.8770541
-1.532289 8.542511 2.030283
-1.6472107 8.619125 2.6048913
-1.7621324 8.657433 3.2944214
-1.8770541 8.848969 3.9456444
-1.8770541 9.078813 4.290409
-1.8770541 9.232042 4.367024
-1.8770541 9.346964 4.3287168
-1.9536686 9.308657 4.060566
-2.183512 9.040506 3.9073372
-2.4133554 8.734048 3.9073372
-2.6431987 8.504205 4.060566
-2.681506 8.542512 4.55856
-2.4899697 8.887277 4.9799395
-2.2601266 9.385271 5.24809
-1.9919759 9.80665 5.4779334
-1.8770542 9.883265 5.439626
-1.9919758 9.730036 5.477934
-2.183512 9.308657 5.66947
-2.3750482 8.810662 6.1291566
-2.3750482 8.542511 6.5888433
-2.183512 8.6574335 6.7803793
-1.7621324 9.002198 6.5888433
-1.2258313 9.615114 5.861006
-0.8810662 10.266336 5.094861
-0.7278373 10.534488 4.6351743
-0.80445176 10.611102 4.6351743
-0.9576807 10.534487 5.133168
-0.9193734 10.49618 5.899313
-0.7278373 10.611101 6.5505357
-0.4213795 10.917559 6.933608
-0.19153613 11.18571 6.933608
-0.15322891 11.33894 6.7037644
-0.2681506 11.300632 6.4739213
-0.34476504 11.224018 6.435614
-0.2681506 11.377247 6.5888433
-0.076614454 11.60709 6.742072
0.3064578 12.028469 6.742072
0.61291564 12.334927 6.4356146
0.6895301 12.258312 6.244078
0.6512229 11.9135475 6.0525417
0.4213795 11.33894 6.090849
0.22984336 10.764331 6.5505357
0.19153613 10.342951 6.742072
0.19153613 10.113108 6.933608
0.34476507 10.113108 6.9719152
0.49799395 10.151415 6.703765
0.61291564 10.266336 6.435614
0.7661445 10.381259 6.2823853
0.84275895 10.381259 6.397307
0.8810662 10.342952 6.6271505
0.9959879 10.342952 6.9336085
1.0342951 10.304644 7.04853
1.1109097 10.228029 6.8186865
1.2258313 10.266336 6.397307
1.3024458 10.266336 5.899313
1.4173673 10.228029 5.401319
1.4173673 10.228029 5.2863975
1.2641385 9.959879 5.7077765
1.1875241 9.80665 6.129156
1.1875241 9.615114 6.2057705
1.2641385 9.500193 6.1674633
1.3790603 9.423578 5.861006
1.4939818 9.423578 5.5162406
1.532289 9.461885 5.171476
1.4173675 9.2703495 4.9416323
1.1875241 8.963891 4.7884035
0.91937345 8.542512 4.903325
0.80445176 8.236053 5.133168
0.84275895 8.236053 5.24809
1.0342951 8.312668 5.2097826
1.3024458 8.619125 4.9799395
1.4939818 8.772355 4.7117887
1.5705963 8.734048 4.55856
1.5322891 8.734048 4.673482
1.4556746 8.580819 4.903325
1.3790601 8.465898 5.286397
1.3790601 8.465898 5.746084
1.3407528 8.42759 6.0142345
1.1875241 8.350975 6.0142345
1.0342951 8.236053 5.784391
0.80445176 8.0445175 5.4779334
0.5746084 7.8146744 5.2480903
0.4596867 7.73806 5.0948615
0.34476507 7.699753 5.1331687
0.26815057 7.8146744 5.2480903
0.34476504 8.082825 5.439626
0.4596867 8.274361 5.6311626
0.53630114 8.465898 5.6311626
0.61291564 8.619126 5.5928555
0.5746084 8.542512 5.3630123
0.45968673 8.465897 5.24809
0.34476504 8.350975 5.324704
0.2681506 8.159439 5.3630114
0.11492168 8.159439 5.439626
-0.038307227 8.082825 5.439626
-0.11492168 8.00621 5.439626

