-0.15322891 8.0445175 5.401319
-0.57460845 8.236053 5.6311626
-0.9959879 8.887277 5.899313
-1.340753 9.5385 5.93762
-1.8004396 10.189722 6.0525417
-2.1452045 10.840945 6.090849
-2.2984335 10.802638 5.9759274
-2.4516625 10.6877165 6.1674633
-2.566584 10.381258 6.5505357
-2.6048915 10.304644 6.6654572
-2.5665843 10.419565 6.62715
-2.5282772 10.496181 6.4739213
-2.4133554 10.726024 6.320692
-2.2601264 10.840945 6.282385
-2.030283 10.955868 6.2440777
-1.7621324 11.185711 6.3206925
-1.5705963 11.262325 6.435614
-1.340753 11.377247 6.435614
-1.187524 11.300632 6.4739213
-0.9959879 11.262325 6.435614
-0.7278373 11.224018 6.3206925
-0.5746084 11.147404 6.0908494
-0.38307226 11.147404 5.707777
-0.22984336 11.109096 5.3247046
-0.11492168 11.109096 4.9416323
0.076614454 11.032481 4.4819455
0.11492168 10.802638 4.1371803
0.076614454 10.457873 3.86903
0.0 10.0748005 3.6008792
-0.11492168 9.691729 3.6774936
-0.11492168 9.5385 3.7924156
0.0 9.5385 3.9456444
0.15322891 9.615114 4.098873
0.34476504 9.768343 4.1371803
0.57460845 9.883265 4.1754875
0.7661445 9.921572 4.1371803
0.8810662 9.959879 4.1371803
0.9959879 10.036493 4.1371803
0.9959879 10.036493 4.3287163
0.9576807 10.113108 4.4819455
0.9576807 10.036493 4.596867
0.8810662 9.959879 4.55856
0.80445176 9.844957 4.367024
0.7661445 9.615114 4.1371803
0.6512228 9.423578 3.9456444
0.6512228 9.423578 3.86903
0.7661445 9.576807 3.86903
1.0342951 9.80665 3.7541084
1.2258313 9.959879 3.5625722
1.4173673 10.036493 3.4476504
1.4173673 9.998186 3.409343
1.187524 9.691729 3.562572
0.6512228 9.002198 4.0222588
0.34476504 8.542511 4.1371803
0.11492168 8.121132 4.098873
0.076614454 7.929596 4.0222588
0.34476507 7.8912888 3.8307228
0.6512229 8.350975 3.6008792
0.99598795 8.69574 3.2944214
1.3024457 9.002197 2.9879637
1.3407528 9.155428 2.681506
1.3407528 9.002199 2.336741
1.1492168 8.734048 1.9919758
1.0342952 8.504204 1.6089034
0.9576807 8.350975 1.4556746
0.8810662 8.121132 1.4173675
0.7661445 7.929596 1.4556746
0.6895301 7.8529816 1.6472107
0.6512228 7.8912888 1.7621324
0.6895301 8.236053 2.0685902
0.7661445 8.504204 2.4516625
0.7661445 8.619126 2.719813
0.6512228 8.542511 2.7581203
0.49799395 8.274361 2.6048913
0.34476504 8.159439 2.413355
0.19153613 8.0445175 2.1068974
0.076614454 8.00621 1.9153614
-0.038307227 8.0445175 1.685518
-0.15322891 8.082825 1.5705965
-0.26815057 8.159439 1.532289
-0.34476507 8.121132 1.5705965
-0.4213795 8.082825 1.685518
-0.49799395 8.0445175 1.6472107
-0.57460845 7.967903 1.6089035
-0.6512228 8.00621 1.6089035
-0.7278373 8.00621 1.6472107
-0.7661445 7.929596 1.7238252
-0.80445176 7.8529816 1.8387469
-0.99598795 7.73806 1.8004397
-1.1492169 7.6614456 1.7238252
-1.3024458 7.699753 1.5322891
-1.4173675 7.6231384 1.3024457
-1.5705963 7.546524 1.2258313
-1.6472108 7.508217 1.1109096
-1.7238252 7.3549876 1.1492168
-1.7621324 7.3549876 1.3790601
-1.7621324 7.3166804 1.4939818
-1.8004397 7.3166804 1.685518
-1.7621324 7.3549876 1.8004397
-1.8004397 7.393295 1.7238252
-1.8387469 7.393295 1.4556746
-1.8770541 7.393295 1.0726024
-1.9153614 7.393295 0.6895301
-1.8387469 7.393295 0.344765
-1.7238252 7.431602 0.26815057
-1.6089035 7.469909 0.38307226
-1.6472107 7.469909 0.53630114
-1.7238252 7.431602 0.80445176
-1.9153613 7.431602 0.8810662
-2.030283 7.393295 0.842759
-2.030283 7.393295 0.7278373
-1.9919758 7.4699097 0.49799395
-1.9153614 7.546524 0.38307226
-1.9153614 7.584831 0.2681506
-1.9153614 7.699753 0.19153613
-2.030283 7.776367 0.3064578
-2.1068974 7.73806 0.3064578
-2.1835117 7.73806 0.42137948
-2.2601264 7.584831 0.57460845
-2.2218192 7.3932953 0.6512228
-2.183512 7.3166804 0.8044518
-2.183512 7.2783732 0.9193735
-2.2601264 7.201759 0.8810662
-2.4133554 7.0868373 0.68953013
-2.6815057 6.933608 0.49799395
-2.911349 6.8569937 0.26815057
-2.9879637 6.933608 0.22984335
-2.9496565 7.163452 0.45968673
-2.7581203 7.508217 0.8427591
-2.4899697 7.8529816 1.0726024
-2.2984335 8.197746 1.1875241
-2.183512 8.274361 1.1109096
-2.1452048 8.274361 0.8044518
-2.1452048 8.121132 0.8044518
-2.2601264 7.8912888 0.8810662
-2.4133554 7.6614456 0.9959879
-2.6048913 7.3549876 1.2258313
-2.7964275 7.163451 1.3790603
-2.8347347 7.086837 1.5705962
-2.7581203 7.2017584 1.8387468
-2.528277 7.4699097 1.9919758
-2.2218192 7.776367 2.0685902
-1.8770542 7.967903 2.0685902
-1.6089036 8.121132 2.030283
-1.5705962 8.121132 2.1068974
-1.6472107 8.0445175 2.2984335
-1.8387469 8.0445175 2.4899697
-2.030283 8.00621 2.566584
-2.1068976 7.929596 2.566584
-2.1068976 7.8912888 2.413355
-1.9536686 7.8146744 2.413355
-1.685518 7.8146744 2.566584
-1.3790601 8.0445175 2.7964275
-1.0726023 8.312668 3.0262709
-0.9576807 8.619125 3.0262709
-1.0726023 8.772355 2.9879637
-1.3407528 8.6574335 2.873042
-1.685518 8.389282 2.7964277
-1.9919758 8.00621 2.873042
-2.183512 7.8146744 3.1411927
-2.2218192 7.8529816 3.6008794
-2.183512 8.00621 4.1754875
-2.1068974 8.465898 4.673482
-1.9919758 8.963891 5.094861
-1.8387469 9.500193 5.4396257
-1.6472108 9.998187 5.822698
-1.4556746 10.304645 6.129156
-1.4173675 10.457873 6.2823853
-1.4939818 10.342952 6.2823853
-1.7238252 10.113108 6.014235
-2.030283 9.730036 5.8226986
-2.2601264 9.385271 5.7843914
-2.4133554 9.193735 5.899313
-2.4133554 9.346964 6.4739213
-2.183512 9.844957 7.125144
-1.8770542 10.381258 7.3166804
-1.5705962 10.917559 7.2783732
-1.4173673 11.032481 6.7803793
-1.4939818 10.726024 6.090849
-1.8004397 10.22803 5.7843914
-2.1835117 9.576807 5.8993134
-2.4899697 9.078813 6.2057714
-2.5665843 9.078813 7.086837
-2.183512 9.576806 7.967903
-1.6089036 10.419565 8.159439
-0.7278373 11.683704 7.584831
-0.91937345 11.224017 6.895301
-1.340753 10.419566 6.8569937
-1.7238252 9.691729 7.163451
-1.8770542 9.308656 7.6614456
-1.7238252 9.500192 8.082825
-1.3790601 9.844957 8.159439
-1.0726023 10.036493 7.8529816
-1.0342951 9.921572 7.393295
-1.1492168 9.5385 7.1634517
-1.3407528 9.155428 7.240066
-1.3790601 8.887277 7.699753
-1.0726024 8.925584 8.121132
-0.5363012 9.308656 8.274361
0.038307205 9.730036 8.00621
0.42137948 10.113109 7.2783732
0.6512228 10.266337 6.62715
0.68953 10.113109 6.1291566
0.61291564 9.80665 5.861006
0.5746084 9.423577 5.861006
0.49799398 9.11712 6.0525417
0.49799398 9.040505 6.3206925
0.5746084 9.078813 6.62715
0.6512228 9.232042 6.7037644
0.7661445 9.500193 6.62715
0.8810662 9.653421 6.4739213
1.0726023 9.883265 6.2057705
1.3024457 10.0748005 6.090849
1.4173675 10.036493 5.93762
1.3790601 9.959879 5.7077765
1.1109096 9.576807 5.631162
0.80445176 9.11712 5.5162406
0.45968673 8.619126 5.5545483
0.19153613 8.159439 5.5545483
0.11492168 7.967903 5.66947
0.11492168 7.8912888 5.93762
0.22984336 8.00621 6.1674633
0.45968673 8.236053 6.435614
0.61291564 8.427589 6.3589997
0.7661445 8.619125 6.0908494
0.9959879 8.734048 5.746084
1.1109096 8.810662 5.3247046
1.2258313 8.810662 5.133168
1.2258313 8.734048 5.094861
1.1492169 8.6574335 5.2480903
1.0726024 8.465897 5.592855
0.9576807 8.312668 5.746084
0.80445176 8.082825 5.899313
0.6512228 7.8146744 5.8226986
0.5363012 7.6614456 5.707777
0.5746084 7.546524 5.746084
0.7661445 7.73806 5.707777
0.9576807 8.082825 5.6311626
1.2258313 8.504205 5.5162406
1.37906 8.848969 5.401319
1.37906 9.002198 5.133168
1.3407528 8.963891 5.094861
1.2258313 8.810662 5.133168
1.0342951 8.580819 5.2097826
0.8810662 8.312668 5.4779334
0.68953013 8.197746 5.66947
0.42137948 8.00621 5.7843914
0.19153613 7.929596 5.861006
-0.076614454 7.8912888 5.899313
-0.2681506 7.8146744 6.0525417
-0.34476504 7.929596 6.167464
-0.38307226 8.159439 6.0525417
-0.38307226 8.389282 5.93762
-0.38307226 8.504204 5.66947
-0.4213795 8.580818 5.5928555
-0.45968673 8.542511 5.707777
-0.49799395 8.389282 5.93762
-0.57460845 8.312668 6.1674633
-0.7278373 8.159439 6.2057705
-0.8810662 8.00621 6.2057705
-0.9959879 7.8912888 5.9759274
-1.0726024 7.8146744 5.746084
-1.0726024 7.73806 5.5162406
-1.0342952 7.699753 5.363012
-0.9576807 7.8529816 5.3247046
-0.91937345 8.00621 5.3247046
-0.91937345 8.197746 5.363012

