-0.8810662 8.350975 5.401319
-0.8810662 8.312668 5.5162406
-1.1109095 7.967903 5.6311626
-1.7238252 8.427589 5.707777
-2.2984335 8.848969 5.8226986
-2.8730419 9.423578 5.8226986
-3.0262709 10.266336 5.899313
-2.9496565 10.342951 5.861006
-2.873042 10.381258 5.861006
-2.8347347 10.266336 5.9759274
-2.8347347 10.113108 6.2440777
-2.8347347 10.0748005 6.3973064
-2.8347347 10.0748005 6.5122285
-2.7581203 10.189722 6.473921
-2.6048913 10.266336 6.473921
-2.413355 10.304644 6.4356136
-2.2601264 10.266336 6.4739213
-2.1452045 10.228029 6.5505357
-2.030283 10.228029 6.6654572
-1.8770541 10.304644 6.7803793
-1.7238252 10.457872 6.742072
-1.5705963 10.572795 6.8569937
-1.3790601 10.649409 6.8186865
-1.2641385 10.611102 6.8186865
-1.2258313 10.496181 6.895301
-1.187524 10.342952 6.9719152
-1.2258313 10.266336 6.9719152
-1.2258313 10.228029 7.0485296
-1.1109096 10.342951 7.086837
-0.9959879 10.49618 6.9719152
-0.9193735 10.649408 6.7803793
-0.88106626 10.726024 6.435614
-0.842759 10.649409 6.167464
-0.88106626 10.534488 5.9759274
-0.9576807 10.342951 5.9759274
-0.9959879 10.266336 6.0142345
-1.0342951 10.228029 6.0142345
-1.0342951 10.228029 5.8226986
-0.8810662 10.266336 5.554548
-0.7278373 10.304644 5.363012
-0.61291564 10.342951 5.2480903
-0.45968673 10.457873 5.5162406
-0.30645782 10.534488 5.861006
-0.19153613 10.534488 6.0142345
-0.11492168 10.496181 6.0142345
-0.038307227 10.342952 5.592855
-0.11492168 10.113108 4.9799395
-0.19153613 9.883265 4.5202527
-0.26815057 9.576807 4.1754875
-0.4213795 9.2703495 4.060566
-0.49799395 9.078814 4.290409
-0.5363012 8.887277 4.4819455
-0.49799395 8.887277 4.673482
-0.4213795 8.925584 4.903325
-0.30645782 8.925584 4.9416323
-0.22984335 8.925584 4.9416323
-0.19153613 8.848969 4.865018
-0.22984335 8.695741 4.673482
-0.30645782 8.542512 4.481946
-0.3830723 8.274361 4.213795
-0.5363012 7.8912888 3.9073372
-0.6512229 7.5465236 3.5242648
-0.842759 7.2783732 3.1794999
-1.0342951 7.201759 2.8347347
-1.2258313 7.201759 2.4133554
-1.1492169 7.2783732 2.2218192
-0.9959879 7.393295 2.336741
-0.8044518 7.73806 2.528277
-0.61291564 7.929596 2.7581203
-0.53630114 8.0445175 3.1028855
-0.61291564 8.082825 3.2561145
-0.7278373 7.929596 3.4476504
-0.9193735 7.8146744 3.6008797
-1.1109096 7.699753 3.8307228
-1.2258313 7.6231384 4.098873
-1.3790601 7.6231384 4.252102
-1.4939818 7.73806 4.3287163
-1.5705963 7.8912888 4.252102
-1.6089035 8.082825 4.0222588
-1.6089035 8.121132 3.6008792
-1.5705963 8.0445175 3.1794996
-1.5705963 7.8146744 2.6048913
-1.5705963 7.4699097 2.183512
-1.5705963 7.2017584 2.0685904
-1.6089035 7.0102224 1.9919759
-1.6089035 6.895301 2.1068976
-1.6472108 6.8186865 2.1452048
-1.7238252 6.7803793 2.030283
-1.7621324 6.7803793 1.9536686
-1.838747 6.8186865 1.8004396
-1.9153614 6.6654572 1.7238252
-1.9919758 6.588843 1.7238252
-2.1068976 6.397307 1.4939818
-2.0685902 6.62715 1.5705962
-1.9919758 6.7420716 1.685518
-1.8770542 6.818686 1.7621324
-1.8770542 6.7420716 1.5705963
-1.9919758 6.435614 0.9959879
-2.183512 6.282385 0.5746084
-2.2601264 6.282385 0.30645782
-2.2601264 6.2440777 -0.038307227
-2.2218192 6.3206925 -0.22984335
-2.030283 6.4739213 -0.19153613
-1.8770542 6.6271505 0.03830722
-1.838747 6.8186865 0.45968673
-1.8770542 6.9719152 0.8810662
-2.0685902 6.9719152 1.2258313
-2.2984335 6.780379 1.3407528
-2.4516625 6.5505357 1.2641385
-2.2984338 6.3589997 0.95768064
-2.0685904 6.703765 0.7661445
-1.6089036 7.6231384 0.80445176
-1.4939818 8.00621 1.0726024
-1.4556746 8.197746 1.532289
-1.6472107 8.236053 2.1452048
-1.9153613 8.00621 2.183512
-2.2218192 7.6614456 1.9919758
-2.4133554 7.3932953 1.8387469
-2.336741 7.4316025 1.6855179
-1.9919759 7.8146744 1.7621324
-1.8004397 8.236053 1.8387469
-1.7238252 8.734048 1.8004397
-1.9153614 8.887277 1.685518
-2.681506 8.312669 1.3790601
-2.9879637 7.6614456 1.1875241
-3.064578 7.125144 0.9959879
-2.9113493 7.0102224 0.7661445
-2.7581205 7.5082164 0.53630114
-2.3750482 8.887277 0.49799395
-2.2601264 9.423578 1.0342951
-2.0685902 9.385271 1.8770542
-1.8770542 9.11712 2.6048915
-1.7238252 8.504204 2.911349
-1.7238252 8.465897 2.4899697
-1.7238252 8.6574335 2.1452045
-1.6472108 8.887277 1.7238252
-1.5705963 9.11712 1.3407528
-1.4556746 9.155427 1.0726023
-1.3790601 9.11712 0.95768064
-1.3024457 9.078813 1.2641385
-1.2258313 9.078813 1.9536685
-1.1492168 9.11712 2.834735
-1.1109096 9.270349 3.4859576
-1.0726024 9.346964 3.9073372
-1.1109097 9.461885 3.9073372
-1.1492169 9.461885 3.7158012
-1.1492169 9.346964 3.7158012
-1.2258313 9.232042 3.677494
-1.2258313 9.155428 3.9456444
-1.1875241 9.308657 4.2137947
-0.9576807 9.80665 4.4819455
-0.9193735 10.113108 4.405331
-0.8810662 10.381258 4.367024
-0.9576807 10.496181 4.367024
-1.1109096 10.496181 4.7500963
-1.3024457 10.266336 5.0182467
-1.4556746 10.113108 5.363012
-1.5322891 9.998186 5.707777
-1.4939818 9.921572 6.0142345
-1.3024457 10.266336 6.2440777
-0.9959879 10.8792515 6.2440777
-0.7278373 11.415554 6.0525417
-0.61291564 11.60709 5.6311626
-0.7278373 10.726024 5.286398
-0.88106626 10.036493 5.4396267
-0.8810662 9.500193 6.2823853
-0.7661446 9.5385 6.5505357
-0.61291564 9.653421 6.588843
-0.45968676 9.615114 6.4739213
-0.4213795 9.385271 6.3206925
-0.45968676 9.002198 6.397307
-0.49799395 8.69574 6.6654577
-0.49799395 8.427589 7.0868373
-0.4596867 8.427589 7.3549876
-0.30645782 8.580819 7.3549876
-0.076614454 8.887277 7.086837
0.038307227 9.2703495 6.62715
0.2681506 9.80665 6.397307
0.22984335 9.844957 6.7803793
0.22984335 9.844957 7.3549876
0.076614454 9.653421 7.73806
-0.19153613 9.2703495 7.8146744
-0.49799392 8.925585 7.699753
-0.8044517 8.619126 7.699753
-0.842759 8.619126 7.8146744
-0.57460845 9.11712 8.159439
-0.15322891 9.653421 8.427589
0.3830723 10.189723 8.350975
0.7278373 10.611102 8.197746
0.8810662 10.611102 7.929596
0.842759 10.419566 7.776367
0.53630114 9.998186 7.699753
0.15322891 9.423578 7.584831
-0.22984335 8.810662 7.4316025
-0.49799395 8.236053 7.240066
-0.61291564 7.8912888 7.0102224
-0.53630114 7.8146744 6.818686
-0.34476504 8.00621 6.62715
0.03830722 8.427589 6.5505357
0.45968673 8.925583 6.6654577
0.8044518 9.155428 6.703765
0.9576807 9.193735 6.6654577
0.9576807 9.078814 6.550536
0.80445176 8.772355 6.3206925
0.6895301 8.580818 6.2057705
0.5746084 8.350975 6.0525417
0.3830723 8.121132 5.8226986
0.22984338 7.8912888 5.707777
0.0 7.6231384 5.746084
-0.19153613 7.3166804 5.899313
-0.38307226 6.9719152 6.0908494
-0.49799395 6.6654572 6.205771
-0.45968673 6.4739213 6.0142345
-0.34476504 6.5122285 5.631162
-0.038307227 6.7803793 5.324704
0.34476504 7.201759 5.0182467
0.6512229 7.5848308 4.7500963
0.842759 7.8146744 4.711789
0.8810662 7.8912888 4.6351748
0.7661445 7.8146744 4.711789
0.5746084 7.699753 5.133168
0.4213795 7.6231384 5.707777
0.2681506 7.6231384 6.3589997
0.19153613 7.73806 6.895301
0.076614454 8.121132 7.1634517
0.15322891 8.389282 7.1634517
0.19153613 8.69574 7.1251445
0.22984336 8.963892 7.1634517
0.26815057 8.963892 7.0868373
0.076614454 8.772355 6.8186865
-0.38307226 7.929596 6.2823853
-0.68953013 7.699753 6.129156
-0.9193734 7.431602 6.1674633
-1.1492168 7.163451 6.3589993
-1.3407528 7.0485296 6.6654577
-1.4556745 6.8569937 6.9719152
-1.5705963 6.8569937 7.2017584
-1.6089036 6.895301 7.3166804
-1.6089036 7.0102224 7.1251445
-1.6089036 7.163451 6.8569937
-1.5705962 7.278373 6.550536
-1.4939818 7.5082164 6.3589997
-1.4173673 7.6231384 6.2823853
-1.340753 7.8146744 6.2823853
-1.2641385 7.929596 6.4739213
-1.2258313 7.929596 6.4739213
-1.2641385 7.929596 6.4739213
-1.3407528 7.8912888 6.397307
-1.3790603 7.8912888 6.282385
-1.5322891 7.929596 6.0525417
-1.7238252 7.8912888 5.8226986
-1.7621325 7.8146744 5.899313

