-1.7621325 7.776367 5.8226986
-1.685518 7.8146744 5.9759274
-1.4556745 7.73806 6.244078
-2.1452045 7.776367 6.0908494
-2.7964277 7.929596 6.167464
-3.4476504 8.274361 6.3206925
-4.1371803 8.695741 6.2823853
-4.1371803 8.963892 6.5122285
-4.290409 9.155428 6.7037644
-4.405331 9.2703495 6.7420716
-4.3287168 9.461885 7.086837
-4.2137947 9.653421 7.5465236
-3.9456444 9.844957 7.623138
-3.6774938 10.036493 7.8146744
-3.4859576 10.113108 7.8912888
-3.0262709 10.342951 8.350975
-2.7964275 10.496181 8.695741
-2.3750482 10.764331 9.002198
-2.030283 10.994174 8.925584
-1.7238252 11.147404 8.657433
-1.4173673 11.224018 8.197746
-1.3790601 10.879253 7.316681
-1.4173673 10.572795 7.163451
-1.4556746 10.457873 7.125144
-1.4173673 10.457873 7.086837
-1.187524 10.496181 7.0102224
-0.8810662 10.6877165 6.8569937
-0.57460845 10.726024 6.5888433
-0.2681506 10.840945 6.3589993
-0.076614454 10.91756 6.129156
0.0 10.879252 5.861006
0.038307227 10.802638 5.7460837
0.038307227 10.572795 5.5162406
-0.038307227 10.266336 5.439626
-0.15322891 9.998186 5.5545483
-0.19153613 9.768343 5.746084
-0.19153613 9.691729 5.899313
-0.11492168 9.691729 5.899313
0.038307227 9.80665 5.861006
0.19153613 9.998186 5.66947
0.38307226 10.151415 5.5545483
0.45968673 10.304645 5.3630123
0.49799395 10.266337 4.903325
0.30645782 9.844957 3.7541082
0.22984336 9.346964 3.0262709
0.19153613 9.117121 2.9879637
0.19153613 8.963892 3.1028855
0.19153613 8.734048 3.2944217
0.19153613 8.619126 3.6391866
0.4213795 8.619126 3.9073372
0.6895301 8.695741 4.2521024
0.91937345 8.810662 4.405331
1.1492169 8.810662 4.252102
1.1109096 8.69574 3.86903
0.95768064 8.465897 3.371036
0.7661445 8.236053 2.9496567
0.5363012 7.929596 2.7581205
0.30645782 7.623138 2.7198133
0.15322891 7.354987 2.7581205
0.038307227 7.2017584 2.9113493
0.076614454 7.2017584 2.9879637
0.19153613 7.3166804 3.1028852
0.30645782 7.508217 3.1794999
0.4213795 7.6614456 3.026271
0.45968673 7.8912888 2.834735
0.3830723 8.082825 2.681506
0.34476504 8.121132 2.6048915
0.22984336 8.082825 2.4516625
0.076614454 7.929596 2.4899697
0.038307227 7.776367 2.4899697
-0.038307227 7.6231384 2.4133554
-0.11492168 7.4699097 2.4899697
-0.30645782 7.3166804 2.2984335
-0.5363012 7.1251445 1.9919758
-0.7661445 6.933608 1.6089034
-0.842759 6.8186865 1.3790601
-0.7661445 6.8186865 1.340753
-0.7278373 6.933608 1.4556746
-0.6512228 7.2017584 1.8004397
-0.7278373 7.469909 2.1068976
-0.8044518 7.584831 2.183512
-0.9193735 7.584831 2.1068976
-1.0726024 7.431602 1.7621324
-1.1875241 7.2783732 1.1492168
-1.3024457 7.201759 0.61291564
-1.340753 7.0485296 0.22984335
-1.3790601 7.0485296 0.0
-1.3790601 6.9719152 0.11492168
-1.3790601 6.933608 0.49799395
-1.4173675 6.9719152 0.8810662
-1.493982 6.895301 1.340753
-1.6089036 6.818686 1.5322891
-1.6472108 6.818686 1.3790601
-1.6089036 6.8953004 1.1492168
-1.5322891 7.0102224 0.7278373
-1.4173675 7.201759 0.42137948
-1.340753 7.3932953 0.26815057
-1.2258313 7.776367 0.19153613
-1.1109096 7.967903 0.2681506
-0.9959879 8.0445175 0.3830723
-1.0342951 7.929596 0.49799395
-1.1109096 7.6614456 0.5746084
-1.2641385 7.3932953 0.6512228
-1.4556746 7.2400656 0.7661446
-1.6089036 7.125144 0.91937345
-1.7621324 7.240066 0.8810662
-1.6472108 7.3932953 0.842759
-1.4556746 7.6614456 0.5746084
-1.187524 7.929596 0.38307226
-0.8810662 8.197746 0.11492168
-0.68953013 8.389282 -0.11492168
-0.68953013 8.389282 -0.22984335
-0.842759 8.389282 -0.26815057
-1.1492169 8.236053 -0.26815057
-1.4939818 8.082825 0.0
-1.7621324 7.8146744 0.4596867
-1.9536686 7.4699097 0.8044517
-1.9536686 7.354988 1.1109096
-1.8387469 7.2400656 1.2258313
-1.6472107 7.4316025 0.9959879
-1.4173673 7.776367 0.7278373
-1.2258313 8.159439 0.4213795
-1.1109096 8.580818 0.038307227
-1.0342951 8.925584 -0.076614454
-1.0342951 9.193735 0.0
-0.9576807 9.2703495 0.26815057
-0.9193734 9.2703495 0.6895301
-0.9959879 9.078814 1.2258313
-1.1875241 8.772355 1.7621324
-1.6089035 8.465897 2.030283
-1.9919759 8.0445175 2.030283
-2.2984338 7.8529816 1.7238252
-2.3750482 7.776367 1.2641385
-2.2984335 7.8529816 0.7661445
-2.1068976 8.0445175 0.34476507
-1.7621324 8.312668 0.11492168
-1.3790601 8.69574 0.34476504
-1.0726024 9.002199 0.8810662
-0.9193734 9.2703495 1.4939818
-1.0342951 9.385271 2.2601266
-1.3790601 9.346964 2.681506
-1.7621324 9.232042 2.911349
-2.0685902 9.11712 3.064578
-2.1452045 9.040505 2.9496565
-1.9919758 9.155428 2.7581205
-1.7238252 9.2703495 2.4899697
-1.4556746 9.423578 2.2601266
-1.4173675 9.500193 2.1452045
-1.685518 9.232042 2.1068974
-2.1068974 8.963892 2.2218192
-2.528277 8.619126 2.375048
-2.7198133 8.427589 2.4516625
-2.6431987 8.542511 2.681506
-2.336741 8.810662 2.9113493
-1.9153614 9.232041 3.217807
-1.532289 9.615114 3.6391866
-1.2258313 9.921572 4.0222588
-1.0726024 10.151415 4.4053316
-1.1492168 10.228029 4.5968676
-1.3024457 10.266336 4.5585604
-1.4939818 10.342951 4.4436383
-1.5705965 10.381258 4.2137947
-1.5705965 10.304644 3.9839516
-1.6089036 10.0748005 3.7158008
-1.685518 9.653421 3.4476502
-1.9153613 9.117121 3.3327286
-2.030283 8.848969 3.4476502
-1.9919758 8.810662 3.8690298
-1.8770541 9.155428 4.4819455
-1.5705963 9.883265 5.24809
-1.3024457 10.649408 5.784391
-1.0726023 11.377247 6.0525417
-0.9959879 11.760319 5.899313
-1.0342951 11.568783 5.5545483
-1.1875241 11.070788 5.2097826
-1.37906 10.457872 5.133168
-1.5705962 9.921572 5.2480903
-1.8004396 9.691729 5.3247046
-1.8770541 9.768343 5.8226986
-1.8770541 10.151415 6.397307
-1.7238252 10.496181 7.125144
-1.4939818 10.840945 7.776367
-1.340753 11.032481 7.8912888
-1.4556746 10.649409 7.776367
-1.5705963 10.151415 7.6231384
-1.8387469 9.346964 8.159439
-1.2641385 9.80665 8.963891
-7.4505806E-9 10.802638 8.887276
1.1875241 11.836933 7.8912888
1.4939818 12.028469 7.2400656
1.2641385 11.45386 6.742072
0.8810662 10.419566 6.3973064
0.4213795 9.232042 6.320692
0.2681506 8.504205 6.129156
0.3830723 8.465898 5.93762
0.5746084 8.695741 5.439626
0.7278373 8.925584 4.9799395
0.49799395 8.427589 4.750096
0.34476504 8.00621 5.24809
0.22984335 7.546524 6.129156
0.344765 7.6231384 6.1674633
0.5363012 7.929596 5.93762
0.8810662 8.236053 5.707777
1.1109096 8.619125 5.5545483
1.3024457 8.848969 5.516241
1.4173673 8.887277 5.5545483
1.3790601 8.848969 5.5928555
1.4173675 8.810662 5.6311626
1.3790601 8.772355 5.746084
1.3790601 8.887277 5.861006
1.3024457 8.925584 5.899313
1.187524 8.772354 5.8226986
0.9576807 8.542511 5.746084
0.6512228 8.121132 5.707777
0.38307226 7.776367 5.746084
0.038307227 7.3549876 6.0908494
0.0 7.3166804 6.205771
0.0 7.3549876 6.3589997
0.038307227 7.699753 6.320692
0.076614454 7.8529816 6.2057705
0.076614454 7.967903 6.0525417
0.038307227 7.967903 5.899313
0.0 7.967903 5.899313
-0.076614454 7.967903 5.861006
-0.15322891 7.929596 5.746084

