-1.340753 7.584831 6.588843
-1.6089035 8.121132 6.588843
-2.1452045 8.236053 6.780379
-3.3327289 8.350975 6.588843
-3.8307228 7.5465236 6.5505357
-4.1754875 7.086837 6.3589997
-4.4436383 6.8953004 6.3589997
-4.596867 7.0485296 6.4739213
-4.55856 7.508217 6.5888433
-4.4436383 8.121132 6.5888433
-4.252102 8.6574335 6.512229
-4.098873 9.193735 6.320692
-3.9839516 9.5385 6.129156
-3.715801 9.921572 5.93762
-3.562572 9.998186 5.93762
-3.409343 10.036493 5.93762
-3.1028855 9.883265 6.4739213
-2.9113493 9.80665 6.9719152
-2.834735 9.691729 7.3549876
-2.7964277 9.576807 7.6614456
-2.7581205 9.5385 7.546524
-2.7581205 9.5385 7.240066
-2.643199 9.615114 7.086837
-2.4899697 9.653421 6.895301
-2.4133554 9.768343 6.8569937
-2.336741 9.80665 6.895301
-2.2984335 9.768343 6.818686
-2.3367407 9.80665 6.9336076
-2.2984335 9.844957 7.0485296
-2.2218192 9.959879 7.086837
-2.1068976 10.036493 7.125144
-2.030283 9.998186 7.086837
-2.1068976 9.615114 7.0102224
-2.2218192 9.500193 7.086837
-2.2218192 9.423578 7.0102224
-2.1452045 9.5385 7.0485296
-1.9536686 9.653421 6.9719152
-1.7238252 9.844957 6.895301
-1.4556746 10.0748005 6.550536
-1.3024458 10.0748005 6.129156
-1.1875241 10.0748005 5.8226986
-1.1875241 9.768343 5.554548
-1.2258313 9.653421 5.4779334
-1.3790601 9.2703495 4.9799395
-1.4173673 9.193735 4.7500963
-1.3024457 9.193735 4.5202527
-1.0726023 9.2703495 4.3287163
-0.80445176 9.500193 4.1371803
-0.61291564 9.576807 3.9073372
-0.6512229 9.385271 3.8307228
-0.8810662 9.078814 3.677494
-1.1875241 8.695741 3.7541084
-1.4556746 8.312668 3.7924156
-1.6089036 8.121132 3.7541084
-1.5705965 8.121132 3.7924156
-1.3024458 8.274361 3.7158012
-0.9959879 8.542511 3.6774938
-0.61291564 8.772355 3.7158012
-0.2681506 9.002198 3.6391869
-0.038307227 9.193735 3.4476507
0.19153613 9.232042 3.1794999
0.34476507 9.2703495 2.9113493
0.38307226 9.078814 2.873042
0.34476504 8.887277 2.873042
0.22984335 8.734048 3.0262709
0.038307227 8.465897 3.1794999
-0.19153613 8.312668 3.1028855
-0.4213795 8.0445175 3.026271
-0.61291564 7.776367 2.7581205
-0.6512228 7.8146744 2.4516625
-0.42137948 8.159439 1.9536686
-0.22984335 8.504204 1.8004397
-0.11492168 8.772355 1.4939818
-0.11492168 8.810662 1.1875241
-0.22984336 8.810662 0.9959879
-0.38307226 8.657433 0.84275895
-0.57460845 8.312668 0.8810662
-0.7661445 8.159439 0.9959879
-0.9576807 7.929596 1.2641385
-1.1492168 7.776367 1.4939818
-1.3024458 7.699753 1.7238252
-1.340753 7.6231384 1.9153614
-1.1875241 7.6231384 2.030283
-1.0342951 7.6614456 2.1068974
-0.8810662 7.776367 2.1068974
-0.80445176 7.8146744 2.030283
-0.8810662 7.8146744 1.7621324
-1.0342951 7.699753 1.37906
-1.2258313 7.431602 1.0342951
-1.4173675 7.163451 0.7278373
-1.685518 6.8953004 0.49799395
-1.8770542 6.6654572 0.45968676
-2.0685902 6.5122285 0.45968676
-2.2218192 6.3589997 0.49799395
-2.2218192 6.3206925 0.61291564
-2.1452045 6.435614 0.7661446
-1.9536686 6.62715 0.84275895
-1.7238252 6.933608 0.8810662
-1.4556746 7.1634517 0.80445176
-1.340753 7.201759 0.6512228
-1.340753 7.240066 0.5746084
-1.4939818 7.125144 0.49799398
-1.7621324 6.9719152 0.49799398
-1.9919758 6.933608 0.45968673
-2.2218192 6.8186865 0.2681506
-2.336741 6.7803793 0.11492168
-2.4133554 6.8186865 0.038307227
-2.3750482 6.8569937 0.19153613
-2.2218192 7.0102224 0.6895301
-2.1068974 7.278373 1.187524
-2.030283 7.5848308 1.685518
-2.0685902 7.8529816 1.9536686
-2.183512 8.00621 1.8004396
-2.2984335 7.967903 1.532289
-2.4133554 7.8146744 0.9959879
-2.4133554 7.6231384 0.49799395
-2.4516625 7.508217 0.30645782
-2.4133554 7.431602 0.2681506
-2.2984335 7.393295 0.5363012
-2.2601264 7.546524 0.9959879
-2.2601264 7.508217 1.340753
-2.3750482 7.4699097 1.7238252
-2.6048915 7.4316025 1.9919758
-2.873042 7.1251445 1.9536686
-3.064578 6.9719157 1.8770542
-3.1028855 6.8569937 1.6472108
-2.9496565 6.8569937 1.532289
-2.7581205 7.201759 1.4556746
-2.4899697 7.6231384 1.4173675
-2.2218194 8.197746 1.340753
-2.0302832 8.734047 1.2258313
-1.838747 9.078814 1.1109096
-1.8004396 9.232042 1.0342951
-1.838747 9.155428 1.3024457
-1.8770542 8.963891 1.5705962
-1.9536686 8.734048 1.9919758
-1.9536686 8.542511 2.528277
-1.9919758 8.542511 2.7964275
-2.1068974 8.619125 2.9879637
-2.2601264 8.657433 2.8730419
-2.4516625 8.695741 2.528277
-2.566584 8.619126 2.1452045
-2.528277 8.6574335 1.7238252
-2.3750482 8.695741 1.340753
-2.1452048 8.772355 0.842759
-1.9536686 8.810662 0.22984335
-1.8770542 8.810662 -0.19153613
-1.8387469 8.887277 -0.26815057
-1.8770542 9.078813 0.0
-1.8770542 9.423578 0.7278373
-1.8770542 9.576807 1.2641385
-1.9153614 9.5385 1.4939818
-2.030283 9.232041 1.4939818
-2.2984335 8.8489685 1.340753
-2.566584 8.465897 1.3024457
-2.7964275 8.197746 1.4939818
-2.9113493 8.082825 1.7621324
-2.834735 8.082825 1.9536686
-2.6048915 8.389282 2.1068974
-2.2984338 9.002199 2.2601264
-1.9919758 9.80665 2.4516625
-1.8387469 10.342951 2.6815057
-1.9536686 10.534487 2.9879637
-2.2218192 10.342951 3.1794996
-2.566584 9.844957 3.371036
-2.834735 9.385271 3.7924156
-2.6815057 9.615114 4.0222588
-2.4133554 10.151415 3.9839516
-2.1835117 10.687716 4.0222588
-2.1452045 11.070788 3.9839516
-2.1452045 11.109096 4.2904096
-2.2218192 10.91756 5.401319
-2.2984335 10.726024 5.9759274
-2.4516625 10.419566 6.129156
-2.5665843 10.113108 6.3206925
-2.5282772 9.921572 6.6271505
-2.1452048 10.189722 7.0485296
-1.5322891 10.726023 7.3166804
-0.9576807 11.377247 7.2783732
-0.49799398 11.87524 6.895301
-0.22984335 11.9135475 6.5122285
-0.19153613 11.760319 6.3206925
-0.15322891 11.453861 6.2440777
-0.15322891 11.109097 6.512228
-0.19153613 10.879253 6.703765
-0.11492168 10.611102 6.742072
-0.038307227 10.457872 6.742072
0.11492168 10.419565 6.588843
0.34476504 10.49618 6.4739213
0.61291564 10.6877165 6.588843
0.9576807 10.879252 6.7037644
1.2258313 10.91756 6.8569937
1.340753 10.802638 6.895301
1.2641385 10.457873 6.6271505
0.95768064 10.0748005 6.2440777
0.5746084 9.576807 5.861006
0.22984336 9.078814 5.746084
0.0 8.810662 5.707777
-0.038307227 8.619126 6.1291566
0.076614454 8.580819 6.6654577
0.45968673 8.810662 7.393295
0.6512229 9.078813 7.1634517
0.8810662 9.385271 6.7803793
1.1875241 9.959879 6.0525417
1.1492168 9.959879 5.93762
0.9576807 9.80665 5.93762
0.7278373 9.461885 6.0142345
0.42137948 9.078813 5.861006
0.15322891 8.580819 5.6694694
-0.11492168 8.121132 5.4779334
-0.38307226 7.776367 5.439626
-0.5363012 7.4316025 5.631162
-0.6512228 7.201759 5.9759274
-0.72783726 7.125144 6.2440777
-0.80445176 7.086837 6.3589993
-0.7661445 7.125144 6.320692
-0.6895301 7.354988 6.282385
-0.5746084 7.546524 6.2440777
-0.4213795 7.73806 6.1674633
-0.34476507 7.8146744 6.090849
-0.30645782 7.8146744 5.861006
-0.38307226 7.776367 5.707777
-0.45968673 7.6614456 5.5545483
-0.61291564 7.584831 5.4779334
-0.7661445 7.469909 5.4779334
-0.842759 7.431602 5.4779334
-0.88106626 7.4699097 5.5545483
-0.88106626 7.6614456 5.746084
-0.8044518 7.8146744 5.861006
-0.7661446 8.0445175 5.8226986
-0.7661446 8.274361 5.8226986
-0.7661446 8.42759 5.707777
-0.95768064 8.542512 5.6311626
-1.1492168 8.542512 5.746084
-1.6472107 8.350975 5.899313
-1.8770541 8.159439 6.090849
-2.1068974 7.967903 6.090849
-2.336741 7.776367 6.129156
-2.566584 7.584831 6.2823853
-2.7198133 7.5465236 6.435614
-2.7581205 7.3932943 6.703765
-2.7581205 7.354987 6.8186865
-2.6048915 7.354987 6.7803793
-2.4133554 7.4699097 6.5888433
-2.2218192 7.73806 6.2823853
-1.9536686 7.776367 6.0525417
-1.7238252 7.967903 5.746084
-1.5705963 7.967903 5.4779334

