-1.4173675 8.00621 5.286397
-2.030283 7.776367 6.129156
-2.528277 8.197746 6.090849
-3.0262709 8.772356 5.93762
-3.4476504 9.308657 5.592855
-3.6391864 9.959879 5.592855
-3.5242648 9.998186 5.7077765
-3.5242648 9.653421 6.588843
-3.5242648 9.576807 6.895301
-3.4859576 9.576807 7.0102224
-3.4093432 9.615114 7.0102224
-3.2944217 9.691729 6.8569937
-3.1411924 9.730036 6.742072
-3.0262709 9.691729 6.742072
-2.9879637 9.615114 6.8569937
-2.9113493 9.576807 6.9719152
-2.7964275 9.615114 7.086837
-2.6815057 9.768343 7.2783732
-2.4899697 9.921572 7.4699097
-2.3750482 9.998186 7.6614456
-2.3750482 9.921572 7.8912888
-2.3750482 9.653421 8.0445175
-2.2218192 9.5385 8.082825
-2.030283 9.576807 8.0445175
-1.838747 9.691729 7.776367
-1.6472108 9.80665 7.431602
-1.4939818 9.80665 7.163451
-1.340753 9.921572 7.0485296
-1.1109096 10.113108 7.201759
-0.9576807 10.228029 7.1251445
-0.8810662 10.189722 6.7803793
-0.84275895 10.0748005 6.2823853
-0.9959879 9.883265 5.7077765
-1.1109096 9.653421 5.401319
-1.2258313 9.5385 5.3247046
-1.1875241 9.5385 5.3247046
-1.0342951 9.615114 5.209783
-0.91937345 9.768343 4.9799395
-0.7278373 9.998186 4.7884035
-0.5746084 10.113108 4.5585604
-0.49799395 10.228029 4.520253
-0.49799395 10.266336 4.520253
-0.6512228 10.0748005 4.4819455
-0.9576807 9.730036 4.4053307
-1.3024457 9.346964 4.4053307
-1.6089035 9.002199 4.443638
-1.7621324 8.734048 4.3670235
-1.7621324 8.734048 4.3670235
-1.4173675 8.848969 4.1754875
-1.2641385 8.963891 4.252102
-1.1492168 8.925584 4.596867
-1.1492168 8.734047 4.903325
-1.2641385 8.389282 5.2097826
-1.340753 8.0445175 5.286397
-1.4556746 7.699753 5.0182467
-1.493982 7.2783732 4.405331
-1.6089036 7.0102224 3.9839516
-1.685518 6.7420716 3.6008794
-1.838747 6.5122285 3.217807
-1.8770542 6.3206925 2.9879637
-1.8004397 6.359 3.0262709
-1.685518 6.6654577 3.4093432
-1.6089035 6.8569937 3.8307228
-1.532289 7.086837 4.098873
-1.6089035 7.163451 4.405331
-1.7621324 7.086837 4.367024
-1.8387469 7.163451 4.290409
-1.9153614 7.2400656 4.2137947
-1.8770542 7.393295 3.9456444
-1.8004396 7.508217 3.6008792
-1.7238252 7.508217 3.1795
-1.685518 7.508217 2.7581205
-1.7621324 7.4316025 2.336741
-1.8004396 7.393295 2.1452048
-1.8387469 7.4699097 2.1452048
-1.8770541 7.4316025 2.1068976
-1.8770541 7.3932953 2.183512
-1.9536686 7.240066 2.1068976
-1.9536686 7.1251445 2.030283
-1.9153614 7.1251445 2.0685902
-1.7621325 7.1251445 2.0685902
-1.6472107 7.240066 2.0685902
-1.5705963 7.2783732 1.9919758
-1.5705963 7.2783732 1.7621324
-1.685518 7.2400656 1.4556746
-1.7621324 7.125144 1.0726024
-1.838747 7.0102224 0.6512229
-1.8770542 6.8569937 0.30645782
-1.838747 6.7420716 0.076614454
-1.7621324 6.7420716 0.076614454
-1.7621324 6.818686 0.19153613
-1.7238252 7.0102224 0.45968673
-1.7238252 7.2783732 0.842759
-1.685518 7.508217 0.9959879
-1.6472108 7.6231384 1.1492169
-1.6089036 7.6614456 1.1109096
-1.6089036 7.584831 0.842759
-1.7238252 7.4316025 0.80445176
-1.877054 7.240066 0.7278373
-2.0685902 7.125144 0.7661446
-2.221819 7.086837 0.9193735
-2.2984335 7.086837 1.1109096
-2.2601264 7.1251445 1.2641385
-2.2601264 7.1634517 1.2641385
-2.2984335 7.1634517 1.1109096
-2.2984335 7.201759 0.9193734
-2.3367407 7.469909 0.61291564
-2.1835117 7.699753 0.4213795
-2.0685902 7.8912888 0.34476504
-1.9536686 8.0445175 0.5363012
-1.8770541 8.082825 0.8810662
-2.0685902 7.967903 1.2641385
-2.336741 7.73806 1.6089036
-2.681506 7.4699097 1.6089036
-3.064578 7.2017593 1.3407531
-3.2561145 7.0102224 0.9959879
-3.371036 6.933608 0.7278373
-3.2944217 6.9719152 0.6895301
-2.9879637 7.240066 0.91937345
-2.6431985 7.6614456 1.2258313
-2.2601264 8.121132 1.532289
-2.1068974 8.542512 1.532289
-2.183512 8.695741 1.4173675
-2.3750482 8.580818 1.2641385
-2.6431987 8.274361 0.99598795
-2.873042 7.8912888 0.80445176
-3.0262709 7.4316025 0.6512228
-3.1794999 7.0102224 0.6512228
-3.3327286 6.8186865 0.8044517
-3.3710358 6.7803793 1.2641385
-3.3327286 7.010223 1.6089035
-3.2561142 7.431602 1.9536686
-3.1794999 7.8529816 2.0685902
-3.1411924 8.197746 1.9536686
-3.1411924 8.389282 1.8004397
-3.1411924 8.389282 1.6089035
-2.9879637 8.350975 1.6472107
-2.7964275 8.236053 1.8004397
-2.6431985 8.236053 2.1452048
-2.528277 8.312668 2.4899697
-2.528277 8.389283 2.7581203
-2.6815057 8.465898 2.9879637
-2.9496565 8.389283 3.064578
-3.2561145 8.274361 3.217807
-3.6008792 8.00621 3.2944214
-3.86903 7.8529816 3.4859576
-3.9073372 7.776367 3.7924156
-3.7924156 7.8146744 4.098873
-3.5242648 8.082825 4.4819455
-3.1794999 8.427589 4.7500963
-2.9879637 8.810661 4.903325
-2.9496565 9.2703495 4.903325
-3.0262709 9.615114 5.0182467
-3.1794999 9.768343 5.056554
-3.371036 9.730036 5.1331687
-3.5242648 9.385271 5.4013195
-3.7158012 9.002198 5.4396267
-3.9073372 8.619126 5.707777
-4.0222588 8.389282 6.0525417
-4.1754875 8.427589 6.282385
-4.2137947 8.6574335 6.4739213
-4.1371803 9.002199 6.5505357
-3.9456444 9.461885 6.5888433
-3.5242648 9.730036 6.5888433
-3.677494 9.423578 6.473922
-4.060566 8.848969 6.550536
-4.443638 8.274362 6.742072
-4.865018 7.776367 7.125144
-4.9799395 7.6231384 7.508217
-4.9416323 7.699753 7.699753
-4.7884035 7.8912888 7.8146744
-4.4819455 8.312668 7.776367
-4.2137947 8.542511 7.699753
-4.0222588 8.734047 7.546524
-3.9456444 8.848969 7.73806
-3.9073372 8.734048 8.0445175
-3.9073372 8.580819 8.504205
-3.677494 8.082825 9.117121
-3.524265 7.8146744 9.040506
-3.371036 7.6231384 8.695741
-3.2944217 7.508217 8.312668
-3.1794996 7.4699097 8.121132
-3.0262709 7.546524 8.159439
-2.7964277 7.776367 8.389282
-2.3750482 8.082825 8.657433
-1.9919758 8.427589 8.695741
-1.6472108 8.734048 8.427589
-1.4556746 8.810662 7.967903
-1.5705962 8.312668 7.086837
-1.8004396 7.8912888 7.0485296
-1.9536686 7.6231384 7.3932943
-2.0685902 7.6614456 7.967903
-2.0685902 7.967903 8.580819
-1.8770542 8.389282 9.002198
-1.6089036 8.810662 9.11712
-1.340753 9.117121 8.887277
-1.1492168 9.193735 8.465897
-1.0726024 9.040506 7.929596
-1.1492168 8.84897 7.5082164
-1.2641385 8.42759 7.2017584
-1.4173675 8.0445175 7.163451
-1.532289 7.8529816 7.3932953
-1.4939818 7.776367 7.699753
-1.3790601 8.00621 7.8529816
-1.1492168 8.197746 7.8146744
-0.9959879 8.42759 7.5082164
-0.8810662 8.42759 6.933608
-0.80445176 8.312668 6.5122285
-0.8810662 8.082825 6.167464
-0.8810662 7.73806 6.0525417
-0.95768064 7.5465236 6.244078
-1.0342951 7.3549876 6.473922
-1.0342951 7.3549876 6.703765
-1.0342951 7.546524 6.8569937
-0.8810662 7.776367 6.895301
-0.6895301 8.082825 6.8569937
-0.45968676 8.389282 6.895301
-0.22984336 8.580819 6.895301
-0.15322891 8.6574335 6.933608
-0.15322891 8.580819 6.933608
-0.22984336 8.350975 6.895301
-0.38307226 8.082825 6.9719152
-0.5363012 7.73806 6.8569937
-0.6512228 7.4699097 6.780379
-0.7661445 7.316681 6.62715
-0.80445176 7.201759 6.3589993
-0.842759 7.201759 6.2440777
-0.88106626 7.201759 6.2057705
-0.88106626 7.1634517 6.2057705
-0.9576807 7.1251445 6.397307
-0.9959879 7.0485296 6.5122285
-1.0342951 7.0102224 6.5505357
-1.0342951 7.086837 6.62715
-0.9193734 7.086837 6.3973064
-0.842759 7.2400656 6.2057705
-0.7661445 7.5082164 6.0142345
-0.72783726 7.5082164 5.7843914
-0.7661445 7.5465236 5.746084
-0.80445176 7.431602 5.5928555
-0.8810662 7.201759 5.6311626
-0.9193735 7.125144 5.5928555
-0.9959879 7.163451 5.6311626
-1.0726024 7.240066 5.7843914
-1.1875241 7.3549876 5.93762
-1.2641385 7.6231384 6.1674633
-1.2641385 7.8529816 6.3206925
-1.2258313 8.121132 6.435614
-1.0342951 8.350975 6.2823853
-0.99598795 8.542511 6.090849
-1.0726023 8.695741 5.746084
-1.1109096 8.734048 5.516241
-1.2258313 8.734048 5.4396267
-1.2641385 8.619126 5.401319

