-1.3024457 8.580819 5.5545483
-1.838747 7.8146744 6.4739213
-2.2984338 8.427589 6.742072
-2.873042 8.925584 6.7803793
-3.4093432 9.500193 6.895301
-3.5242648 10.151415 6.8569937
-3.5625722 10.151415 7.010223
-3.6774938 9.998186 7.1251445
-3.7924156 9.883265 7.2783732
-3.7541084 9.844957 7.4316025
-3.6391866 9.80665 7.4316025
-3.409343 9.959879 7.6231384
-3.1411927 10.036493 7.73806
-2.9113493 10.0748005 7.6614456
-2.7581205 10.151415 7.6231384
-2.6431987 10.189722 7.3549876
-2.5665843 10.151415 7.201759
-2.528277 10.228029 7.0102224
-2.3750482 10.228029 6.856993
-2.183512 10.189722 6.818686
-2.030283 10.266336 6.6654572
-1.8387469 10.113108 6.62715
-1.7621324 9.998186 6.62715
-1.7238252 9.844957 6.62715
-1.685518 9.653421 6.62715
-1.6089036 9.576807 6.7803793
-1.5705963 9.576807 6.8569937
-1.532289 9.500193 6.9719152
-1.4556746 9.500193 7.163451
-1.4556746 9.500193 7.086837
-1.3790603 9.385271 7.1634517
-1.2258313 9.385271 7.0485296
-1.0342951 9.423578 6.8569937
-0.80445176 9.423578 6.6654577
-0.5363012 9.500193 6.435614
-0.2681506 9.5385 6.2440777
-0.038307227 9.5385 5.93762
0.11492168 9.576807 5.592855
0.11492168 9.500193 5.094861
-0.038307227 9.308657 4.673482
-0.19153613 9.078813 4.4436383
-0.3064578 8.810662 4.4436383
-0.38307226 8.695741 4.5202527
-0.34476504 8.734048 4.7500963
-0.2681506 8.848969 4.7884035
-0.19153613 9.040505 4.596867
-0.11492168 9.155427 4.4436383
-0.038307227 9.193734 4.060566
-0.076614454 9.11712 3.6774938
-0.11492168 9.040505 3.4476504
-0.076614454 9.040505 3.1411927
-0.076614454 9.078813 2.9113493
-0.076614454 9.155427 2.873042
-0.076614454 9.155427 2.9496567
-0.19153613 9.078813 3.1795
-0.53630114 8.887277 3.7541084
-0.7661445 8.695741 3.86903
-0.9193734 8.465897 3.86903
-1.0342951 8.312668 3.86903
-1.0342951 8.159439 3.6008794
-0.9576807 8.197746 3.4859576
-0.8810662 8.274361 3.3327286
-0.7661445 8.350975 3.1794999
-0.61291564 8.465898 3.1028855
-0.49799395 8.504205 3.064578
-0.38307226 8.619126 3.1794996
-0.344765 8.695741 3.371036
-0.38307226 8.734048 3.562572
-0.5363012 8.619126 3.677494
-0.6895301 8.465897 3.7158012
-0.80445176 8.197746 3.6774938
-0.91937345 8.0445175 3.6391866
-0.8810662 8.00621 3.4859576
-0.84275895 8.00621 3.3327286
-0.7661445 8.197746 3.217807
-0.6895301 8.312668 3.0262709
-0.6895301 8.42759 2.9496565
-0.6512228 8.504205 2.719813
-0.6512228 8.427589 2.4516625
-0.6512228 8.350975 2.3367407
-0.61291564 8.312668 2.0685902
-0.6895301 8.121132 1.9153613
-0.842759 7.929596 1.6855179
-1.0726024 7.6614456 1.3024457
-1.2258313 7.508217 1.1875241
-1.3024457 7.546524 1.1492168
-1.2641385 7.6231384 1.1109096
-1.1875241 7.73806 1.1875241
-1.2258313 7.73806 1.1109096
-1.3024458 7.6231384 0.8044518
-1.4556746 7.4699097 0.49799398
-1.5705963 7.354988 0.19153613
-1.6089035 7.2783732 -0.15322891
-1.6089035 7.2783732 -0.22984335
-1.5705963 7.3549876 -0.22984335
-1.4556745 7.546524 -0.22984335
-1.340753 7.73806 -0.076614454
-1.2258313 7.967903 0.076614454
-1.0726024 8.197746 0.2681506
-1.0726024 8.236053 0.45968673
-1.2258313 8.121132 0.6512229
-1.4939818 7.776367 0.7661446
-1.8387468 7.354988 0.88106626
-2.1452048 7.086837 0.91937345
-2.2984335 6.9719152 0.842759
-2.1068974 7.5082164 0.5746084
-1.8387468 7.8529816 0.3830723
-1.5705962 8.197746 0.19153613
-1.37906 8.580819 -0.19153613
-1.4939818 8.465897 -0.19153613
-1.7621324 8.274361 -0.076614454
-2.030283 7.8912888 0.19153613
-2.2601264 7.508217 0.49799395
-2.4899697 7.2783732 0.6895301
-2.6815057 7.086837 0.6895301
-2.8730419 7.0102224 0.5746084
-2.8730419 7.125144 0.344765
-2.7581203 7.354988 0.19153613
-2.3750482 7.584831 0.22984336
-1.9536686 7.8912888 0.30645782
-1.7621324 8.159439 0.34476504
-1.7238252 8.236053 0.19153613
-1.9153613 8.350975 0.0
-2.1835117 8.274361 -0.076614454
-2.336741 8.082825 -0.114921674
-2.4133554 7.8912888 0.038307227
-2.3750482 7.699753 0.30645782
-2.2984335 7.6614456 0.53630114
-2.2218192 7.73806 0.91937345
-2.183512 7.8912888 1.37906
-2.2601264 8.121132 1.685518
-2.336741 8.312668 1.9536686
-2.3750482 8.465897 1.9153614
-2.336741 8.580819 1.685518
-2.2601266 8.542512 1.3407528
-2.1452048 8.542512 0.8810662
-2.0685902 8.504205 0.6512229
-2.030283 8.465898 0.68953013
-2.1068974 8.465898 0.91937345
-2.2601264 8.504205 1.1875241
-2.4133554 8.6574335 1.4939818
-2.4899697 8.810662 1.532289
-2.3367407 9.040505 1.3024457
-2.2218192 9.002198 1.187524
-2.2218192 8.772354 1.187524
-2.2984335 8.427589 1.187524
-2.528277 7.929596 1.3024457
-2.9879637 7.6614456 1.8387469
-3.064578 8.0445175 2.2601266
-3.0262709 8.619125 2.5282772
-2.9496565 8.96389 2.5282772
-2.873042 9.117121 2.3750482
-2.7964277 8.925584 2.2984335
-2.7198133 8.810662 2.413355
-2.6048915 8.619126 2.4516625
-2.6431987 8.350976 2.4899697
-2.7964275 8.159439 2.528277
-2.9879637 8.00621 2.6815057
-3.1411927 8.082825 3.1028852
-3.064578 8.465897 3.562572
-2.7964275 8.925584 4.098873
-2.4899697 9.385271 4.290409
-2.183512 9.615114 4.2137947
-2.030283 9.653421 4.1754875
-1.9536686 9.576807 4.252102
-1.9153614 9.653421 4.4436383
-1.8004396 9.959879 4.5968676
-1.6089034 10.342952 4.7884035
-1.4173675 10.726024 4.8267107
-1.3407528 10.994174 4.903325
-1.6472106 10.840945 4.903325
-1.9919758 10.496181 4.9416323
-2.681506 9.768343 4.903325
-2.9113493 9.38527 4.8267107
-3.0262709 9.232041 4.903325
-2.9879637 9.155427 5.0948615
-2.9113493 9.385271 5.6311626
-2.681506 9.80665 6.4356146
-2.3367407 10.419566 7.3549876
-1.9919758 11.070788 7.8912888
-1.685518 11.492168 7.814674
-1.4173675 11.568783 6.588843
-1.5705963 11.032481 5.93762
-1.7238252 10.457872 5.7077765
-1.8770541 9.921572 5.6694694
-1.9153614 9.461885 6.0142345
-1.8004396 9.346964 6.588843
-1.5705963 9.385271 7.240066
-1.2258313 9.576807 7.699753
-0.9193734 9.768343 7.699753
-0.6512228 9.921572 7.278373
-0.53630114 9.883265 6.5122285
-0.53630114 9.691729 5.7843914
-0.49799395 9.615114 5.24809
-0.45968673 9.385271 4.9416323
-0.34476504 9.2703495 4.9416323
-0.19153613 9.232041 5.018247
-0.11492168 9.193734 5.018247
0.0 9.346963 5.171476
0.076614454 9.38527 5.363012
0.11492168 9.423578 5.631162
0.11492168 9.346964 6.0525417
0.076614454 9.078814 6.2057705
0.038307227 8.887278 6.1674633
-0.038307227 8.6574335 5.9759274
-0.11492168 8.427589 5.746084
-0.15322891 8.350975 5.592855
-0.15322891 8.465897 5.3247046
-0.038307227 8.69574 5.3247046
0.19153613 9.002199 5.592855
0.49799395 9.423578 5.975928
0.84275895 9.844957 6.397307
1.1492168 10.304645 6.4739213
1.4173675 10.6877165 6.397307
1.5705963 10.994174 6.2823853
1.6472107 11.109096 6.1291566
1.6089035 10.955867 6.167464
1.3024458 10.572795 6.0525417
1.0726024 10.228029 5.9759274
0.842759 9.921572 5.7843914
0.5746084 9.500193 5.5545483
0.30645782 8.963891 5.363012
0.0 8.389282 5.3247046
-0.30645782 7.8146744 5.24809
-0.57460845 7.31668 5.2097826
-0.7278373 7.0485296 5.2097826
-0.7278373 6.9719152 5.094861
-0.68953013 7.0485296 5.1331687
-0.57460845 7.2017584 5.171476
-0.38307226 7.4316025 5.133168
-0.22984336 7.776367 5.3247046
-0.038307227 8.082825 5.439626
0.11492168 8.389282 5.554548
0.15322891 8.542512 5.5162406
0.11492168 8.542512 5.3247046
0.076614454 8.389283 5.3247046
-0.038307227 8.274361 5.24809
-0.15322891 8.159439 5.401319
-0.19153613 8.0445175 5.4779334
-0.22984335 8.236053 5.363012
-0.22984335 8.427589 5.2863975
-0.19153613 8.6574335 5.209783
-0.22984335 8.887277 5.209783
-0.34476504 8.887277 5.1714754
-0.53630114 8.734048 5.1714754
-0.842759 8.619126 5.1714754
-1.1492168 8.465898 5.2097826
-1.4173675 8.274361 5.401319
-1.5705962 8.159439 5.6311626
-1.6089036 8.121132 6.0142345
-1.6089036 8.082825 6.5122285
-1.4939818 8.159439 6.8186865
-1.37906 8.236053 6.933608
-1.2641385 8.236053 6.742072
-1.1492169 8.236053 6.2440777
-1.1109096 8.159439 5.8226986
-0.9959879 8.197746 5.439626
-0.9576807 8.197746 5.0948615
-0.9193735 8.159439 4.903325
-0.842759 8.197746 4.865018

