-0.8810662 8.159439 4.903325
-1.0342951 8.00621 5.554548
-1.4939818 7.967903 5.7843914
-2.0685902 8.082825 6.167464
-2.528277 8.197746 6.397307
-3.064578 8.389282 6.6271505
-3.1794999 8.542511 6.8186865
-3.1411924 8.734048 6.550536
-3.064578 9.040505 6.2440786
-2.9496565 9.193735 5.8610063
-2.873042 9.308657 5.3247046
-2.873042 9.346964 4.97994
-2.9879637 9.155428 4.7500963
-3.1028852 8.887277 4.903325
-3.2944214 8.695741 5.2863975
-3.4859576 8.427589 5.8993134
-3.6774938 8.274361 6.3589997
-3.8307228 8.312668 6.6271505
-3.7924156 8.274361 6.473922
-3.715801 8.427589 6.090849
-3.4093432 8.772355 5.7843914
-2.9879637 9.193734 5.3630123
-2.6431987 9.844957 5.4396267
-2.183512 10.534487 5.66947
-1.838747 11.070789 5.7843914
-1.6472108 11.453861 6.0142345
-1.4556746 11.568783 6.129156
-1.4173675 11.492168 6.205771
-1.4173675 11.224018 6.588843
-1.5322891 10.917561 6.9719152
-1.5705963 10.611102 7.3166804
-1.5322891 10.419566 7.699753
-1.4939818 10.381259 7.776367
-1.3024457 10.496181 7.73806
-1.0726024 10.726024 7.584831
-0.7661445 10.994175 7.201759
-0.4213795 11.185711 6.895301
-0.11492168 11.33894 6.588843
0.038307227 11.377247 6.3589997
0.0 11.262324 6.3206925
-0.19153613 10.994174 6.397307
-0.38307226 10.687716 6.703765
-0.49799395 10.49618 7.086837
-0.45968673 10.419565 7.316681
-0.30645782 10.572794 7.4316025
-0.076614454 10.726024 7.1634517
0.11492168 10.91756 6.6654577
0.22984336 10.91756 6.3206925
0.38307226 10.91756 5.899313
0.4213795 10.840945 5.516241
0.4213795 10.649409 5.3630123
0.34476504 10.534488 5.133168
0.15322891 10.304644 4.9416323
-0.076614454 10.113108 4.9416323
-0.2681506 9.883265 4.8267107
-0.30645782 9.730036 4.865018
-0.2681506 9.768343 4.9799395
-0.038307227 9.921572 5.0948615
0.15322891 10.151415 5.0948615
0.34476504 10.342952 4.9033256
0.3830723 10.381259 4.481946
0.30645782 10.266336 4.022259
0.26815057 10.0748005 3.86903
0.15322891 9.80665 3.86903
0.19153613 9.691729 4.098873
0.2681506 9.653421 4.290409
0.34476504 9.653421 4.2137947
0.30645782 9.691729 3.9073372
0.19153613 9.461885 3.4476504
-0.038307227 9.040505 3.026271
-0.3830723 8.580819 2.7198133
-0.61291564 8.082825 2.6431987
-0.7278373 7.8146744 2.7581203
-0.7278373 7.699753 2.8347347
-0.6512228 7.73806 2.7581203
-0.5746084 7.8146744 2.566584
-0.61291564 7.73806 2.2984335
-0.6895301 7.699753 2.1835117
-0.72783726 7.6614456 2.2984338
-0.72783726 7.699753 2.6048913
-0.6512228 7.8912888 2.9879637
-0.5746084 8.0445175 3.2944217
-0.45968673 8.121132 3.371036
-0.4213795 8.236053 3.2561145
-0.30645782 8.312668 2.9879637
-0.22984335 8.504204 2.6815057
-0.11492168 8.734048 2.528277
0.0 8.772355 2.2984338
-0.11492168 8.6574335 2.0685902
-0.19153613 8.274361 1.8387469
-0.34476504 7.8146744 1.6855179
-0.49799398 7.4699097 1.6472107
-0.6512229 7.240066 1.7238252
-0.8044518 7.240066 1.8004397
-0.9193734 7.3932953 1.8770542
-0.9576807 7.546524 1.9536686
-0.8810662 7.6231384 1.9153614
-0.842759 7.6231384 1.9536686
-0.80445176 7.546524 1.8387469
-0.80445176 7.431602 1.6472108
-0.7278373 7.431602 1.2258313
-0.7278373 7.3549876 0.9576807
-0.7661445 7.3549876 0.7661446
-0.8810662 7.240066 0.57460845
-1.1109096 7.125144 0.5363012
-1.3024457 7.0485296 0.6895301
-1.4939818 6.9719152 0.80445176
-1.532289 7.0102224 0.9576807
-1.4556746 7.0485296 1.0342952
-1.4173675 7.125144 0.9576807
-1.3407528 7.163451 0.9576807
-1.37906 7.086837 0.8810662
-1.4939818 7.1634517 0.6512229
-1.532289 7.2783737 0.49799395
-1.4939818 7.4316025 0.30645782
-1.3790603 7.6231384 0.11492168
-1.1875241 7.6614456 0.11492168
-1.0726024 7.6231384 0.22984335
-1.1109096 7.508217 0.4213795
-1.2258313 7.431602 0.7278374
-1.4173675 7.431602 1.1109097
-1.5705962 7.4699097 1.1875241
-1.6472108 7.508217 1.1492169
-1.7238252 7.508217 1.0342951
-1.5705963 7.6614456 0.6512229
-1.3790601 7.8146744 0.4596867
-1.1492168 8.197746 0.34476504
-0.9193735 8.542511 0.2681506
-0.9193735 8.69574 0.34476504
-1.0726024 8.734048 0.38307226
-1.3024457 8.465897 0.49799395
-1.5705962 8.121132 0.61291564
-1.9153613 7.6614456 0.6895301
-2.1452045 7.2400656 0.72783726
-2.336741 6.895301 0.6512228
-2.4516625 6.8186865 0.6512228
-2.3750482 6.933608 0.6512228
-2.2984338 7.163451 0.6512228
-2.1452048 7.546524 0.6895301
-1.9536686 7.929596 0.6512228
-1.838747 8.197746 0.5363012
-1.7238252 8.312668 0.49799395
-1.7621324 8.236053 0.5363012
-1.9536686 7.929596 0.61291564
-2.2218192 7.584831 0.7661446
-2.6048913 7.2400656 0.91937345
-3.0645783 6.8569937 0.9576807
-2.7964275 7.354988 1.0726024
-2.4133554 7.8529816 1.2641385
-1.9919758 8.389283 1.340753
-1.685518 8.695741 1.3024457
-1.6472107 8.695741 1.0726024
-1.8770542 8.504204 0.84275895
-2.2984338 8.197746 0.7661445
-2.681506 7.967903 0.9959879
-2.7964275 7.929596 1.1875241
-2.719813 7.967903 1.4173675
-2.4133554 8.236053 1.685518
-2.1452048 8.465897 1.8770541
-2.0685902 8.619125 2.183512
-2.1068976 8.925584 2.2984338
-2.336741 9.155428 2.2984338
-2.6048915 9.423578 2.1068976
-2.873042 9.423578 1.7238252
-3.0262709 9.232042 1.340753
-3.1028852 8.887277 1.0342951
-3.0262709 8.619126 0.8810662
-2.873042 8.580819 0.9959879
-2.681506 8.619126 1.2641385
-2.5665843 8.772355 1.4173673
-2.6048915 8.848969 1.6089035
-2.6431987 9.002198 1.8004397
-2.6431987 9.193734 2.2218192
-2.566584 9.423578 2.9496565
-2.375048 9.691729 3.6774938
-2.030283 9.921572 4.252102
-1.9153614 9.921572 4.2137947
-2.4516625 9.2703495 3.4476504
-2.9113493 8.619126 3.217807
-2.8347347 8.542512 3.562572
-2.528277 8.772355 3.9073372
-1.9919758 9.423577 4.4819455
-1.3790601 10.419565 5.094861
-0.842759 11.377246 5.439626
-0.5363012 12.066776 5.592855
-0.842759 11.798626 5.363012
-1.2641385 10.955868 5.056554
-1.6089035 10.151415 4.6734815
-1.8387469 9.346964 4.2137947
-1.8387469 9.002199 4.1754875
-1.6472107 9.155428 4.4436383
-1.3024457 9.576807 4.8267107
-0.8044517 10.266336 5.2480903
-0.34476507 11.109097 5.363012
-0.038307227 11.645397 5.056554
0.038307227 11.645397 4.596867
-0.19153613 11.147403 4.3287168
-0.6129156 10.0748005 4.3287168
-1.1109096 9.002198 4.6351748
-1.5322891 8.274361 5.439626
-1.7621325 7.8146744 6.0525417
-1.7621325 7.776367 6.5122285
-1.6089036 8.0445175 6.8186865
-1.3024457 8.427589 6.8569937
-0.95768064 8.848969 6.8569937
-0.6895301 9.2703495 6.8569937
-0.4596867 9.461885 6.9719157
-0.22984336 9.615114 7.2783732
0.0 9.80665 7.4699097
0.22984336 9.959879 7.4699097
0.38307226 10.113108 7.316681
0.4213795 10.113108 6.895301
0.34476507 10.036493 6.742072
0.19153613 9.80665 6.7803793
0.15322891 9.691729 6.9719157
0.3064578 9.80665 7.393295
0.49799392 10.036493 7.201759
0.6512228 10.0748005 6.7803793
0.7661445 10.189722 6.2823853
0.7661445 10.189722 5.9759274
0.80445176 10.266336 6.014235
0.842759 10.381259 6.4356146
0.80445176 10.304645 6.8569937
0.7278373 10.151416 7.125144
0.3830723 9.5385 6.780379
0.15322891 9.155428 6.4739213
-0.07661445 8.810662 6.1291566
-0.30645782 8.350975 6.0142345
-0.30645782 8.274361 6.2057705
-0.11492168 8.312668 6.5888433
0.2681506 8.734048 6.933608
0.7661445 9.308657 7.0485296
1.1875241 9.768343 6.971915
1.3790603 10.036493 6.62715
1.340753 9.959879 6.397307
1.1109097 9.5385 6.0525417
0.7278374 8.848969 5.707777
0.34476504 8.121132 5.516241
-0.07661443 7.3932953 5.477934
-0.42137948 6.8186865 5.6311626
-0.61291564 6.4739213 5.8226986
-0.61291564 6.435614 6.0142345
-0.49799395 6.4739213 6.0142345
-0.30645782 6.7037644 5.93762
-0.076614454 6.933608 5.861006
0.11492168 7.240066 5.7843914
0.34476507 7.546524 5.746084
0.4213795 7.73806 5.8226986
0.45968676 7.967903 5.8226986
0.45968676 7.929596 5.899313
0.45968676 7.929596 5.93762
0.49799398 8.00621 5.9759274
0.49799398 8.00621 6.2057705
0.49799398 8.082825 6.1674633
0.4213795 8.121132 6.2057705
0.34476504 8.197746 6.1674633
0.26815057 8.274361 6.1674633
0.15322891 8.350975 6.320692
0.076614454 8.465898 6.3589997
-0.038307227 8.42759 6.5122285
-0.22984336 8.350975 6.550536
-0.45968673 8.274361 6.512229
-0.8044517 8.00621 6.6654577
-1.1492168 7.8529816 6.742072
-1.3790601 7.6231384 6.8186865
-1.6472107 7.4699097 6.9719152
-1.8004397 7.4316025 6.8569937

