-1.8387469 7.4316025 6.6654577
-1.9153614 7.699753 6.1674633
-1.8770541 7.8912888 6.0525417
-1.4939818 7.8529816 6.244078
-2.030283 7.73806 6.435614
-2.681506 7.508217 6.397307
-3.3327289 7.3549876 6.4739213
-4.098873 7.776367 6.5505357
-4.098873 8.389282 6.5122285
-3.9839516 9.232041 6.5122285
-3.7924156 10.0748005 6.3589997
-3.371036 10.534488 6.1674633
-3.1028852 10.726024 6.2057705
-2.9496565 10.6877165 6.320692
-2.873042 10.457873 6.3973064
-2.9113493 10.189723 6.5505357
-2.9113493 9.883265 6.5122285
-2.9496565 9.691729 6.5888433
-2.873042 9.653421 6.7803793
-2.719813 9.653421 7.163451
-2.566584 9.691729 7.546524
-2.3367407 9.730036 7.8912888
-2.183512 9.844957 8.0445175
-2.030283 9.921572 8.0445175
-1.8387469 10.036493 7.929596
-1.7238252 10.0748005 7.6231384
-1.5705963 10.0748005 7.354987
-1.4556745 9.998186 6.9719152
-1.4173673 9.883265 6.7803793
-1.3790601 9.80665 6.62715
-1.3790601 9.691729 6.62715
-1.2641385 9.768343 6.780379
-0.9959879 9.998186 6.818686
-0.6512228 10.22803 7.0102224
-0.26815057 10.381259 7.0102224
-0.076614454 10.381259 6.895301
0.0 10.151415 6.703765
0.0 9.844957 6.435614
-0.038307227 9.691729 6.1674633
0.0 9.576807 5.8226986
0.038307227 9.500193 5.6311626
0.22984335 9.576807 5.3630123
0.42137948 9.615114 5.056554
0.61291564 9.615114 4.903325
0.7661445 9.730036 4.7884035
0.7661445 9.653421 4.7500963
0.72783726 9.576807 4.8267107
0.6895301 9.576807 5.0182467
0.7278373 9.5385 5.0182467
0.7278373 9.653421 4.9799395
0.7278373 9.615114 4.7500963
0.6895301 9.576807 4.405331
0.57460845 9.423578 4.1371803
0.45968676 9.193734 3.7541082
0.34476507 9.040505 3.5242648
0.22984336 8.925584 3.3327286
0.19153613 9.040505 3.1411924
0.22984336 9.2703495 2.9496565
0.2681506 9.576807 2.566584
0.30645782 9.768343 2.1835117
0.22984336 9.730036 1.8770541
0.076614454 9.5385 1.7238252
-0.076614454 9.193735 1.8004397
-0.19153613 9.002198 1.9153614
-0.19153613 8.887277 1.9536686
-0.11492168 8.925584 2.030283
0.038307227 9.193734 2.1068976
0.2681506 9.38527 1.9919758
0.38307226 9.615114 1.8004396
0.45968673 9.691729 1.5705962
0.4213795 9.653421 1.3024458
0.22984336 9.423578 1.1875241
0.076614454 9.117121 1.2258313
-0.038307227 8.848969 1.3024458
-0.076614454 8.619126 1.3790601
-0.076614454 8.504205 1.4939818
-0.076614454 8.350976 1.4939818
-0.11492168 8.236053 1.4556746
-0.076614454 8.159439 1.4173675
-0.076614454 8.082825 1.4173675
-0.076614454 8.159439 1.340753
-0.076614454 8.197746 1.1875241
-0.22984335 8.0445175 1.1492169
-0.30645782 7.8912888 0.95768064
-0.38307226 7.6614456 0.8810662
-0.53630114 7.3932953 0.8810662
-0.61291564 7.163451 0.80445176
-0.7661445 7.0102224 0.7661445
-0.9959879 6.8186865 0.72783726
-1.1492168 6.6654572 0.72783726
-1.2641386 6.7420716 0.61291564
-1.2641386 6.856993 0.49799395
-1.1109096 7.125144 0.4213795
-0.99598795 7.393295 0.34476504
-0.91937345 7.6231384 0.2681506
-0.842759 7.776367 0.11492168
-0.88106626 7.8912888 -0.11492168
-0.9576807 7.967903 -0.22984336
-1.0726023 7.8912888 -0.22984336
-1.3024457 7.699753 0.0
-1.5705962 7.354988 0.22984336
-1.8387468 7.086838 0.30645782
-2.0685902 6.8569937 0.4213795
-2.1452045 6.8186865 0.38307226
-2.1452045 6.9719152 0.4213795
-2.030283 7.1634517 0.5746084
-1.8770542 7.469909 0.61291564
-1.7621324 7.699753 0.61291564
-1.6472108 7.929596 0.5363012
-1.5705963 8.159439 0.30645782
-1.5705963 8.274361 0.15322891
-1.6472107 8.274361 0.076614454
-1.8004397 8.082825 0.076614454
-1.9919758 7.776367 0.22984336
-2.183512 7.431602 0.34476504
-2.413355 7.1634517 0.49799395
-2.566584 7.0102224 0.57460845
-2.6431987 6.933608 0.61291564
-2.681506 6.9719152 0.6895301
-2.5665843 7.163452 0.7661445
-2.336741 7.4699097 0.8810662
-2.1452048 7.8529816 0.80445176
-2.030283 8.121132 0.6512229
-2.030283 8.236053 0.3830723
-2.1452048 8.197746 0.11492168
-2.2601264 8.0445175 -0.076614454
-2.2984335 7.967903 -0.15322891
-2.2601264 7.967903 -0.076614454
-2.183512 8.00621 0.114921674
-2.0685902 8.0445175 0.30645782
-2.030283 8.121132 0.49799395
-2.0685902 8.121132 0.61291564
-2.183512 8.082825 0.5363012
-2.2601264 8.236053 0.45968673
-2.183512 8.274361 0.38307223
-1.9919758 8.389283 0.19153613
-1.7238252 8.580819 0.038307227
-1.5322891 8.6574335 -0.076614454
-1.4173675 8.810662 -0.15322891
-1.340753 8.925584 -0.15322891
-1.340753 9.078813 -0.11492168
-1.3024457 9.193735 0.038307227
-1.3024457 9.155428 0.0
-1.3407528 9.002199 0.038307227
-1.3024457 8.6574335 0.19153613
-1.3790601 8.274361 0.2681506
-1.4173673 8.00621 0.6512228
-1.4939818 7.8146744 1.0342951
-1.6089035 7.8529816 1.3790601
-1.6472108 7.929596 1.6089035
-1.6089036 8.0445175 1.4556746
-1.4173675 8.236053 0.9959879
-1.2258313 8.312668 0.42137948
-1.0342951 8.465897 -0.19153613
-0.99598795 8.619126 -0.5363012
-1.1109096 8.695741 -0.5363012
-1.3024457 8.695741 -0.26815057
-1.532289 8.504205 0.11492169
-1.7238252 8.197746 0.5363012
-1.8770542 7.967903 0.9959879
-1.8387469 7.929596 1.5322891
-1.7238252 8.274361 2.1068976
-1.5705963 8.734048 2.6048915
-1.4173673 9.308657 2.7581203
-1.3790601 9.691729 2.6431985
-1.4939818 9.730036 2.413355
-1.6089035 9.653421 2.0685902
-1.7621325 9.385271 2.0685902
-1.9153614 9.232042 2.2218192
-1.9919758 9.155427 2.4516625
-2.1068974 9.193734 2.873042
-2.183512 9.308656 3.2561142
-2.2601264 9.423578 3.5625722
-2.2601264 9.691729 4.060566
-2.1068974 9.998186 4.4436383
-1.877054 10.304644 4.5968676
-1.6472108 10.534487 4.673482
-1.532289 10.611102 4.596867
-1.6089036 10.649409 4.4436383
-1.8387468 10.534488 4.3287163
-2.1068974 10.304644 4.1371803
-2.2984335 10.113108 3.9456444
-2.2601264 10.0748005 4.0222588
-1.9919758 10.228029 4.367024
-1.6472107 10.649408 4.6351748
-1.2641385 11.070788 5.094861
-0.9959879 11.262325 5.2863975
-0.9193735 11.300632 5.2480903
-0.8044518 11.185711 5.2863975
-0.7278373 10.955868 5.094861
-0.61291564 10.802638 4.903325
-0.38307226 10.611102 4.903325
-0.19153613 10.534488 5.094861
0.11492168 10.534488 5.2863975
0.4213795 10.611102 5.5928555
0.68953013 10.802638 5.707777
0.9193734 10.955867 5.6311626
0.9959879 11.032481 5.4396267
0.9576807 10.879252 5.133168
0.842759 10.611102 4.903325
0.6895301 10.113108 4.865018
0.5363012 9.576806 5.018247
0.45968676 9.155427 5.477934
0.5363012 8.963891 6.052542
1.3790601 9.959879 6.8186865
2.030283 10.879252 6.4739213
2.4516625 11.683704 5.7460837
2.6431987 12.02847 4.788403
2.2984335 11.568783 4.060566
1.8004397 10.76433 3.9839516
1.6855181 10.189722 4.673482
1.9153614 10.342951 5.707777
2.566584 11.185711 6.703765
3.4093432 12.334927 7.469909
3.9456444 13.177687 7.2783732
4.1371803 13.40753 6.5888433
4.0222588 13.215993 5.5545483
3.6391869 12.794614 4.5202527
2.9113493 11.87524 3.8307228
1.4556746 9.883265 3.6008792
0.7278373 8.6574335 3.6774938
0.11492168 7.6231384 3.9073372
-0.49799395 6.8569937 4.2137947
-0.9959879 6.2823853 4.5202527
-1.3024458 6.0525417 4.903325
-1.340753 6.3589997 5.2863975
-1.1492168 6.6654577 5.401319
-0.84275895 7.240066 5.286397
-0.6129156 7.8529816 5.133168
-0.4213795 8.312668 4.903325
-0.4213795 8.580819 4.865018
-0.49799395 8.580819 4.903325
-0.61291564 8.427589 5.0182467
-0.68953 8.274361 5.1714754
-0.842759 8.121132 5.631162
-0.91937345 8.121132 5.707777
-0.9576807 8.159439 5.707777
-0.9959879 8.197746 5.5162406
-1.0726023 8.159439 5.2097826
-1.0726023 8.159439 5.056554
-1.0726023 8.236053 5.094861
-0.9959879 8.312668 5.3630114
-0.842759 8.465897 5.7077765
-0.68953 8.542512 5.7843914
-0.57460845 8.542512 5.554548
-0.45968673 8.542512 5.1714754
-0.38307226 8.542512 4.788403
-0.38307226 8.695741 4.596867
-0.344765 8.734048 4.5202527
-0.4213795 8.734048 4.4819455
-0.53630114 8.734048 4.4436383
-0.6512228 8.580819 4.5202527
-0.84275895 8.427589 4.6351743
-0.9959879 8.350975 4.8267107
-1.1109096 8.236053 5.0948615
-1.1875241 8.121132 5.363012
-1.2258313 8.159439 5.5928555
-1.1875241 8.236053 5.66947
-1.2258313 8.350975 5.6311626
-1.340753 8.465897 5.477934

