-0.8810662 6.9719152 7.5848308
-1.0342952 7.2017584 7.73806
-1.1492169 7.546524 7.6614456
-1.1875241 7.8146744 7.4699097
-1.1109096 8.0445175 7.2400665
-0.9959879 8.197746 7.2783737
-0.7661445 8.350975 7.6614456
-0.45968673 8.619126 8.00621
-0.114921674 8.887277 8.274361
0.15322891 8.963891 8.312668
0.38307226 9.002198 8.082825
0.61291564 9.040505 7.8912888
0.8044518 9.11712 7.6614456
0.9959879 9.155427 7.4699097
1.0726024 9.11712 7.1634517
1.1875241 9.078813 6.7803793
1.2641386 9.002198 6.5122285
1.4556746 9.078813 6.3206925
1.8004397 9.193734 6.3589997
2.0685902 9.308657 6.5122285
2.336741 9.461885 6.742072
2.4133554 9.461885 6.8186865
2.2984335 9.193735 6.8569937
2.030283 8.84897 6.7803793
1.6472107 8.389283 6.5505357
1.1875241 7.967903 6.3206925
0.80445176 7.73806 6.2057705
0.5746084 7.6231384 6.3589997
0.45968673 7.699753 6.7803793
0.49799398 7.776367 7.31668
0.5746084 7.929596 7.699753
0.6512228 8.121132 7.8529816
0.8044517 8.350975 7.8529816
0.8810662 8.542511 7.699753
0.8810662 8.695741 7.431602
0.8810662 8.695741 7.086837
0.80445176 8.542512 6.62715
0.72783726 8.427589 6.244078
0.7661445 8.389282 6.1674633
0.84275895 8.389282 6.397307
0.95768064 8.427589 6.742072
1.1109097 8.504205 7.010223
1.2641385 8.542512 6.9719157
1.3407528 8.619126 6.703765
1.3790601 8.6574335 6.205771
1.340753 8.6574335 5.707777
1.2258313 8.619126 5.363012
1.2258313 8.619126 5.056554
1.3024457 8.695741 5.133168
1.532289 8.810662 5.4779334
1.8004396 8.925584 5.9376206
2.030283 9.002198 6.3206925
2.1068974 9.040505 6.3589997
2.0685902 9.040505 6.0525417
1.8770541 9.002198 5.554548
1.6472107 8.887277 5.2097826
1.4939818 8.848969 5.1714754
1.4556746 8.925584 5.554548
1.6089035 9.11712 6.014235
1.8387469 9.308657 6.2823853
2.030283 9.461885 6.397307
2.0685902 9.461885 6.129156
1.9536686 9.346964 5.7460837
1.6472108 9.232042 5.4779334
1.3024457 9.040505 5.2097826
0.99598783 8.848969 5.1714754
0.80445176 8.734048 5.324704
0.72783726 8.734048 5.5928555
0.7661445 8.848969 5.746084
0.91937345 8.925584 5.746084
1.0342951 9.078813 5.592855
1.1492168 9.155427 5.363012
1.1875241 9.155427 5.2097826
1.0726024 9.193734 5.133168
0.8810662 9.11712 5.094861
0.57460845 9.040505 5.056554
0.34476504 8.963891 5.133168
0.22984335 8.963891 5.1714754
0.2681506 9.11712 5.056554
0.45968673 9.346964 4.9799395
0.61291564 9.5385 4.7884035
0.6512228 9.653421 4.673482
0.53630114 9.5385 4.7500963
0.22984335 9.232042 4.8267107
-0.11492168 8.963891 4.903325
-0.38307226 8.772355 4.8267107
-0.45968673 8.695741 4.673482
-0.34476504 8.848969 4.367024
-0.26815057 8.963891 4.1371803
-0.19153613 9.040505 3.9839516
-0.30645782 9.040505 3.7924156
-0.4213795 9.002198 3.7541082
-0.49799395 8.963891 3.6008792
-0.61291564 8.887277 3.4859576
-0.7278373 8.848969 3.2944217
-0.9959879 8.734048 3.064578
-1.3024458 8.542512 2.9496565
-1.6089035 8.427589 3.0645783
-1.9153613 8.312668 3.4476504
-2.183512 8.159439 3.907337
-2.3750482 8.0445175 4.1754875
-2.5282772 7.967903 4.1754875
-2.5282772 7.929596 4.060566
-2.2601264 8.00621 3.7541084
-1.9536686 8.236053 3.524265
-1.6472107 8.427589 3.2561142
-1.5322891 8.465897 2.9496565
-1.7238252 8.542511 2.7964275
-1.9919758 8.504204 2.9113493
-2.2984338 8.504204 3.1411924
-2.528277 8.465897 3.4093432
-2.6431985 8.312668 3.6391864
-2.681506 8.312668 3.6391864
-2.6048915 8.274361 3.6391864
-2.4133554 8.42759 3.6008792
-2.1452048 8.695741 3.371036
-1.9153614 8.925585 3.1028852
-1.7621324 9.078814 2.7581205
-1.685518 9.155428 2.4133554
-1.685518 9.193735 2.2218192
-1.7621324 9.11712 2.183512
-1.8387469 9.002198 2.2984335
-1.9536686 8.887277 2.4899697
-2.1452045 8.734048 2.681506
-2.2984335 8.6574335 2.7581205
-2.4516625 8.619126 2.7198133
-2.4899697 8.6574335 2.7198133
-2.2984338 8.772355 2.6431987
-1.9919759 8.848969 2.7198133
-1.7238252 8.925584 2.8347347
-1.5705963 8.887277 2.7581203
-1.6472107 8.772355 2.719813
-1.8387468 8.619126 2.566584
-2.0685902 8.427589 2.413355
-2.3750482 8.274361 2.2601264
-2.6431985 8.0445175 2.183512
-2.9496565 7.8912888 2.0685902
-3.1411924 7.8529816 1.9536686
-3.2178073 7.8146744 2.030283
-3.2178073 7.8529816 2.1068974
-3.1028855 7.8146744 2.260126
-3.064578 7.73806 2.4133554
-3.064578 7.6614456 2.4133554
-3.217807 7.546524 2.4133554
-3.4093432 7.4316025 2.4516625
-3.6774938 7.2783732 2.4516625
-3.9839516 7.1634517 2.5665843
-4.2137947 7.086837 2.6431987
-4.520252 6.9719152 2.681506
-4.7500963 6.933608 2.681506
-4.865018 6.9719152 2.6431987
-4.903325 6.9719152 2.5665843
-4.7884035 7.086837 2.4899697
-4.6351748 7.240066 2.4133554
-4.4819455 7.3166804 2.3750482
-4.405331 7.393295 2.4133554
-4.4436383 7.431602 2.4133554
-4.5202527 7.3166804 2.566584
-4.596867 7.1634517 2.6815057
-4.6351743 7.086837 2.834735
-4.596867 7.0485296 2.873042
-4.4819455 7.163451 2.7581203
-4.3670235 7.3166804 2.528277
-4.1371803 7.4699097 2.183512
-3.8307226 7.6231384 1.9536686
-3.6008792 7.776367 1.685518
-3.4093432 7.8912888 1.6089036
-3.3327286 7.929596 1.6089036
-3.3327286 7.8912888 1.6472108
-3.3710358 7.776367 1.8004397
-3.409343 7.699753 1.8004397
-3.4859576 7.6231384 1.8387469
-3.562572 7.584831 1.8770541
-3.562572 7.546524 1.9153614
-3.4859576 7.469909 2.030283
-3.4093432 7.508217 1.9919758
-3.2944214 7.699753 1.8004396
-3.1794999 7.8912888 1.532289
-3.1411927 8.082825 1.37906
-3.064578 8.159439 1.3407528
-3.064578 8.00621 1.532289
-3.1794999 7.8146744 1.7621324
-3.3710358 7.6231384 1.9536685
-3.6008794 7.393295 2.1452045
-3.86903 7.2783732 2.221819
-4.0222588 7.316681 2.1452045
-3.9839516 7.354988 2.030283
-3.86903 7.546524 1.8387468
-3.6391866 7.699753 1.7238252
-3.409343 7.776367 1.7238252
-3.2944214 7.8912888 1.7238252
-3.2561142 7.967903 1.7621324
-3.3327289 8.00621 1.6089034
-3.4476504 7.929596 1.532289
-3.562572 7.8529816 1.4173675
-3.6391864 7.73806 1.4939818
-3.6774938 7.6614456 1.8004397
-3.6391866 7.6231384 2.030283
-3.6391866 7.546524 2.2984338
-3.715801 7.469909 2.4133554
-3.7541082 7.469909 2.4516625
-3.8307228 7.584831 2.3750482
-3.86903 7.73806 2.0685904
-3.8307228 7.967903 1.5705963
-3.7924156 8.0445175 0.91937345
-3.677494 8.159439 0.68953013
-3.524265 8.236053 0.8044518
-3.3327289 8.236053 1.1492169
-3.371036 8.274361 1.685518
-3.6391866 8.00621 2.030283
-4.060566 7.661445 1.9919758
-4.3287168 7.431602 1.7621324
-4.213795 7.431602 1.3024458
-3.8307228 7.8146744 0.80445176
-3.2178073 8.42759 0.4596867
-2.7964277 8.963892 0.30645782
-2.6431987 9.308657 0.30645782
-2.719813 9.2703495 0.30645782
-2.9496567 9.040506 0.5363012
-3.217807 8.6574335 0.84275895
-3.4476504 8.236053 1.3024457
-3.562572 7.929596 1.685518
-3.562572 7.699753 1.9536686
-3.562572 7.6614456 2.1068974
-3.4859576 7.73806 2.030283
-3.371036 7.929596 2.030283
-3.2944217 8.274361 1.838747
-3.1411924 8.619125 1.6472108
-3.064578 8.8489685 1.4939818
-2.9496565 9.002198 1.4173675
-2.8347347 9.040505 1.5705962
-2.7964275 8.887277 1.8004396
-2.719813 8.734048 2.2601264
-2.7581205 8.734048 2.681506
-2.9496565 8.695741 2.9113493
-3.1411927 8.734048 3.217807
-3.4476504 8.772355 3.217807
-3.715801 8.580818 3.026271
-3.86903 8.427589 2.8347347
-3.8307228 8.274361 2.6431987
-3.6008794 8.236053 2.6431987
-3.3327286 8.427589 2.7581203
-3.026271 8.734048 2.9496565
-2.873042 9.193735 3.1028855
-2.7198133 9.576807 3.371036
-2.6048913 9.921572 3.6774938
-2.6431985 9.921572 3.86903
-2.7581205 9.691729 3.9839516
-2.9879637 9.308656 4.0222588
-3.1794996 8.772355 4.060566
-3.1794996 8.580818 4.3287168
-2.9496565 8.619125 4.6351748
-2.566584 8.96389 4.711789
-2.183512 9.500193 4.6351743
-1.8770542 9.959879 4.5202527
-1.8004397 10.189722 4.3670235
-2.030283 10.113108 4.1371803
-2.4516625 9.730036 4.0222588
-2.987964 9.11712 3.7924156
-3.371036 8.580818 3.6774938
-3.4859576 8.274361 3.9839516
-3.3327286 8.350975 4.405331
-2.9879634 8.619125 4.9799395
-2.719813 9.040505 5.3630123
-2.6431985 9.193734 5.3630123
-2.7964275 9.040505 5.24809
-3.1794999 8.695741 5.094861
-3.6008794 8.082825 5.0182467
-3.9073372 7.73806 5.3247046
-4.0222588 7.584831 5.66947
-3.9073372 7.73806 6.0142345
-3.6391864 8.121132 6.3206925
-3.3710358 8.465897 6.435614
-3.217807 8.734048 6.435614
-3.1411927 8.848969 6.3589993
-3.217807 8.772355 6.320692
-3.3327289 8.619126 6.282385
-3.3327289 8.42759 6.5505357
-3.1794996 8.504205 6.7803793
-2.9113493 8.772356 7.0868373
-2.6815057 9.040506 7.393295
-2.566584 9.155428 7.508217
-2.528277 9.232042 7.73806
-2.6048915 9.11712 7.776367
-2.681506 8.887277 7.73806
-2.719813 8.772355 7.623138
-2.7581203 8.695741 7.354987
-2.719813 8.619126 7.163451
-2.719813 8.580819 7.0485296
-2.7581205 8.542512 7.163451
-2.7581205 8.42759 7.4316015
-2.7198133 8.389283 7.8912888
-2.6431985 8.42759 8.236053
-2.336741 8.389282 8.197746
-2.3750482 8.236053 7.699753
-2.528277 7.929596 7.278373
-2.873042 7.623138 7.086837
-3.4093432 7.0102224 7.2783732
-3.4093432 7.0102224 7.6231384
-3.1795 7.125144 7.8146744
-2.7964277 7.3932953 7.8146744
-2.4899697 7.6231384 7.776367
-2.2601264 7.73806 7.6614456
-2.2218192 7.699753 7.508217
-2.2984338 7.4699097 7.6231384
-2.4133554 7.2400665 7.6231384
-2.4899697 6.9719152 7.546524
-2.336741 6.895301 7.699753
-2.1068976 7.0102224 7.8146744
-1.7621324 7.240066 8.00621
-1.4556746 7.5465236 8.197746
-1.3407528 7.73806 8.0445175
-1.37906 7.776367 7.8146744
-1.6089034 7.584831 7.4699097
-1.877054 7.278373 7.2017584
-2.1452048 7.0485296 7.31668
-2.2601264 6.8186865 7.508217
-2.2218192 6.7803793 7.776367
-2.0685902 6.933608 7.929596
-1.8387469 7.0485296 7.929596
-1.6089035 7.316681 7.8146744
-1.4556746 7.508217 7.6614456
-1.493982 7.508217 7.584831
-1.6472107 7.393295 7.393295
-1.9919759 7.086837 7.163451
-2.336741 6.7420716 6.9719152
-2.6431987 6.435614 6.8569937
-2.9113493 6.129156 6.8186865
-3.064578 5.9759274 7.0102224
-3.1028852 5.93762 7.2783732
-2.9496565 5.9759274 7.5465236
-2.6048915 6.244078 7.73806
-2.030283 6.5888433 7.699753
-1.2641386 6.9719157 7.6231384
-0.34476504 7.508217 7.584831
0.61291564 8.197747 7.776367
1.3024457 8.887278 8.197746
1.4939818 9.346964 8.580818
1.0342951 9.2703495 8.69574
0.038307264 8.580818 8.504204
-1.1492168 7.5465236 7.967903
-2.2984335 6.5122285 7.3549876
-3.1028855 5.7843914 6.9719152
-3.6008794 5.439626 6.818686
-3.8307228 5.401319 6.818686
-3.8307228 5.439626 6.895301
-3.7541084 5.5928555 6.9719152
-3.5242648 5.7843914 6.9719152
-3.217807 5.9759274 7.0102224
-2.9113493 6.2440777 7.163451
-2.566584 6.5122285 7.278373
-2.336741 6.7037644 7.278373
-2.2218194 6.818686 7.3549876
-2.1452048 6.818686 7.2783732
-2.0685902 6.7420716 7.1634517
-1.9919758 6.7420716 7.240066
-1.8770542 6.780379 7.3166804
-1.8004397 6.8569937 7.278373
-1.838747 6.895301 7.316681
-1.9153614 6.8186865 7.2783737
-2.030283 6.703765 7.163451
-2.1452045 6.5505357 7.125144
-2.2601264 6.4739213 7.086837
-2.3367407 6.397307 7.086837
-2.3367407 6.397307 7.125144
-2.2218192 6.512229 7.2783732
-2.0685904 6.6271505 7.3549876
-1.8004397 6.7803793 7.508217
-1.6089035 6.933608 7.546524
-1.4939818 7.0102224 7.4699097
-1.3790601 7.0102224 7.3549876
-1.3790601 7.0102224 7.1634517
-1.340753 6.895301 7.0485296
-1.2641385 6.8569937 7.0485296
-1.1875241 6.933608 7.086837
-1.0726024 6.9719152 7.125144
-0.9193734 7.125144 7.125144
-0.7661445 7.2783732 7.125144
-0.5363012 7.431602 7.3932953
-0.30645782 7.6231384 7.546524
-0.11492168 7.8146744 7.776367
0.038307227 7.8912888 7.776367
0.11492168 7.967903 7.546524
0.15322891 8.00621 7.3166804
0.11492168 7.929596 7.2783732
0.076614454 7.8529816 7.2783732
0.0 7.508217 7.4316025
0.0 7.3166804 7.584831
0.076614454 7.2783732 7.546524
0.22984336 7.2783732 7.6614456
0.45968673 7.546524 7.546524
0.68953013 7.8146744 7.431602
0.8044517 7.8529816 7.2400656
0.84275895 7.8912888 7.0102224
0.80445176 7.699753 7.0485296
0.88106626 7.6231384 7.125144
1.0342952 7.6614456 7.3166804
1.1875241 7.73806 7.2783732
1.2641385 7.8146744 7.3549876
1.2641385 7.8529816 7.3549876
1.187524 7.8912888 7.2400656
1.1109096 7.776367 7.163451
0.9959879 7.6614456 7.0485296
0.8044517 7.393295 7.0485296
0.7278373 7.3549876 7.3549876
0.7661445 7.3932953 7.584831
0.8810662 7.4699097 7.8912888
1.0726024 7.6231384 7.929596
1.2258313 7.776367 7.73806
1.3790601 7.8912888 7.546524
1.4556746 7.967903 7.2783732
1.4556746 7.8912888 7.201759
1.4173673 7.776367 7.1634517
1.3024458 7.584831 7.2783737
1.3024458 7.469909 7.508217
1.4173675 7.5465236 7.6231384
1.6089035 7.6231384 7.73806
1.8387469 7.73806 7.699753
1.9153614 7.8529816 7.4699097
1.8770542 7.8912888 7.201759
1.7621324 7.8912888 6.9336076
1.6472108 7.929596 6.818686
1.6089036 7.929596 6.933608
1.685518 8.00621 7.201759
1.8387469 8.197746 7.3549876
2.0685904 8.312668 7.393295
2.2601266 8.465898 7.2783732
2.3750482 8.580819 7.0485296
2.4516625 8.504204 6.7803793
2.3750482 8.542511 6.5888433
2.2601266 8.504204 6.3589993
2.1452048 8.427589 6.282385
2.030283 8.504205 6.588843
2.030283 8.465898 6.780379
2.0685902 8.504205 6.9719152
2.1452045 8.580819 6.9719152
2.2218192 8.619126 6.7037644
2.2601264 8.695741 6.397307
2.2601264 8.772355 6.2440777
2.2601264 8.772355 6.3973064
2.2601264 8.734048 6.512229
2.2218192 8.6574335 6.703765
2.1452048 8.504205 6.8569937
1.9536686 8.389282 6.7420716
1.7238252 8.312668 6.6654572
1.5705963 8.236053 6.6654572
1.4556746 8.236053 6.5505357
1.340753 8.159439 6.4739213
1.2258313 8.121132 6.5122285
1.0726024 8.121132 6.4739213
0.9959879 8.121132 6.4739213
1.0726024 8.274361 6.205771
1.1875241 8.389282 5.7843914
1.3024458 8.465898 5.439626
1.2258313 8.465898 5.209783
1.0726023 8.42759 5.209783
0.8810662 8.350975 5.4396267
0.6895301 8.350975 5.746084
0.6512228 8.427589 5.861006
0.61291564 8.427589 5.899313
0.61291564 8.427589 5.746084
0.57460845 8.389282 5.439626
0.5363012 8.350975 5.2863975
0.45968676 8.312668 5.2863975
0.22984336 8.197746 5.2480903
-0.038307227 8.121132 5.2863975
-0.30645782 7.967903 5.3247046
-0.42137948 7.929596 5.2863975
-0.42137948 8.0445175 5.3247046
-0.30645782 8.159439 5.2863975
-0.30645782 8.236053 5.171476
-0.45968673 8.197746 5.094861
-0.61291564 8.197746 5.056554
-0.6895301 8.274361 5.1714754
-0.61291564 8.427589 5.286397
-0.4213795 8.619125 5.4779334
-0.22984336 8.772355 5.516241
-0.11492168 8.810662 5.363012
-0.038307227 8.925584 5.2097826
-0.038307227 9.078814 4.865018
-0.11492168 9.193735 4.55856
-0.15322891 9.193735 4.367024
-0.19153613 9.155428 4.290409
-0.22984335 9.002198 4.443638
-0.15322891 8.925584 4.673482
-0.15322891 8.925584 4.7884035
-0.15322891 8.848969 4.8267107
-0.11492168 8.848969 4.711789
-0.11492168 8.810662 4.4436383
-0.076614454 8.887277 4.213795
-0.076614454 8.887277 3.86903
-0.11492168 8.848969 3.6391869
-0.15322891 8.810662 3.562572
-0.22984335 8.734048 3.4859576
-0.2681506 8.734048 3.6008792
-0.30645782 8.810662 3.562572
-0.30645782 8.810662 3.6008792
-0.30645782 8.734048 3.6391869
-0.26815057 8.772355 3.4476504
-0.26815057 8.772355 3.2944214
-0.26815057 8.810662 3.026271
-0.22984336 8.925584 2.834735
-0.30645782 8.887277 2.7581205
-0.38307226 8.887277 2.873042
-0.49799395 8.810662 3.1028852
-0.6512228 8.734048 3.1028852
-0.8044517 8.734048 3.1028852
-0.95768064 8.6574335 2.9113493
-1.0342951 8.695741 2.6815062
-1.1109097 8.734048 2.566584
-1.0726024 8.772355 2.528277
-0.99598795 8.887277 2.528277
-0.91937345 8.963891 2.6048913
-0.80445176 9.040505 2.566584
-0.7661445 9.11712 2.4133554
-0.7661445 9.155427 2.2984335
-0.91937345 9.11712 2.0685902
-1.187524 8.963891 2.030283
-1.4556746 8.810662 1.9919758
-1.7238252 8.6574335 1.9919758
-1.8770541 8.619126 1.9153614
-1.9153614 8.6574335 1.7621324
-1.9536686 8.695741 1.8004396
-2.030283 8.734048 1.7238252
-2.1068974 8.695741 1.7238252
-2.2218192 8.734048 1.7621324
-2.2984335 8.734048 1.685518
-2.2984335 8.810662 1.8004396
-2.3367407 8.848969 1.9536686
-2.3367407 8.848969 2.0685902
-2.3367407 8.848969 2.183512
-2.3367407 8.695741 2.1452048
-2.2601264 8.6574335 2.030283
-2.2218192 8.619126 1.8387469
-2.183512 8.6574335 1.532289
-2.1068976 8.772355 1.3790601
-1.9919758 8.848969 1.2641385
-1.8770542 8.925584 1.2258313
-1.7238252 8.963891 1.2641385
-1.685518 9.002198 1.2258313
-1.8004397 9.040505 1.1875241
-1.9536686 8.887277 1.2641385
-2.1452048 8.695741 1.4173675
-2.2601264 8.504204 1.4556746
-2.2601264 8.350975 1.493982
-2.1452045 8.427589 1.3790601
-1.9919758 8.619126 1.1875241
-1.8004397 8.810662 1.0342951
-1.6089035 9.002198 0.7278373
-1.4556745 9.11712 0.53630114
-1.3407528 9.193734 0.38307226
-1.3407528 9.2703495 0.30645782
-1.3407528 9.193735 0.4596867
-1.4556745 9.117121 0.5746084
-1.532289 9.002199 0.6895301
-1.5705962 8.848969 0.6512228
-1.685518 8.772355 0.53630114
-1.6472108 8.734048 0.4213795
-1.6472108 8.734048 0.19153613
-1.6089035 8.848969 0.038307227
-1.4556745 9.002198 -0.11492168
-1.3790601 9.078813 -0.19153613
-1.3790601 9.002198 -0.15322891
-1.4173675 8.848969 -0.038307227
-1.5705962 8.695741 0.038307227
-1.8004396 8.580819 0.038307227
-1.9919758 8.504205 0.076614454
-2.1452045 8.465898 0.038307227
-2.1835117 8.465898 0.19153613
-2.1452045 8.42759 0.38307226
-1.9919758 8.542512 0.53630114
-1.7621325 8.6574335 0.7661445
-1.6472107 8.848969 0.80445176
-1.5705963 9.040505 0.6895301
-1.6089035 9.078813 0.53630114
-1.7238252 9.11712 0.26815057
-1.8004397 9.002198 0.11492168
-1.8387469 8.925584 0.22984335
-1.8004397 9.040505 0.38307226
-1.8004397 9.117121 0.6512228
-1.7621324 9.193735 0.8810662
-1.685518 9.2703495 0.9576807
-1.685518 9.232042 1.0726024
-1.685518 9.078813 1.1109096
-1.7238252 8.925584 1.0726024
-1.8770542 8.848969 0.9576807
-1.9919758 8.6574335 0.8044517
-2.030283 8.619126 0.68953
-2.1068976 8.542511 0.68953
-2.1068976 8.389282 0.8044517
-2.1452048 8.312668 0.842759
-2.2218192 8.274361 0.9959879
-2.2984335 8.274361 0.9959879
-2.4516623 8.236053 0.8810662
-2.6048913 8.274361 0.80445176
-2.719813 8.121132 0.61291564
-2.719813 8.0445175 0.61291564
-2.6431987 8.0445175 0.6512229
-2.4899697 8.082825 0.7278373
-2.2984335 8.197746 0.7278373
-2.2218192 8.274361 0.4213795
-2.183512 8.427589 0.19153613
-2.2218192 8.465897 0.076614454
-2.336741 8.465897 0.19153613
-2.4133554 8.465897 0.61291564
-2.4899697 8.274361 1.0726023
-2.6048913 8.121132 1.4556746
-2.834735 8.00621 1.532289
-3.141193 7.8146744 1.4556746
-3.4093432 7.776367 1.2641385
-3.562572 7.776367 0.9959879
-3.5242648 7.8146744 0.842759
-3.3327286 7.967903 0.7278373
-3.0262709 8.0445175 0.7661445
-2.719813 8.121132 1.0342951
-2.5665843 8.274361 1.3790601
-2.4899697 8.389282 1.6089035
-2.6431987 8.504205 1.8004397
-2.873042 8.504205 1.7238252
-3.0262709 8.427589 1.6472108
-3.1028852 8.389282 1.685518
-3.0262709 8.274361 1.7238252
-2.9113493 8.236053 1.8004396
-2.7964277 8.159439 1.8004396
-2.834735 8.121132 1.5705962
-2.873042 8.197746 1.1492169
-2.7964275 8.389282 0.6895301
-2.6815057 8.580818 0.344765
-2.4133554 8.6574335 0.49799395
-2.2218192 8.695741 0.99598783
-2.2218192 8.504205 1.7238252
-2.2984335 8.350975 2.2984335
-2.566584 8.274361 2.4516625
-2.8347347 8.159439 2.2218192
-3.0645783 8.082825 1.8770542
-3.2944217 8.00621 1.7238252
-3.4093432 7.8529816 1.8770541
-3.4476504 7.776367 2.2984338
-3.3327289 7.8146744 2.681506
-3.064578 8.00621 3.1028855
-2.6048913 8.42759 3.4476504
-2.183512 8.810662 3.715801
-1.9536686 9.155428 3.86903
-1.9536686 9.308657 3.9456444
-2.1452045 9.193735 4.0222588
-2.3750482 9.002198 4.175488
-2.4516625 8.810662 4.5585604
-2.3367407 8.695741 4.8650184
-2.183512 8.810662 5.0948615
-1.9919758 9.040505 5.171476
-2.030283 9.346964 4.9799395
-2.1068974 9.5385 4.788403
-2.183512 9.5385 4.7117887
-2.2601264 9.5385 4.750096
-2.1452048 9.461885 5.0182467
-2.1068976 9.461885 5.439626
-2.1452048 9.423578 5.8226986
-2.2601264 9.385271 6.1674633
-2.4516625 9.2703495 6.205771
-2.7581205 9.078813 5.93762
-3.064578 8.810662 5.6311626
-3.2561145 8.504204 5.4013195
-3.371036 8.236053 5.516241
-3.1794999 8.159439 5.9759274
-2.719813 8.350975 6.550536
-2.0302832 8.772355 7.086837
-1.3407531 9.346964 7.3932953
-0.842759 9.653421 7.4316025
-0.7661445 9.691729 7.0485296
-1.2641385 9.270349 6.473922
-1.9153613 8.504204 6.2440777
-2.3750482 7.967903 6.5888433
-2.4133554 7.8146744 7.163451
-1.9536685 8.0445175 7.699753
-1.3024457 8.619126 7.6614456
-0.8810662 9.040505 7.086837
-0.8810662 9.040505 6.5505357
-1.2258313 8.734048 6.2057705
-1.7621324 8.159439 6.282385
-2.1452048 7.699753 6.6654572
-2.030283 7.699753 7.2017584
-1.6089036 8.0445175 7.661445
-0.9959879 8.542512 7.8529816
-0.5363012 8.963891 7.8146744
-0.45968673 9.078813 7.546524
-0.6512229 8.887277 7.3549876
-1.0726024 8.465898 7.546524
-1.3790603 8.082825 7.967903
-1.4939818 7.776367 8.542512
-1.340753 7.6614456 9.040505
-0.91937345 7.8529816 9.423578
-0.45968673 8.082825 9.423578
-0.15322891 8.274361 9.078813
-0.076614454 8.274361 8.734048
-0.19153613 8.082825 8.350975
-0.4213795 7.8146744 8.121132
-0.5746084 7.508217 8.274361
-0.61291564 7.3166804 8.542511
-0.5363012 7.2783732 8.734048
-0.3830723 7.2783732 8.772355
-0.22984335 7.3549876 8.657433
-0.15322891 7.3549876 8.465897
-0.19153613 7.2783732 8.350975
-0.30645782 7.125144 8.236053
-0.45968673 6.895301 8.274361
-0.6512228 6.8186865 8.236053
-0.7278373 6.7803793 8.121132
-0.842759 6.7803793 8.082825
-1.0342951 6.703765 7.929596
-1.1492168 6.550536 7.8912888
-1.3790601 6.320693 7.8529816
-1.4939818 6.1291566 7.73806
-1.4939818 6.0142345 7.699753
-1.4939818 6.0142345 7.584831
-1.4173673 6.0525417 7.4699097
-1.3407528 6.0525417 7.4699097
-1.0726023 6.129156 7.3549876
-0.5746084 6.2057705 7.4316025
0.344765 6.5122285 7.6614456
1.6089035 7.278373 8.00621
2.6048915 8.389283 8.465897
3.2944214 9.461885 8.810662

