-1.3790601 8.580819 5.363012
-1.4556746 8.695741 5.363012
-1.4556746 8.350975 5.477933
-1.8004396 8.350975 5.554548
-2.0685902 8.6574335 5.401319
-2.566584 8.6574335 5.5162406
-3.026271 8.734048 5.4779334
-3.2561145 8.465897 5.784391
-3.4093432 8.274361 6.1674633
-3.4476504 8.236053 6.4739213
-3.4093432 8.312668 6.6654572
-3.371036 8.350975 6.5122285
-3.3327289 8.350975 6.129156
-3.4093432 8.274361 5.7077765
-3.562572 8.0445175 5.4779334
-3.7541082 7.929596 5.401319
-3.9839516 7.8912888 5.592855
-4.1371803 7.8912888 5.8226986
-4.2521024 8.0445175 5.861006
-4.2521024 8.274361 5.746084
-4.1371803 8.695741 5.1714754
-4.0222588 8.810662 5.0182467
-3.86903 8.810662 5.0948615
-3.4476504 8.887277 5.363012
-2.9113493 9.346964 5.5162406
-2.6048913 9.730036 5.5162406
-2.2984335 9.921572 5.5928555
-1.9153614 10.189722 5.9759274
-1.8004397 10.151415 6.3206925
-1.8004397 10.189722 6.62715
-1.8004397 10.342951 6.933608
-1.7238252 10.457873 7.1634517
-1.6089035 10.6877165 7.3166804
-1.4939818 10.879252 7.3166804
-1.3024457 10.955867 7.2400656
-0.9959879 11.224018 7.086837
-0.7661446 11.33894 7.2017584
-0.57460845 11.530476 7.2017584
-0.30645785 11.683704 7.2017584
-0.11492168 11.798626 6.895301
0.0 11.798626 6.3973074
0.038307227 11.645397 6.0525417
-0.15322891 11.032482 5.6311626
-0.19153613 10.726024 5.8226986
0.038307227 10.572795 6.2057705
0.45968673 10.955867 6.2057705
0.842759 11.224018 5.861006
1.0726024 11.224018 5.4779334
0.9959879 10.917561 4.9799395
0.6512228 10.304644 4.6351748
0.26815057 9.730036 4.673482
0.0 9.385271 4.7500963
-0.076614454 9.2703495 4.9416323
-0.076614454 9.232042 5.094861
0.038307227 9.385271 5.056554
0.22984336 9.461885 4.7884035
0.34476504 9.461885 4.55856
0.5746084 9.232042 4.2521024
0.5746084 9.155428 4.405331
0.6895301 9.193735 4.5585604
0.7661445 9.155428 4.5968676
0.8044518 9.117121 4.481945
0.7661446 8.963892 4.3287163
0.57460845 8.6574335 3.9839516
0.30645782 8.350975 3.6774936
0.038307227 8.00621 3.5242648
-0.22984338 7.6614456 3.2944217
-0.3830723 7.354988 3.2561145
-0.45968673 7.278373 3.1795
-0.4213795 7.278373 3.1411924
-0.2681506 7.3932953 3.1028852
-0.11492168 7.584831 2.9879637
0.076614454 7.8146744 3.0645783
0.15322891 7.967903 2.9496565
0.15322891 8.00621 2.8347347
0.038307227 7.8529816 2.566584
-0.22984336 7.546524 2.2601264
-0.4596867 7.1634517 2.030283
-0.6129156 6.8569937 1.9919758
-0.68953 6.7037644 2.030283
-0.6512228 6.6654572 2.0685902
-0.49799395 6.856993 2.2984335
-0.26815057 7.2400656 2.336741
0.038307235 7.661445 2.336741
0.2681506 8.00621 2.1068974
0.30645782 8.0445175 1.685518
0.11492168 7.73806 1.3024458
-0.19153613 7.3166804 1.0726024
-0.45968673 6.856993 1.0342952
-0.842759 6.5505357 1.1109096
-0.8810662 6.703765 1.1492169
-0.8810662 6.9719152 1.2641385
-0.7661445 7.2783732 1.4556746
-0.80445176 7.508217 1.4556746
-0.91937345 7.508217 1.2641385
-1.1109095 7.4316025 0.8810662
-1.3407528 7.201759 0.45968673
-1.5705962 6.9719152 0.15322891
-1.6472108 6.9719152 0.61291564
-1.7621324 7.125144 1.0726024
-1.9536686 7.469909 1.7238252
-1.9919758 7.6614456 1.8387469
-1.9919758 7.73806 1.6089035
-2.030283 7.8146744 1.3024457
-2.030283 7.699753 0.95768064
-2.183512 7.469909 0.30645782
-2.2601264 7.393295 0.15322891
-2.2601264 7.431602 0.19153613
-2.2601264 7.469909 0.45968673
-2.183512 7.393295 0.7661446
-2.1452048 7.3166804 1.1492169
-2.2218192 7.240066 1.4173675
-2.3367407 7.201759 1.4939818
-2.566584 7.201759 1.4173675
-2.7581203 7.163451 1.1492168
-2.873042 7.086837 0.8810662
-2.9113493 6.9719152 0.68953013
-2.7964277 6.895301 0.7278373
-2.6815062 6.933608 1.0726024
-2.566584 7.086837 1.4939818
-2.528277 7.316681 1.9536686
-2.6048913 7.6614456 2.183512
-2.7964275 7.8529816 2.1068976
-3.0262709 7.8912888 1.838747
-3.1794999 7.8146744 1.3790603
-3.2561142 7.584831 1.0342951
-3.2561142 7.316681 0.7278373
-3.1411924 7.125144 0.7278373
-3.0262709 7.086837 0.9193734
-2.873042 7.278373 1.2258313
-2.7581205 7.73806 1.6089035
-2.7581205 8.236053 1.9153613
-2.7964277 8.695741 2.0685902
-2.873042 8.963891 2.1452048
-2.9113493 8.772355 2.030283
-2.873042 8.427589 1.7621325
-2.7964275 8.00621 1.6472107
-2.6431987 7.73806 1.5705963
-2.4516625 8.082825 1.685518
-2.6431985 8.389282 1.5705963
-2.9879637 8.504205 1.3790601
-3.371036 8.504205 1.1492168
-3.6774938 8.427589 1.1109096
-3.5625722 8.465897 1.4556745
-3.2561145 8.619125 1.9919757
-2.528277 9.232041 2.873042
-2.4516625 9.576806 2.9879637
-2.566584 9.959879 3.0645783
-2.7581203 10.189722 3.2561145
-2.9113493 10.228029 3.7924156
-2.8730419 10.189722 4.2521024
-2.7964275 10.113108 4.4819455
-2.681506 10.304644 4.367024
-2.873042 10.266336 4.290409
-3.0645783 10.151415 4.443638
-3.1794999 10.036493 4.903325
-3.1028855 9.998186 5.631162
-2.7964277 10.113108 6.1291566
-2.4516625 10.419565 6.205771
-2.2218192 10.611102 5.861006
-2.2601264 10.649409 5.133168
-2.528277 10.457873 4.367024
-2.873042 9.883265 3.9456444
-3.1795 9.346963 3.7924154
-3.4093432 8.772355 4.098873
-3.562572 8.389282 4.673482
-3.562572 8.274361 5.3247046
-3.562572 8.236053 5.899313
-3.4476504 8.389282 6.1674633
-3.2561145 8.6574335 6.090849
-3.0262709 9.040505 5.8226986
-2.6048913 9.500193 5.477934
-2.2218192 9.959879 5.2097826
-1.8770542 10.304644 5.0182467
-1.7621324 10.342951 4.9416323
-1.7621324 10.266336 5.056554
-1.7621324 9.959879 5.171476
-1.8004397 9.691729 5.5162406
-1.6472108 9.615114 5.899313
-1.3790603 9.615114 6.2440777
-1.0726023 9.883265 6.5888433
-0.6895301 10.151415 6.6654577
-0.34476504 10.342951 6.6271505
-0.22984336 10.419565 6.3589997
-0.19153613 10.419565 6.090849
-0.22984336 10.381258 6.0525417
-0.26815057 10.381258 6.090849
-0.15322891 10.496181 6.2057705
0.038307227 10.611102 6.129156
0.2681506 10.764331 5.861006
0.4213795 10.840945 5.477934
0.4213795 10.687716 5.209783
0.30645782 10.419565 5.056554
0.076614454 9.959879 5.1714754
-0.11492168 9.500193 5.516241
-0.22984336 9.078813 5.93762
-0.26815057 8.772355 6.5888433
-0.15322891 8.619126 6.9719152
0.0 8.619126 7.125145
0.22984336 8.84897 6.9719157
0.42137948 9.078814 6.397307
0.53630114 9.2703495 5.822698
0.61291564 9.308657 5.286397
0.49799395 9.155427 5.056554
0.38307226 8.887277 5.056554
0.30645782 8.619125 5.2480903
0.19153613 8.312668 5.66947
0.22984336 8.236053 5.7843914
0.26815057 8.42759 5.9759274
0.38307226 8.810662 5.861006
0.49799395 9.155428 5.861006
0.6512228 9.346964 5.707777
0.6512228 9.346964 5.4779334
0.49799395 9.040505 5.439626
0.30645782 8.810662 5.5928555
0.076614454 8.504204 5.707777
-0.30645782 7.8912888 6.1674633
-0.42137948 7.6231384 6.2440777
-0.49799398 7.508217 6.397307
-0.49799398 7.546524 6.2823853
-0.4213795 7.6614456 6.1291566
-0.344765 7.8529816 5.8226986
-0.19153613 7.967903 5.4779334
-0.11492168 8.159439 5.1714754
-0.038307227 8.236053 4.9416323
0.0 8.389282 4.9799395
-0.076614454 8.542512 5.133168
-0.22984336 8.504205 5.477934
-0.5363012 8.465898 5.707777
-1.2641385 8.274361 5.9759274
-1.6089034 8.159439 6.0142345
-1.7621324 8.159439 6.129156
-1.8770542 8.082825 6.1674633
-1.9153614 8.0445175 6.282385

