-2.183512 7.278373 6.933608
-2.987964 6.5122285 7.125144
-3.7158012 6.0142345 7.2400656
-4.2521024 5.7843914 7.31668
-4.865018 5.707777 7.393295
-4.9416323 6.0525417 7.431602
-4.8267107 6.5122285 7.3549876
-4.6351748 7.086837 7.201759
-4.405331 7.5848308 7.1634517
-4.2137947 7.8529816 7.1634517
-4.1371803 7.967903 7.2783737
-4.060566 8.00621 7.4699097
-4.0222588 7.8912888 7.4699097
-4.098873 7.699753 7.3932953
-4.1754875 7.393295 7.201759
-4.367024 6.933608 6.933608
-4.5968676 6.4739213 6.7420716
-4.711789 6.167464 6.62715
-4.7884035 6.0525417 6.62715
-4.7884035 6.205771 6.7803793
-4.673482 6.6271505 6.9719157
-4.5585604 7.163451 7.0868373
-4.405331 7.6614456 7.0868373
-4.2137947 8.082825 6.9719152
-4.098873 8.312668 6.933608
-4.060566 8.350975 6.9719152
-4.060566 8.389282 7.125144
-4.1371803 8.350975 7.2400656
-4.1371803 8.312668 7.393295
-4.098873 8.312668 7.508217
-4.0222588 8.312668 7.699753
-3.86903 8.427589 7.967903
-3.7924156 8.465897 8.0445175
-3.6391866 8.619126 8.121132
-3.4476504 8.810662 7.967903
-3.3327286 9.002198 8.00621
-3.2561142 9.193734 8.00621
-3.1411927 9.346963 7.8912888
-2.9496565 9.461885 7.699753
-2.873042 9.346964 7.546524
-2.8347347 9.117121 7.6614456
-2.7964275 9.002198 7.776367
-2.719813 8.925584 7.8529816
-2.528277 9.040505 7.8912888
-2.2218192 9.2703495 7.6231384
-1.8770541 9.615114 7.2783732
-1.5705963 9.998186 6.9336076
-1.340753 10.266336 6.435614
-1.1492169 10.49618 6.0142345
-1.0726024 10.534488 5.66947
-1.1109096 10.381259 5.477934
-1.2258313 9.998187 5.4396267
-1.4556746 9.5385 5.516241
-1.6472108 9.11712 5.746084
-1.7238252 8.925584 5.8226986
-1.7238252 9.040505 5.899313
-1.6089035 9.11712 6.0525417
-1.4173673 9.308657 6.090849
-1.2258313 9.423578 6.2057705
-1.0726024 9.461885 6.2440777
-0.9959879 9.5385 6.2057705
-0.9959879 9.461885 6.090849
-1.0726024 9.346964 5.899313
-1.0726024 9.193734 5.7843914
-0.9959879 9.078813 5.746084
-0.8810662 9.078813 5.6311626
-0.68953 9.155427 5.5928555
-0.57460845 9.270349 5.5162406
-0.49799395 9.308656 5.171476
-0.4213795 9.270349 5.0182467
-0.38307226 9.193734 4.8267107
-0.22984336 9.002198 4.7500963
-0.076614454 9.040505 4.7500963
0.11492168 9.155427 4.711789
0.26815057 9.346963 4.4436383
0.4213795 9.346963 4.098873
0.45968673 9.193734 3.3710358
0.45968673 8.925584 3.1028855
0.3830723 8.772355 2.9113493
0.30645782 8.542512 2.834735
0.22984335 8.197746 2.9113493
0.11492168 8.0445175 2.9879637
0.038307227 7.8529816 2.9496565
-0.15322891 7.6231384 2.4899697
-0.26815057 7.4699097 2.1452045
-0.34476504 7.393295 1.8387469
-0.38307226 7.393295 1.6089035
-0.4213795 7.4699097 1.4556746
-0.45968676 7.508217 1.3024457
-0.5363012 7.6231384 1.0726023
-0.6895301 7.6614456 0.7661445
-0.91937345 7.699753 0.4213795
-1.0342951 7.6614456 0.4596867
-1.1492169 7.6614456 0.8044518
-1.2641385 7.73806 1.2258313
-1.4173675 7.73806 1.1875241
-1.6472108 7.6231384 1.1875241
-1.9153614 7.546524 1.2258313
-2.030283 7.508217 1.3024457
-2.1068974 7.546524 1.187524
-2.2601264 7.584831 1.0726024
-2.3750482 7.699753 0.8810662
-2.4133554 7.8529816 0.6895301
-2.4516625 8.00621 0.6129156
-2.4133554 8.121132 0.5746084
-2.2984338 8.159439 0.6895301
-2.2601264 8.197746 0.91937345
-2.2601264 8.082825 0.9959879
-2.3367407 7.929596 1.0342951
-2.4899697 7.6614456 0.842759
-2.6048915 7.4316025 0.61291564
-2.6431987 7.316681 0.5746084
-2.6048915 7.240066 0.4213795
-2.566584 7.240066 0.4213795
-2.4516625 7.2783732 0.38307226
-2.3750482 7.2783732 0.30645782
-2.3367407 7.354988 0.34476504
-2.2218192 7.4699097 0.22984335
-2.1452045 7.584831 0.26815057
-2.1068974 7.73806 0.19153613
-2.1068974 7.776367 0.0
-2.183512 7.776367 -0.076614454
-2.2218192 7.776367 -0.19153613
-2.2218192 7.699753 -0.11492168
-2.183512 7.584831 0.07661445
-2.183512 7.5465236 0.19153613
-2.2984338 7.431602 0.22984335
-2.3750482 7.431602 0.22984335
-2.4516625 7.508217 0.19153613
-2.4133554 7.6231384 0.22984336
-2.2218192 7.73806 0.30645782
-2.183512 7.8146744 0.38307226
-2.183512 7.8529816 0.38307226
-2.2984338 7.8146744 0.30645782
-2.5282772 7.8529816 0.22984336
-2.6431987 7.967903 0.0
-2.719813 8.159439 -0.19153613
-2.7581203 8.504204 -0.076614454
-2.7581203 8.6574335 0.076614454
-2.7581203 8.580818 0.4213795
-2.7964275 8.504204 0.6895301
-2.8730419 8.350975 0.8810662
-2.9879637 8.121132 1.0342951
-3.064578 8.082825 1.0342951
-3.1411924 8.0445175 0.842759
-3.1794996 8.159439 0.7661445
-3.1028852 8.312668 0.80445176
-2.9496565 8.504205 0.88106626
-2.6431987 8.772355 1.0726024
-2.3750482 8.963891 1.1109096
-2.183512 9.11712 0.9959879
-2.1452048 9.11712 0.842759
-2.4899697 8.963891 0.61291564
-2.681506 8.810662 0.7278373
-2.834735 8.695741 0.88106626
-2.834735 8.542512 1.1109097
-2.834735 8.465898 1.2641386
-2.834735 8.465898 1.4939818
-2.7964277 8.580819 1.6472108
-2.834735 8.6574335 1.685518
-2.9113493 8.734048 1.7238252
-3.0262709 8.734048 1.532289
-3.1794999 8.580818 1.3024457
-3.2944214 8.427589 1.1875241
-3.3327286 8.236053 1.1875241
-3.217807 8.00621 1.2641385
-3.1411927 7.967903 1.5705963
-3.1794999 7.967903 1.8387469
-3.3327289 7.929596 2.030283
-3.5242648 7.967903 2.1452045
-3.6774938 7.8912888 2.1068974
-3.6391866 7.8529816 1.9919758
-3.5242648 7.8912888 1.9153614
-3.371036 7.929596 1.8770542
-3.4093432 7.967903 1.8387469
-3.7924154 8.121132 1.9153614
-4.060566 8.274361 2.183512
-4.1371803 8.427589 2.566584
-4.098873 8.619126 2.9879637
-3.9456444 8.772355 3.4476504
-3.7541084 8.925584 3.6008794
-3.6008792 9.040505 3.6774938
-3.4859576 9.002198 3.715801
-3.3710358 9.078813 3.7541082
-3.2561142 9.11712 3.86903
-2.9879637 9.270349 3.9456444
-2.681506 9.5385 3.9456444
-2.4516625 9.80665 3.8307228
-2.2984335 9.959879 3.562572
-2.3367407 9.883265 3.2561145
-2.4133554 9.615114 3.0262709
-2.5282772 9.270349 3.1411927
-2.5665843 9.078813 3.6774938
-2.4516628 9.040505 4.4819455
-2.2218194 9.155427 5.286397
-1.991976 9.346964 5.7460837
-1.7621324 9.500193 5.93762
-1.532289 9.691729 5.861006
-1.3790603 9.883265 5.6311626
-1.1875241 9.998186 5.477934
-0.9193735 10.0748005 5.2480903
-0.6895301 10.036493 4.9416327
-0.49799395 9.959879 4.7884035
-0.38307226 9.883265 4.7884035
-0.49799395 9.691729 4.9416323
-0.6895301 9.576807 5.363012
-0.91937345 9.346964 5.746084
-1.1492168 9.155427 6.0525417
-1.1492168 9.11712 6.282385
-1.0726024 9.11712 6.2440777
-0.9959879 9.193734 5.975927
-0.9576807 9.155427 5.6694694
-1.1109096 9.11712 5.401319
-1.2641385 9.002198 5.401319
-1.3024457 8.887277 5.822699
-1.0342951 8.925584 6.3973074
-0.7278373 9.346964 6.3973064
-0.5746084 9.653421 6.4356136
-0.4213795 9.883265 7.0102224
-0.34476504 9.959879 7.2017584
-0.34476504 9.921572 7.086837
-0.30645782 9.883265 7.0102224
-0.3830723 9.844957 6.8186865
-0.49799395 9.768343 6.8186865
-0.53630114 9.80665 7.1251445
-0.57460845 9.844957 7.3166804
-0.49799395 9.844957 7.546524
-0.30645782 9.883265 7.4316025
-0.11492168 9.998186 7.1251445
0.038307227 10.189722 6.6654572
0.19153613 10.304644 6.2823853
0.19153613 10.496181 6.129156
0.19153613 10.496181 6.129156
0.076614454 10.304645 6.5122285
-0.038307227 9.959879 6.62715
-0.19153613 9.615114 6.588843
-0.34476504 9.232042 6.4356136
-0.5746084 9.002198 6.282385
-0.6129156 8.925585 6.1674633
-0.4596867 9.078814 6.3589997
-0.22984336 9.346964 6.588843
0.038307227 9.576807 6.5505357
0.19153613 9.691729 6.3589997
0.26815057 9.653421 5.93762
0.34476507 9.5385 5.363012
0.26815057 9.346964 5.056554
0.114921674 9.002198 4.903325
-0.11492168 8.580819 4.7884035
-0.45968676 8.159439 4.9799395
-0.80445176 7.6614456 5.2097826
-1.0726024 7.201759 5.439626
-1.3024457 6.9336076 5.7843914
-1.4173673 6.6654572 5.861006
-1.4556746 6.62715 5.899313
-1.3790601 6.7803793 5.746084
-1.1492168 7.086837 5.516241
-0.842759 7.4316025 5.3247046
-0.49799395 7.8529816 5.171476
-0.19153613 8.197746 5.094861
-0.038307227 8.389282 5.1714754
0.0 8.504205 5.24809
-0.076614454 8.465898 5.3630114
-0.22984336 8.350975 5.439626
-0.34476504 8.197746 5.439626
-0.4213795 8.121132 5.5162406
-0.49799395 8.0445175 5.554548
-0.49799395 8.00621 5.592855
-0.49799395 8.00621 5.6311626
-0.49799395 8.082825 5.5545483
-0.5746084 8.197746 5.5928555
-0.6512228 8.274361 5.6311626
-0.80445176 8.350975 5.707777
-0.9959879 8.350975 5.746084
-1.2641385 8.312668 5.707777
-1.685518 8.121132 5.6311626
-2.1068974 7.929596 5.7843914
-2.528277 7.584831 6.052542
-2.8730419 7.2783737 6.512229
-2.8730419 7.2400656 6.933608

