-2.6431987 7.354988 7.201759
-2.1452048 7.699753 7.240066
-1.4939818 8.082825 7.086837
-2.2218192 7.0102224 6.933608
-2.6431985 7.278373 6.780379
-3.1028852 7.469909 7.0102224
-3.6008792 7.5848308 7.125144
-4.0222588 7.8912888 7.240066
-3.9073372 7.8146744 7.431602
-3.9073372 7.8146744 7.125144
-4.060566 7.8529816 6.588843
-4.3287168 7.776367 5.93762
-4.673482 7.699753 5.401319
-4.903325 7.546524 5.4779334
-5.0182467 7.354988 5.9759274
-5.0182467 7.2783732 6.8569937
-4.865018 7.3166804 7.8912888
-4.596867 7.6231384 8.734048
-4.098873 8.159439 9.385271
-3.5242648 8.6574335 9.576807
-3.0262709 9.155428 9.2703495
-2.6431985 9.500193 8.810662
-2.528277 9.653421 8.350975
-2.4516625 9.730036 8.121132
-2.336741 9.730036 8.082825
-2.183512 9.691729 8.082825
-1.9919758 9.730036 8.082825
-1.8770542 9.768343 8.236053
-1.8387469 9.730036 8.619125
-1.7621324 9.691729 9.232041
-1.6089035 9.653421 9.844957
-1.3790601 9.576807 10.22803
-1.1492169 9.5385 10.22803
-0.9576807 9.5385 9.959879
-0.842759 9.385271 9.500193
-0.80445176 9.2703495 8.734048
-0.72783726 9.232042 8.159439
-0.5746084 9.193735 7.6231384
-0.38307226 9.346964 7.240066
-0.19153613 9.461885 7.010223
-0.038307227 9.461885 6.7803793
0.0 9.423578 6.588843
0.038307227 9.308657 6.282385
0.076614454 9.193734 6.0525417
0.15322891 9.11712 5.7843914
0.2681506 9.040505 5.477934
0.34476504 8.925584 5.363012
0.45968676 8.925584 5.3247046
0.7661445 9.155428 5.1714754
1.0342951 9.423578 5.0182467
1.3024457 9.691729 4.711789
1.532289 9.844957 4.367024
1.6472108 9.768343 4.060566
1.5322893 9.5385 3.715801
1.340753 9.2703495 3.4859579
1.0726023 9.117121 3.371036
0.84275895 8.963891 3.217807
0.7661446 9.002198 3.1411924
0.7661446 8.925584 3.1028852
0.842759 8.848969 3.064578
0.8044518 9.002199 3.1411924
0.7661445 9.078814 3.3327289
0.6512228 9.193735 3.4476504
0.5363012 9.308657 3.562572
0.45968676 9.308657 3.4859576
0.4213795 9.308657 3.2944214
0.45968676 9.385271 3.1794999
0.49799395 9.423578 3.0262709
0.61291564 9.423578 2.9113493
0.72783726 9.461885 2.681506
0.80445176 9.461885 2.4899697
0.91937345 9.500193 2.336741
0.91937345 9.5385 2.183512
0.88106626 9.461885 1.9919758
0.72783726 9.346964 1.8004396
0.53630114 9.078814 1.5705963
0.42137945 8.810662 1.4556746
0.26815057 8.6574335 1.5705963
0.22984336 8.580819 1.5705963
0.15322891 8.695741 1.4939818
0.15322891 8.772355 1.2641385
0.15322891 8.810662 1.0726023
0.11492168 8.810662 0.99598795
0.0 8.695741 0.842759
-0.15322891 8.504204 0.8044517
-0.38307226 8.197746 0.8810662
-0.61291564 7.929596 0.7661445
-0.7661446 7.699753 0.7661445
-0.88106626 7.546524 0.842759
-0.91937345 7.508217 0.842759
-0.9576807 7.508217 0.9959879
-0.9959879 7.546524 1.0726024
-1.0342951 7.4699097 0.9193735
-1.0726024 7.3549876 0.6895301
-1.0342952 7.2783732 0.34476504
-1.0342952 7.2783732 0.30645782
-1.0726024 7.2783732 0.30645782
-1.1492168 7.2783732 0.4213795
-1.2641385 7.163451 0.49799395
-1.340753 7.0102224 0.2681506
-1.4173675 6.895301 0.22984338
-1.4556746 6.895301 0.11492168
-1.4173673 6.895301 0.49799395
-1.3790601 6.895301 0.5746084
-1.3024457 6.933608 0.6512228
-1.3024457 6.9719152 0.45968673
-1.2258313 7.1634517 0.22984338
-1.1109096 7.4316025 -0.15322891
-1.0342951 7.508217 -0.45968673
-0.9193734 7.546524 -0.6129157
-0.84275895 7.546524 -0.6512229
-0.84275895 7.469909 -0.4596867
-0.8810662 7.393295 -0.22984336
-1.0342951 7.3549876 -0.076614454
-1.2258313 7.2783732 0.076614454
-1.3790601 7.1251445 0.19153613
-1.4939818 7.04853 0.11492168
-1.5705963 6.933608 0.076614454
-1.6089036 6.8569937 -0.038307227
-1.6089036 6.895301 -0.076614454
-1.6472108 7.0485296 0.038307227
-1.6089036 7.31668 0.15322891
-1.5322891 7.5848308 0.30645782
-1.4939818 7.8912888 0.4213795
-1.340753 8.082825 0.4213795
-1.3024458 8.236053 0.4213795
-1.3790603 8.197746 0.38307226
-1.532289 8.0445175 0.30645782
-1.8387468 7.8912888 0.26815057
-2.1068974 7.584831 0.22984336
-2.2984335 7.3932953 0.2681506
-2.4133554 7.316681 0.30645782
-2.4133554 7.316681 0.68953013
-2.2218194 7.508217 1.1109096
-1.9919759 7.8529816 1.4556746
-1.7621324 8.274361 1.7621325
-1.5322891 8.695741 1.6089036
-1.4556746 9.002198 1.3024458
-1.4173675 9.11712 0.88106626
-1.4173675 9.040505 0.45968673
-1.4556746 8.810662 0.22984335
-1.4939818 8.542512 0.22984335
-1.532289 8.350975 0.49799395
-1.532289 8.159439 1.0726023
-1.5705963 8.0445175 1.6089034
-1.532289 8.082825 2.030283
-1.4939818 8.159439 2.183512
-1.4173675 8.350975 2.030283
-1.340753 8.427589 1.7621324
-1.4173673 8.197746 1.1109096
-1.5705962 8.00621 0.45968676
-1.685518 7.929596 -0.114921674
-1.685518 8.274362 -0.22984336
-1.532289 9.078814 0.38307232
-1.3407528 9.921573 1.1875241
-1.3407528 10.572795 1.9536686
-1.532289 10.6877165 2.2218194
-1.9153614 10.266336 2.030283
-2.336741 9.38527 1.5705963
-2.719813 8.350975 1.2258313
-2.9496565 7.4316025 1.2641385
-3.0262709 7.010223 1.8004396
-2.681506 8.236054 4.0222588
-2.2984335 9.615114 4.903325
-1.9153614 10.994174 5.0182467
-1.5705963 11.9135475 4.55856
-1.4556746 12.066776 3.524265
-1.6089035 11.224017 2.681506
-1.8004397 10.113108 2.528277
-1.8770542 9.270349 3.1028852
-1.838747 8.963891 4.060566
-1.4939818 9.730036 4.9799395
-1.0342951 10.764331 5.4396267
-0.5746083 11.798626 5.3247046
-0.19153613 12.56477 4.903325
0.0 12.641384 4.2904096
-0.076614454 12.296619 3.7158008
-0.34476504 11.415554 3.4476504
-0.61291564 10.419565 3.4476504
-0.842759 9.691729 3.7924156
-0.8810662 9.308657 4.2904096
-0.72783726 9.385271 4.865018
-0.30645782 9.883265 5.133168
-0.19153613 9.844957 4.8267107
-0.19153613 9.346964 4.3287168
-0.26815057 8.925584 3.9456444
-0.26815057 8.159439 4.098873
-0.03830722 8.504204 4.3670235
0.7278373 9.500193 4.903325
1.0726023 10.036493 5.324704
1.2258313 10.266336 5.6694694
1.2641385 10.189722 5.899313
1.1875241 9.844957 6.2440777
1.1875241 9.5385 6.397307
1.340753 9.500193 6.550536
1.6089036 9.883265 6.703765
1.9153614 10.304644 6.6271505
2.336741 10.879252 6.205771
2.3750482 10.879252 5.93762
2.336741 10.802638 5.7843914
2.2218192 10.534488 5.707777
2.030283 10.266336 5.93762
1.8770542 9.998186 6.282386
1.7621324 9.959879 6.5888433
1.7621324 10.113108 6.703765
1.8387469 10.304645 6.5122285
1.9153614 10.457873 6.244078
1.9919758 10.304644 5.746084
2.1452048 10.266336 5.861006
2.5665843 10.496181 6.2823853
2.7581205 10.726024 6.3206925
2.6431987 10.611102 5.899313
2.4133554 10.189723 5.7077765
2.1068976 9.768343 5.554548
1.8387469 9.308656 5.401319
1.5322891 8.887277 5.439626
1.1492168 8.542511 5.477934
0.84275895 8.121132 5.6311626
0.4596867 7.699753 5.6311626
0.19153613 7.354987 5.746084
-0.076614454 7.0102224 5.746084
-0.2681506 6.7803793 5.66947
-0.34476507 6.703765 5.746084
-0.38307226 6.7803793 5.6311626
-0.30645782 6.895301 5.554548
-0.22984336 7.125144 5.4779334
-0.15322891 7.3166804 5.286397
-0.076614454 7.469909 5.286397
0.0 7.6231384 5.286397
0.11492168 7.73806 5.4013186
0.19153613 7.8529816 5.554548
0.22984336 7.8529816 5.746084
0.26815057 7.929596 5.93762
0.26815057 7.8912888 6.0525417
0.26815057 7.8529816 6.2057705
0.26815057 7.929596 6.282385
0.26815057 8.0445175 6.3206925
0.34476507 8.350975 6.244078
0.4213795 8.580818 6.167464
0.53630114 8.772355 5.9759274
0.49799395 8.848969 5.7843914
0.22984335 8.580819 5.554548
-0.15322891 8.350975 5.24809
-0.91937345 7.776367 4.9416323
-1.685518 7.163451 4.903325
-2.183512 7.0102224 5.4396267
-2.336741 7.0102224 6.5888433
-1.9919758 7.4699097 7.852982
-1.3024457 8.00621 8.772356
-0.7278373 8.389283 8.734049
-0.4213795 8.772356 7.9295964

