-0.26815057 8.887278 6.7420716
-0.4213795 8.963892 5.554548
-0.6895301 8.6574335 5.0182467
-0.9959879 8.082825 4.7500963
-0.8810662 7.4699097 6.703765
-1.2258313 7.6231384 6.3206925
-1.6472107 7.8529816 6.2823853
-2.030283 8.159439 6.167464
-2.4516625 8.350975 6.397307
-2.528277 8.312668 7.0485296
-2.7581203 8.082825 7.393295
-3.026271 7.776367 7.6614456
-3.2944214 7.508217 7.6614456
-3.4859576 7.2017593 7.4699097
-3.5242648 6.933608 7.2400656
-3.562572 6.8569937 6.8569937
-3.562572 6.8186865 6.4356146
-3.5242648 6.9719152 6.1291566
-3.5242648 7.3166804 5.93762
-3.4476504 7.6614456 5.93762
-3.4093432 8.082825 6.0142345
-3.4093432 8.389282 6.090849
-3.2944217 8.619125 6.2823853
-3.141193 8.848969 6.397307
-2.9879637 8.925584 6.5122285
-2.7964277 8.925584 6.435614
-2.719813 8.887277 6.2057705
-2.6431987 8.848969 6.0525417
-2.4133554 9.078813 5.93762
-2.0685902 9.461885 6.0525417
-1.685518 9.883265 6.1674633
-1.3024457 10.266336 6.1674633
-1.0726024 10.457872 6.1674633
-0.9576807 10.457872 6.1674633
-0.91937345 10.342951 6.3589997
-0.9576807 10.189722 6.5505357
-0.9576807 10.113108 6.8186865
-1.0342952 10.0748005 6.9719152
-0.9576807 10.266336 7.0485296
-0.842759 10.49618 7.2017584
-0.68953013 10.649408 7.316681
-0.4213795 10.91756 7.508217
-0.26815057 10.994174 7.508217
-0.15322891 10.994174 7.508217
-0.15322891 10.91756 7.469909
-0.22984336 10.726024 7.431602
-0.22984336 10.534488 7.508217
-0.19153613 10.381259 7.4699097
-0.038307227 10.419566 7.4699097
0.34476504 10.534488 7.201759
0.49799395 10.611102 7.1634517
0.5746084 10.534488 7.0485296
0.61291564 10.457872 6.933608
0.61291564 10.304644 6.8186865
0.57460845 10.113108 6.550536
0.57460845 9.998186 6.320692
0.61291564 9.959879 6.0525417
0.7278373 10.036493 5.8226986
0.91937345 10.113108 5.554548
1.0342951 10.113108 5.286397
1.1109096 10.0748005 5.286397
1.0342951 9.844957 5.401319
0.842759 9.576807 5.4779334
0.4213795 9.155427 5.2097826
0.38307226 9.155427 5.094861
0.4596867 9.346963 4.903325
0.5746084 9.461885 4.711789
0.61291564 9.576807 3.9839516
0.45968673 9.346964 3.7158012
0.2681506 9.117121 3.4859576
0.11492168 8.963891 3.4093432
0.038307227 8.848969 3.5242648
0.038307227 8.848969 3.6391869
0.11492168 8.925584 3.6391869
0.15322891 8.963891 3.6008797
0.22984335 9.040505 3.5242648
0.42137948 9.193734 3.4093432
0.5746084 9.2703495 3.371036
0.72783726 9.2703495 3.1411924
0.6512228 8.963891 2.7964277
0.34476504 8.504205 2.4516625
0.114921674 8.0445175 2.2601264
-0.076614454 7.699753 2.2601264
-0.038307227 7.6231384 2.3750482
0.038307227 7.6231384 2.4899697
0.076614454 7.6231384 2.4516625
0.038307227 7.546524 2.2984335
-0.038307227 7.393295 2.0685902
-0.038307227 7.3549876 1.8387469
-0.038307227 7.3166804 1.6089035
0.0 7.3166804 1.532289
-0.038307227 7.4699097 1.4939818
-0.11492168 7.4699097 1.340753
-0.19153613 7.546524 1.1875241
-0.22984335 7.6614456 0.9959879
-0.3064578 7.6614456 0.8810662
-0.3830723 7.6614456 0.80445176
-0.4213795 7.584831 0.80445176
-0.5363012 7.3932953 0.7661445
-0.57460845 7.2017584 0.7661445
-0.61291564 7.125144 0.9959879
-0.68953 7.086837 1.2258312
-0.72783726 7.1634517 1.4173673
-0.7661445 7.201759 1.5322891
-0.7661445 7.201759 1.493982
-0.72783726 7.240066 1.4939818
-0.7661446 7.3549876 1.4939818
-0.80445176 7.4699097 1.4173673
-0.80445176 7.6231384 1.1109095
-0.80445176 7.699753 0.72783726
-0.72783726 7.6614456 0.19153614
-0.6512228 7.546524 -0.19153614
-0.6512228 7.3549876 -0.34476507
-0.6895301 7.2783732 -0.30645785
-0.7661445 7.201759 -0.076614454
-0.8044518 7.3166804 0.11492168
-0.842759 7.4699097 0.30645782
-0.80445176 7.546524 0.30645782
-0.7661445 7.6614456 0.22984335
-0.80445176 7.6231384 0.15322891
-0.91937345 7.5082164 0.076614454
-1.0726024 7.278373 0.11492168
-1.2641385 7.163451 0.038307227
-1.4556746 7.0102224 0.038307227
-1.5705963 6.933608 0.0
-1.6472108 7.0102224 -0.076614454
-1.6472108 7.0102224 0.038307227
-1.5705965 7.086837 0.2681506
-1.532289 7.2017584 0.49799395
-1.532289 7.240066 0.6512228
-1.8387468 7.1251445 0.4213795
-2.1452048 6.933608 -0.03830722
-2.4133554 6.780379 -0.30645782
-2.5665843 6.818686 -0.4213795
-2.5665843 6.9719152 -0.15322891
-2.4516625 7.086837 0.49799395
-2.4133554 7.240066 1.0342951
-2.566584 7.3166804 1.4556746
-2.7964275 7.3166804 1.6089036
-3.217807 7.2400656 1.187524
-3.1411927 7.125144 1.1492168
-2.7964275 7.278373 1.4173675
-2.6431987 7.5465236 1.8004397
-2.7964277 8.0445175 2.2601266
-3.064578 8.121132 2.030283
-3.1028852 8.0445175 1.6089036
-3.1028852 7.967903 1.3790603
-3.064578 8.121132 1.1875241
-2.9496565 8.465897 1.340753
-2.6048915 9.117121 1.9536687
-2.4516625 9.155428 2.183512
-2.6048913 8.810662 1.8004397
-2.9496565 8.350975 1.5705962
-3.1411927 8.082825 1.7621324
-3.1794999 8.159439 2.2601264
-2.9879637 8.580819 3.0262709
-2.6048913 9.308657 3.3710358
-2.2984335 10.266337 2.9113493
-2.4133554 10.22803 2.528277
-2.7581205 9.768343 2.528277
-3.2178073 8.925584 3.1411924
-3.3327289 9.002198 3.754108
-3.3327289 9.5385 4.3287168
-3.3327289 10.151416 4.9416323
-3.2561145 10.6877165 5.2863975
-3.1028857 11.109097 5.2863975
-2.9879637 11.262325 5.094861
-2.9496565 11.185711 4.788403
-3.1028852 10.994175 4.8650174
-3.217807 10.6877165 5.324704
-3.217807 10.381258 5.631162
-2.9496565 10.266336 5.93762
-2.8730419 10.0748005 5.6311626
-2.8730419 9.80665 5.5545483
-2.8347347 9.615114 5.746084
-2.681506 9.5385 6.014235
-2.336741 9.768343 6.3206925
-1.9153614 10.151416 6.588843
-1.532289 10.611102 6.5122285
-1.2641385 10.879253 6.4739213
-1.1492169 10.917561 6.2057705
-1.1492169 10.572796 6.0142345
-1.2641385 9.959879 5.899313
-1.4173675 9.346964 5.8226986
-1.4556746 8.810663 5.899313
-1.4556746 8.504205 6.0142345
-1.2258313 8.465898 6.3206925
-0.84275895 8.695741 6.588843
-0.49799395 9.002199 6.6654572
-0.15322891 9.346964 6.588843
0.076614454 9.615114 6.435614
0.2681506 9.730036 6.244078
0.42137948 9.730036 6.244078
0.49799395 9.730036 6.3589997
0.5746084 9.691729 6.3589997
0.61291564 9.653421 6.4739213
0.6895301 9.80665 6.5122285
0.842759 9.921572 6.5888433
0.9959879 10.036493 6.6271505
1.0726024 10.113108 6.473921
0.9959879 9.921572 6.2440777
0.842759 9.576807 5.899313
0.5746084 9.11712 5.66947
0.30645782 8.619126 5.707777
0.19153613 8.236053 5.899313
0.19153613 8.082825 6.282385
0.34476504 8.197746 6.550536
0.5746084 8.427589 6.550536
0.8044518 8.6574335 6.4356146
0.9576807 8.925584 6.0908494
0.9959879 9.040505 5.8226986
0.9959879 9.040505 5.66947
0.9193734 9.040505 5.6311626
0.8810662 8.887277 5.8226986
0.8810662 8.772355 6.090849
0.842759 8.734048 6.3206925
0.8044518 8.695741 6.435614
0.68953013 8.695741 6.3206925
0.61291564 8.619126 6.1674633
0.5363012 8.504204 5.93762
0.45968676 8.389282 5.8226986
0.4213795 8.274361 5.861006
0.344765 8.121132 5.899313
0.30645782 8.00621 6.167464
0.30645782 7.929596 6.244078
0.30645782 7.929596 6.167464
0.30645782 8.0445175 6.0908494
0.344765 8.159439 5.861006
0.38307226 8.236053 5.861006
0.4213795 8.274361 5.93762
0.45968673 8.236053 6.0142345
0.4213795 8.121132 6.090849
0.34476504 7.967903 6.0525417
0.26815057 7.776367 5.9759274
0.11492168 7.584831 5.746084
0.038307227 7.546524 5.66947
0.076614454 7.6231384 5.5928555
0.076614454 7.73806 5.5545483
0.19153613 7.8912888 5.6311626
0.2681506 8.0445175 5.401319
0.2681506 8.159439 5.2863975
0.34476504 8.159439 5.2480903
0.30645782 8.236053 5.209783
0.11492168 8.312668 5.3247046
-0.11492168 8.389282 5.363012

