-0.038307227 6.6654572 7.73806
-0.076614454 7.125144 7.393295
-0.22984336 7.6231384 6.8569937
-0.45968673 8.0445175 6.3206925
-0.9576807 8.197746 5.2863975
-1.2641386 7.929596 5.746084
-1.4556746 7.8529816 6.435614
-1.6472108 7.8912888 7.393295
-1.8004397 8.082825 8.389282
-1.8770541 8.504205 8.657433
-1.9536686 8.734048 8.69574
-2.030283 8.963892 8.312668
-2.183512 9.078814 7.699753
-2.4516625 8.848969 7.278373
-2.7964277 8.6574335 6.9719152
-3.1028855 8.197746 6.933608
-3.2561142 7.8529816 7.010223
-3.2561142 7.584831 7.04853
-3.1028855 7.584831 7.1251445
-2.8347347 7.73806 7.1634517
-2.4516625 8.00621 7.4699097
-1.9919758 8.427589 8.0445175
-1.4939818 8.6574335 8.465898
-0.8044517 9.002198 8.963891
-0.61291564 8.887277 8.657433
-0.4213795 8.848969 8.236053
-0.2681506 8.848969 7.584831
0.0 9.078814 7.0485296
0.2681506 9.346964 6.7037644
0.45968673 9.653421 6.7037644
0.7278373 9.844957 6.895301
0.8810662 9.921572 7.0868373
1.0342951 10.036493 7.3166804
1.187524 9.959879 7.393295
1.2258313 9.844957 7.431602
1.3024457 9.653421 7.5082164
1.2641385 9.423578 7.5082164
1.1875241 9.232042 7.546524
1.1109096 9.002199 7.508217
1.0342952 8.887277 7.4316025
1.0342952 8.810662 7.3166804
1.0342952 8.848969 7.1634517
1.1109096 8.925584 7.201759
1.1492169 8.925584 7.125144
1.1492169 8.848969 7.086837
1.1875241 8.772355 6.9719152
1.1492169 8.6574335 6.742072
1.1109096 8.580819 6.62715
1.1109096 8.580819 6.5122285
1.1109096 8.542512 6.4739213
1.2641385 8.925585 6.3589997
1.4939818 9.2703495 6.3206925
1.6855179 9.691729 6.129156
1.9919758 10.036493 5.899313
2.2218192 10.266337 5.5545483
2.2218192 10.22803 4.9416323
2.1452045 10.036494 4.5585604
1.8387469 9.730036 4.405331
1.4939818 9.346963 4.4436383
1.2641386 9.193734 4.8267107
1.1492169 9.11712 5.209783
1.1492169 9.193734 5.477934
1.2641385 9.385271 5.66947
1.4173673 9.5385 5.6311626
1.5322891 9.691729 5.2480903
1.6472107 9.730036 4.7500963
1.6089035 9.653421 4.175488
1.493982 9.5385 3.7158012
1.4173673 9.5385 3.562572
1.3790601 9.615114 3.6391864
1.4939818 9.883265 3.86903
1.685518 10.151415 4.2137947
1.8770541 10.304645 4.367024
1.9536686 10.304645 4.2137947
1.9153614 10.113108 3.907337
1.8004396 9.80665 3.4476502
1.532289 9.423578 3.1794999
1.3024457 9.040506 2.9879637
1.1492168 8.695741 2.7964277
1.1109096 8.465897 2.7198133
1.1492168 8.427589 2.6431985
1.3024457 8.542511 2.7198129
1.4556746 8.657433 2.7964275
1.4939818 8.695741 2.7581203
1.532289 8.6574335 2.6048915
1.3790603 8.42759 2.4133554
1.2258313 8.082825 2.2601264
1.0726024 7.699753 2.2218192
0.9193735 7.2783732 2.2984335
0.8044518 6.9719152 2.2601264
0.61291564 6.7037644 2.183512
0.38307226 6.5505357 1.8770542
0.15322891 6.3206925 1.5705965
-0.038307227 6.0525417 1.1492169
-0.19153613 5.861006 0.9193735
-0.30645782 5.66947 0.9576807
-0.4213795 5.5162406 0.9576807
-0.45968676 5.5162406 1.1109096
-0.57460845 5.592855 1.2258313
-0.6512228 5.707777 1.1492169
-0.6512228 5.9759274 0.9959879
-0.6512228 6.244078 0.8810662
-0.5363012 6.435614 0.6129156
-0.4213795 6.62715 0.4596867
-0.38307226 6.7420716 0.4596867
-0.4596867 6.780379 0.5746084
-0.61291564 6.8569937 0.8810662
-0.7661445 6.933608 1.187524
-0.9576807 6.933608 1.3024457
-1.1109096 6.895301 1.3407528
-1.2641385 6.7420716 1.2258313
-1.4556746 6.5122285 1.1109096
-1.5705963 6.3206925 1.0342951
-1.6472107 6.1674633 0.8810662
-1.7238252 6.3206925 0.68953
-1.6089036 6.62715 0.68953
-1.4173675 6.933608 0.842759
-1.2258313 7.3166804 0.9959879
-1.1109096 7.469909 1.2258313
-1.1875241 7.546524 1.4556746
-1.4173673 7.508217 1.532289
-1.685518 7.316681 1.6089035
-1.9536686 7.163451 1.4173673
-2.1452048 6.895301 1.2641385
-2.1452048 6.8186865 1.1875241
-2.030283 6.8569937 1.1875241
-1.8387468 7.0485296 1.1875241
-1.6089036 7.4316025 1.1875241
-1.4556746 7.776367 1.2258313
-1.3024457 8.121132 1.1875241
-1.1875241 8.350975 1.3790603
-1.1109096 8.389282 1.6089035
-1.1109096 8.197746 1.9153614
-1.2258313 7.967903 2.183512
-1.493982 7.6614456 2.2218194
-1.8004397 7.393295 2.1452045
-2.0685902 7.3549876 1.8387469
-2.2601264 7.3166804 1.4173675
-2.1068974 7.4699097 0.8810662
-1.8387468 7.73806 0.72783726
-1.4173673 8.082825 0.8810662
-1.0342952 8.580819 1.187524
-0.7661445 9.078813 1.6472107
-0.7278373 9.308657 1.9919759
-0.9576807 9.385271 2.0685904
-1.340753 9.155428 1.9536686
-1.8004397 8.695741 1.6089036
-2.2218194 8.0445175 1.3024457
-2.4133554 7.546524 1.3790601
-2.1068974 7.2017584 1.7621324
-1.6472108 8.00621 2.3750482
-1.0726024 9.730036 3.141193
-1.1109096 10.266336 3.2178073
-1.3024457 10.151415 3.0262709
-1.5705962 9.730036 2.873042
-1.7621324 9.193735 2.9113493
-1.8004396 8.695741 3.217807
-1.7621324 8.580818 3.7541082
-1.6089035 8.8489685 4.290409
-1.4939818 9.346964 4.6351748
-1.3790601 10.0748005 4.865018
-1.2641385 10.572794 4.8267107
-1.187524 10.879252 4.750096
-1.1492168 10.840945 4.6734815
-1.2258313 10.534488 4.6351743
-1.3790601 10.036493 4.9799395
-1.5705963 9.576806 5.66947
-1.7621324 9.38527 6.397307
-1.685518 9.653421 7.699753
-1.340753 10.304644 7.8529816
-0.8044518 11.032481 7.8912888
-0.30645782 11.951856 7.623138
0.038307227 12.641385 7.0102224
0.076614454 12.5264635 6.3589997
-0.5363012 11.262324 5.6311626
-0.8810662 10.419565 5.66947
-1.0726024 9.959879 5.861006
-1.0342951 9.615114 6.090849
-0.8810662 9.691729 6.2823853
-0.61291564 9.921572 6.6654572
-0.30645782 10.266337 7.2017584
0.0 10.649409 7.431602
0.2681506 10.955868 7.5082164
0.49799395 11.109097 7.2400656
0.6512228 11.070789 6.588843
0.72783726 10.879252 5.9759274
0.53630114 10.189723 5.439626
0.34476504 9.615114 5.209783
0.19153613 9.155427 5.401319
0.076614454 8.848969 6.0525417
0.34476504 9.002198 6.7803793
0.49799395 9.193734 7.1251445
0.6895301 9.423578 7.0868373
0.7661445 9.615114 6.6654572
0.6895301 9.653421 6.205771
0.6895301 9.615114 6.0142345
0.6512228 9.5385 6.0142345
0.7661446 9.5385 5.899313
0.88106626 9.730036 5.93762
0.99598795 9.883265 5.899313
1.0726024 9.998186 5.8226986
1.1109096 10.036493 5.93762
1.0726024 9.883265 5.861006
0.9193735 9.500193 5.7843914
0.68953013 9.040505 5.8226986
0.38307226 8.6574335 6.052542
0.22984335 8.350975 6.435614
0.2681506 8.389282 6.7037644
0.34476504 8.580818 6.818686
0.5746084 8.810662 6.6654572
0.7661445 9.11712 6.3206925
0.9576807 9.423578 6.129156
1.1875241 9.615114 5.899313
1.2641386 9.576807 5.746084
1.1109096 9.2703495 5.746084
0.842759 8.887277 5.93762
0.49799395 8.350975 6.244078
0.19153613 7.8912888 6.397307
-0.076614454 7.393295 6.435614
-0.22984336 7.086837 6.397307
-0.22984336 7.0102224 6.2057705
-0.19153613 7.0102224 6.090849
0.0 7.2783737 5.93762
0.22984336 7.546524 5.66947
0.45968673 7.8146744 5.363012
0.6512228 8.0445175 5.2480903
0.68953 8.121132 5.2863975
0.6512228 8.082825 5.401319
0.49799395 7.929596 5.592855
0.30645782 7.8146744 5.66947
0.15322891 7.73806 5.8226986
0.038307227 7.776367 5.9759274
0.038307227 7.8529816 6.090849
0.15322891 7.929596 6.090849

