0.19153613 8.0445175 5.93762
-0.45968676 7.8529816 6.1291566
-0.99598795 7.8912888 6.3589997
-1.6472108 7.967903 6.5505357
-2.1068974 8.619126 6.5122285
-1.9919758 8.810662 6.62715
-1.7238252 9.117121 6.742072
-1.4556746 9.576807 6.9719152
-1.1492169 9.959879 7.086837
-0.91937345 10.266336 7.0485296
-0.80445176 10.381258 7.086837
-0.6512228 10.381258 7.0485296
-0.5746084 10.419565 7.0485296
-0.5746084 10.381258 7.125144
-0.49799395 10.381258 7.1634517
-0.3830723 10.457872 7.1251445
-0.30645782 10.534487 6.9719157
-0.038307227 10.726024 6.435614
0.0 10.649409 6.1674633
0.076614454 10.611102 6.129156
0.19153613 10.572795 6.0142345
0.26815057 10.457872 6.0142345
0.34476507 10.381258 6.0525417
0.38307226 10.036493 6.244078
0.38307226 9.959879 6.473922
0.5746084 9.998186 6.550536
0.9193735 10.036493 6.0908494
1.0342952 9.959879 5.8226986
1.0342952 9.844957 5.746084
1.0726024 9.768343 5.66947
1.1109097 9.80665 5.746084
1.1875241 9.883265 5.861006
1.1875241 9.768343 5.7843914
1.1109096 9.691729 5.707777
1.1492168 9.653421 5.66947
1.2641385 9.691729 5.5928555
1.532289 10.036493 5.5162406
1.9919758 10.496181 4.9799395
1.9919758 10.496181 4.6351748
1.9153614 10.381258 4.443639
1.8004396 10.151415 4.3287168
1.7238252 9.768343 4.290409
1.6472107 9.346963 4.290409
1.6089035 9.270349 4.1754875
1.6472107 9.308656 4.060566
1.685518 9.346964 3.7924156
1.7621325 9.308657 3.4476507
1.7621325 9.193735 3.1028855
1.6089035 9.002198 2.7581203
1.4556746 8.772355 2.6048915
1.340753 8.6574335 2.681506
1.2641385 8.542512 2.7964275
1.3024457 8.542512 3.064578
1.3024457 8.580819 3.217807
1.187524 8.542512 3.1028855
1.0342951 8.465897 3.0645783
0.842759 8.274361 2.8730423
0.49799395 7.967903 2.5282772
0.45968676 7.967903 2.2984338
0.4213795 8.00621 2.183512
0.38307226 8.121132 2.1068974
0.34476504 8.197746 2.030283
0.2681506 8.274361 2.030283
0.22984335 8.389283 2.030283
0.2681506 8.350975 1.9919758
0.30645782 8.312668 1.9919758
0.22984336 8.082825 1.9919758
0.076614454 7.776367 1.8387469
-0.19153614 7.431602 1.7621324
-0.4213795 7.125144 1.6855179
-0.45968673 6.933608 1.4173673
-0.30645782 7.0102224 1.1492168
-0.19153613 7.1634517 0.8810662
-0.15322891 7.240066 0.68953013
-0.22984335 7.201759 0.4213795
-0.26815057 7.201759 0.49799395
-0.19153613 7.240066 0.6895301
-0.11492168 7.3932953 0.91937345
-0.038307227 7.4699097 1.1875241
-0.11492168 7.584831 1.1875241
-0.30645782 7.584831 0.9959879
-0.49799395 7.508217 0.61291564
-0.6512228 7.4699097 0.2681506
-0.68953 7.431602 0.0
-0.6129156 7.5082164 -0.076614454
-0.4213795 7.6614456 0.038307227
-0.22984336 7.8912888 0.11492168
-0.19153613 8.082825 0.11492168
-0.22984336 8.197746 0.15322891
-0.34476504 8.197746 0.076614454
-0.49799398 8.197746 0.076614454
-0.61291564 8.082825 0.15322891
-0.7661445 7.8912888 0.15322891
-1.0726024 7.73806 0.15322891
-1.3790601 7.431602 0.15322891
-1.6089035 7.163451 0.15322891
-1.7621324 7.0485296 0.076614454
-1.7238252 6.9719152 0.038307227
-1.6089036 7.0102224 -0.076614454
-1.4556746 7.125144 -0.19153613
-1.3024457 7.201759 -0.26815057
-1.1875241 7.508217 -0.22984336
-1.2258313 7.73806 -0.076614454
-1.4556746 7.8146744 -0.038307227
-1.838747 7.5465236 0.038307227
-2.6431987 6.5122285 -0.076614454
-2.7964277 6.2440777 0.076614454
-2.7964277 6.4356136 0.30645782
-2.7581205 6.7803793 0.7278373
-2.6431987 7.2017584 1.3024458
-2.4899697 7.584831 1.7621324
-2.3367407 7.929596 1.9536686
-1.9919758 8.0445175 1.7238252
-1.7238252 8.082825 1.4556746
-1.6472107 7.967903 0.91937345
-1.7621324 7.6614456 0.5746084
-2.1068974 7.508217 0.5363012
-2.566584 7.2783732 0.38307226
-2.9879637 7.0485296 0.45968676
-3.2178073 6.8953004 0.7278373
-3.2561145 6.7420716 0.9193734
-2.9879637 6.7420716 1.2258313
-2.566584 7.0102224 1.4556746
-2.183512 7.393295 1.3790601
-1.8770542 7.776367 1.1875241
-1.8387469 8.159439 0.8810662
-1.9153614 8.350975 0.61291564
-2.0685902 8.350975 0.34476507
-2.2984338 8.197746 0.22984336
-2.4133554 7.8529816 0.34476507
-2.4516625 7.508217 0.7661445
-2.3367407 7.2783737 1.3790601
-2.3367407 7.2783737 1.8770541
-2.4133554 7.4699097 2.2601266
-2.566584 7.73806 2.4899697
-2.7964275 8.082825 2.7198133
-2.8347347 8.427589 3.0262709
-2.7581203 8.695741 3.2178073
-2.6431985 8.925584 3.1028857
-2.528277 8.925584 2.7198133
-2.4899697 8.657433 2.4899697
-2.566584 8.465897 2.681506
-2.6815057 8.350975 3.2944217
-2.7964275 8.465897 4.175488
-2.7964275 8.810662 4.9416323
-2.719813 9.193734 5.3247046
-2.528277 9.653421 5.363012
-2.3367407 10.151416 5.2097826
-2.1452048 10.611102 5.0182467
-2.0685902 10.879252 4.903325
-2.1452048 10.91756 5.056554
-2.183512 10.726023 5.5928555
-2.2984335 10.419565 6.2057705
-2.3750482 10.266336 6.8186865
-2.2601264 10.304644 7.2017584
-2.2984338 10.419566 7.0102224
-2.4133554 10.496181 6.7803793
-2.4516625 10.457873 6.6271505
-2.566584 10.342951 6.8569937
-2.4516625 10.342951 7.584831
-2.1452045 10.419565 8.312668
-1.7238252 10.726024 8.963891
-1.1875241 11.147404 9.2703495
-0.6512228 11.645397 9.308657
-0.07661446 12.334928 9.155428
0.42137948 12.98615 8.810662
0.80445176 13.445836 8.236053
1.0342951 13.67568 7.5465236
1.0342951 13.369223 7.048529
0.8810662 12.871229 6.6654572
0.57460845 12.028469 6.588843
0.22984336 11.147404 6.8569937
0.038307227 10.649408 7.2400656
-0.038307227 10.228029 7.73806
0.19153614 10.266336 8.082825
0.61291564 10.457873 7.967903
1.0342951 10.802638 7.4699097
1.4939818 11.109097 6.5888433
1.7238252 11.224018 5.592855
1.8004396 11.070789 4.865018
1.7238252 10.611101 4.405331
1.3024457 9.385271 4.8267107
1.0726023 8.887277 5.3247046
0.842759 8.159439 6.0142345
0.88106626 8.121132 6.129156
1.0342952 8.197746 6.129156
1.2258313 8.350975 6.0142345
1.3790601 8.580819 6.0142345
1.5322891 8.772355 6.205771
1.5322891 8.810662 6.3973074
1.4556746 8.734047 6.8186865
1.0342952 8.197746 6.933608
0.61291564 7.8912888 6.588843
0.5363012 7.8529816 6.588843
0.45968676 7.73806 6.62715
0.4213795 7.584831 6.62715
0.4213795 7.4316025 6.588843
0.344765 7.3166804 6.3206925
0.344765 7.2783732 6.0525417
0.38307226 7.3166804 5.861006
0.4213795 7.508217 5.66947
0.5746084 7.699753 5.6311626
0.7278373 7.929596 5.707777
0.80445176 8.121132 5.8226986
0.80445176 8.121132 6.0525417
0.7278373 8.0445175 6.244078
0.5746084 7.8146744 6.2823853
0.38307226 7.584831 6.244078
0.26815057 7.3932953 6.2057705
0.15322891 7.4316025 6.129156
0.11492168 7.546524 6.090849
0.19153613 7.73806 6.090849
0.30645782 8.0445175 6.0525417
0.38307226 8.197746 6.090849
0.45968676 8.350976 6.1674633
0.45968676 8.42759 6.2057705
0.38307226 8.42759 6.3206925
0.30645782 8.350975 6.435614
0.15322891 8.274361 6.435614
0.076614454 8.236053 6.5122285

