-0.038307227 8.159439 6.588843
-0.22984336 8.0445175 6.435614
-0.6895301 8.312668 6.244078
-1.1875241 8.542511 6.014235
-1.7238253 8.848969 5.93762
-2.2601266 9.193735 6.0142345
-2.48997 9.155427 6.1674633
-2.6431987 9.2703495 6.435614
-2.681506 9.500193 6.5122285
-2.719813 9.615114 6.8186865
-2.7581203 9.844957 6.933608
-2.7964277 10.0748005 6.9719152
-2.834735 10.189722 7.0102224
-2.834735 10.419565 6.933608
-2.7964277 10.649409 6.895301
-2.681506 10.802638 6.8186865
-2.6048915 10.955867 6.8569937
-2.528277 10.994174 6.933608
-2.4133554 11.032481 7.0102224
-2.4133554 11.032481 7.0102224
-2.4133554 11.070788 6.8186865
-2.375048 11.070788 6.512229
-2.3367407 11.147403 6.3206925
-2.1452045 11.262325 6.205771
-1.8387468 11.377247 6.2823853
-1.4939818 11.530476 6.3589997
-1.0342952 11.60709 6.397307
-0.5746084 11.798626 6.4739213
-0.11492169 11.990162 6.5122285
0.34476507 12.181698 6.588843
0.68953013 12.143391 6.5122285
0.842759 11.87524 6.1674633
0.8044518 11.377246 5.7460837
0.6512228 10.840945 5.4779334
0.4596867 10.419565 5.2480903
0.4213795 10.0748005 5.3247046
0.53630114 9.998186 5.5928555
0.80445176 10.036493 5.6311626
1.1109096 9.998186 5.7843914
1.3790601 9.998186 5.8226986
1.532289 9.844957 5.6311626
1.4939818 9.5385 5.5928555
1.4556746 9.423578 5.5545483
1.4173673 9.2703495 5.5545483
1.5705963 9.308657 5.66947
1.8770541 9.461885 5.66947
2.1452045 9.615114 5.516241
2.4516625 9.80665 5.1714754
2.6048913 9.883265 4.7500963
2.6815057 9.959879 4.3287163
2.8347347 10.0748005 4.1371803
2.9496565 10.189722 4.060566
3.0262709 10.266336 3.9456444
3.064578 10.304644 3.7924156
3.0262709 10.228029 3.562572
2.9879637 10.113108 3.4093432
2.9113493 9.998186 3.1794996
2.873042 9.844957 3.0262709
2.7964277 9.691729 2.681506
2.681506 9.5385 2.336741
2.6431987 9.423578 2.1068976
2.6048915 9.423578 2.030283
2.528277 9.423578 2.0685902
2.3750482 9.461885 2.030283
2.183512 9.385271 2.030283
1.8387468 9.193735 1.9919758
1.532289 8.925584 1.9536686
1.2258313 8.6574335 2.030283
0.9959879 8.465897 2.1452048
0.9193735 8.389282 1.9919758
0.8044518 8.389282 1.9153614
0.8044518 8.389282 1.7621324
0.7278373 8.42759 1.532289
0.68953 8.389283 1.4556746
0.68953 8.350975 1.2258313
0.61291564 8.236053 0.95768064
0.34476504 7.8529816 0.49799395
0.19153613 7.584831 0.45968673
0.038307227 7.3549876 0.53630114
-0.19153613 7.04853 0.6512228
-0.38307226 6.742072 0.7278373
-0.6512228 6.5505357 0.5746084
-0.8810662 6.320692 0.34476504
-0.9959879 6.320692 0.0
-1.0342952 6.3589993 -0.49799395
-0.99598795 6.3589993 -0.7661445
-0.91937345 6.5122285 -0.7278373
-0.842759 6.5122285 -0.57460845
-0.8810662 6.4739213 -0.34476507
-1.0342951 6.4739213 -0.038307227
-1.2641385 6.320692 -0.038307227
-1.5705963 6.282385 -0.15322891
-1.8387469 6.2440777 -0.19153613
-1.9536686 6.2057705 -0.34476504
-2.030283 6.1674633 -0.3830723
-1.9536686 6.129156 -0.2681506
-1.8770541 6.2823853 -0.11492168
-1.8387469 6.4356146 0.15322891
-1.7621325 6.7803793 0.2681506
-1.8387469 7.086837 0.34476504
-1.8770542 7.2400656 0.30645782
-1.8770542 7.393295 0.076614454
-1.9153614 7.3166804 0.0
-1.9919758 7.201759 -0.19153613
-2.0685902 7.125144 -0.4213795
-2.2984335 6.9336076 -0.842759
-2.2984335 7.086837 -0.9576807
-2.2218192 7.5082164 -0.80445176
-2.1452045 7.8146744 -0.61291564
-2.030283 8.082825 -0.4213795
-1.9153614 8.350976 -0.11492168
-1.8770542 8.465898 0.2681506
-1.9536686 8.274361 0.5363012
-2.1452048 7.967903 0.6895301
-2.4516625 7.584831 0.7661445
-2.7581203 7.2400665 0.4213795
-3.0262709 6.9719152 0.038307235
-3.217807 6.6654577 -0.26815057
-3.217807 6.6271505 -0.49799392
-3.0262709 6.742072 -0.49799392
-2.7581205 6.9719152 -0.34476504
-2.4899697 7.4316025 -0.19153613
-2.3750482 7.6614456 -0.2681506
-2.6048913 7.584831 -0.45968673
-2.873042 7.31668 -0.7278373
-3.2944217 6.4356136 -1.0726024
-3.1411927 6.2440777 -1.0342951
-3.026271 6.3589997 -0.80445176
-2.834735 6.6654572 -0.5746084
-2.7198133 7.163451 -0.34476504
-2.643199 7.776367 -0.19153613
-2.528277 8.350975 -0.22984335
-2.566584 8.734048 -0.34476504
-2.6815057 8.695741 -0.6129157
-2.7964275 8.274361 -0.9193735
-2.9113493 7.699753 -0.9576807
-2.873042 7.2400656 -0.68953013
-2.7964277 7.2400656 -0.30645782
-2.7198133 7.6231384 0.2681506
-2.6431987 8.082825 0.5363012
-2.6431987 8.42759 0.5746084
-2.5665843 8.350976 0.49799395
-2.4133554 7.8529816 0.38307226
-2.2218192 7.73806 0.5363012
-2.030283 7.929596 0.8810662
-1.8004397 8.197746 1.340753
-1.6472107 8.580818 1.5322891
-1.5705963 8.963891 1.6089035
-1.6089035 9.040506 1.3407528
-1.7621324 8.6574335 1.0342951
-2.030283 8.00621 0.9959879
-2.336741 7.431602 1.3024457
-2.2218192 7.776367 3.141193
-1.6089036 9.040505 4.3287168
-0.8810662 10.611102 5.0565543
-0.26815057 12.334928 5.1331687
-0.03830722 13.254301 4.405331
-0.53630126 12.947844 3.2561142
-1.3790601 11.836933 2.3750482
-2.336741 10.189722 2.336741
-3.1794996 8.734048 3.1794999
-3.4859576 8.236053 4.5585604
-3.4093432 8.580818 6.0142345
-3.1411924 9.38527 6.933608
-2.7198133 10.457872 7.393295
-2.4133554 11.262324 7.393295
-2.2601266 11.60709 7.086837
-2.1452048 11.836933 6.9719152
-1.9536686 11.760319 7.0485296
-1.7238252 11.722012 7.2017584
-1.4556746 11.760319 7.4316025
-1.1492169 11.836933 7.546524
-0.91937345 11.951855 7.546524
-0.7278373 12.028469 7.584831
-0.5363012 12.028469 7.6614456
-0.34476507 11.9135475 7.6614456
-0.15322891 11.836933 7.4316025
0.076614454 11.60709 7.240066
0.22984336 11.492168 7.0102224
0.2681506 11.300632 6.780379
0.3830723 11.032481 6.856993
0.49799392 10.994174 6.9719152
0.7661446 11.070788 7.0485296
1.1109096 11.3006315 7.0102224
1.340753 11.530476 6.588843
1.4939818 11.568783 5.8610053
1.4556745 11.262325 5.2863975
1.2258312 10.64941 4.9799395
0.8810662 9.998186 5.171476
0.61291564 9.385271 5.784392
0.49799395 9.040506 6.167464
0.6512228 9.117121 6.435614
0.9959879 9.346964 6.2823853
1.37906 9.730036 5.861006
1.7621324 10.113108 5.477934
2.030283 10.304645 5.018247
2.221819 10.419566 4.8267107
2.2984335 10.419566 4.865018
2.3367407 10.342951 5.24809
2.4133554 10.304644 5.861006
2.528277 10.228029 6.1674633
2.6431987 10.228029 6.1674633
2.5665843 10.113108 5.861006
2.3750482 9.844957 5.286397
1.9919758 9.461885 5.0182467
1.4939818 8.772355 4.9799395
1.1109096 8.0445175 5.056554
0.7661445 7.4699097 5.2863975
0.6512228 7.0485296 5.401319
0.6512228 7.0485296 5.4779334
0.7661445 7.2400656 5.439626
0.9193734 7.5082164 5.324704
1.0726023 7.776367 5.286397
1.1492168 8.00621 5.1714754
1.1875241 8.274361 5.094861
1.2258313 8.542511 5.094861
1.1875241 8.810662 4.903325
1.0342951 8.772355 4.9799395
0.9576807 8.695741 5.1331687

