-0.038307235 8.542511 5.4013195
-0.49799395 9.002198 5.477934
-0.842759 9.691729 5.477934
-0.7278373 11.032482 5.7843914
-0.6895301 11.185711 5.746084
-0.72783726 11.070788 5.7843914
-0.80445176 10.879252 5.746084
-0.88106626 10.764331 5.8226986
-0.9193735 10.572795 5.9759274
-0.9959879 10.496181 6.0142345
-0.9576807 10.611102 6.0525417
-0.80445176 10.802638 6.0142345
-0.53630114 11.147403 5.7843914
0.0 11.836933 5.3247046
0.15322891 11.951855 5.1714754
0.11492168 11.645397 5.056554
0.038307227 11.377246 5.2097826
0.038307227 11.224017 5.4013186
0.22984336 11.3006315 5.5162406
0.6895301 11.645397 5.4779334
1.8387469 12.373235 5.056554
2.2218192 12.449849 4.7117887
2.336741 12.258312 4.4819455
2.2984335 11.87524 4.3287163
1.9536686 10.994175 4.3670235
1.8770542 10.726024 4.5202527
2.030283 10.764331 4.4436383
2.2984335 10.764331 4.213795
2.4899697 10.840945 3.86903
2.7964275 10.91756 3.6008794
3.064578 10.955867 3.1411927
3.1411924 10.91756 2.873042
3.0262709 10.649409 2.4516625
2.834735 10.342951 2.4133554
2.566584 9.998186 2.528277
2.3750482 9.691729 2.719813
2.336741 9.576807 2.9496565
2.3750482 9.576807 3.064578
2.6048915 9.653421 3.2561142
2.834735 9.768343 3.2944214
2.9879637 9.768343 3.3327286
3.064578 9.691729 3.3710358
3.0262709 9.576807 3.217807
2.873042 9.385271 3.1794999
2.719813 9.078814 3.1028852
2.566584 8.734048 2.9879637
2.3750482 8.465897 2.873042
2.2218192 8.236053 2.7581203
1.9153614 7.8912888 2.528277
1.8004396 7.6614456 2.4899697
1.685518 7.4699097 2.375048
1.532289 7.3549876 2.2218192
1.4556746 7.2783732 2.0685902
1.3790601 7.3932953 1.8770542
1.2641386 7.4699097 1.6089036
1.1875241 7.508217 1.2641385
1.1109096 7.354988 0.9959879
0.9193735 7.0102224 0.842759
0.68953013 6.6271505 0.6512228
0.4213795 6.2440777 0.68953
0.11492168 6.0525417 0.72783726
-0.076614454 5.899313 0.6512228
-0.22984335 5.899313 0.6512228
-0.34476504 5.93762 0.4213795
-0.45968673 5.93762 0.19153616
-0.57460845 6.0142345 -0.038307227
-0.6512228 6.0142345 -0.22984335
-0.7278373 6.0525417 -0.22984335
-0.7661445 6.090849 -0.26815057
-0.84275895 6.2057705 -0.34476507
-0.91937345 6.320692 -0.6512228
-0.9959879 6.4356136 -0.8810662
-0.9959879 6.588843 -1.1109096
-0.8810662 6.7420716 -1.2641385
-0.8044517 6.856993 -1.1109096
-0.72783726 7.0485296 -1.0726024
-0.80445176 7.125144 -0.9576807
-0.9959879 7.0102224 -0.7661445
-1.2258313 6.895301 -0.61291564
-1.3790601 6.742072 -0.34476504
-1.493982 6.6271505 -0.19153613
-1.6089035 6.5888433 -0.11492168
-1.685518 6.550536 -0.19153613
-1.8004397 6.550536 -0.4213795
-1.8770542 6.703765 -0.61291564
-1.7238252 7.0102224 -0.842759
-1.4556746 7.2400665 -1.0726024
-1.2258313 7.4699097 -1.3024458
-1.1109096 7.546524 -1.4556746
-1.2258313 7.431602 -1.4939818
-1.4556746 7.3166804 -1.3790601
-1.8004396 7.086837 -1.1109096
-2.0685902 6.7803793 -0.8810662
-2.2984335 6.512229 -0.7661445
-2.528277 6.282385 -0.6512228
-2.6431987 6.129156 -0.5746084
-2.7581205 6.1674633 -0.6512229
-2.7581205 6.3206925 -0.6895301
-2.6431987 6.5505357 -0.7278373
-2.528277 6.742072 -0.842759
-2.375048 6.8569937 -0.6512229
-2.2601264 6.895301 -0.38307226
-2.4133554 6.9719152 -0.22984336
-2.7964275 7.1634517 -0.15322891
-3.0645783 7.086837 -0.4213795
-2.987964 7.0102224 -0.45968676
-2.6431987 7.163452 0.30645782
-2.4899697 7.776367 1.1492168
-2.4133554 8.00621 1.3024457
-2.4899697 8.00621 1.1492168
-2.6431985 7.8146744 0.842759
-2.7581203 7.4316025 0.61291564
-2.9113493 7.0102224 0.34476504
-2.9113493 6.5888433 0.34476504
-2.9496565 6.282385 0.5746084
-3.1411927 6.0525417 0.7661445
-3.4476504 5.9759274 1.2258313
-3.6774938 6.205771 1.8387468
-3.6391866 6.5505357 2.4899695
-3.371036 7.2017584 2.9879634
-2.7964275 7.967903 3.1411927
-2.2984335 8.6574335 2.9879637
-2.0685904 9.308657 2.8730419
-1.8770542 9.691729 2.8347347
-1.9536686 9.998186 3.064578
-2.1068976 10.304644 3.3710358
-2.183512 10.457872 3.6774938
-2.3750482 10.572795 4.1371803
-2.566584 10.496181 4.5585604
-2.7581203 10.304645 5.0182467
-2.834735 10.151415 5.516241
-2.834735 10.228029 5.899313
-2.6431987 10.611102 6.3206925
-2.2601264 11.224017 6.588843
-1.9153614 12.028469 6.8186865
-1.6472107 12.56477 6.933608
-1.4939818 12.832921 6.895301
-1.4939818 12.679691 6.8186865
-1.6089035 12.220005 6.4356146
-1.7621324 11.722012 6.244078
-1.9536686 11.185711 6.205771
-2.183512 10.6877165 6.3589997
-2.3750482 10.342951 6.8569937
-2.5282772 10.113108 7.393295
-2.5282772 9.959879 7.8529816
-2.2984335 10.113108 8.197746
-1.877054 10.381258 8.389283
-1.3407528 10.764331 8.044518
-0.9193734 11.147404 7.4699097
-0.68953013 11.33894 7.0102224
-0.53630114 11.33894 6.703765
-0.34476504 11.300632 6.8186865
-7.4505806E-9 11.300632 7.1634517
0.34476504 11.415554 7.240066
0.6512229 11.530476 7.0102224
0.8810662 11.530476 6.62715
0.8810662 11.415554 6.167464
0.7661445 11.070788 5.899313
0.5746084 10.764331 5.861006
0.344765 10.342951 5.93762
0.15322891 9.998186 6.129156
0.11492168 9.80665 6.3589997
0.11492168 9.653421 6.397307
0.11492168 9.691729 6.2823853
0.19153613 9.730036 6.0142345
0.30645782 9.80665 5.66947
0.42137948 9.844957 5.554548
0.5746084 9.883265 5.631162
0.6895301 9.844957 5.707777
0.7661446 9.768343 5.707777
0.842759 9.768343 5.5162406
0.9576807 9.80665 5.24809
1.1492169 9.883265 5.094861
1.3024457 9.998186 5.0182467
1.4556746 9.998186 5.0182467
1.4939818 9.844957 5.094861
1.340753 9.615114 5.0182467
1.1875241 9.232042 5.0182467
0.9576807 8.848969 5.0948615
0.7278373 8.465897 5.1331687
0.61291564 8.159439 5.3247046
0.45968673 7.8529816 5.401319
0.38307226 7.6231384 5.401319
0.38307226 7.584831 5.324704
0.38307226 7.6614456 5.2097826
0.49799395 7.8146744 5.1714754
0.61291564 8.0445175 5.094861
0.6512228 8.082825 5.133168
0.6512228 8.00621 5.171476
0.57460845 7.967903 5.2863975
0.53630114 7.8529816 5.477934
0.5746084 7.929596 5.66947
0.6512228 8.082825 5.899313
0.72783726 8.274361 6.0142345
0.7661445 8.42759 6.244078
0.7278373 8.42759 6.3589997
0.6512228 8.389282 6.3589997
0.6512228 8.350975 6.397307
0.61291564 8.312668 6.2440777
0.5746084 8.274361 6.2057705
0.53630114 8.236053 6.1674633
0.45968673 8.236053 6.090849
0.4213795 8.274361 6.0525417
0.4213795 8.350975 5.899313
0.45968673 8.42759 5.746084
0.49799398 8.465898 5.631162
0.4213795 8.504205 5.363012
0.2681506 8.504205 5.1714754
0.15322891 8.504205 5.24809

