0.038307227 8.427589 5.24809
-0.53630114 8.197746 5.66947
-1.1109096 8.848969 5.8226986
-1.5705962 9.576807 5.899313
-1.8387469 10.266337 6.0142345
-1.9536686 11.032481 6.0525417
-1.8770542 11.070788 6.090849
-1.8770542 10.994174 6.2440777
-2.030283 10.802637 6.3589993
-2.2601264 10.381258 6.2440777
-2.030283 10.49618 6.129156
-1.0342951 11.415553 5.861006
-0.5746084 11.951855 5.7077765
-0.4213795 12.220005 5.363012
-0.49799395 12.105083 5.056554
-0.6512228 11.760319 5.0948615
-0.61291564 11.377247 5.5928555
-0.45968673 11.185711 5.8226986
-0.30645782 11.070788 5.93762
-0.11492168 11.109096 6.0142345
0.038307227 11.109096 6.129156
0.19153613 11.109096 6.1674633
0.38307226 11.070788 6.1674633
0.45968673 10.994174 6.1674633
0.49799395 10.802638 6.2057705
0.4213795 10.649409 6.1674633
0.26815057 10.419566 6.2057705
0.22984336 10.228029 6.282385
0.30645782 10.151415 6.2057705
0.38307226 10.036493 6.129156
0.53630114 10.113108 6.0142345
0.68953013 10.151415 5.8226986
0.7661446 10.266336 5.5545483
0.99598795 10.496181 4.8267107
0.9576807 10.496181 4.520252
0.8810662 10.304644 4.252102
0.68953013 9.998186 4.1754875
0.45968673 9.653421 4.2521024
0.22984336 9.2703495 4.2137947
-0.038307227 8.963891 4.252102
-0.2681506 8.734048 4.1754875
-0.45968673 8.6574335 3.9839516
-0.5363012 8.619126 3.86903
-0.49799395 8.695741 3.7158012
-0.26815057 8.848969 3.4859576
0.038307227 9.002198 3.1028852
0.45968673 9.232042 2.2601264
0.49799398 9.308657 2.0685902
0.5363012 9.2703495 2.1068974
0.4213795 9.155427 2.2601264
0.07661445 8.734047 2.3750482
-0.30645782 8.236053 2.566584
-0.61291564 7.776367 2.7581203
-0.91937345 7.354988 3.1411927
-1.1875241 6.933608 3.371036
-1.37906 6.703765 3.371036
-1.4556746 6.550536 3.1411927
-1.4939818 6.435614 2.719813
-1.4556746 6.5505357 2.2984335
-1.4173673 6.7037644 1.9536686
-1.3790601 6.9719152 1.7238252
-1.3407528 7.1251445 1.6089036
-1.3407528 7.1634517 1.6089036
-1.3790603 7.1634517 1.5705962
-1.6089036 6.933608 1.4173673
-1.8004397 6.8569937 1.2641385
-1.9536686 6.7803793 1.1109096
-2.1452048 6.6271505 0.9193734
-2.2984338 6.5122285 0.9193734
-2.4516625 6.4739213 0.7278373
-2.4133554 6.588843 0.7278373
-2.375048 6.6654577 0.5746084
-2.375048 6.6654577 0.34476504
-2.3750482 6.742072 0.11492168
-2.4133554 6.8186865 -0.076614454
-2.3750482 6.933608 -0.11492168
-2.336741 7.0485296 -0.11492168
-2.3750482 7.086837 -0.19153613
-2.4899697 7.163451 -0.45968673
-2.4899697 7.2017584 -0.6512228
-2.4133554 7.3166804 -0.5746084
-2.336741 7.4316025 -0.344765
-2.2218192 7.546524 -0.26815057
-2.2218192 7.6614456 -0.19153613
-2.2601264 7.6614456 -0.22984336
-2.4133554 7.508217 -0.5746084
-2.6431985 7.3166804 -0.91937345
-2.7964277 7.0102224 -1.1109096
-2.9879637 6.780379 -1.340753
-3.1411927 6.6654572 -1.4173673
-3.2561142 6.5505357 -1.3024457
-3.2944214 6.8186865 -1.0342951
-3.1794999 6.933608 -0.842759
-3.1028855 7.0102224 -0.7661445
-3.1028855 6.895301 -0.7278373
-3.1411927 6.62715 -0.6512228
-3.2561142 6.397307 -0.49799395
-3.3327286 6.2057705 -0.26815057
-3.3327286 6.129156 -0.038307227
-3.2944214 6.129156 0.11492168
-3.1411927 6.3206925 0.15322891
-2.9496565 6.588843 0.11492168
-2.681506 6.933608 0.076614454
-2.413355 7.5082164 0.15322891
-2.413355 7.6231384 0.2681506
-2.528277 7.4699097 0.49799395
-2.6048915 7.1634517 0.6512228
-2.6431987 6.8953004 0.6895301
-2.6048915 6.780379 0.80445176
-2.4899697 7.04853 1.0342951
-2.566584 7.3166804 1.2258313
-2.6815057 7.3166804 1.1109096
-2.7581203 7.3166804 0.91937345
-2.681506 7.2783732 0.842759
-2.566584 7.3166804 0.9959879
-2.4516625 7.393295 1.2641385
-2.2984335 7.431602 1.6089034
-2.2984335 7.584831 1.8004396
-2.336741 7.8912888 1.9536686
-2.3750482 8.197746 1.9919758
-2.5282772 8.504204 1.7238252
-2.681506 8.619126 1.532289
-2.7581205 8.619126 1.532289
-2.7964277 8.542512 1.7621324
-2.528277 8.6574335 2.9879637
-2.3750482 8.887277 3.5242648
-2.1452048 9.2703495 3.7924156
-1.9536686 9.768343 3.6008794
-1.8770542 10.113108 3.1411927
-1.8004396 10.228029 2.4516625
-1.838747 10.228029 2.0685904
-1.9153614 10.036493 1.9919759
-1.9536686 9.768343 2.9113493
-1.8387469 9.768343 3.6008792
-1.7621324 9.844957 4.4819455
-1.685518 10.036493 5.324704
-1.5705962 10.151415 5.899313
-1.4939818 10.304644 6.167464
-1.3407528 10.496181 6.1291566
-1.1109096 10.726024 5.93762
-0.8810662 10.955867 5.631162
-0.7278373 11.109096 5.439626
-0.7278373 10.994174 5.401319
-0.8044518 10.879252 5.6311626
-0.8044518 10.879252 6.3206925
-0.6512229 10.994174 6.933608
-0.34476507 11.45386 7.3166804
-0.11492168 11.760319 7.201759
-0.038307227 11.87524 6.8569937
-0.11492168 11.87524 6.5122285
-0.19153613 11.645397 6.320692
-0.19153613 11.453861 6.4739213
-0.22984335 11.262324 6.588843
-0.15322891 11.070788 6.7420716
-0.076614454 11.070788 6.8186865
0.038307227 11.147404 6.6654577
0.19153613 11.33894 6.473922
0.2681506 11.415554 6.2057705
0.30645782 11.33894 5.9759274
0.26815057 11.109097 5.93762
0.26815057 10.91756 5.93762
0.30645782 10.879252 6.0525417
0.4213795 10.994174 6.129156
0.6512229 11.070788 6.1674633
0.80445176 11.070788 6.1674633
0.84275895 10.91756 6.0142345
0.72783726 10.457872 5.93762
0.49799395 10.036493 5.7843914
0.34476507 9.576807 5.707777
0.22984336 9.193735 5.746084
0.22984336 9.040505 5.7843914
0.26815057 9.040505 5.861006
0.34476507 9.11712 5.93762
0.5363012 9.193734 5.899313
0.7278373 9.232041 5.746084
0.8810662 9.155427 5.554548
0.9576807 8.963891 5.2480903
0.9193734 8.810662 5.094861
0.84275895 8.619126 5.0182467
0.84275895 8.580819 5.056554
0.95768064 8.772355 5.133168
1.1875241 9.078814 5.1714754
1.3790601 9.500193 5.2863975
1.5705963 9.80665 5.2480903
1.6089035 9.959879 5.3247046
1.532289 9.921572 5.401319
1.4939818 9.730036 5.5162406
1.3790601 9.461885 5.746084
1.2258313 9.117121 5.861006
0.80445176 8.580819 6.0142345
0.5746084 8.389282 5.93762
0.344765 8.236053 5.7843914
0.15322891 7.967903 5.5928555
0.11492168 7.73806 5.3630123
0.076614454 7.6614456 5.3630123
0.15322891 7.6231384 5.516241
0.2681506 7.776367 5.8226986
0.4213795 8.0445175 6.282385
0.53630114 8.236053 6.3973064
0.61291564 8.465898 6.3589993
0.6512228 8.580819 6.090849
0.5363012 8.580819 5.7843914
0.4596867 8.465897 5.66947
0.38307226 8.274361 5.746084
0.26815057 8.197746 5.861006
0.19153613 8.121132 5.861006
0.15322891 8.082825 5.899313

