0.11492168 8.082825 5.861006
-0.4213795 8.0445175 5.899313
-0.95768064 7.967903 6.0908494
-1.532289 7.8146744 6.2823853
-1.8770542 7.776367 6.3589997
-2.1452045 7.699753 6.2823853
-2.2218192 7.776367 6.1674633
-2.2218192 7.8912888 6.090849
-2.2218192 8.00621 6.2440777
-2.1452045 8.159439 6.2440777
-2.030283 8.350975 6.282385
-1.9153614 8.465898 6.3589993
-1.7621325 8.580819 6.320692
-1.7238252 8.6574335 6.3589997
-1.7238252 8.6574335 6.282385
-1.7238252 8.810662 6.282385
-1.7621324 8.963891 6.2440777
-1.6472108 9.232041 6.090849
-1.532289 9.538499 6.090849
-1.4173675 9.844957 5.9759274
-1.340753 10.266337 5.8226986
-1.3024457 10.764331 5.66947
-1.340753 10.840945 5.6311626
-1.340753 10.840945 5.8226986
-1.3790601 10.6877165 5.9759274
-1.2641385 10.764331 6.5505357
-1.1492168 10.802638 6.588843
-0.8810662 11.032482 6.5505357
-0.57460845 11.185711 6.397307
-0.30645782 11.415554 6.2057705
0.0 11.530476 5.93762
0.076614454 11.530476 5.66947
0.038307227 11.415554 5.439626
0.0 11.032481 5.209783
-0.15322891 10.649408 5.0182467
-0.22984336 10.266336 5.0182467
-0.30645782 9.844957 5.1331687
-0.344765 9.730036 5.4779334
-0.3064578 9.691729 6.0142345
-0.22984335 9.730036 6.320692
-0.15322891 9.844957 6.3973064
-0.11492168 9.768343 6.129156
-0.11492168 9.653421 5.66947
-0.15322891 9.500193 5.286397
-0.19153613 9.346964 4.9416323
-0.15322891 9.308657 4.903325
-0.11492168 9.308657 4.865018
-0.038307227 9.346964 4.903325
0.15322891 9.576807 5.094861
0.34476504 9.80665 5.1714754
0.45968673 9.998186 5.2863975
0.49799395 10.0748005 5.3247046
0.34476504 9.844957 5.0948615
-0.19153613 9.385271 4.7500963
-0.30645782 9.308657 4.55856
-0.30645782 9.500193 4.405331
-0.22984336 9.691729 4.098873
-0.11492168 9.844957 3.7924156
-0.038307227 9.921572 3.562572
0.076614454 9.998186 3.4093432
0.22984336 10.113108 3.371036
0.49799395 10.342952 3.4093432
0.7661445 10.649409 3.3327289
0.9959879 10.879252 3.2178073
1.1492168 11.032481 3.1028852
1.1109096 10.91756 3.0262709
0.9576807 10.6877165 3.0262709
0.8044518 10.419566 3.1794999
0.7661446 10.189722 3.4859576
0.842759 10.113108 3.715801
0.9959879 10.0748005 3.86903
1.2258313 9.883265 3.7924156
1.1875241 9.691729 3.5625722
1.1109096 9.461885 3.4476504
0.9576807 8.963892 3.409343
0.8810662 8.734048 3.3327286
0.6512228 8.350975 3.026271
0.61291564 8.274361 2.719813
0.57460845 8.236053 2.566584
0.6512228 8.312668 2.375048
0.7278373 8.542511 2.3367407
0.842759 8.734048 2.2601264
0.9193735 8.925584 2.030283
0.9193735 9.002198 1.6089035
0.842759 8.925584 1.1109096
0.7661445 8.848969 0.68953013
0.6129156 8.695741 0.3830723
0.4213795 8.504204 0.2681506
0.22984336 8.350975 0.22984335
-0.038307227 8.197746 0.2681506
-0.22984336 8.0445175 0.2681506
-0.34476504 8.00621 0.30645782
-0.38307226 8.0445175 0.38307226
-0.30645782 8.082825 0.45968673
-0.22984335 8.159439 0.61291564
-0.2681506 8.197746 0.6512228
-0.34476504 8.082825 0.61291564
-0.57460845 7.967903 0.61291564
-0.7278373 7.8146744 0.61291564
-0.8810662 7.6231384 0.6512228
-1.1109096 7.393295 0.5746084
-1.3024457 7.163451 0.49799395
-1.5705963 6.9719152 0.30645782
-1.685518 6.8186865 0.15322891
-1.4939818 6.7803793 0.11492168
-1.2641385 6.8569937 0.19153613
-1.1109096 7.086837 0.30645782
-0.9959879 7.354988 0.19153613
-0.9576807 7.546524 -0.038307227
-1.0726024 7.6614456 -0.3830723
-1.1875241 7.4316025 -0.7661446
-1.6089035 6.8569937 -0.9576807
-1.8770541 6.6271505 -0.6512228
-1.9536686 6.6654577 -0.45968673
-1.9536686 6.895301 -0.34476504
-1.9153614 7.04853 -0.34476504
-1.8387469 7.2783732 -0.49799392
-1.7621325 7.508217 -0.7278373
-1.7238252 7.546524 -1.1109096
-1.7621324 7.584831 -1.3024457
-1.8387469 7.6614456 -1.4556745
-1.9153614 7.6231384 -1.3790601
-1.9536686 7.73806 -1.0342951
-1.9153614 7.73806 -0.7661445
-1.9153614 7.5082164 -0.22984336
-2.030283 7.2400656 -0.22984336
-2.2218192 7.163451 -0.34476504
-2.4133554 7.0102224 -0.61291564
-2.6048915 7.0485296 -0.7661446
-2.681506 7.0868373 -0.80445176
-2.6048913 7.1634517 -0.6512228
-2.4133554 7.3549876 -0.4596867
-2.183512 7.546524 -0.26815057
-1.9919758 7.776367 -0.19153613
-1.9919758 7.929596 -0.19153613
-2.1452048 8.00621 -0.22984336
-2.336741 7.967903 -0.26815057
-2.4899697 7.73806 -0.34476507
-2.528277 7.4316025 -0.2681506
-2.3750482 7.2017584 -0.076614454
-2.1452045 7.2017584 0.07661445
-1.9919758 7.4316025 0.38307226
-1.8770541 7.699753 0.38307226
-1.9919758 7.967903 0.07661445
-2.1068974 7.8146744 -0.11492168
-2.2601264 7.6231384 -0.11492168
-2.4133554 7.431602 0.114921674
-2.528277 7.0868373 1.0342951
-2.528277 7.1251445 1.4173673
-2.528277 7.201759 1.532289
-2.6431987 7.240066 1.340753
-2.873042 7.2017584 0.9959879
-2.9879637 7.2783732 1.187524
-2.9879637 7.4316025 1.6855181
-2.8347347 7.776367 2.375048
-2.6815057 8.121132 3.064578
-2.4516625 8.465897 3.6008792
-2.221819 8.887277 3.86903
-2.1835117 9.193735 3.8307228
-2.1452045 9.346964 3.4476507
-2.2601264 9.423578 2.9113495
-2.4516625 9.423578 2.528277
-2.6048913 9.385271 2.4133554
-2.6431985 9.423578 2.834735
-2.6048913 9.500193 3.6008792
-2.336741 9.844957 4.55856
-1.9153613 10.151415 5.056554
-1.5705962 10.534488 5.0182467
-1.340753 10.649409 3.9073372
-1.7238252 10.49618 3.4859576
-2.0685902 10.113108 3.371036
-2.2984338 9.844957 3.8307226
-2.183512 9.80665 5.171476
-1.9536686 10.151415 5.66947
-1.4939818 10.726024 5.5162406
-1.4556745 10.840945 5.2097826
-1.5705962 10.726024 4.8650174
-1.9153614 10.534488 4.55856
-2.1452048 10.342952 4.55856
-2.2218192 10.304645 4.903325
-2.183512 10.419566 5.3247046
-1.8770541 10.879252 5.7460837
-1.4939818 11.492168 6.0142345
-1.1109096 12.066776 6.0142345
-0.6895301 12.56477 6.0142345
-0.38307226 12.717999 5.9759274
-0.22984335 12.756307 5.8226986
-0.15322891 12.679692 5.707777
-0.19153613 12.449849 5.5928555
-0.26815057 12.220005 5.5545483
-0.34476507 11.87524 5.746084
-0.38307226 11.453861 5.9759274
-0.4213795 11.070789 6.2057705
-0.30645782 10.726025 6.3589997
-0.19153613 10.496181 6.282385
-0.11492168 10.381259 5.9759274
0.038307227 10.189722 5.5162406
0.11492168 10.036493 5.094861
0.3064578 9.998186 4.7117887
0.5363012 9.998186 4.55856
0.7661445 10.189722 4.5968676
0.9576807 10.266336 4.5968676
1.0342952 10.266336 4.673482
1.0726024 10.228029 4.673482
1.0726024 10.0748005 4.7884035
1.0726024 9.921572 5.0948615
1.0342951 9.691729 5.363012
0.9576807 9.500193 5.707777
0.8810662 9.385271 5.93762
0.8810662 9.346964 5.899313
0.9959879 9.500193 5.861006
1.2641385 9.768343 5.66947
1.9536686 10.457873 5.133168
2.2218192 10.764331 4.865018
2.4516625 10.840945 4.55856
2.2601264 10.534488 4.55856
1.9153614 10.036494 4.6351743
1.4556746 9.500193 4.7884035
0.9576807 8.925584 4.8267107
0.5746084 8.465897 4.865018
0.30645782 8.0445175 4.8267107
0.15322891 7.73806 4.865018
0.076614454 7.6231384 4.903325
0.038307227 7.5465236 5.0182467
0.038307227 7.584831 5.2097826
0.038307227 7.73806 5.24809
0.11492168 7.8529816 5.286397
0.19153613 8.082825 5.1714754
0.34476507 8.312668 5.133168
0.4596867 8.542512 5.056554
0.6512228 9.040506 5.209783
0.61291564 9.232042 5.171476
0.30645782 9.232041 5.209783

