3.3327289 10.036493 8.887277
2.6431987 9.768343 8.580819
1.7238252 8.848969 8.0445175
0.61291564 7.6231384 7.354988
-0.45968673 6.588843 6.8186865
-1.2258313 5.93762 6.5505357
-1.8387469 5.4779334 6.435614
-2.2218192 5.2480903 6.5122285
-2.3750482 5.133168 6.742072
-2.4133554 5.056554 7.0868373
-2.2601264 5.133168 7.3166804
-1.9536686 5.324704 7.546524
-1.532289 5.66947 7.6231384
-1.1109096 6.0525417 7.699753
-0.6512228 6.5122285 7.929596
-0.2681506 6.8569937 8.236053
-0.11492168 7.0485296 8.465897
-0.076614454 7.201759 8.580818
-0.22984336 7.1251445 8.542511
-0.49799395 6.9719157 8.159439
-0.80445176 6.703765 7.8529816
-1.1109096 6.397307 7.508217
-1.3790601 6.1674633 7.2783732
-1.5705963 5.93762 7.2783732
-1.6472107 5.861006 7.2783732
-1.6472107 5.899313 7.3549876
-1.5705963 5.9759274 7.431602
-1.4556745 6.1291566 7.546524
-1.3024457 6.3206925 7.6614456
-1.1109095 6.473922 7.8146744
-0.91937345 6.6271505 7.967903
-0.7661446 6.7803793 8.0445175
-0.6512228 6.7803793 8.082825
-0.6512228 6.7037644 7.967903
-0.80445176 6.588843 7.8529816
-0.95768064 6.3973064 7.776367
-1.0726023 6.2440777 7.73806
-1.1109096 6.2057705 7.776367
-1.0726024 6.2440777 7.8529816
-1.0342952 6.2823853 7.8146744
-1.0342952 6.435614 7.776367
-1.0726024 6.435614 7.8146744
-1.1109096 6.3589997 7.776367
-1.187524 6.3589997 7.776367
-1.2641385 6.205771 7.929596
-1.2641385 6.1291566 7.967903
-1.2641385 6.090849 7.967903
-1.2258313 6.0142345 7.967903
-1.1109096 6.0525417 7.8529816
-1.0342951 6.090849 7.8146744
-0.91937345 6.090849 7.8529816
-0.7278373 6.1674633 7.8912888
-0.61291564 6.2057705 7.929596
-0.49799395 6.282385 7.8912888
-0.38307226 6.3589997 7.776367
-0.5746084 6.3206925 7.4316025
0.0 6.5505357 7.240066
0.57460845 6.7803793 7.1251445
1.0726025 7.0102224 7.010223
1.8770542 7.469909 7.240066
1.9919758 7.6231384 7.776367
2.183512 7.8912888 8.312668
2.4133554 8.159439 8.772355
2.4899697 8.121132 8.925584
2.3750482 8.00621 8.69574
2.1068974 7.73806 8.312668
1.7621324 7.3549876 7.73806
1.4556746 7.086837 7.1251445
1.2258313 6.856993 6.856993
1.1492169 6.6654572 6.895301
1.1875241 6.588843 7.1634517
1.3024458 6.588843 7.4699097
1.4939818 6.7420716 7.699753
1.685518 6.933608 7.6231384
1.8387469 7.125144 7.4699097
1.9153614 7.3166804 7.316681
1.8387469 7.3166804 7.0485296
1.6472108 7.240066 6.9719152
1.4556746 7.125144 6.933608
1.3024457 7.0102224 7.086837
1.2641385 6.9719152 7.278373
1.3024457 7.0485296 7.4699097
1.4173675 7.163451 7.584831
1.532289 7.3549876 7.584831
1.5705965 7.469909 7.469909
1.6472108 7.5082164 7.3166804
1.6089036 7.5082164 7.163451
1.5705963 7.431602 7.163451
1.5705963 7.393295 7.316681
1.5705963 7.3549876 7.508217
1.6472107 7.4316025 7.8146744
1.8387468 7.508217 7.967903
2.030283 7.6614456 8.00621
2.183512 7.8146744 7.8912888
2.2218192 7.8146744 7.699753
2.1068974 7.699753 7.354988
1.8387469 7.546524 7.125144
1.5705963 7.354988 7.0102224
1.4173675 7.1634517 6.933608
1.3790603 7.201759 7.2017584
1.5705962 7.240066 7.393295
1.7621324 7.354988 7.508217
1.9919758 7.6231384 7.584831
2.1452045 7.776367 7.4316025
2.221819 7.776367 7.3166804
2.221819 7.699753 7.201759
2.1452045 7.5465236 7.1634517
2.0685902 7.3549876 7.125144
1.9919758 7.2783732 7.2400656
2.1068974 7.3932953 7.2783737
2.2984335 7.508217 7.3932953
2.528277 7.73806 7.354988
2.7581203 7.929596 7.163451
2.873042 8.0445175 6.9719152
2.9496565 8.197746 6.742072
2.9496565 8.159439 6.62715
2.9496565 8.159439 6.5122285
2.9496565 8.159439 6.5122285
2.9113493 8.00621 6.435614
2.9496565 8.0445175 6.550536
3.0645783 8.159439 6.6271505
3.1794999 8.197746 6.6271505
3.2561142 8.42759 6.473922
3.2561142 8.542512 6.167464
3.1411927 8.542512 5.899313
3.0262709 8.504204 5.8226986
2.9113493 8.389282 6.0908494
2.873042 8.274361 6.3973074
2.873042 8.312668 6.742072
2.9113493 8.350975 6.8569937
2.9879637 8.389283 6.8186865
2.9879637 8.465898 6.588843
2.9496565 8.42759 6.2823853
2.8347347 8.389282 6.0908494
2.681506 8.350975 5.861006
2.528277 8.274361 5.861006
2.4516625 8.197746 6.0142345
2.4516625 8.197746 6.167464
2.528277 8.236053 6.4739213
2.6431987 8.312668 6.703765
2.719813 8.427589 6.6271505
2.7581203 8.504205 6.512229
2.719813 8.504205 6.2440777
2.681506 8.465898 5.861006
2.6431987 8.42759 5.707777
2.6048915 8.389283 5.5162406
2.5665843 8.312668 5.439626
2.528277 8.312668 5.439626
2.4899697 8.312668 5.363012
2.528277 8.350975 5.3247046
2.6431985 8.504205 5.133168
2.8347347 8.695741 5.133168
2.9496565 8.810662 5.094861
2.9113493 8.848969 5.0182467
2.7581203 8.848969 5.056554
2.528277 8.695741 5.0182467
2.3367407 8.542511 5.0182467
2.1835117 8.504204 5.133168
2.1068974 8.504204 5.094861
2.0685902 8.504204 5.094861
2.0685902 8.542512 5.0182467
2.1452048 8.580819 4.903325
2.2218192 8.6574335 4.7884035
2.2218192 8.772355 4.4819455
2.1452045 8.810662 4.367024
2.030283 8.772355 4.2521024
1.8770542 8.695741 4.213795
1.7621324 8.619126 4.213795
1.7238252 8.695741 4.1371803
1.7238252 8.772355 4.1371803
1.8004396 8.887277 4.1754875
1.8770541 9.002198 4.1371803
1.9153614 9.002198 3.9839516
1.8387469 9.002198 3.7158012
1.7621324 8.848969 3.371036
1.6472107 8.772355 3.2561145
1.4556745 8.6574335 3.2178073
1.340753 8.619126 3.1794996
1.2641385 8.6574335 3.1794996
1.2258313 8.695741 3.1411924
1.340753 8.810662 3.1794999
1.4173675 8.848969 3.217807
1.4173675 8.848969 3.217807
1.340753 8.734048 3.1794999
1.1109096 8.504204 3.1411927
0.8810662 8.236053 3.2944214
0.6512229 8.0445175 3.3327286
0.5363012 7.8529816 3.2561142
0.61291564 7.8912888 2.873042
0.7278373 7.929596 2.719813
0.7661445 8.121132 2.681506
0.6512228 8.236053 2.5665843
0.5746084 8.312668 2.5282772
0.38307226 8.274361 2.6048915
0.15322891 8.121132 2.681506
-0.038307227 8.0445175 2.7964275
-0.2681506 7.8912888 2.8347347
-0.4213795 7.929596 2.7581203
-0.4213795 8.0445175 2.566584
-0.30645782 8.197746 2.3750482
-0.15322891 8.427589 2.1068976
0.0 8.6574335 1.8004396
0.076614454 8.848969 1.6472107
0.11492168 8.925584 1.532289
0.11492168 8.887277 1.5705963
0.0 8.734048 1.685518
-0.11492168 8.580819 1.7238252
-0.22984336 8.542512 1.7621324
-0.38307226 8.542512 1.685518
-0.4213795 8.542512 1.532289
-0.38307226 8.619126 1.340753
-0.34476504 8.619126 1.187524
-0.22984335 8.695741 1.1109096
-0.19153613 8.810662 1.0342952
-0.2681506 8.848969 0.9576807
-0.34476504 8.848969 0.842759
-0.38307226 8.848969 0.6512228
-0.4213795 8.772355 0.5363012
-0.38307226 8.695741 0.5363012
-0.38307226 8.6574335 0.5363012
-0.4213795 8.580819 0.49799395
-0.4213795 8.619126 0.4213795
-0.45968673 8.695741 0.30645782
-0.4213795 8.772355 0.22984335
-0.3830723 8.848969 0.15322891
-0.3830723 8.848969 0.038307227
-0.3830723 8.810662 0.0
-0.4213795 8.734048 -0.076614454
-0.4213795 8.734048 0.0
-0.30645782 8.772355 0.2681506
-0.30645782 8.810662 0.30645782
-0.38307226 8.695741 0.34476504
-0.5363012 8.542512 0.3830723
-0.6895301 8.389282 0.3830723
-0.80445176 8.197746 0.5746084
-0.8810662 8.121132 0.6895301
-0.8810662 8.159439 0.7661445
-0.8044517 8.197746 0.8044517
-0.6512228 8.350975 0.6512228
-0.45968673 8.504205 0.49799395
-0.34476504 8.619126 0.2681506
-0.26815057 8.734048 0.15322891
-0.30645782 8.848969 0.15322891
-0.4596867 8.848969 0.038307227
-0.61291564 8.810662 0.11492168
-0.842759 8.734048 0.22984336
-1.0342951 8.580819 0.4213795
-1.1492169 8.504205 0.6512228
-1.2258313 8.465898 0.9193734
-1.1875241 8.389283 0.95768064
-1.1109096 8.42759 0.91937345
-0.9959879 8.504205 0.84275895
-0.7661445 8.695741 0.5746084
-0.49799395 8.963891 0.4213795
-0.4213795 9.040505 0.45968673
-0.49799395 8.925584 0.7661445
-0.5746084 8.810662 1.1492168
-0.7278373 8.810662 1.4556746
-0.99598783 8.695741 1.7621324
-1.3024457 8.619126 1.8770541
-1.5705963 8.542512 1.7238252
-1.8770542 8.312668 1.6089035
-1.8770542 8.197746 1.6089035
-1.838747 8.236053 1.7238252
-1.8004396 8.236053 1.8387469
-1.7621324 8.312669 1.8387469
-1.7238252 8.504205 1.8004397
-1.6855179 8.542512 1.7238252
-1.6089035 8.465897 1.6472107
-1.6472107 8.312668 1.6855179
-1.8004397 8.0445175 1.7621324
-1.9919758 7.8146744 1.9536686
-2.1835117 7.73806 2.1452048
-2.2601264 7.699753 2.2218192
-2.2601264 7.776367 2.1068976
-2.2218192 7.8529816 1.8004397
-2.1068974 7.8529816 1.4173675
-1.9536686 7.8912888 1.1109096
-1.7238252 7.8529816 1.0726024
-1.5322891 7.929596 1.3024457
-1.4173675 8.0445175 1.685518
-1.340753 8.236053 2.1452045
-1.340753 8.504204 2.4516625
-1.340753 8.580818 2.4899697
-1.3024458 8.542511 2.2984335
-1.2641386 8.389282 2.030283
-1.1492169 8.121132 1.9153614
-1.0342952 7.929596 1.9153614
-0.99598795 7.967903 2.2218192
-1.0342952 8.197746 2.6431987
-1.1109096 8.465897 2.834735
-1.1492169 8.8489685 3.0645783
-1.1109096 9.155428 2.9879637
-0.9193734 9.346964 2.873042
-0.61291564 9.500193 2.7964277
-0.34476504 9.576807 2.9113493
-0.038307227 9.5385 3.0262709
0.076614454 9.308657 3.1411924
-0.076614454 9.078814 3.4093432
-0.4213795 8.772355 3.562572
-1.0342952 8.542512 3.6774938
-1.685518 8.465898 3.7541082
-2.2218192 8.389283 3.8307226
-2.4899697 8.42759 3.6391864
-2.566584 8.504205 3.6391864
-2.4899697 8.542512 3.7924156
-2.2984338 8.6574335 4.0222588
-2.1452048 8.772355 4.405331
-2.030283 8.887277 4.865018
-2.030283 9.11712 5.286397
-2.2601264 9.2703495 5.5928555
-2.6815057 9.193735 5.7843914
-3.1028852 8.963891 5.861006
-3.4859576 8.619126 5.8226986
-3.6008797 8.350975 5.861006
-3.3710363 8.312668 6.2057705
-2.9496567 8.580819 6.703765
-2.2984338 9.002198 7.354987
-1.6472108 9.576807 7.8912888
-1.1109096 10.036494 8.121132
-0.842759 10.151416 7.929596
-1.1109096 9.844958 7.3166804
-1.6472107 9.078814 6.703765
-2.3750482 8.236054 6.205771
-2.9879637 7.508217 6.167464
-3.1795 7.2017584 6.6654572
-3.0262709 7.354987 7.2783732
-2.528277 7.8529816 8.082825
-1.9153613 8.542512 8.657433
-1.3024457 9.155427 8.69574
-0.9959879 9.500193 8.350975
-1.1109096 9.461885 7.661445
-1.4939818 9.002198 6.9336076
-2.030283 8.312668 6.588843
-2.4516625 7.699753 6.7420716
-2.6048913 7.2400656 7.2400656
-2.4133554 7.2017584 7.8529816
-1.9536686 7.508217 8.42759
-1.340753 8.00621 8.810662
-0.7661446 8.542511 8.963891
-0.49799392 8.925583 8.810661
-0.5363012 9.002198 8.504204
-0.842759 8.6574335 8.274361
-1.2258313 8.159439 8.312668
-1.4939818 7.699753 8.772355
-1.4939818 7.4316025 9.38527
-1.2641385 7.6231384 9.921572
-0.9959879 7.967903 10.113108
-0.7278373 8.197746 9.998186
-0.7278373 8.350975 9.461885
-0.9959879 8.159439 8.810662
-1.4173675 7.699753 8.121132
-1.9919758 7.278373 7.584831
-2.4899697 6.742072 7.508217
-2.9113493 6.2057705 7.8146744
-3.1411927 5.899313 8.389282
-3.217807 5.6311626 8.963892
-3.1794999 5.6311626 9.385271
-2.9879637 5.8226986 9.346964
-2.719813 6.0525417 9.11712
-2.336741 6.397307 9.002198
-2.030283 6.6654572 8.925584
-1.7238252 6.895301 9.002198
-1.5322891 6.9719152 9.2703495
-1.4556746 6.9719152 9.423578
-1.340753 6.9719152 9.5385
-1.187524 6.742072 9.385271
-0.5746083 6.3589997 8.772355
0.9193734 6.167464 8.274362
2.6815057 7.086837 8.619126
4.213795 8.504204 9.500193
4.9416323 9.768343 10.419566
4.2521024 10.342951 10.840945
2.7964277 9.461885 10.342952
1.0342951 7.7380595 9.155428
-0.68953013 6.1674633 8.044518
-2.1068976 4.9799395 7.3166804
-3.1794999 4.0222588 6.5505357
-3.8690298 3.6391864 6.320692
-4.098873 3.6774936 6.3589993
-3.9839516 4.0222588 6.5122285
-3.6008792 4.5202527 6.856993
-3.064578 5.0182467 7.2017584

