-1.2258313 8.00621 5.93762
-2.1068974 8.350975 5.6694694
-2.8730419 8.695741 5.133168
-3.6008792 9.078814 5.1714754
-4.1371803 9.385271 6.2823853
-3.8307228 9.308657 8.197746
-3.4859576 9.423578 8.082825
-2.6431985 9.768343 6.550536
-2.030283 10.266336 5.899313
-1.6089035 10.49618 5.861006
-1.1875241 10.649409 6.244078
-0.6895301 10.726024 6.9719157
-0.4596867 10.649409 7.2783732
-0.26815057 10.6877165 7.240066
-0.11492168 10.572795 7.163451
0.0 10.457873 7.0485296
0.076614454 10.419565 7.086837
0.15322891 10.342951 7.2017584
0.30645782 10.534488 7.354988
0.45968673 10.649409 7.316681
0.61291564 10.802638 7.086837
0.72783726 10.91756 6.8186865
0.7661445 10.6877165 6.320693
0.6895301 10.457872 6.052542
0.53630114 10.0748005 5.8226986
0.38307226 9.730036 5.707777
0.22984336 9.576807 5.975928
0.15322891 9.5385 6.282386
0.15322891 9.730036 6.550536
0.26815057 9.844957 6.5888433
0.34476504 9.998186 6.2057705
0.38307226 10.113108 5.8226986
0.38307226 10.036493 5.401319
0.26815057 9.998186 5.0948615
0.11492168 9.844957 4.865018
0.0 9.691729 4.711789
-0.038307227 9.615114 4.673482
-0.038307227 9.5385 4.5585604
0.076614454 9.653421 4.711789
0.19153613 9.691729 4.7500963
0.26815057 9.80665 4.7500963
0.344765 9.921572 5.0182467
0.38307226 9.921572 5.2097826
0.34476504 9.844957 5.1714754
0.0 9.2703495 5.0182467
-0.30645782 8.848969 4.443639
-0.49799395 8.542511 4.0605664
-0.68953 8.389282 3.4859574
-0.68953 8.236053 3.1411927
-0.49799395 8.274361 2.9496565
-0.4596867 8.236053 3.0645783
-0.5746084 8.121132 3.0262709
-0.7278373 7.967903 3.0262709
-0.9959879 7.699753 2.7581203
-1.0342952 7.6231384 2.528277
-1.0726024 7.546524 2.2218192
-1.1492169 7.4699097 1.9536686
-1.2641385 7.3549876 1.685518
-1.4173675 7.240066 1.4556746
-1.6089036 7.0102224 1.1875241
-1.6089036 6.9719152 1.3024457
-1.6089036 6.9719152 1.4173675
-1.685518 6.8186865 1.6089036
-1.8004396 6.62715 1.685518
-1.9536686 6.3589997 1.5705963
-2.030283 6.1674633 1.4556746
-2.0685902 6.2057705 1.1875241
-1.9919758 6.3589993 0.9959879
-1.9153614 6.550536 0.7661445
-1.9153614 6.742072 0.53630114
-1.9919758 6.742072 0.45968673
-2.336741 6.5505357 0.68953013
-2.4899697 6.435614 0.9193735
-2.6048913 6.3589997 1.1492169
-2.681506 6.3206925 1.2641386
-2.719813 6.435614 1.3024458
-2.7581203 6.5122285 1.1492168
-2.719813 6.7037644 0.80445176
-2.681506 6.895301 0.19153613
-2.6431987 6.933608 0.15322891
-2.6431987 7.0102224 0.45968673
-2.5665843 7.125144 0.57460845
-2.5665843 7.163451 0.61291564
-2.6048915 7.086837 0.57460845
-2.719813 6.856993 0.61291564
-3.0262709 6.435614 0.80445176
-3.1794999 6.3589997 0.95768064
-3.217807 6.397307 0.9959879
-3.1794999 6.5122285 0.9193735
-3.0262709 6.7420716 0.5363012
-2.834735 6.8186865 0.38307226
-2.6815057 6.9719152 0.30645782
-2.566584 7.125144 0.15322891
-2.528277 7.2017584 0.15322891
-2.6431987 7.2783732 0.15322891
-2.7964277 7.1634517 0.22984336
-2.9113493 7.010223 0.4596867
-2.9879637 6.895301 0.7661445
-2.9879637 6.895301 1.1109096
-2.9113493 7.0102224 1.4939818
-2.7964275 7.2400665 1.685518
-2.7581203 7.508217 1.685518
-2.681506 7.73806 1.5705962
-2.6048915 8.00621 1.4556746
-2.4516625 8.350975 1.3407528
-2.3367407 8.42759 1.2641385
-2.1835117 8.312668 1.0726024
-2.2218192 8.389282 0.9959879
-2.375048 8.350975 1.1492168
-2.6048913 8.350975 1.2258313
-2.7964275 8.197746 1.4173673
-2.834735 7.967903 1.5705963
-2.4899697 7.73806 1.8770542
-2.1452048 7.8146744 1.9153614
-1.9919758 8.121132 1.9536686
-1.9536686 8.504204 1.8004396
-2.0685902 8.810661 1.4939818
-2.3367407 8.963891 1.0726023
-2.566584 8.810662 0.7278373
-2.681506 8.542511 0.7661445
-2.6431987 8.312668 1.1109096
-2.3750482 8.274361 1.6472108
-2.030283 8.389282 2.2984335
-1.8004396 8.657433 2.7964277
-1.685518 8.925584 3.0262709
-1.7621324 9.002198 3.2561145
-2.0302832 8.887277 3.1795
-2.336741 8.580818 3.0645783
-2.6048915 8.197746 2.9113493
-2.7964277 7.8912888 2.834735
-2.681506 7.8146744 3.1028855
-2.4133554 8.0445175 3.5242648
-2.1068976 8.465898 4.1754875
-1.8004397 8.925584 4.711789
-1.6472108 9.308657 5.24809
-1.5705963 9.500193 5.4779334
-1.4939818 9.576807 5.554548
-1.4556745 9.615114 5.707777
-1.4173673 9.615114 5.6311626
-1.3407528 9.615114 5.7843914
-1.2641385 9.768343 6.0525417
-1.0726023 9.959879 6.3589997
-0.80445176 10.304644 6.7037644
-0.49799395 10.802638 6.9719152
-0.19153613 11.224018 7.086837
0.038307227 11.568783 6.933608
0.15322891 11.760319 6.6271505
0.19153613 11.683704 6.3206925
0.15322891 11.492168 6.090849
0.076614454 11.18571 6.205771
0.038307227 10.802638 6.435614
0.0 10.457872 6.742072
0.0 10.0748005 6.895301
0.038307227 9.998186 6.9719152
0.11492168 9.998186 7.0102224
0.22984336 10.151415 6.895301
0.34476504 10.419565 6.933608
0.4213795 10.534488 6.7803793
0.49799395 10.649409 6.742072
0.61291564 10.611102 6.933608
0.7661446 10.6877165 6.8569937
0.9193735 10.649409 6.703765
0.99598795 10.572795 6.435614
0.99598795 10.381258 6.0142345
0.88106626 9.959879 5.899313
0.7278373 9.5385 5.93762
0.6512229 9.2703495 6.129156
0.6512229 9.155427 6.320692
1.2258313 9.4618845 6.62715
1.6089036 9.730036 6.62715
1.9153614 10.036493 6.588843
2.1068974 10.228029 6.3973064
2.1068974 10.266336 6.2057705
2.030283 10.151415 6.090849
1.9153614 9.883265 5.93762
1.7238252 9.576807 5.7843914
1.532289 9.2703495 5.8226986
1.3790601 9.078814 5.8226986
1.3024457 9.002198 5.93762
1.3790601 9.078813 6.2823853
1.5322891 9.270349 6.435614
1.7238252 9.461885 6.5505357
1.8770541 9.691729 6.5122285
1.8770541 9.768343 6.282385
1.8004396 9.653421 6.0525417
1.6472107 9.346964 5.899313
1.4173673 8.963891 5.861006
1.2258313 8.542511 5.8226986
0.9576807 8.159439 5.861006
0.68953013 7.8529816 5.7843914
0.49799395 7.546524 5.707777
0.344765 7.3932953 5.6311626
0.38307226 7.3166804 5.6311626
0.5746084 7.4699097 5.746084
0.80445176 7.6614456 5.707777
1.0726023 7.929596 5.66947
1.3024457 8.159439 5.4779334
1.3407528 8.197746 5.2863975
1.3790601 8.274361 5.1714754
1.3024457 8.121132 5.133168
1.1875241 8.082825 5.24809
1.1492169 8.082825 5.4013186
1.0342952 8.082825 5.631162
1.0342952 8.236053 5.899313
1.0726024 8.350975 6.1291566
1.1109096 8.504205 6.2823853
1.1875241 8.695741 6.244078
1.2258313 8.810662 6.0525417
1.0726023 8.772355 5.7843914
0.842759 8.6574335 5.554548
0.6512229 8.504205 5.4779334

