0.4213795 8.350975 5.516241
-0.6895301 7.469909 6.3206925
-1.2641385 7.431602 6.62715
-1.8387468 7.3549876 6.435614
-2.3367407 7.393295 6.3589997
-2.7964275 7.699753 6.244078
-3.0262709 7.73806 6.0142345
-3.1411927 7.776367 6.0142345
-3.217807 7.8146744 6.1674633
-3.1794996 7.8529816 6.3973074
-3.1411924 7.929596 6.703765
-3.1028852 8.00621 6.895301
-3.064578 8.159439 6.856993
-3.064578 8.197746 6.7420716
-3.217807 8.159439 6.588843
-3.4476504 8.00621 6.4739213
-3.715801 7.6614456 6.550536
-4.0222588 7.31668 6.8569937
-4.1371803 7.163451 7.2017584
-4.098873 7.2017584 7.6231384
-4.0222588 7.469909 7.967903
-3.8307228 7.8912888 8.0445175
-3.6008794 8.312668 7.967903
-3.371036 8.810662 7.776367
-3.1028855 9.2703495 7.6231384
-2.873042 9.691729 7.6231384
-2.719813 10.036493 7.699753
-2.681506 10.228029 7.776367
-2.6431987 10.342952 7.929596
-2.681506 10.342952 7.967903
-2.681506 10.22803 8.00621
-2.6431987 10.0748005 8.0445175
-2.6431987 9.80665 8.00621
-2.5665843 9.691729 8.121132
-2.4516628 9.615114 8.159439
-2.2218194 9.653421 8.274361
-1.8770542 9.883265 8.236053
-1.532289 10.036493 8.121132
-1.1875241 10.228029 8.082825
-0.91937345 10.381258 7.967903
-0.7661445 10.419566 7.967903
-0.6512228 10.457873 7.8146744
-0.61291564 10.342952 7.6231384
-0.61291564 10.189722 7.3549876
-0.61291564 10.0748005 7.201759
-0.61291564 9.844957 7.201759
-0.6512228 9.691729 7.2783732
-0.6512228 9.5385 7.393295
-0.6512228 9.423578 7.3549876
-0.61291564 9.385271 7.3166804
-0.53630114 9.385271 7.1634517
-0.4213795 9.423578 7.086837
-0.22984338 9.461885 7.0485296
-0.11492168 9.5385 6.895301
0.0 9.576807 6.7803793
0.076614454 9.653421 6.512229
0.11492168 9.691729 6.167464
0.15322891 9.730036 5.861006
0.11492168 9.730036 5.554548
-0.038307227 9.615114 5.363012
-0.2681506 9.461885 5.3247046
-0.5363012 9.193735 5.363012
-0.7278373 9.002198 5.5545483
-0.7278373 8.925584 5.707777
-0.6512228 8.963892 5.707777
-0.5363012 9.078814 5.554548
-0.49799395 9.193735 5.209783
-0.5363012 9.2703495 4.7884035
-0.6512228 9.2703495 4.4819455
-0.7661446 9.2703495 4.3287168
-0.84275895 9.232042 4.2904096
-0.95768064 9.040506 4.405331
-1.1109096 8.810662 4.405331
-1.2641385 8.619126 4.4819455
-1.3790601 8.465898 4.596867
-1.4939818 8.350976 4.6351748
-1.532289 8.312668 4.711789
-1.4556745 8.312668 4.596867
-1.2641385 8.312668 4.098873
-1.0726023 8.350975 3.6391864
-0.91937345 8.350975 3.217807
-0.842759 8.236053 2.873042
-0.9576807 8.082825 2.7964275
-1.1109096 7.8912888 2.681506
-1.3024457 7.6614456 2.528277
-1.5705962 7.3166804 2.3750482
-1.7621324 7.0102224 2.2218192
-1.9919758 6.703765 2.1835117
-2.1452045 6.397307 2.221819
-2.221819 6.397307 2.1835117
-2.2601264 6.4739213 2.1835117
-2.2218192 6.6654572 2.030283
-2.1452048 6.9719152 1.685518
-2.0685902 7.086837 1.4939818
-2.030283 7.086837 1.1875241
-2.030283 6.9719152 0.9193734
-2.1068974 6.62715 0.8810662
-2.2601264 6.3589997 0.8044518
-2.528277 6.129156 0.842759
-2.873042 5.899313 0.9576807
-3.2561145 5.8226986 1.0342951
-3.4859576 5.7843914 1.0726023
-3.562572 5.899313 1.0726023
-3.4859576 6.129156 0.95768064
-3.3327286 6.3973064 0.72783726
-3.3327286 6.6654577 0.49799395
-3.3327286 6.7803793 0.26815057
-3.409343 6.8186865 0.19153613
-3.5242648 6.8186865 0.15322891
-3.6008794 6.742072 0.2681506
-3.7158012 6.5888433 0.42137948
-3.7541084 6.512229 0.45968673
-3.7158012 6.435614 0.61291564
-3.6391864 6.4739213 0.6512228
-3.6008792 6.62715 0.6512228
-3.562572 6.6654572 0.5746084
-3.6008792 6.742072 0.42137948
-3.677494 6.703765 0.30645782
-3.7158012 6.6654577 0.22984335
-3.7924156 6.6271505 0.2681506
-3.9073372 6.5505357 0.34476504
-3.9839516 6.5505357 0.34476504
-4.060566 6.435614 0.38307226
-4.1371803 6.4739213 0.4213795
-4.1371803 6.397307 0.2681506
-4.1371803 6.282385 0.11492168
-4.1371803 6.2440777 -0.038307227
-4.1371803 6.0525417 -0.19153613
-4.2137947 5.93762 -0.15322891
-4.3287163 5.746084 0.0
-4.4436383 5.6311626 0.15322891
-4.55856 5.66947 0.26815057
-4.4819455 5.9759274 0.4596867
-4.3287163 6.2057705 0.4596867
-4.098873 6.4739213 0.4596867
-3.86903 6.7803793 0.42137948
-3.6008792 7.0485296 0.45968673
-3.3327289 7.240066 0.42137948
-3.1411924 7.3549876 0.45968673
-3.0262709 7.3166804 0.38307226
-3.0262709 7.2783732 0.30645782
-3.1411927 7.2783732 0.26815057
-3.2944214 7.240066 0.22984336
-3.5242648 7.2017584 0.30645782
-3.6774938 7.163451 0.45968673
-3.715801 7.086837 0.8044517
-3.6391866 7.125144 1.2641385
-3.4093432 7.240066 1.7621324
-3.1794999 7.5082164 2.1452048
-3.064578 7.73806 2.183512
-3.0262709 7.929596 2.030283
-2.9496565 8.082825 1.5705962
-2.9496565 8.159439 0.91937345
-2.9879637 8.159439 0.11492169
-3.0262709 8.159439 -0.6129156
-3.1411924 8.197746 -0.99598783
-3.1794996 8.197746 -0.8810662
-3.1028852 8.312668 -0.19153613
-3.1794999 8.274361 0.5363012
-3.3327289 8.236053 1.3024457
-3.6391866 8.159439 1.9153614
-4.0222588 8.0445175 2.336741
-4.2521024 8.082825 2.6431987
-4.367024 8.159439 2.6048915
-4.367024 8.389282 2.3750482
-4.252102 8.734048 2.1452048
-3.9456444 9.193735 2.030283
-3.6008792 9.80665 2.0685902
-3.217807 10.419566 2.221819
-2.9113493 10.91756 2.221819
-2.8730419 11.109097 2.2601264
-3.064578 10.955868 2.2218192
-3.4476504 10.49618 2.183512
-3.9073372 9.921572 2.3750482
-4.3287168 9.385271 2.7581203
-4.55856 9.040505 3.5242648
-4.55856 9.078813 4.405331
-4.3287168 9.346963 5.1331687
-3.9839516 9.768343 5.2863975
-3.6008794 10.189723 5.0182467
-3.2944214 10.381259 4.750096
-3.1411927 10.381259 4.4436383
-3.0262709 10.266336 4.4436383
-2.9496565 10.113108 4.711789
-2.7581203 10.189722 5.0182467
-2.4516625 10.457872 5.439626
-2.1068974 10.8792515 5.899313
-1.6855179 11.415553 6.2440777
-1.4173673 11.645397 6.282385
-1.3024457 11.492168 6.1674633
-1.3407528 11.185711 5.861006
-1.4939818 10.764332 5.6311626
-1.4939818 10.457873 5.66947
-1.3024457 10.611102 5.7843914
-0.842759 10.91756 5.899313
-0.2681506 11.262324 6.0525417
0.19153613 11.60709 5.899313
0.53630114 11.683704 5.554548
0.61291564 11.492168 5.133168
0.5363012 11.185711 4.55856
0.38307226 10.840946 4.2521024
0.26815057 10.572795 4.2521024
0.22984336 10.534488 4.6351748
0.34476504 10.534488 4.97994
0.61291564 10.6877165 5.209783
0.842759 10.917561 5.209783
1.1109097 10.994175 4.8267107
1.1875241 11.070789 4.4819455
1.1109096 10.840945 4.1754875
0.8810662 10.419566 4.1371803
0.5746084 10.036493 4.4436383
0.344765 9.730036 4.9416323
0.26815057 9.615114 5.363012
0.30645782 9.691729 5.516241
0.6512228 10.189722 5.1331687
0.9576807 10.649409 4.865018
1.3790601 11.18571 4.7117887
1.8004396 11.60709 4.750096
2.1068974 11.87524 4.9416323
2.1835117 11.836933 5.1331687
2.0685902 11.530476 5.209783
1.8387468 11.109096 5.2863975
1.5705962 10.572794 5.3247046
1.3024457 10.0748005 5.2863975
1.0342951 9.576807 5.3247046
0.80445176 9.117121 5.2097826
0.61291564 8.6574335 5.0182467
0.4213795 8.159439 4.903325
0.34476504 7.776367 4.7884035
0.30645782 7.5082164 4.7500963
0.30645782 7.3549876 4.8267107
0.4596867 7.4316025 4.9416323
0.61291564 7.6614456 5.0182467
0.7661446 8.00621 4.9416323
0.9193735 8.312668 4.750096
0.9959879 8.504204 4.5202527
0.9959879 8.465897 4.405331
0.9193734 8.389282 4.4436383
0.6895301 8.350975 4.673482
0.45968673 8.350975 4.903325
0.22984335 8.42759 5.0948615
0.11492168 8.504205 5.171476
0.15322891 8.734049 5.171476
0.15322891 8.963892 5.056554
0.11492168 9.193735 4.865018
0.0 9.2703495 4.7884035
-0.19153613 9.193734 4.673482

