-1.0726023 8.427589 5.2097826
-1.9536686 8.465897 5.1714754
-2.7198129 8.6574335 5.056554
-3.562572 8.619126 5.171476
-4.252102 8.963892 5.439626
-4.3287163 9.232042 5.8226986
-4.367024 9.653421 6.2057705
-4.2521024 10.228029 6.3589997
-4.098873 10.611102 6.2823853
-3.7924156 10.917561 6.090849
-3.4859576 11.109097 5.7843914
-3.3327289 11.147404 5.477934
-3.217807 11.032482 5.209783
-3.217807 10.840945 5.056554
-3.217807 10.649409 4.9416323
-3.1028852 10.534488 5.056554
-2.8730419 10.572795 5.363012
-2.528277 10.649409 5.66947
-2.2218192 10.764331 6.090849
-1.9536686 10.840945 6.435614
-1.7621325 10.879252 6.5122285
-1.5322891 10.91756 6.6654572
-1.3024457 11.032482 6.7037644
-1.1109096 11.109097 6.7420716
-0.9959879 11.070789 6.8569937
-0.9959879 10.994175 6.933608
-0.9576807 10.879252 7.086837
-0.9576807 10.726024 7.2400656
-0.842759 10.6877165 7.3166804
-0.6512228 10.726024 7.3166804
-0.45968673 10.649409 7.201759
-0.22984336 10.802638 6.9719152
0.038307227 10.879252 6.7037644
0.19153613 10.840945 6.2440777
0.2681506 10.802638 5.8226986
0.2681506 10.534488 5.5162406
0.076614454 10.228029 5.24809
-0.11492168 9.921572 5.133168
-0.34476507 9.730036 5.094861
-0.38307226 9.615114 5.0182467
-0.34476504 9.653421 5.094861
-0.19153613 9.844957 5.3247046
0.038307227 9.959879 5.363012
0.2681506 10.0748005 5.4013195
0.49799395 10.113108 5.2480907
0.6512228 9.998186 4.865018
0.72783726 9.959879 4.6351748
0.72783726 9.844957 4.367024
0.68953 9.691729 4.1754875
0.57460845 9.576807 4.1754875
0.49799395 9.346964 4.2137947
0.34476504 9.117121 4.3287168
0.15322891 8.925584 4.405331
-0.076614454 8.619125 4.3670235
-0.34476504 8.236053 4.3287163
-0.61291564 8.0445175 4.290409
-0.842759 7.8912888 4.3287163
-0.9193735 7.8146744 4.3287163
-0.9959879 7.8529816 4.2137947
-1.0342951 7.73806 3.9839516
-1.0726023 7.584831 3.6391866
-1.1492169 7.4699097 3.3710358
-1.2641385 7.240066 3.1411927
-1.4939818 7.0102224 2.9879637
-1.7621324 6.8569937 2.9496565
-1.9536686 6.703765 2.9879637
-2.0685902 6.742072 3.1411927
-2.030283 6.8569937 3.2944214
-1.9536686 6.895301 3.4859576
-1.8770541 6.933608 3.6391866
-1.685518 7.125144 3.7158012
-1.4939818 7.316681 3.8307228
-1.3024457 7.584831 3.86903
-1.1492169 7.8529816 3.7541084
-1.1492169 7.967903 3.6391866
-1.2258313 7.929596 3.4476504
-1.2641386 7.8529816 3.2561142
-1.3024458 7.8529816 3.1411927
-1.340753 7.776367 3.0262709
-1.340753 7.8146744 2.9496565
-1.4173675 7.8146744 2.9113493
-1.532289 7.6614456 2.9879637
-1.6089036 7.584831 3.2944214
-1.6089035 7.469909 3.715801
-1.5705963 7.584831 3.8307228
-1.4939818 7.6614456 3.6391866
-1.4556746 7.8146744 3.4093432
-1.4173675 7.8529816 3.1028852
-1.4173675 7.8146744 2.6815057
-1.4173675 7.776367 2.2984338
-1.4556746 7.6614456 1.9153614
-1.4939818 7.508217 1.6472108
-1.532289 7.3932953 1.4939818
-1.6089035 7.240066 1.340753
-1.6472107 7.201759 1.340753
-1.685518 7.2783732 1.1875241
-1.685518 7.431602 1.0726023
-1.7238252 7.584831 0.9959879
-1.7238252 7.6231384 0.84275895
-1.7621324 7.546524 0.8044517
-1.8770542 7.4316025 0.68953
-1.9919758 7.3166804 0.57460845
-2.183512 7.1634517 0.4213795
-2.336741 7.086837 0.34476507
-2.4516625 6.8569937 0.26815057
-2.4899697 6.6654577 0.19153613
-2.4899697 6.550536 0.19153613
-2.4899697 6.512229 0.22984336
-2.4133554 6.6271505 0.15322891
-2.3750482 6.7803793 0.0
-2.336741 6.9719152 -0.15322891
-2.2601264 7.1634517 -0.49799395
-2.1835117 7.393295 -0.6512229
-2.030283 7.584831 -0.6512229
-1.9153614 7.73806 -0.5363012
-1.9153614 7.776367 -0.19153613
-2.0685904 7.73806 0.30645782
-2.336741 7.6231384 0.80445176
-2.6431985 7.4699097 1.1492168
-2.911349 7.2783737 1.3790601
-3.064578 7.0485296 1.3790601
-3.1411924 6.933608 1.3790601
-3.0262709 6.933608 1.5322891
-2.834735 7.1251445 1.8004397
-2.6048913 7.546524 2.2601264
-2.528277 8.197746 2.6815057
-2.681506 8.236053 2.6431985
-2.9496565 8.00621 2.375048
-3.217807 7.661445 2.1068974
-3.2944214 7.31668 2.030283
-3.3327286 7.2400656 1.9536686
-3.217807 7.3166804 2.030283
-3.0262709 7.699753 2.2984335
-2.873042 8.236053 2.6048913
-2.7581205 8.619125 2.6431985
-2.7581205 8.848969 2.528277
-2.7198133 8.848969 2.2601264
-2.6431987 8.734048 1.9919758
-2.4133554 8.619126 2.1068976
-2.1452048 8.6574335 2.4133554
-1.9536686 8.6574335 2.9113493
-1.9919758 8.542512 3.1794999
-2.2601264 8.389282 3.217807
-2.6431987 8.082825 3.0262709
-3.0645783 7.8146744 2.4899697
-3.2944214 7.776367 2.183512
-3.2944214 7.776367 1.8770541
-3.0645783 7.8146744 1.7621324
-2.7581203 8.082825 1.7621324
-2.528277 8.389282 1.8004397
-2.3750482 8.619125 1.9536686
-2.4516625 8.887277 1.9919758
-2.6815057 8.810661 2.0685902
-2.9496565 8.580818 2.0685902
-3.2561145 8.427589 2.2601264
-3.371036 8.350975 2.834735
-3.371036 8.465897 3.6008794
-3.1794996 8.6574335 4.520253
-2.9113493 8.848969 5.171476
-2.6431985 9.11712 5.401319
-2.4133554 9.4618845 5.401319
-2.2601266 9.80665 5.2097826
-2.2601266 10.189723 5.094861
-2.4516625 10.304645 5.0182467
-2.566584 10.266337 5.2097826
-2.6431985 10.0748005 5.477933
-2.6048913 9.844957 5.784391
-2.3750482 9.768343 6.090849
-2.183512 9.691729 6.0525417
-2.030283 9.768343 5.8226986
-1.9153614 9.921572 5.5545483
-1.8004397 9.998186 5.4396267
-1.6472108 10.189722 5.477934
-1.4939818 10.381258 5.8226986
-1.1492168 10.611102 6.3589997
-0.842759 10.917561 6.742072
-0.5746084 11.224018 7.0485296
-0.3830723 11.300632 7.0102224
-0.45968673 11.032482 6.5505357
-0.6895301 10.572794 6.129156
-0.88106626 9.998186 6.0142345
-0.9576807 9.653421 6.167464
-0.88106626 9.576807 6.6654577
-0.61291564 9.730036 7.2017584
-0.38307226 9.921572 7.2017584
-0.2681506 9.998186 6.895301
-0.2681506 10.0748005 6.62715
-0.2681506 10.0748005 6.397307
-0.2681506 10.151415 6.4739213
0.0 10.228029 7.0102224
0.15322891 10.228029 7.0485296
0.4213795 10.342951 6.8569937
0.49799395 10.381259 6.588843
0.49799395 10.381259 6.4739213
0.49799395 10.151416 6.4739213
0.38307226 9.883265 6.5505357
0.38307226 9.768343 6.7803793
0.5363012 9.844957 7.086837
0.8810663 10.189722 7.3932953
1.3024458 10.687716 7.584831
1.685518 11.147403 7.4699097
1.9153614 11.377247 7.2783737
1.9536686 11.377247 6.9719152
1.8004396 11.070788 6.8569937
1.4173673 10.342951 6.895301
0.8810662 9.423578 6.8569937
0.2681506 8.389282 6.8186865
-0.30645782 7.3932943 6.473922
-0.842759 6.7420716 6.2823853
-1.0342951 6.3206925 6.090849
-1.0726024 6.129156 6.167464
-0.9576807 6.3589997 6.4739213
-0.68953013 6.550536 6.588843

