-0.53630114 6.895301 6.5505357
-0.3830723 7.316681 6.205771
-1.8770542 7.6614456 6.1674633
-2.528277 8.121132 6.244078
-3.2944217 8.389283 6.703765
-3.9839516 9.040505 7.201759
-4.405331 9.768343 7.6614456
-4.252102 10.0748005 7.6614456
-4.098873 10.228029 7.3166804
-3.9073372 10.457873 6.8569937
-3.8307228 10.457873 6.435614
-3.7924156 10.381258 6.282385
-3.7158012 10.304644 6.397307
-3.5625722 10.228029 6.5505357
-3.2944217 10.304644 6.7037644
-3.026271 10.457873 6.7037644
-2.719813 10.6877165 6.7420716
-2.4899697 10.917561 6.7420716
-2.2984335 11.032482 6.856993
-2.1068974 11.032482 6.933608
-1.9536686 10.955868 6.933608
-1.7621324 10.726024 6.9719152
-1.5705963 10.649409 7.0485296
-1.340753 10.726024 7.0102224
-0.9959879 10.879252 6.8569937
-0.8044517 10.726024 6.8186865
-0.8044517 10.534488 7.0102224
-0.9193735 10.381259 7.163451
-0.9576807 10.151415 7.278373
-1.0726024 9.998186 7.3166804
-0.9959879 9.921572 7.201759
-0.8044518 9.921572 6.7803793
-0.61291564 9.883265 6.2823853
-0.4213795 9.768343 5.746084
-0.19153613 9.691729 5.1331687
-0.15322891 9.500193 4.596867
-0.19153613 9.308656 4.367024
-0.30645782 9.155427 4.3287168
-0.38307226 8.925584 4.5202527
-0.30645782 8.925584 4.7500963
-0.03830722 9.040506 4.865018
0.26815057 9.2703495 4.7500963
0.53630114 9.461885 4.290409
0.7278373 9.500193 3.8307228
0.6895301 9.423578 3.3327289
0.61291564 9.2703495 2.9496565
0.5746084 9.155427 2.681506
0.49799398 9.11712 2.4899697
0.4213795 9.155427 2.4516625
0.34476504 9.155427 2.4899697
0.2681506 9.11712 2.5665843
0.15322891 9.078813 2.6048915
0.15322891 9.117121 2.6431987
0.22984335 9.155428 2.681506
0.2681506 9.346964 2.719813
0.30645782 9.500193 2.6431987
0.26815057 9.385271 2.4133554
0.15322891 9.232041 2.2601266
0.076614454 9.040505 2.2218194
-0.038307227 8.963891 2.0685904
-0.19153613 8.848969 1.9536686
-0.26815057 8.657433 1.8004397
-0.34476504 8.236053 1.3790601
-0.49799395 7.8146744 0.8810662
-0.5746084 7.73806 0.6895301
-0.6895301 7.6614456 0.6512228
-0.7661445 7.6614456 0.6895301
-0.9193735 7.6614456 0.7661446
-1.0726024 7.354988 0.842759
-1.1109096 7.2400656 0.91937345
-1.187524 7.125144 0.842759
-1.3790601 7.0485296 0.7661446
-1.5705963 6.9719152 0.57460845
-1.8387469 6.8186865 0.2681506
-1.8770542 6.703765 0.19153613
-2.030283 6.435614 0.26815057
-2.1452048 6.2440777 0.26815057
-2.336741 6.0525417 0.4213795
-2.4899697 5.9759274 0.38307226
-2.6048915 6.244078 0.30645782
-2.3750482 6.6654577 0.2681506
-2.1068976 7.0868373 -0.038307227
-1.9536686 7.4699097 -0.4213795
-1.8770542 7.508217 -0.6512228
-1.9919758 7.508217 -0.9576807
-2.2218192 7.3166804 -0.8810662
-2.3750482 7.0868373 -0.6512228
-2.4899697 7.0102224 -0.22984338
-2.528277 7.0102224 0.22984335
-2.566584 7.125144 0.6512228
-2.566584 7.240066 0.8810662
-2.7198129 7.240066 0.6512228
-2.9113493 7.125144 -0.03830722
-2.9496565 7.2017584 -0.30645782
-2.7964275 7.31668 -0.26815057
-2.719813 7.5082164 -0.11492168
-2.7581203 7.5848308 -0.22984335
-2.8730419 7.5082164 -0.22984335
-3.1028855 7.393295 -0.26815057
-3.2561145 7.125144 -0.26815057
-3.3327289 7.2783737 -0.076614454
-3.3327289 7.546524 0.076614454
-3.2944217 7.967903 0.19153613
-3.2561142 8.465897 0.34476504
-3.064578 8.619126 0.6512229
-2.9496565 8.619126 0.842759
-2.7964277 8.580819 0.842759
-2.719813 8.6574335 0.842759
-2.7581205 8.887277 0.68953013
-2.7964277 8.963891 0.5363012
-2.9113493 9.078813 0.45968673
-2.9496565 8.925584 0.22984335
-2.9496565 8.580818 0.11492168
-2.9496565 8.197746 0.038307227
-2.9496565 7.776367 0.15322891
-2.9879637 7.6231384 0.49799395
-3.1794999 7.6231384 0.7278373
-3.6391866 7.8912888 0.9193735
-3.6391866 8.082825 0.68953013
-3.3327289 8.0445175 0.45968673
-2.9496565 8.121132 0.45968673
-2.6048913 8.236053 0.5363012
-2.528277 8.274361 0.61291564
-2.6815057 8.312668 0.7661445
-3.0262709 8.236053 0.7278373
-3.4859576 7.929596 0.68953013
-3.8307226 7.5465236 0.68953013
-3.9839516 7.2017584 0.8044518
-3.9456444 6.9719152 1.0342952
-3.8307228 6.8569937 1.1875241
-3.6774938 6.895301 1.3790601
-3.6008792 7.086837 1.5705963
-3.562572 7.393295 1.6472108
-3.4476504 7.8912888 1.7621324
-3.2944217 8.465898 1.7621324
-2.9496565 9.232042 1.532289
-2.834735 9.2703495 1.4939818
-2.7964275 9.155428 1.685518
-2.7964275 9.078814 1.9536686
-2.8347347 9.078814 2.3750482
-2.873042 9.308657 2.7964275
-2.834735 9.653421 3.2561142
-2.719813 10.036493 3.907337
-2.4516625 10.381259 4.3670235
-2.1452048 10.726024 4.4819455
-1.9153614 10.994175 4.405331
-1.8004397 11.109097 4.0222588
-1.7621325 11.109097 3.677494
-1.8004397 10.879253 3.7541084
-1.8387469 10.572795 3.9073372
-1.8387469 10.304644 4.175488
-1.8387469 10.113108 4.5968676
-1.8004397 9.998186 4.9416323
-1.7238252 9.921572 5.324704
-1.5705963 10.036493 5.7843914
-1.340753 10.151416 6.282385
-0.9959879 10.342952 6.5888433
-0.61291564 10.649409 6.8569937
-0.2681506 10.764331 6.933608
0.0 10.649409 6.6654572
-0.038307227 10.342952 6.588843
-0.11492168 10.0748005 6.5505357
-0.038307227 9.959879 6.742072
0.076614454 9.998186 6.9719152
0.34476504 10.189722 7.1634517
0.5746084 10.342951 7.3166804
0.72783726 10.342951 7.163451
0.72783726 10.304644 6.895301
0.6512228 10.189722 6.742072
0.6895301 10.151415 6.742072
0.7278373 10.266336 6.8953013
0.9576807 10.457872 7.1634517
1.1492168 10.764331 7.2783732
1.3024457 11.070789 7.1634517
1.4173673 11.147404 6.895301
1.3790601 11.109097 6.62715
1.2641385 10.802638 6.205771
1.0342952 10.304644 5.861006
0.8044518 9.959879 5.707777
0.7278373 9.730036 5.6311626
0.842759 9.730036 5.5928555
1.4939818 10.342952 5.6311626
1.9153614 10.802638 5.5545483
2.2218192 11.185711 5.66947
2.566584 11.453861 5.66947
2.6048915 11.300632 5.7843914
2.4133554 10.879252 5.6311626
2.0685902 10.381258 5.5928555
1.7238252 9.80665 5.2863975
1.3407528 9.346964 5.056554
1.0342951 8.848969 4.865018
0.80445176 8.389282 4.711789
0.6512228 7.8912888 4.7884035
0.57460845 7.4699097 4.8267107
0.53630114 7.2783732 4.903325
0.45968673 7.086837 5.056554
0.34476504 6.9719152 5.171476
0.2681506 6.8569937 5.3247046
0.2681506 6.8186865 5.5545483
0.34476504 6.933608 5.6311626
0.5363012 7.240066 5.746084
0.7661446 7.661445 5.899313
0.9576807 8.0445175 5.93762
1.1875241 8.389282 5.9759274
1.2641385 8.580818 5.9759274
1.2258313 8.619126 5.861006
1.1492169 8.465897 5.899313

