-0.22984335 7.929596 6.3973074
-1.0726024 8.00621 6.090849
-1.6472108 8.00621 5.93762
-2.2601264 8.159439 6.0525417
-2.7581203 8.389282 6.2823853
-2.681506 8.465898 6.8186865
-2.681506 8.465897 7.3932953
-2.7198133 8.427589 7.3549876
-2.873042 8.427589 7.2017584
-3.1028855 8.389282 7.125144
-3.6774938 8.427589 6.895301
-3.86903 8.350975 6.7803793
-3.86903 8.274361 6.7803793
-3.7924156 8.121132 6.895301
-3.4476504 8.197746 7.2400656
-2.9496565 8.772355 7.584831
-2.528277 9.193734 7.6231384
-1.7621324 9.998186 7.4316025
-1.4173675 10.266336 7.201759
-1.1875241 10.457873 7.04853
-1.0342951 10.534488 6.895301
-0.9959879 10.649409 6.8186865
-0.9193735 10.726024 6.8186865
-0.842759 10.764331 6.933608
-0.7278373 10.840945 7.0485296
-0.49799395 10.91756 7.1251445
-0.2681506 10.994174 7.354988
-0.076614454 11.109096 7.4699097
0.0 11.109096 7.6231384
-0.038307227 11.070788 7.73806
-0.22984336 10.955867 7.6231384
-0.4213795 10.802638 7.508217
-0.49799395 10.802638 7.431602
-0.4213795 10.994174 7.393295
-0.038307227 11.300632 7.3549876
0.4596867 11.683704 7.3166804
0.8810662 11.951855 7.086837
1.1492168 11.9135475 6.856993
1.1492168 11.683704 6.7037644
0.9576807 11.262324 6.62715
0.7661445 10.879252 6.7420716
0.6895301 10.49618 6.8569937
0.53630114 10.228029 6.895301
0.53630114 10.036493 6.742072
0.61291564 9.768343 6.473922
0.6512229 9.576807 6.052542
0.8810662 9.576807 5.631162
1.1492168 9.653421 5.3247046
1.4173675 9.844957 5.094861
1.7238252 9.998186 4.9416323
1.8770542 9.921572 4.7884035
1.9153614 9.80665 4.5202527
1.8004396 9.615114 4.252102
1.5705962 9.385271 4.060566
1.3790603 9.232042 4.0222588
1.1109096 9.040505 4.2137947
0.91937345 8.848969 4.4436383
0.7661445 8.772355 4.711789
0.7278373 8.734048 4.711789
0.7278373 8.695741 4.367024
0.68953013 8.6574335 3.9073372
0.61291564 8.504205 3.3327289
0.38307226 8.197746 2.9496565
0.11492168 7.8529816 2.9496565
-0.19153611 7.508217 2.9496565
-0.53630114 7.2017593 3.1028852
-0.8810662 6.895301 3.4093432
-1.2641385 6.8186865 3.6008792
-1.4556746 6.7803793 3.7158012
-1.5705963 6.8186865 3.6008794
-1.5705963 7.0485296 3.217807
-1.4173673 7.163451 2.719813
-1.3407528 7.278373 2.2218192
-1.3407528 7.278373 1.9153614
-1.5322891 7.2017584 1.7238252
-1.8387469 7.0485296 1.6472108
-2.1835122 6.8569937 1.8004398
-2.4516628 6.8186865 1.9153614
-2.5665843 6.8186865 1.9919758
-2.6431987 6.8569937 2.0685902
-2.719813 6.933608 1.9536686
-2.8347347 6.9719152 1.7621325
-2.9113493 6.8569937 1.5322891
-2.9496565 6.8569937 1.1875241
-2.873042 6.8569937 0.9576807
-2.7198133 6.933608 0.842759
-2.566584 7.086837 0.7278373
-2.4899697 7.201759 0.7278373
-2.528277 7.1634517 0.7661446
-2.681506 7.0102224 0.68953013
-3.1028855 6.473922 0.9193735
-3.2944214 6.2057705 0.9576807
-3.4476504 5.93762 1.1109097
-3.6008794 5.7843914 1.1875241
-3.677494 5.66947 1.1492169
-3.6391869 5.899313 1.0342951
-3.409343 6.5888433 0.61291564
-3.2561142 6.9719152 0.2681506
-3.0645783 7.240066 -0.11492168
-2.9113493 7.240066 -0.19153613
-2.873042 7.240066 -0.15322891
-2.834735 7.1634517 -0.15322891
-3.064578 7.0102224 -0.076614454
-3.1794999 6.933608 0.0
-3.2944214 6.7803793 0.22984335
-3.2178073 6.7803793 0.6895301
-3.064578 6.9719152 0.91937345
-2.7964277 7.2783737 0.9959879
-2.528277 7.546524 0.9959879
-2.413355 7.73806 0.9576807
-2.3367407 7.776367 0.8810662
-2.3750482 7.776367 0.842759
-2.4516625 7.6614456 0.80445176
-2.6048915 7.584831 0.7278373
-2.681506 7.508217 0.6512228
-2.7581205 7.508217 0.61291564
-2.6431987 7.73806 0.91937345
-2.48997 8.00621 1.1109096
-2.2984338 8.159439 1.2641385
-2.183512 8.427589 1.3024457
-2.1452048 8.427589 1.2258313
-2.2218192 8.350975 1.2258313
-2.3750482 8.197746 1.1492168
-2.48997 7.967903 1.2258313
-2.5282772 7.967903 1.3790601
-2.48997 8.00621 1.4939818
-2.336741 8.274361 1.6089035
-2.2218192 8.619125 1.685518
-2.030283 9.078813 1.6089036
-1.9919758 9.308656 1.7621324
-1.7621324 9.500193 1.9153614
-1.4556746 9.653421 2.030283
-1.2258313 9.921572 2.1452045
-1.1109096 10.036493 1.8387468
-1.2641385 10.036493 1.4173673
-1.5705963 9.921572 0.9576807
-1.8770541 9.653421 0.4213795
-2.1068974 9.346964 0.19153613
-2.1835117 8.925584 0.038307227
-2.1835117 8.619125 0.076614454
-2.1452045 8.465897 0.34476507
-2.0685902 8.504204 0.7278373
-2.1068976 9.002198 1.4939818
-2.1068976 9.11712 1.5705962
-2.183512 9.040505 1.3790601
-2.2984338 8.887277 0.95768064
-2.3750482 8.619125 0.61291564
-2.4899697 8.389282 0.4213795
-2.5665843 8.197746 0.61291564
-2.528277 8.197746 1.1875241
-2.4516625 8.389282 1.9536686
-2.183512 8.734048 2.528277
-1.9153613 9.193735 2.6431985
-1.6472107 9.461885 2.413355
-1.4556746 9.653421 1.7621325
-1.5322891 9.691729 1.2258313
-1.6089035 9.576807 0.9193734
-1.7621324 9.500193 0.842759
-1.9153614 9.385271 0.9193734
-1.9153614 9.232042 1.1875241
-1.8770542 9.155428 1.5705962
-1.7238253 9.155428 1.9153613
-1.5705963 9.193735 2.1835117
-1.4556746 9.423578 2.528277
-1.532289 9.346964 2.7964277
-1.5705965 9.2703495 3.064578
-1.4556746 9.11712 3.2944217
-1.3407528 9.155427 3.2944217
-1.2258313 9.11712 3.2944217
-1.1875241 9.078813 3.371036
-1.1875241 9.155427 3.6008792
-1.1109096 9.308657 3.7924156
-0.9576807 9.80665 4.213795
-0.5746084 10.419566 4.5202527
-0.15322891 11.109097 4.6351743
0.15322891 11.645397 4.55856
0.26815057 11.760319 4.2904096
0.076614454 11.453861 4.098873
-0.22984336 10.955868 4.060566
-0.4213795 10.496181 4.405331
-0.45968673 10.342951 4.8267107
-0.19153613 10.649408 5.2480903
0.2681506 11.070789 5.516241
0.6512229 11.60709 5.516241
0.9576807 11.990162 5.4396267
1.0342951 11.990162 5.171476
0.9576807 11.836933 5.0182467
0.80445176 11.300632 4.7884035
0.5363012 10.687716 4.711789
0.34476504 10.189722 4.9416323
0.34476504 9.883265 5.2097826
0.4596867 9.921572 5.631162
0.7278373 10.036493 5.8226986
0.99598795 10.189722 5.707777
1.1109096 10.304644 5.5545483
1.1875241 10.342952 5.286398
1.2258313 10.381259 5.2097826
1.2641385 10.496181 5.4013195
1.3407528 10.6877165 5.7843914
1.4556746 10.879252 6.2440786
1.532289 11.070788 6.5888433
1.6089036 11.109096 6.6654577
1.4939818 10.91756 6.3973074
1.3024458 10.611101 6.014235
1.1492169 10.228029 5.707777
0.9193735 9.80665 5.5162406
0.8044518 9.385271 5.554548
0.7661446 9.11712 5.7460837
0.7661446 9.002198 5.93762
0.91937345 9.040505 6.1291566
1.1875241 9.423578 6.205771
1.4939818 9.768343 5.975928
1.8004396 9.998186 5.6311626
1.9153614 10.0748005 5.363012
1.8770541 9.844957 5.171476
1.4173673 9.155428 5.4013195
1.0726024 8.734048 5.7843914
0.7661445 8.274361 6.167464
0.4213795 7.8529816 6.4739213
0.19153613 7.508217 6.5505357
0.11492168 7.3166804 6.397307
0.11492168 7.2783732 6.0142345
0.22984336 7.431602 5.707777
0.38307226 7.6614456 5.516241
0.45968676 7.73806 5.2863975
0.45968676 7.73806 5.2480903

