-2.873042 6.7420716 6.933608
-3.3327289 7.2017584 7.2783732
-4.060566 7.469909 7.73806
-4.4436383 8.121132 8.197746
-4.4436383 9.155427 8.350975
-4.098873 9.346963 8.312668
-3.7924156 9.5385 8.00621
-3.371036 9.500193 7.776367
-3.2178073 9.385271 8.274361
-2.7964275 9.270349 9.193735
-2.4516625 9.040505 9.423578
-2.4516625 8.734048 8.848969
-2.566584 8.695741 8.504204
-2.7964277 9.002198 8.389282
-2.681506 9.308657 8.542511
-2.183512 9.883265 8.6574335
-1.8387468 10.113108 8.42759
-1.5705962 10.228029 8.159439
-1.3024457 10.189722 7.967903
-1.1875241 10.0748005 7.8912888
-1.1492169 9.5385 8.236053
-1.1875241 9.461885 8.350975
-0.9959879 9.423578 8.274361
-0.842759 9.500193 8.00621
-0.68953 9.2703495 7.6231384
-0.842759 8.465897 6.895301
-0.9959879 8.00621 6.7803793
-1.1109096 7.73806 6.7803793
-1.0726023 7.6614456 6.8186865
-0.842759 7.776367 6.550536
-0.61291564 7.8529816 6.205771
-0.4596867 7.8146744 5.746084
-0.5363012 7.5465236 5.171476
-0.95768064 7.0102224 4.711789
-1.532289 6.5505357 4.367024
-2.0685904 6.205771 4.2137947
-2.4516625 6.0525417 4.252102
-2.6048915 6.1674633 4.367024
-2.6431987 6.3589993 4.367024
-2.681506 6.550536 4.3287168
-2.719813 6.6654577 4.1754875
-2.9113493 6.5888433 3.7924154
-3.1028852 6.435614 3.2944214
-3.3327289 6.3206925 2.7581203
-3.562572 6.244078 2.336741
-3.7158012 6.244078 2.1452048
-3.8307228 6.3206925 2.1068976
-3.9073372 6.397307 2.183512
-3.9839516 6.5122285 2.2601264
-4.0222588 6.6654572 2.4516625
-4.060566 6.6654572 2.681506
-4.1371803 6.5122285 2.719813
-4.2137947 6.2823853 2.834735
-4.2521024 6.0142345 2.834735
-4.213795 5.8226986 2.7581205
-4.1754875 5.746084 2.719813
-4.1371803 5.6311626 2.5665843
-4.098873 5.5928555 2.3750482
-4.0222588 5.5545483 2.2601264
-3.9073372 5.5928555 2.1452045
-3.7541082 5.861006 2.0685902
-3.562572 6.1291566 2.183512
-3.4859576 6.512229 2.2984338
-3.371036 6.8186865 2.3750482
-3.2944217 6.895301 2.3750482
-3.3327289 6.8569937 2.2601264
-3.4093432 6.6654572 2.1068974
-3.6008792 6.435614 1.9536686
-3.7541084 6.3589993 1.8004396
-3.8307228 6.282385 1.532289
-3.7541084 6.320692 1.2258313
-3.562572 6.435614 1.1109095
-3.4476504 6.4739213 1.0342951
-3.4093432 6.588843 0.9576807
-3.4859579 6.7803793 1.0342952
-3.6008794 6.933608 0.9576807
-3.6391866 7.1251445 0.9193734
-3.6008792 7.240066 0.9193734
-3.5242648 7.240066 0.9959879
-3.5242648 7.201759 1.2641385
-3.6008797 6.9719157 1.3790601
-3.7541084 6.742072 1.493982
-4.0222588 6.435614 1.2641385
-4.060566 6.4739213 1.2258313
-4.060566 6.5505357 1.1875241
-4.0222588 6.6271505 1.1875241
-4.060566 6.6271505 1.2258313
-4.098873 6.6654577 1.3024457
-4.1371803 6.6271505 1.532289
-4.1371803 6.6271505 1.7621324
-4.098873 6.6271505 1.9153614
-4.060566 6.5888433 2.0685902
-3.9456444 6.550536 2.1068974
-3.9456444 6.4739213 2.1835117
-3.9456444 6.5122285 2.2984338
-3.9456444 6.588843 2.4133554
-3.9073372 6.8186865 2.4899697
-3.8307228 7.04853 2.3750482
-3.6774938 7.201759 2.2218192
-3.4476504 7.3932953 1.9153614
-3.217807 7.508217 1.7238252
-3.064578 7.584831 1.6472108
-3.064578 7.6231384 1.6472108
-3.1794999 7.508217 1.8004398
-3.4476504 7.393295 1.7238252
-3.6391866 7.2783732 1.838747
-3.6391866 7.354988 1.9153614
-3.5242648 7.508217 1.8770542
-3.217807 7.8146744 1.9153614
-2.8347347 8.236053 1.6472107
-2.4899697 8.619126 1.4173673
-2.1068974 9.002198 1.4173673
-1.8387468 9.155427 1.7238252
-1.9153614 8.963891 2.0685902
-2.1452048 8.619125 2.2601264
-2.4516625 8.389282 2.4899697
-2.719813 8.082825 2.681506
-3.064578 7.8912888 2.9496565
-3.4093432 7.776367 3.3327289
-3.6008794 7.584831 3.7541082
-3.7158012 7.508217 3.9839516
-3.6391866 7.4699097 4.1754875
-3.371036 7.6614456 4.2904096
-3.1028855 8.0445175 4.2904096
-2.834735 8.504204 4.137181
-2.7581205 8.810661 3.6008794
-2.9113493 8.963891 2.911349
-3.1794999 8.848969 2.4899697
-3.4093432 8.580819 2.566584
-3.4859576 8.236053 3.2944217
-3.2178073 7.929596 5.056554
-2.9113493 8.121132 5.592855
-2.6431985 8.734048 5.707777
-2.4516625 9.346963 5.592855
-2.4516625 9.768343 5.2480903
-2.6048915 9.844957 4.9799395
-2.834735 9.653421 4.7117887
-3.0262709 9.346963 4.750096
-3.0645783 9.155427 5.094861
-2.987964 9.2703495 5.66947
-2.719813 9.423578 6.359
-2.4133554 9.730036 7.086837
-2.1068976 10.0748005 7.776367
-1.9153614 10.189722 8.082825
-1.9153614 10.228029 8.00621
-1.9536686 10.151415 7.776367
-1.9919759 10.036493 7.2017584
-1.8770542 10.0748005 6.818686
-1.6089036 10.189722 6.588843
-1.3024458 10.266336 6.2057705
-1.0726024 10.342951 6.0142345
-0.91937345 10.304644 5.707777
-0.80445176 10.304644 5.5928555
-0.6895301 10.266336 5.6311626
-0.57460845 10.151415 5.66947
-0.45968676 10.113108 5.746084
-0.30645782 9.998186 5.66947
-0.19153613 9.959879 5.66947
-0.038307227 9.921572 5.66947
0.19153613 9.883265 5.8226986
0.38307226 9.959879 6.0142345
0.6512228 10.151415 6.129156
0.8810662 10.304644 6.129156
0.9193735 10.534488 5.4013195
0.8044518 10.496181 5.133168
0.7278373 10.534488 5.1714754
0.7661445 10.496181 5.631162
0.842759 10.419566 6.2057705
0.8810662 10.304645 6.5505357
0.842759 10.151415 6.588843
0.6512229 9.998186 6.397307
0.49799395 9.883265 6.0525417
0.34476507 9.80665 5.8226986
0.34476507 9.80665 5.7843914
0.45968673 9.921572 5.8226986
0.61291564 10.0748005 5.8226986
0.72783726 10.0748005 5.6694694
0.6895301 9.883265 5.439626
0.5363012 9.538499 5.2863975
0.34476504 9.155427 5.363012
0.22984335 8.810662 5.6694694
0.15322891 8.6574335 5.93762
0.19153613 8.6574335 6.0525417
0.26815057 8.810662 5.9759274
0.4213795 9.078813 5.707777
0.5746084 9.2703495 5.4396267
0.6895301 9.308657 5.209783
0.80445176 9.308657 5.133168
0.7661445 9.155428 5.1714754
0.6895301 8.963891 5.2097826
0.6895301 8.810662 5.3247046
0.6512228 8.542512 5.401319
0.7661445 8.580819 5.439626
0.80445176 8.6574335 5.324704
0.91937345 8.695741 5.1714754
0.91937345 8.542511 5.133168
0.842759 8.389282 5.133168
0.72783726 8.121132 5.2097826
0.7661445 8.00621 5.056554
0.7661445 7.8912888 5.056554
0.7661445 7.776367 5.094861
0.84275895 7.8529816 5.0182467
0.9959879 8.082825 5.2097826
1.1492168 8.350975 5.1714754
1.3024458 8.580819 5.056554
1.3407528 8.887277 4.7500963
1.1875241 8.810662 4.9799395
1.0342951 8.6574335 5.24809
0.9576807 8.504205 5.554548
0.91937345 8.389283 5.8226986
0.8810662 8.465898 6.0142345
0.91937345 8.580819 6.2057705
0.8810662 8.695741 6.2057705
0.7278373 8.734048 6.0525417
0.49799395 8.619125 5.7843914
0.19153613 8.465897 5.439626
-0.11492168 8.312668 5.094861
-0.30645782 8.159439 4.9799395
-0.4213795 8.082825 5.056554

