-0.49799395 8.0445175 5.286397
-0.68953013 8.159439 5.7077765
-0.842759 8.427589 5.784391
-1.340753 8.734047 5.7077765
-1.5322891 8.925584 5.6694694
-1.685518 8.734048 5.4779334
-1.8770542 8.542512 5.4779334
-1.9536686 8.542512 5.439626
-1.9536686 8.695741 5.516241
-1.9536686 8.887277 5.5928555
-1.8770542 9.232042 5.66947
-1.8004397 9.500193 5.7843914
-1.7238252 9.653421 5.8226986
-1.7238252 9.768343 5.746084
-1.7621325 9.653421 5.8226986
-1.8387469 9.615114 5.9759274
-1.8387469 9.615114 6.0525417
-1.8004396 9.615114 6.090849
-1.6472108 9.883265 5.93762
-1.4939818 10.151415 5.6694694
-1.2641385 10.381258 5.5162406
-1.0342951 10.6877165 5.363012
-0.80445176 10.764331 5.2863975
-0.84275895 10.726024 5.2863975
-0.95768064 10.534487 5.363012
-1.0726023 10.342951 5.439626
-1.1109097 10.266336 5.516241
-1.0726024 10.228029 5.66947
-0.88106626 10.228029 5.746084
-0.5746084 10.266336 5.554548
-0.4213795 10.304644 5.324704
-0.34476504 10.342952 5.133168
-0.22984335 10.457873 5.0182467
-0.11492168 10.534488 5.0182467
0.0 10.649409 4.9799395
0.11492168 10.879252 4.903325
0.26815057 11.032481 4.903325
0.4213795 11.147403 4.865018
0.5746084 11.224017 4.7884035
0.6895301 11.109096 4.7117887
0.72783726 11.032481 4.6734815
0.80445176 10.955867 4.596867
0.95768064 10.91756 4.6351748
1.1875241 11.032481 4.7884035
1.4556746 11.109096 4.9799395
1.7238252 11.18571 5.1714754
1.838747 11.262324 5.286397
1.9153614 11.18571 5.24809
1.9919758 11.109096 5.056554
2.030283 11.032481 4.865018
2.1068976 10.802638 4.5585604
2.1068976 10.572794 4.2521024
2.030283 10.342951 4.060566
1.8770542 9.921572 3.86903
1.6472108 9.653421 3.6391866
1.493982 9.500193 3.5242648
1.4556746 9.423578 3.2944214
1.5705963 9.615114 3.1794999
1.8004397 9.768343 3.2944214
2.030283 9.844957 3.4476504
2.1068974 9.80665 3.5242648
2.0685902 9.730036 3.4093432
2.030283 9.653421 3.2944217
2.030283 9.576807 3.1795
2.1068974 9.615114 3.1795
2.2218192 9.615114 3.2561145
2.2601264 9.615114 3.3327289
2.2218192 9.615114 3.3327289
2.1452045 9.576807 3.371036
2.1068974 9.615114 3.4859576
2.1452045 9.576807 3.4476504
2.1068974 9.500193 3.2561142
2.0685902 9.346964 2.9496565
1.9536686 9.002198 2.681506
1.8004396 8.619126 2.4516625
1.6472107 8.274361 2.3367407
1.4173673 7.6231384 2.030283
1.2258313 7.5082164 1.8387468
1.1875241 7.431602 1.6855179
1.2258313 7.469909 1.6472107
1.3024457 7.6231384 1.4556746
1.4173675 7.699753 1.340753
1.4556746 7.776367 1.1875241
1.340753 7.8146744 0.9959879
1.0726024 7.73806 0.8810662
0.8044518 7.699753 0.7278373
0.344765 7.699753 0.4213795
0.344765 7.699753 0.45968673
0.45968673 7.8912888 0.61291564
0.5363012 8.197746 0.6512228
0.49799398 8.274361 0.49799395
0.34476507 8.274361 0.30645782
0.15322891 8.197746 0.11492168
0.0 8.082825 0.076614454
-0.19153613 7.73806 0.15322891
-0.344765 7.6614456 0.2681506
-0.61291564 7.508217 0.2681506
-0.5363012 7.508217 0.2681506
-0.34476504 7.6231384 0.2681506
-0.15322891 7.8529816 0.45968673
-0.26815057 7.8146744 0.38307226
-0.42137948 7.6614456 0.22984336
-0.5746084 7.5465236 -0.11492166
-0.72783726 7.431602 -0.4596867
-0.5746084 7.6231384 -0.61291564
-0.4213795 7.8529816 -0.72783726
-0.30645782 8.121132 -0.72783726
-0.2681506 8.236053 -0.6512228
-0.8044518 7.73806 -0.38307226
-1.187524 7.3932943 0.0
-1.4556746 7.163451 0.2681506
-1.685518 7.125144 0.53630114
-1.7621324 7.163451 0.42137948
-1.8004396 7.278373 0.2681506
-1.8004396 7.5082164 0.19153613
-1.4556746 7.8529816 0.19153613
-1.2641385 7.8912888 0.19153613
-1.187524 7.699753 0.19153613
-1.6089035 7.393295 0.15322891
-1.9919758 7.2017584 0.22984336
-2.2601266 7.086837 0.2681506
-2.4516625 6.9719152 0.49799395
-2.3367407 7.201759 0.8810662
-2.0685902 7.469909 0.9959879
-1.8387468 7.8146744 0.9959879
-1.685518 8.236053 0.9193734
-1.9919758 8.389282 0.6512228
-2.336741 8.197746 0.4213795
-2.719813 7.73806 0.22984336
-3.0262709 7.4699097 0.11492168
-3.1794996 7.2783737 0.076614454
-3.2561145 7.201759 0.22984336
-3.2178073 7.3166804 0.2681506
-3.1028855 7.5082164 0.5363012
-2.9113493 8.00621 0.995988
-2.566584 8.580819 1.532289
-2.2218192 9.232042 2.2218192
-1.8770541 9.844957 2.7964277
-1.6855179 10.0748005 3.064578
-1.8004397 10.036493 3.064578
-2.0685902 9.768343 2.834735
-2.4516625 9.308656 2.2984335
-2.873042 8.695741 1.7621324
-3.1411927 8.197746 1.3407528
-3.3327286 7.929596 1.4556746
-3.2944214 7.929596 2.0685904
-3.0645783 8.312668 2.7581203
-2.7964275 8.734048 3.141193
-2.4899697 9.078813 3.141193
-2.4516625 9.11712 2.6815062
-2.528277 9.040505 2.183512
-2.681506 8.887277 1.9919758
-2.7964277 8.810662 1.9536686
-2.681506 8.963892 2.1068974
-2.4899697 9.155428 2.1452045
-2.183512 9.5385 2.221819
-1.7621324 9.998186 2.336741
-1.4556746 10.381259 2.528277
-1.2641385 10.649409 2.7964275
-1.187524 10.764331 3.0262709
-1.3024457 10.534488 3.1028852
-1.4173673 10.304644 3.0262709
-1.532289 10.036493 3.064578
-1.5705963 9.844957 3.1028855
-1.4173673 9.844957 3.3327286
-1.2258313 9.998186 3.6774936
-0.95768064 10.342951 4.175488
-0.6512228 10.649409 4.7500963
-0.53630114 10.91756 4.9799395
-0.5746084 10.955867 5.0182467
-0.842759 10.572795 4.9799395
-1.1492168 10.189723 5.133168
-1.340753 9.768343 5.5162406
-1.340753 9.615114 6.1674633
-1.0342951 9.959879 6.7803793
-0.6895301 10.419566 6.933608
-0.4213795 10.879253 6.7803793
-0.26815057 11.224018 6.1674633
-0.30645782 11.224018 5.4779334
-0.4596867 10.994174 4.9799395
-0.6512228 10.726024 4.9416323
-0.7278373 10.381259 5.8226986
-0.5363012 10.419566 6.397307
-0.15322891 10.572795 6.7420716
0.30645782 10.802638 6.8569937
0.5746084 10.955867 6.6271505
0.7278373 10.955867 6.1674643
0.6895301 10.879252 5.5928555
0.61291564 10.572794 5.1331687
0.5363012 10.266336 5.0182467
0.45968673 9.998186 5.209783
0.49799395 9.844957 5.516241
0.53630114 9.768343 5.8226986
0.68953013 9.80665 5.899313
0.91937345 10.036493 5.6694694
1.0726024 10.151415 5.5162406
1.1109096 10.189722 5.2863975
1.0726024 10.151415 5.3247046
0.9959879 9.959879 5.6311626
0.9576807 9.768343 5.861006
0.9576807 9.653421 6.129156
0.9576807 9.5385 6.3206925
0.9959879 9.5385 6.1674633
1.1109096 9.691729 5.93762
1.340753 9.921572 5.6311626
1.6089035 10.266336 5.286397
1.9153613 10.534488 5.1714754
2.0685902 10.6877165 5.24809
2.1835117 10.534487 5.401319
2.1068974 10.304644 5.5162406
1.9919758 10.036493 5.746084
1.877054 9.576807 6.014235
1.6855179 9.308656 6.244078
1.6089035 9.002198 6.2823853
1.4173673 8.580818 6.1291566
1.1875241 8.350975 5.7077765
0.9576807 7.929596 5.286397
0.7278373 7.584831 5.056554
0.57460845 7.3549876 4.9416323
0.49799395 7.125144 4.903325
0.53630114 7.125144 4.9799395
0.53630114 7.240066 4.9416323
0.61291564 7.4316025 4.8267107
0.7278373 7.6614456 4.7884035
0.7661446 7.8529816 4.7500963
0.88106626 8.00621 4.865018
0.91937345 8.121132 4.9799395
0.9576807 8.197746 5.094861
0.9576807 8.350975 5.2863975
0.9959879 8.542511 5.5162406
1.0342952 8.734048 5.707777
0.99598795 9.002198 5.8226986
0.9576807 9.155427 5.746084
0.842759 9.193734 5.5928555
0.6512228 9.193734 5.439626
0.38307226 9.002198 5.209783
0.03830722 8.772355 5.171476
-0.34476504 8.465897 5.171476
-0.68953013 8.159439 5.209783
-0.9193734 8.00621 5.4779334
-0.9193734 7.967903 5.6694694
-0.7661445 8.121132 5.8226986
-0.61291564 8.312668 5.7460837
-0.49799395 8.389282 5.4779334
-0.45968673 8.465898 5.094861

