-0.5363012 8.42759 4.596867
-0.61291564 8.350975 4.4436383
-0.842759 8.121132 5.1714754
-1.3790601 8.389282 5.554548
-1.9536686 8.695741 5.746084
-2.3750482 9.002199 5.707777
-2.719813 9.2703495 5.516241
-2.719813 9.385271 5.6311626
-2.9113493 9.653421 5.66947
-3.1794996 10.151415 5.707777
-3.3327289 10.572795 5.746084
-3.3327289 10.91756 5.746084
-3.1794999 11.262324 5.899313
-2.9113493 11.415554 6.244078
-2.719813 11.568783 6.5122285
-2.6048915 11.568783 6.6654572
-2.4899697 11.377247 6.7037644
-2.4899697 11.185711 6.62715
-2.4516625 10.91756 6.5505357
-2.2984338 10.764331 6.62715
-2.030283 10.879252 6.742072
-1.6089035 11.147404 6.933608
-1.1875241 11.377247 7.163451
-0.842759 11.530476 7.278373
-0.5363012 11.492168 7.086837
-0.38307226 11.300632 6.62715
-0.19153613 11.18571 6.167464
0.0 11.032481 5.861006
0.076614454 10.879252 5.93762
0.11492168 10.726024 6.1674633
0.15322891 10.611102 6.5122285
0.2681506 10.6877165 6.6654572
0.38307226 10.764331 6.588843
0.5746084 10.840945 6.397307
0.61291564 10.840945 5.899313
0.61291564 10.611102 5.5162406
0.5746084 10.457873 5.24809
0.5363012 10.381259 5.094861
0.61291564 10.266336 5.133168
0.6512228 10.228029 5.133168
0.68953 10.151415 5.094861
0.8044517 10.189722 5.094861
0.9193735 10.228029 5.2097826
1.1492169 10.419565 5.3630114
1.4556746 10.496181 5.4013186
1.4939818 10.304645 5.24809
1.3790601 10.151416 4.7884035
1.1109096 9.768343 4.252102
0.8044517 9.4618845 3.9839516
0.68953 9.308656 3.86903
0.7661445 9.270349 3.8307228
0.8810662 9.385271 3.7924156
1.0726024 9.576807 3.7158012
1.2641385 9.768343 3.6008792
1.4173675 9.998186 3.4859576
1.6089035 10.151415 3.2944217
1.685518 10.151415 2.9879637
1.5705965 10.113108 2.873042
1.3790603 9.844957 2.9879637
1.1109096 9.461885 3.2561145
0.7278373 9.078813 3.6774938
0.49799395 8.619126 3.8307228
0.26815057 8.274361 3.6774938
0.076614454 8.0445175 3.5242648
0.076614454 7.967903 2.9496565
0.038307227 7.929596 2.681506
-0.038307227 7.8912888 2.2218192
-0.15322891 7.699753 2.030283
-0.22984335 7.546524 1.9536686
-0.34476504 7.393295 1.8387469
-0.4213795 7.2783732 1.8770541
-0.38307226 7.316681 1.8770541
-0.26815057 7.508217 1.9153614
-0.076614454 7.73806 1.8770542
0.038307227 7.967903 1.6472108
0.15322891 8.159439 1.5705962
0.15322891 8.121132 1.532289
0.076614454 7.967903 1.3790601
-0.076614454 7.8146744 1.4556746
-0.4213795 7.469909 1.4173675
-0.7278374 7.3549876 1.3790601
-1.0726024 7.3166804 1.4173673
-1.340753 7.240066 1.37906
-1.4939818 7.201759 1.2641385
-1.6472107 7.1251445 1.2258313
-1.6472107 7.1251445 1.3407528
-1.6472107 7.201759 1.4173673
-1.6089035 7.240066 1.4939818
-1.5705963 7.3166804 1.4939818
-1.6472107 7.2400656 1.3790601
-1.7621324 7.125144 1.2258313
-1.8387469 7.086837 1.0726023
-1.8387469 7.0102224 0.842759
-1.8387469 6.9719152 0.6512229
-1.8770542 6.8569937 0.4213795
-2.030283 6.7803793 0.38307226
-2.1452048 6.703765 0.30645782
-2.2601264 6.62715 0.30645782
-2.2601264 6.588843 0.22984336
-2.1068976 6.588843 0.34476507
-1.9919759 6.742072 0.4213795
-1.9536686 6.895301 0.4213795
-1.9536686 7.0102224 0.30645782
-2.0685902 7.125144 0.15322891
-2.1068974 7.1634517 0.076614454
-2.1068974 7.1634517 0.19153613
-2.1068974 7.1634517 0.26815057
-2.1068974 7.201759 0.38307226
-2.1835117 7.2783732 0.34476504
-2.2601264 7.3549876 0.22984335
-2.1835117 7.6231384 0.30645782
-2.0685902 7.776367 0.30645782
-1.9536686 7.8912888 0.45968673
-1.8770542 7.967903 0.57460845
-1.9536686 7.8912888 0.61291564
-2.1452048 7.73806 0.6512228
-2.4133554 7.584831 0.6895301
-2.873042 7.3166804 0.6512229
-2.9496565 7.240066 0.61291564
-2.9496565 7.2783732 0.53630114
-2.834735 7.4316025 0.61291564
-2.7581205 7.584831 0.7278373
-2.643199 7.73806 0.99598795
-2.566584 7.8912888 1.2258313
-2.643199 7.967903 1.2258313
-2.7581205 8.121132 0.9959879
-2.9496565 8.121132 0.53630114
-3.1028852 8.00621 0.3830723
-3.1794999 7.8912888 0.34476504
-3.217807 7.699753 0.7661445
-3.217807 7.584831 1.532289
-3.1794996 7.546524 2.2218192
-3.1028852 7.546524 3.1028855
-3.1794996 7.546524 2.873042
-3.371036 7.4699097 2.4133554
-3.754108 7.240066 1.7621324
-4.1754875 7.086837 1.1492168
-4.3287163 6.7420716 1.1109096
-4.252102 6.4739213 1.5705963
-3.86903 6.397307 2.413355
-3.2944214 6.588843 3.4476504
-2.719813 7.2017584 4.098873
-2.2601264 7.929596 4.1754875
-1.9919758 8.619126 3.7158008
-1.9536686 8.810662 2.7964277
-2.2984335 8.695741 1.685518
-2.7964275 8.082825 0.7278373
-3.3710358 7.3549876 0.30645782
-3.6774938 6.8569937 0.84275895
-3.524265 6.7803793 2.0685902
-3.1028855 7.469909 3.7924154
-2.2984335 8.504204 5.24809
-1.685518 9.653421 5.93762
-1.4173673 10.457873 5.707777
-1.4939818 10.611102 4.865018
-2.0685902 10.22803 3.8307228
-2.834735 9.423578 3.0262709
-3.5242648 8.580819 3.2561142
-3.86903 8.274361 4.3287168
-3.4093432 9.308657 7.278373
-2.834735 10.496181 8.00621
-2.3750482 11.492168 7.8529816
-2.0685902 12.258312 7.4316025
-1.9919758 12.334928 6.8186865
-2.1068974 12.02847 6.129156
-2.3750482 11.645397 5.8226986
-2.6815057 11.224017 5.8226986
-2.9496565 11.109096 6.129156
-3.1028852 11.070788 6.6654577
-3.1028852 10.955868 7.1634517
-3.217807 10.189723 6.7420716
-3.4859576 9.500193 6.435614
-3.6774938 8.925584 6.5505357
-3.7924156 8.427589 6.9719152
-3.524265 8.465897 7.776367
-2.9496567 8.695741 8.580819
-2.2601264 9.270349 8.887278
-1.532289 9.921572 8.734049
-0.91937345 10.419566 8.082826
-0.5363012 10.726024 7.2017584
-0.4596867 10.649409 6.320692
-0.5746084 10.419565 5.861006
-0.8810662 9.844957 5.5162406
-1.2641385 9.232041 5.66947
-1.5322891 8.772355 6.1291566
-1.685518 8.580818 6.6271505
-1.6089035 8.887276 7.354988
-1.1875241 9.500193 7.8146744
-0.68953013 10.228029 8.082825
-0.11492169 10.802637 7.929596
0.30645782 10.994174 7.3549876
0.34476504 10.994174 6.5505357
0.19153613 10.6877165 5.631162
-0.11492169 10.304644 4.903325
-0.3830723 10.113108 4.6351748
-0.3830723 10.189722 5.056554
-0.22984336 10.534487 5.9759274
0.038307227 10.802639 6.933608
0.19153613 11.032482 7.6614456
0.038307227 10.879253 7.929596
-0.2681506 10.419566 8.0445175
-0.6512229 9.844957 8.312668
-0.9193735 9.002198 8.734047
-1.0342952 8.159439 9.2703495
-1.0726024 7.4699097 9.346964
-1.2258313 6.933608 9.002199
-1.4939818 6.6654572 8.0445175
-1.8004396 6.588843 6.5505357
-2.0685902 6.62715 5.554548
-2.030283 6.6654572 5.0182467
-1.8770541 6.742072 4.903325
-1.5705963 6.8186865 5.171476
-1.1492168 6.8569937 5.2863975
-0.9193735 6.8569937 5.133168
-0.7278373 6.780379 5.056554
-0.6512228 6.62715 5.056554
-0.61291564 6.5505357 5.133168
-0.53630114 6.62715 5.4396257
-0.42137948 6.7803793 5.7460837
-0.22984335 6.9719152 6.0142345
-0.076614454 7.086837 6.129156
0.0 7.2783737 6.090849
0.076614454 7.4699097 6.2440777
0.15322891 7.699753 6.512229
0.15322891 7.929596 6.7803793
0.22984335 8.082825 7.086837
0.26815057 8.197746 7.086837
0.22984336 8.159439 7.0102224
0.22984336 8.159439 6.895301
0.11492168 8.0445175 6.6271505
-0.076614454 7.8912888 6.3206925
-0.34476504 7.73806 5.93762
-0.5746084 7.584831 5.707777
-0.7661446 7.5082164 5.707777
-0.9576807 7.5082164 5.9759274
-1.0726023 7.584831 6.359
-1.3024457 7.6614456 6.703765
-1.5705962 7.699753 6.9719152
-1.8387468 7.6231384 6.9719152
-2.1452048 7.508217 7.0102224
-2.4516625 7.354988 6.9719152
-2.7581203 7.240066 6.8186865
-2.9496565 7.2783732 6.895301
-3.064578 7.3166804 6.895301
-3.1028852 7.393295 6.933608
-3.0262709 7.431602 7.0485296
-2.9879637 7.393295 7.125144
-2.9879637 7.3549876 6.933608
-2.9496565 7.240066 6.742072
-2.9496565 7.201759 6.473922
-2.9496565 7.125144 6.0908494
-2.9113493 7.086837 6.0142345
-2.7964275 7.125144 5.9759274

