-2.183512 7.125144 6.5505357
-2.6431987 7.163451 6.6654577
-2.9879637 7.431602 6.895301
-3.2944217 7.699753 7.086837
-3.6008794 7.8529816 7.2400656
-3.6391866 7.967903 7.2783732
-3.86903 8.082825 7.1251445
-4.175488 8.00621 6.9336085
-4.443639 8.082825 6.7803793
-4.673482 8.082825 6.5122285
-4.8267107 8.082825 6.3589997
-4.865018 8.274361 6.320692
-4.8267107 8.542512 6.4739213
-4.788403 8.772355 6.933608
-4.7117887 8.925584 7.469909
-4.6734815 8.925584 7.8912888
-4.6734815 8.925584 8.121132
-4.596867 9.002199 8.197746
-4.405331 9.155428 8.312668
-4.1371803 9.5385 8.427589
-3.7924156 9.883265 8.465897
-3.5242648 10.113108 8.389282
-3.3327286 10.151415 8.159439
-3.217807 9.998186 7.8529816
-3.1411927 9.844957 8.00621
-3.0262709 9.844957 8.42759
-2.9113493 9.844957 8.810662
-2.7581203 9.883265 8.963891
-2.566584 9.998186 8.848969
-2.3750482 10.189722 8.427589
-2.1068976 10.304644 7.8912888
-1.7238252 10.304644 7.0102224
-1.6472108 10.0748005 6.6271505
-1.5705962 9.80665 6.320692
-1.5705962 9.500193 6.0525417
-1.4556746 9.423578 5.7843914
-1.2258313 9.346964 5.6311626
-0.9959879 9.461885 5.5928555
-0.6512228 9.653421 5.7843914
-0.38307226 9.691729 5.93762
-0.26815057 9.730036 6.129156
-0.3064578 9.461885 6.129156
-0.42137948 9.385271 5.93762
-0.45968673 9.385271 5.66947
-0.42137948 9.385271 5.439626
-0.26815057 9.461885 5.056554
-0.11492168 9.385271 4.8267107
0.0 9.346964 4.6734815
0.11492168 9.308657 4.4436383
0.30645782 9.385271 4.4436383
0.38307226 9.461885 4.5202527
0.49799398 9.576807 4.6351743
0.61291564 9.653421 4.6734815
0.6895301 9.615114 4.596867
0.80445176 9.615114 4.55856
0.842759 9.500193 4.1754875
0.9193735 9.423578 3.86903
0.8810662 9.117121 3.2944217
0.842759 8.887277 3.141193
0.6895301 8.619126 2.9113493
0.61291564 8.465898 2.719813
0.6512228 8.504205 2.719813
0.7661445 8.504205 2.8347347
0.9576807 8.580819 2.9879637
1.0726024 8.504205 2.9879637
0.9959879 8.312668 2.9496565
0.8044518 8.159439 2.7964277
0.49799395 7.8912888 2.6431987
0.15322891 7.699753 2.4133554
-0.15322891 7.4699097 2.1452048
-0.38307226 7.3549876 1.7621324
-0.5363012 7.240066 1.3790603
-0.5363012 7.163451 1.1492169
-0.4213795 7.2400656 0.842759
-0.30645782 7.2400656 0.6895301
-0.15322891 7.31668 0.61291564
-0.11492168 7.393295 0.5363012
-0.15322891 7.431602 0.49799395
-0.2681506 7.393295 0.49799395
-0.34476504 7.431602 0.53630114
-0.5363012 7.3166804 0.53630114
-0.7278373 7.0868373 0.61291564
-0.9959879 6.933608 0.53630114
-1.4556746 6.5505357 0.49799392
-1.6472107 6.4739213 0.45968673
-1.7621324 6.397307 0.68953013
-1.8770541 6.397307 0.61291564
-1.9536686 6.62715 0.4596867
-1.9153614 6.8569937 0.19153613
-1.8770542 7.0868373 0.11492168
-1.8770542 7.2783732 -0.038307227
-1.8387469 7.508217 -0.11492168
-1.8387469 7.73806 -0.22984336
-1.8004396 8.00621 -0.2681506
-1.8004396 8.197746 -0.11492168
-1.8770542 8.274361 -0.038307227
-1.9536686 8.312668 0.11492168
-2.1068974 8.159439 0.22984336
-2.1452045 7.8529816 0.344765
-2.1068974 7.6231384 0.4596867
-2.030283 7.4699097 0.5746084
-2.0685902 7.2783732 0.6895301
-2.183512 7.0868373 0.6895301
-2.336741 6.9719152 0.7278373
-2.4133554 6.933608 0.7278373
-2.4133554 7.0485296 0.7278373
-2.375048 7.316681 0.7661445
-2.2984335 7.4699097 0.7661445
-2.3750482 7.546524 0.80445176
-2.4899697 7.508217 0.7278373
-2.6431987 7.2783732 0.61291564
-2.9113495 7.163451 0.22984336
-3.1028857 7.0485296 0.0
-3.2561145 7.0102224 -0.19153613
-3.4093432 7.0485296 -0.38307226
-3.4093432 7.0102224 -0.30645782
-3.5242648 7.0102224 -0.22984336
-3.5242648 7.086837 -0.076614454
-3.562572 7.2017584 0.19153611
-3.5242648 7.3549876 0.49799395
-3.5242648 7.469909 0.61291564
-3.562572 7.469909 0.6895301
-3.6008792 7.469909 0.53630114
-3.6391866 7.3549876 0.344765
-3.5625722 7.2783732 0.11492168
-3.4859579 7.2783732 -0.038307227
-3.3327289 7.201759 -0.076614454
-3.217807 7.163451 -0.11492168
-3.217807 7.2017584 -0.11492168
-3.217807 7.2783737 0.0
-3.2944214 7.4699097 0.076614454
-3.3327289 7.6231384 0.19153613
-3.2944217 7.6614456 0.34476504
-3.1795 7.546524 0.4213795
-3.0262709 7.393295 0.3830723
-2.873042 7.3166804 0.30645782
-2.7581205 7.2783732 0.30645782
-2.7581205 7.4316025 0.34476504
-2.834735 7.546524 0.45968673
-2.9113493 7.6231384 0.57460845
-3.064578 7.73806 0.7661445
-3.064578 7.6614456 0.9576806
-2.911349 7.73806 1.340753
-2.7198129 7.8529816 1.838747
-2.4516625 7.967903 2.183512
-2.2218192 8.350975 2.6048915
-2.1068974 8.69574 2.7964277
-2.0685902 9.11712 2.9879637
-2.1068974 9.5385 3.064578
-2.2218192 9.730036 2.9496565
-2.3750482 9.80665 2.834735
-2.3750482 9.80665 2.7198133
-2.2218192 9.921572 2.8730419
-1.9536686 10.228029 3.2944214
-1.6472108 10.687716 3.9839518
-1.4556746 11.109096 4.7500963
-1.4173675 11.3006315 5.3247046
-1.5705963 11.262324 5.6311626
-1.8004397 11.070788 5.6311626
-2.0685902 10.802638 5.3630123
-2.336741 10.611102 5.2097826
-2.3750482 10.649409 5.324705
-2.2984338 10.802638 5.746084
-2.030283 11.18571 6.3973074
-1.6472108 11.722012 7.086837
-1.3024458 12.143392 7.3932953
-0.9959879 12.449849 7.240066
-0.9193734 12.488156 6.6271505
-0.9576807 12.258312 5.66947
-1.1492168 11.836933 4.9799395
-1.3407528 11.262324 4.6734815
-1.4939818 10.726023 5.094861
-1.6089036 10.189722 5.899313
-1.6089036 9.80665 6.6271505
-1.532289 9.5385 7.0485296
-1.3790601 9.461885 7.0485296
-1.1109096 9.5385 6.8569937
-0.7661445 9.80665 6.5888433
-0.45968673 10.189722 6.550536
-0.07661445 10.496181 6.4739213
0.2681506 10.840945 6.320692
0.49799395 10.994174 6.090849
0.7278373 11.109096 5.7843914
0.8810662 11.109096 5.477934
0.8810662 11.032481 5.4013195
0.842759 10.840945 5.66947
0.68953013 10.534488 6.0908494
0.49799395 10.304644 6.6271505
0.4213795 10.036493 6.9719152
0.4213795 9.883265 6.9719152
0.5746084 9.998186 6.8569937
0.8810662 10.266337 6.4739213
1.3024458 10.6877165 6.0525417
1.7238252 11.224018 5.6694694
2.0685902 11.453861 5.24809
2.2218192 11.415554 5.094861
2.1452045 11.147404 5.056554
1.9536686 10.611102 5.209783
1.7238252 10.0748005 5.3247046
1.4939818 9.615113 5.401319
1.2641385 9.155427 5.516241
1.0342951 8.69574 5.4396267
0.7661445 8.350975 5.363012
0.49799392 7.967903 5.209783
0.2681506 7.6614456 4.903325
0.15322891 7.393295 4.711789
0.15322891 7.240066 4.5968676
0.2681506 7.240066 4.6351748
0.53630114 7.469909 4.673482
0.8044518 7.8146744 4.8267107
1.1109096 8.197746 4.7500963
1.340753 8.465897 4.673482
1.4173673 8.580818 4.673482
1.4556745 8.6574335 4.6351748
1.4173673 8.6574335 4.7500963
1.3790601 8.734048 4.865018
1.4173675 8.848969 5.056554
1.4556746 8.963891 5.209783
1.4556746 9.11712 5.439626
1.4939818 9.232042 5.592855
1.4939818 9.2703495 5.66947
1.532289 9.385271 5.6311626
1.5705963 9.385271 5.5928555
1.5705963 9.346964 5.4013195
1.4939818 9.2703495 5.24809
1.3024457 9.002198 5.1714754
1.0726024 8.734048 5.0182467
0.7278374 8.465897 5.056554
0.45968673 8.236053 5.056554
0.19153613 8.082825 5.094861
-0.038307227 8.0445175 5.133168
-0.22984336 8.00621 5.1714754
-0.45968673 8.0445175 5.2863975
-0.6512228 8.082825 5.363012
-0.842759 8.121132 5.5162406
-0.99598795 8.197746 5.554548
-1.1109097 8.274361 5.6311626
-1.1875241 8.389282 5.707777
-1.3024457 8.542512 5.66947
-1.3790601 8.695741 5.707777

