-1.340753 8.772355 5.861006
-1.2258313 8.42759 6.3589993
-1.7621324 8.465898 6.1674633
-2.2601266 8.504205 5.9759274
-2.9496565 8.580819 5.93762
-3.4476504 8.887277 5.8226986
-3.6008794 8.963891 6.0525417
-3.7541084 9.193734 6.397307
-3.86903 9.461885 6.397307
-3.9073372 9.883265 6.435614
-3.9456444 10.113108 6.588843
-3.86903 10.304644 6.8186865
-3.7158012 10.572795 7.3549876
-3.524265 10.726024 7.6614456
-3.3327286 10.91756 7.699753
-3.1411927 11.032481 7.431602
-2.9879637 10.955867 6.933608
-2.9113493 10.840945 6.5122285
-2.719813 10.6877165 6.3206925
-2.6431987 10.496181 6.2823853
-2.6431987 10.266336 6.5122285
-2.681506 10.036493 6.933608
-2.681506 9.883265 7.31668
-2.6048915 9.883265 7.8146744
-2.3750482 9.998186 8.121132
-2.0685904 10.151415 8.159439
-1.9153614 10.113108 7.73806
-1.9153614 9.959879 7.2400656
-2.030283 9.768343 6.8186865
-2.1835117 9.500193 6.6271505
-2.2984335 9.461885 6.8186865
-2.221819 9.500193 7.0102224
-2.1068974 9.653421 7.0485296
-1.8004396 9.959879 7.0102224
-1.1875241 10.381259 6.5888433
-0.9576807 10.457873 6.282385
-0.91937345 10.381258 5.899313
-0.91937345 10.151415 5.6311626
-1.0342952 9.921572 5.3247046
-0.99598795 9.653421 5.363012
-0.9193735 9.615114 5.439626
-0.68953 9.691729 5.363012
-0.38307226 9.959879 5.209783
-0.11492168 10.228029 4.865018
0.076614454 10.266336 4.4436383
0.15322891 10.228029 4.0222588
0.15322891 9.883265 3.6774938
0.038307227 9.385271 3.4476504
-0.038307227 9.040505 3.371036
-0.11492168 8.848969 3.4859576
0.038307227 8.963891 3.7541084
0.3830723 9.423578 4.0222588
0.80445176 9.80665 4.1371803
1.2641385 10.0748005 4.1371803
1.3790603 10.0748005 3.9839516
1.2258313 9.844957 3.5242648
0.842759 9.461885 3.1028852
0.4213795 9.002198 2.7581205
0.19153613 8.695741 2.7198133
0.22984335 8.465897 3.0262709
0.42137948 8.504204 3.2944217
0.6512228 8.734048 3.4093432
0.91937345 9.002198 3.3327289
1.0726023 9.308657 3.0262709
1.2641385 9.5385 2.719813
1.4556746 9.615114 2.4899697
1.532289 9.5385 2.1452048
1.5705963 9.232042 1.8387468
1.4939818 8.810662 1.5705962
1.3407528 8.427589 1.3407531
1.2258313 8.082825 1.2258313
1.1109097 8.0445175 1.3024458
1.0342952 8.0445175 1.2258313
0.9576807 8.00621 1.1875241
0.8810662 7.929596 1.0726024
0.7661445 7.776367 0.6512229
0.68953 7.6614456 0.4213795
0.6512228 7.6614456 0.19153613
0.61291564 7.699753 0.076614454
0.6512228 7.8146744 0.038307227
0.6512228 7.8912888 0.038307227
0.61291564 7.8912888 0.038307227
0.49799395 7.8912888 0.0
0.2681506 7.73806 0.038307227
0.0 7.6231384 0.076614454
-0.2681506 7.546524 0.11492168
-0.45968673 7.469909 0.11492168
-0.6512229 7.3166804 0.15322891
-0.8044518 7.2017584 0.076614454
-0.9959879 7.0102224 -0.076614454
-1.3024457 6.8569937 -0.19153613
-1.4939818 6.8569937 -0.22984335
-1.6472108 6.7803793 -0.07661445
-1.7621324 6.8186865 0.19153613
-1.7621324 6.8569937 0.4213795
-1.7621324 6.8569937 0.49799395
-1.8004397 6.933608 0.42137948
-1.8004397 6.933608 0.22984335
-1.9536686 6.703765 -0.15322891
-2.030283 6.588843 -0.38307226
-2.0685902 6.5505357 -0.53630114
-2.030283 6.5505357 -0.6895301
-1.9919758 6.7037644 -0.7661445
-1.8770542 6.8186865 -0.6895301
-1.838747 7.0102224 -0.49799395
-1.838747 7.2400656 -0.34476504
-1.9536686 7.354987 -0.11492168
-2.1452045 7.354987 -0.076614454
-2.2984338 7.2017584 -0.30645782
-2.3750482 7.0485296 -0.4213795
-2.2984338 6.9719152 -0.5363012
-2.1068976 7.0485296 -0.45968673
-1.8387468 7.2783732 -0.19153613
-1.532289 7.6231384 0.038307227
-1.3024457 8.0445175 0.2681506
-1.1492168 8.350975 0.34476507
-1.1109096 8.504204 0.22984336
-1.2258313 8.427589 0.19153613
-1.4173673 8.0445175 0.22984336
-1.7238252 7.5082164 0.34476504
-2.1068974 6.9719152 0.5746084
-2.528277 6.5505357 0.6512228
-2.9113493 6.3589997 0.53630114
-3.1411927 6.473922 0.38307226
-3.217807 6.6654577 0.26815057
-3.0645783 6.933608 0.038307227
-2.719813 7.278373 0.038307227
-2.4133554 7.6614456 0.11492168
-2.2218192 8.082825 0.22984336
-2.2218192 8.312668 0.45968673
-2.4133554 8.389282 0.49799395
-2.681506 8.236053 0.4596867
-2.9113493 8.00621 0.30645782
-3.1411927 7.8529816 0.22984336
-3.3327286 7.699753 0.30645782
-3.3710358 7.6231384 0.38307226
-3.3327286 7.6231384 0.4213795
-3.1794999 7.73806 0.45968673
-3.0262709 7.929596 0.38307226
-3.0262709 8.197746 0.2681506
-3.1028855 8.274361 0.19153613
-3.3327286 8.121132 -0.038307227
-3.6774938 7.699753 -0.3830723
-4.0222588 7.125144 -0.5363012
-4.252102 6.7037644 -0.49799398
-4.1371803 6.5122285 -0.19153616
-3.7541084 6.7803793 0.34476504
-3.2561145 7.2783732 0.6512228
-2.834735 7.8912888 0.80445176
-2.7198133 8.465897 0.61291564
-2.8730423 8.695741 0.30645782
-3.1028857 8.580819 0.15322891
-3.3327289 8.274361 0.15322891
-3.1411924 7.73806 1.2641385
-2.4133554 8.504205 2.9496565
-2.183512 9.11712 3.5242648
-2.1452045 9.576807 3.562572
-2.221819 9.730036 3.4093432
-2.2984338 9.653421 3.0262709
-2.2984338 9.500193 2.7964275
-2.183512 9.461885 2.8730419
-1.9153614 9.615114 3.1794996
-1.6472108 9.921572 3.7158008
-1.3790603 10.457873 4.367024
-1.1875241 10.917561 4.865018
-1.1109096 11.300632 5.1331687
-1.1109096 11.568783 5.2480903
-1.1109096 11.683704 5.1331687
-1.0726024 11.683704 4.903325
-1.1492169 11.568783 4.405331
-1.3024458 11.415554 3.8307226
-1.4556746 11.300632 3.6391866
-1.5322891 11.453861 3.907337
-1.4173675 11.798626 4.750096
-1.1492168 12.143391 5.7460837
-0.9959879 12.488156 6.2823853
-0.9576807 12.641385 6.397307
-1.0342951 12.641385 6.0142345
-1.1492169 12.488155 5.324704
-1.2641385 12.105083 4.673482
-1.4173675 11.645397 4.252102
-1.4556746 11.224018 4.3287168
-1.4173673 10.879253 4.903325
-1.2641385 10.572795 5.5545483
-0.9959879 10.419565 5.975928
-0.8810662 10.266336 5.9376206
-0.842759 10.189722 5.5928555
-0.842759 10.113108 5.209783
-0.91937345 9.921572 5.0565543
-0.842759 9.883265 5.3247046
-0.68953013 9.844957 5.7843914
-0.30645782 10.113108 6.3589997
0.45968673 10.726024 6.5505357
0.9193734 11.032482 6.090849
1.0726024 11.147404 5.401319
1.1875241 11.147404 4.673482
0.9959879 10.879253 4.2904096
0.61291564 10.457872 4.405331
0.30645782 9.921572 4.7884035
0.11492168 9.500193 5.363012
0.15322891 9.346964 5.7843914
0.2681506 9.346964 5.8226986
0.49799395 9.5385 5.554548
0.6895301 9.768343 5.1714754
0.842759 10.036493 4.82671
1.0726024 10.342951 4.5202527
1.2258313 10.534488 4.5202527
1.4173675 10.6877165 4.7884035
1.4556746 10.6877165 5.171476
1.37906 10.611102 5.631162
1.1875241 10.496181 5.861006
0.6512228 10.151415 5.93762
0.4213795 9.844957 5.93762
0.19153613 9.423578 6.0142345
-0.038307227 8.925585 5.8226986
-0.3830723 8.389283 5.5928555
-0.68953013 7.929596 5.24809
-0.8810662 7.699753 5.0182467
-0.9576807 7.584831 5.0182467
-0.7661445 7.584831 5.2480903
-0.5746084 7.699753 5.401319
-0.4213795 7.8912888 5.3247046
-0.30645782 8.0445175 5.133168
-0.30645782 8.082825 4.82671
-0.30645782 8.0445175 4.7117887
-0.26815057 7.8912888 4.788403
-0.19153613 7.8912888 4.9416323
-0.076614454 7.967903 5.1331687
0.076614454 8.121132 5.2480903
0.22984335 8.465897 5.4396267
0.38307226 8.734048 5.6311626
0.49799395 9.040506 5.66947
0.57460845 9.193735 5.6311626
0.57460845 9.155428 5.5162406
0.57460845 9.040506 5.401319
0.49799395 8.848969 5.401319
0.4213795 8.734048 5.516241
0.34476507 8.695741 5.707777
0.22984336 8.695741 5.707777
0.19153613 8.734048 5.66947
0.076614454 8.772355 5.4779334
0.0 8.619125 5.171476
-0.2681506 8.465897 4.7500963
-0.6512228 8.350975 4.367024

