-2.566584 5.554548 7.5082164
-2.0685902 5.93762 7.699753
-1.6472108 6.3589997 7.8529816
-1.2641385 6.7420716 7.967903
-1.340753 6.473922 8.121132
-1.685518 6.1674633 7.967903
-1.9153614 6.0142345 7.73806
-1.8770542 6.205771 7.6231384
-1.7621324 6.5505357 7.4316025
-1.4939818 6.933608 7.4316025
-1.187524 7.240066 7.776367
-0.7278373 7.469909 8.274362
-0.15322894 7.699753 8.734048
0.3064578 7.8529816 9.040505
0.6512228 7.967903 8.848969
0.72783726 7.967903 8.465897
0.61291564 7.8529816 8.0445175
0.45968673 7.699753 7.73806
0.30645782 7.508217 7.699753
0.19153613 7.393295 7.776367
0.19153613 7.393295 8.0445175
0.2681506 7.546524 8.389282
0.34476504 7.73806 8.772354
0.4213795 7.699753 9.040506
0.4213795 7.5465236 9.078814
0.4213795 7.2400656 8.887277
0.49799395 6.9719152 8.580818
0.61291564 6.895301 8.236053
0.842759 6.9719152 8.00621
1.1109096 7.163451 7.8146744
1.3790601 7.240066 7.73806
1.6089035 7.393295 7.6614456
1.8004397 7.431602 7.5465236
1.9536686 7.393295 7.393295
1.9919758 7.3549876 7.2017584
2.1068974 7.240066 7.125144
2.183512 7.1634517 7.086837
2.2984335 7.1634517 7.2017584
2.4133554 7.1634517 7.3166804
2.3750482 7.1251445 7.4316025
2.336741 7.010223 7.508217
2.2218194 6.895301 7.508217
2.1068976 6.7803793 7.4316025
2.1452048 6.8569937 7.2783732
2.1452048 6.933608 7.1251445
2.1452048 6.933608 7.0485296
2.1452048 6.9719152 7.0102224
2.0685902 6.895301 7.0102224
1.9919758 6.8569937 7.0485296
1.9919758 6.895301 7.125144
2.0685902 6.9719152 7.201759
2.183512 7.0485296 7.240066
2.375048 7.201759 7.240066
2.528277 7.2783732 7.086837
2.6431987 7.393295 6.933608
2.719813 7.469909 6.8186865
2.719813 7.5082164 6.6654577
2.719813 7.5082164 6.742072
2.719813 7.431602 6.8569937
2.681506 7.393295 7.0485296
2.681506 7.393295 7.2783732
2.6431987 7.393295 7.2783732
2.566584 7.393295 7.2400656
2.528277 7.393295 7.0485296
2.4899697 7.4699097 6.7803793
2.4899697 7.584831 6.512229
2.4899697 7.699753 6.244078
2.4899697 7.8146744 6.090849
2.4516625 7.776367 6.1674633
2.4133554 7.776367 6.4739213
2.4516625 7.73806 6.742072
2.4899697 7.776367 7.0102224
2.6048915 7.8912888 7.0485296
2.719813 7.967903 6.703765
2.8347347 8.121132 6.3206925
2.8730419 8.197746 5.899313
2.8347347 8.159439 5.66947
2.7581203 8.121132 5.746084
2.681506 8.00621 6.129156
2.681506 7.929596 6.5888433
2.7581205 7.8912888 6.895301
2.9113493 8.0445175 7.0102224
3.1028852 8.236053 6.818686
3.2944217 8.465897 6.4739213
3.4859576 8.695741 6.2057705
3.562572 8.695741 5.9759274
3.5242648 8.695741 5.8226986
3.4093432 8.542511 5.8226986
3.2561145 8.427589 5.7843914
3.1411924 8.274361 5.861006
3.1028852 8.197746 5.899313
3.1794999 8.236053 5.8226986
3.2561142 8.236053 5.7843914
3.3710358 8.312668 5.6311626
3.3710358 8.312668 5.4396267
3.3710358 8.197746 5.286397
3.3327286 8.121132 5.1714754
3.2944214 8.121132 5.094861
3.3327289 8.0445175 5.0182467
3.3327289 8.082825 4.903325
3.371036 8.121132 4.7500963
3.371036 8.121132 4.4819455
3.4093432 8.197746 4.3287163
3.4093432 8.197746 4.252102
3.4093432 8.197746 4.1371803
3.371036 8.159439 4.1754875
3.217807 8.236053 4.1371803
3.1794999 8.312668 4.1754875
3.1794999 8.465898 4.2137947
3.2944217 8.734048 4.2137947
3.6008794 8.848969 4.405331
3.8307226 9.040505 4.520253
3.9839516 9.11712 4.5585604
4.060566 9.11712 4.443639
3.86903 9.11712 3.9456446
3.677494 9.002198 3.2944217
3.5242648 8.925584 2.834735
3.4093432 8.887277 2.6048915
3.4859576 8.810662 2.681506
3.5242648 8.810662 2.873042
3.562572 8.848969 2.9496565
3.5242648 8.810662 3.0262709
3.4476504 8.772355 2.9496565
3.371036 8.810662 2.681506
3.2944217 8.810662 2.3750482
3.2944217 8.810662 2.1068976
3.2561142 8.963891 2.030283
3.2944214 9.040505 2.183512
3.2561142 9.078813 2.4899697
3.0262709 8.963891 2.6815062
2.834735 8.695741 2.7198133
2.528277 8.465897 2.681506
2.2984338 8.197746 2.6048915
2.2984338 8.159439 2.4899697
2.3750482 8.274361 2.3367407
2.6048913 8.427589 2.183512
2.9113493 8.734048 1.9919758
3.1411927 9.002198 1.8004396
3.2561142 9.155427 1.6472107
3.2944214 9.193734 1.5322891
3.217807 9.155427 1.4939818
3.1794996 9.078813 1.5322891
3.1411924 8.963891 1.6472108
3.064578 8.925584 1.6089036
2.9496565 8.810662 1.4939818
2.7581205 8.772355 1.340753
2.6431987 8.772355 1.2258313
2.5665843 8.6574335 1.2258313
2.528277 8.6574335 1.2641385
2.4899697 8.504205 1.2641385
2.3367407 8.389282 0.99598783
2.183512 8.389282 0.7661446
2.1068974 8.389282 0.6129156
2.0685902 8.504205 0.53630114
2.1835117 8.619126 0.61291564
2.336741 8.772355 0.842759
2.4516625 8.887277 0.9959879
2.528277 8.963891 1.1109096
2.4516625 9.002198 1.3024457
2.2601264 8.925584 1.3790601
1.9919758 8.810662 1.493982
1.8004396 8.695741 1.6089035
1.6089035 8.580819 1.6472107
1.5322891 8.6574335 1.6089035
1.5705963 8.772355 1.6089035
1.6089035 9.002198 1.532289
1.7621324 9.2703495 1.6089035
1.8770541 9.385271 1.6089035
1.9153614 9.500193 1.4173675
1.9153614 9.500193 1.4556746
1.8770542 9.500193 1.4556746
1.8770542 9.500193 1.6089035
1.8387469 9.461885 1.8004397
1.8004397 9.423578 1.6089036
1.7621324 9.423578 1.3407531
1.685518 9.423578 0.84275895
1.6089036 9.423578 0.34476504
1.532289 9.385271 0.114921674
1.3790601 9.270349 0.076614454
1.2258313 9.155427 0.22984336
1.1109096 9.040505 0.5363012
1.0726024 9.002198 0.8044518
1.1492168 9.040505 0.8044518
1.2258313 9.002198 0.7278373
1.3024457 9.040505 0.53630114
1.3024457 8.963891 0.34476504
1.2258313 8.887277 0.22984335
1.1875241 8.848969 0.15322891
1.1875241 8.810662 0.038307227
1.1492168 8.848969 -0.076614454
1.1875241 8.848969 -0.076614454
1.2258313 8.887277 0.0
1.2641385 8.925584 0.076614454
1.3024457 9.040505 0.11492168
1.3024457 9.11712 0.0
1.1875241 9.155427 -0.076614454
1.0342951 9.078813 -0.076614454
0.80445176 8.887277 0.114921674
0.61291564 8.695741 0.38307226
0.49799395 8.619126 0.45968673
0.4213795 8.580819 0.53630114
0.45968673 8.619126 0.38307226
0.45968673 8.695741 0.07661445
0.4213795 8.734048 -0.038307227
0.3830723 8.810662 -0.15322891
0.34476504 8.810662 -0.11492168
0.2681506 8.772355 0.038307227
0.22984335 8.772355 0.076614454
0.15322891 8.695741 0.076614454
0.076614454 8.6574335 0.038307227
0.0 8.6574335 -0.038307227
-0.076614454 8.580819 0.0
-0.15322891 8.542512 0.076614454
-0.22984335 8.542512 0.11492168
-0.26815057 8.542512 0.19153613
-0.30645782 8.542512 0.11492168
-0.344765 8.580819 -0.076614454
-0.4213795 8.504205 -0.30645782
-0.53630114 8.465898 -0.49799395
-0.6512228 8.465898 -0.61291564
-0.72783726 8.42759 -0.49799395
-0.6895301 8.542512 -0.03830722
-0.49799395 8.734048 0.3830723
-0.2681506 8.963891 0.7278373
-0.076614454 9.155427 0.7661445
-0.038307227 9.232041 0.49799395
-0.30645782 9.002198 0.26815057
-0.68953013 8.619125 0.076614454
-1.0726024 8.350975 0.19153613
-1.3790601 8.121132 0.34476504
-1.4939818 8.121132 0.57460845
-1.4556745 8.274361 0.7278373
-1.340753 8.465897 0.6512228
-1.1492169 8.695741 0.61291564
-0.9576807 8.848969 0.30645782
-0.8810662 8.810662 0.15322891
-0.9959879 8.734048 0.15322891
-1.2641385 8.465898 0.15322891
-1.5705963 8.312668 0.26815057
-1.8004397 8.350975 0.38307226
-1.7621324 8.274361 0.45968676
-1.6089035 8.389282 0.45968676
-1.340753 8.427589 0.5363012
-1.1492168 8.427589 0.5363012
-1.0726024 8.542512 0.57460845
-1.0726024 8.695741 0.61291564
-1.1109096 8.848969 0.5746084
-1.1492169 8.887277 0.5746084
-1.1875241 8.848969 0.45968673
-1.1492168 8.734048 0.5363012
-1.1875241 8.695741 0.68953013
-1.2641385 8.734048 0.8044518
-1.3024457 8.772355 0.842759
-1.3790603 8.810662 0.68953013
-1.340753 8.810662 0.49799395
-1.187524 8.695741 0.38307226
-1.0726024 8.619126 0.5363012
-0.9959879 8.542512 0.88106626
-1.0342951 8.504205 1.2258313
-1.1875241 8.542512 1.4939818
-1.4173675 8.580819 1.4173675
-1.5705962 8.619126 1.1109096
-1.7238252 8.542512 0.7661445
-1.7621324 8.427589 0.49799395
-1.6472108 8.274361 0.6895301
-1.5705963 8.082825 1.0342952
-1.4939818 8.082825 1.5705963
-1.4939818 8.236053 2.0685902
-1.4556746 8.504205 2.183512
-1.4556746 8.848969 2.1452045
-1.4556746 9.040505 1.9153613
-1.4556746 9.040505 1.6089035
-1.5705963 8.887277 1.4556745
-1.7238252 8.580819 1.4939818
-1.8770542 8.274361 1.7621324
-2.0685902 8.121132 2.2218192
-2.2218192 8.082825 2.719813
-2.2601264 8.236053 3.0645783
-2.183512 8.504204 3.1411927
-2.030283 8.734047 2.9879637
-1.9536686 8.848969 2.719813
-1.9536686 8.734048 2.5665843
-2.0685902 8.504204 2.5282772
-2.1835117 8.197746 2.873042
-2.2601264 8.0445175 3.3327289
-2.2218192 8.197746 3.86903
-2.0685902 8.465897 4.3287168
-1.8770542 8.963891 4.4436383
-1.6472108 9.270349 4.4819455
-1.532289 9.461885 4.2904096
-1.6472108 9.346964 4.098873
-1.9153614 8.887277 4.098873
-2.2218192 8.465898 4.1371803
-2.336741 8.121132 4.4436383
-2.2218192 8.121132 4.865018
-1.838747 8.427589 5.3247046
-1.340753 8.963891 5.6311626
-0.9576807 9.461885 5.746084
-0.68953013 9.768343 5.6311626
-0.8044517 9.921572 5.3630114
-1.2258312 9.730036 5.056554
-1.7621324 9.346964 4.8267107
-2.2984335 8.848969 4.8267107
-2.5282772 8.427589 5.056554
-2.5282772 8.236053 5.477933
-2.4133554 8.197746 6.0142345
-2.2218192 8.350975 6.6654577
-2.030283 8.542511 7.125144
-1.8004396 8.810662 7.546524
-1.4939818 9.078814 7.776367
-1.1875241 9.346964 7.6614456
-0.91937345 9.615114 7.3549876
-0.80445176 9.653421 6.933608
-0.95768064 9.576807 6.5122285
-1.2641385 9.346963 6.320692
-1.8004396 8.887277 6.435614
-2.336741 8.504204 6.818686
-2.6431987 8.159439 7.3549876
-2.719813 8.082825 7.8529816
-2.4899697 8.236053 8.159439
-2.1068974 8.389283 8.389282
-1.8004396 8.619126 8.350975
-1.6472108 8.734048 8.274361
-1.685518 8.695741 8.350975
-1.8387468 8.580818 8.312668
-2.030283 8.389282 8.312668
-2.1835117 8.197746 8.274361
-2.2601264 8.0445175 8.159439
-2.3367407 7.8912888 8.0445175
-2.3750482 7.776367 8.082825
-2.3750482 7.584831 8.350975
-2.2601264 7.508217 8.695741
-1.9919758 7.699753 9.040505
-1.685518 7.929596 9.308657
-1.4173675 8.236053 9.232042
-1.3024457 8.427589 8.925584
-1.37906 8.350975 8.6574335
-1.6472106 8.082825 8.389282
-2.030283 7.699753 8.236053
-2.4516625 7.2017584 8.197746
-2.7964275 6.7803793 8.121132
-3.0262709 6.5888433 8.082825
-3.064578 6.435614 8.00621
-2.9113493 6.4739213 8.0445175
-2.7581203 6.5505357 8.00621
-2.566584 6.6654572 7.967903
-2.4133554 6.742072 8.00621
-2.3750482 6.8186865 8.082825
-2.3750482 6.895301 8.274361
-2.3367407 6.8569937 8.389283
-2.2984335 6.895301 8.619126
-2.2601264 6.933608 8.6574335
-2.1068974 6.933608 8.619126
-2.030283 6.895301 8.6574335
-1.9919758 6.8569937 8.542512
-1.9919758 6.742072 8.350975
-2.030283 6.550536 8.236053
-2.030283 6.3589993 8.082825
-1.9919758 6.2440777 7.8529816
-1.7238252 6.2440777 7.8146744
-1.340753 6.435614 7.8912888
-0.6512229 6.895301 8.0445175
0.11492166 7.508217 8.350975
0.6895301 8.197746 8.69574
1.0726024 8.734048 8.925584
0.9193735 8.810662 9.002198
0.42137957 8.42759 8.810662
-0.26815057 7.699753 8.389282
-1.1109095 6.8186865 7.776367
-1.8004396 6.0908494 7.163451
-2.336741 5.516241 6.780379
-2.719813 5.1714754 6.588843
-2.9496565 4.9799395 6.6654572
-3.1028852 4.865018 6.895301
-3.1411924 4.865018 7.240066
-3.1411924 4.865018 7.5082164
-2.9879637 5.094861 7.699753
-2.7581203 5.4013186 7.8146744
-2.4516625 5.7077765 7.967903
-2.0685902 6.090849 8.082825
-1.6472108 6.397307 8.236053
-1.2641385 6.703765 8.350975
-0.9576807 7.04853 8.504204
-0.7661445 7.240066 8.465897
-0.7278373 7.3166804 8.236053
-0.7661445 7.240066 8.00621
-0.842759 6.9719152 7.584831

