-0.8810662 8.274361 4.3287168
-1.340753 8.159439 5.2863975
-1.8770542 8.159439 5.66947
-2.4516625 8.925584 5.5928555
-2.7964275 9.844957 5.5928555
-3.1794999 10.6877165 5.5928555
-3.0262709 11.530476 5.363012
-2.7581203 11.60709 5.439626
-2.4133554 11.645397 5.4779334
-2.1068976 11.683704 5.5162406
-1.8387468 11.568783 5.6311626
-1.685518 11.530476 5.707777
-1.6089036 11.492168 5.746084
-1.5322891 11.415554 5.66947
-1.4556746 11.377247 5.5928555
-1.3024458 11.262324 5.6311626
-1.1492169 11.18571 5.707777
-0.99598795 11.109096 5.899313
-0.80445176 11.032481 6.0142345
-0.6512228 11.070788 6.0142345
-0.53630114 10.955867 5.861006
-0.45968673 10.840945 5.5545483
-0.34476504 10.726024 5.2097826
-0.22984336 10.611102 4.9416323
-0.076614454 10.496181 4.6351748
0.076614454 10.419565 4.3287168
0.11492168 10.419565 4.098873
0.15322891 10.342951 3.6774938
0.22984335 10.304644 3.371036
0.34476507 10.189722 3.0262709
0.49799395 10.113108 3.0262709
0.61291564 10.151415 3.0262709
0.8044518 10.151415 2.9113493
1.2258313 10.266336 2.681506
1.3790601 10.342951 2.6048915
1.4556746 10.342951 2.6048915
1.4173675 10.381258 2.6048915
1.3024458 10.266336 2.7198133
1.2258313 10.113108 2.681506
1.1875241 9.998186 2.5665843
1.1875241 9.80665 2.528277
1.1109096 9.691729 2.336741
1.0726023 9.5385 2.2601264
0.9959879 9.461885 2.183512
0.9959879 9.500193 2.030283
1.0342952 9.500193 2.030283
1.0342952 9.576807 2.0685902
1.0726024 9.5385 2.0685902
1.0342951 9.500193 1.9919758
0.9576807 9.385271 1.8770541
0.842759 9.193735 1.7238252
0.68953013 9.11712 1.7238252
0.5746084 8.848969 1.8387469
0.49799395 8.734048 1.9919758
0.49799395 8.580819 2.1452045
0.5746084 8.465898 2.1068974
0.6512228 8.504205 2.1452048
0.72783726 8.542512 2.0685902
0.80445176 8.6574335 2.030283
0.842759 8.6574335 2.1452045
0.88106626 8.6574335 2.0685902
0.88106626 8.465897 2.030283
0.8044518 8.236053 1.9536686
0.6512229 7.929596 1.8770541
0.49799395 7.6614456 1.9153614
0.34476507 7.546524 1.8770541
0.15322891 7.469909 1.8004396
-0.038307227 7.469909 1.4556745
-0.2681506 7.431602 1.0726024
-0.4213795 7.508217 0.7661445
-0.4213795 7.6614456 0.34476504
-0.34476504 7.8912888 0.15322891
-0.26815057 8.197746 0.0
-0.30645782 8.312668 -0.15322891
-0.42137948 8.389282 -0.19153613
-0.61291564 8.274361 -0.2681506
-0.8044518 8.121132 -0.30645782
-0.9576807 8.0445175 -0.34476504
-1.1492169 7.929596 -0.4213795
-1.2641386 8.0445175 -0.38307226
-1.2641386 8.121132 -0.49799395
-1.2641386 8.274361 -0.6895301
-1.2258313 8.504204 -0.80445176
-1.1875241 8.772355 -1.1492169
-1.2641385 8.69574 -1.1492169
-1.3407528 8.427589 -1.1492169
-1.4939818 8.121132 -1.0342951
-1.8387468 7.508217 -0.6895301
-2.0685902 7.393295 -0.49799395
-2.2601264 7.3166804 -0.30645782
-2.3750482 7.240066 -0.19153613
-2.4133554 7.201759 -0.038307227
-2.4133554 7.125144 -0.038307227
-2.3750482 7.0102224 -0.15322891
-2.3367407 6.933608 -0.49799395
-2.3750482 6.8569937 -0.9959879
-2.4516625 6.742072 -1.8387468
-2.4899697 6.6654577 -1.9919758
-2.4899697 6.6271505 -1.9919758
-2.4516625 6.703765 -1.8770542
-2.2984335 6.7803793 -1.6472108
-2.2218192 7.0485296 -1.4939818
-2.1452048 7.354988 -1.3024458
-2.0685902 7.4699097 -1.0342951
-2.1068976 7.508217 -0.6895301
-2.1452048 7.4316025 -0.38307226
-2.2218192 7.2783732 -0.15322891
-2.3750482 7.240066 -0.22984336
-2.48997 7.240066 -0.4213795
-2.5665843 7.201759 -0.5746084
-2.5665843 7.201759 -0.6895301
-2.528277 7.1634517 -0.80445176
-2.3750482 7.240066 -0.6895301
-2.2218192 7.4316025 -0.5746084
-2.1835117 7.699753 -0.4213795
-2.1452045 7.8912888 -0.076614454
-2.221819 8.082825 -0.11492168
-2.2984335 8.197746 -0.2681506
-2.2984335 8.121132 -0.49799395
-2.2218192 8.159439 -0.7278373
-2.1452045 8.121132 -0.6895301
-2.183512 7.967903 -0.4596867
-2.2984335 7.8146744 -0.22984336
-2.9496565 7.1251445 0.0
-3.2561145 6.818686 -0.038307227
-3.371036 6.7037644 0.0
-3.1794996 6.933608 0.19153613
-2.183512 7.929596 0.61291564
-1.3790601 8.848969 0.6512228
-1.2258313 9.193735 0.49799395
-1.3024457 9.308657 0.2681506
-1.532289 9.193735 -0.03830722
-1.8770542 8.734048 -0.53630114
-2.2601264 8.197746 -0.8810662
-2.4516625 7.776367 -0.8810662
-2.4133554 7.6231384 -0.49799395
-2.2601264 7.8912888 0.30645782
-1.9919758 8.197746 0.9959879
-1.8004396 8.580818 1.4173673
-1.8004396 8.734048 1.6089035
-1.8770542 8.695741 1.6089035
-2.030283 8.580819 1.4939818
-2.1452045 8.312668 1.3790603
-2.030283 8.236053 1.2641386
-1.8387468 8.312668 1.0726024
-1.4556746 8.657433 1.0726024
-1.1109095 9.155428 1.0342952
-0.91937345 9.615114 1.0342952
-0.7661445 9.998186 1.1875241
-0.7661445 10.189722 1.4173675
-0.84275895 10.228029 1.7238252
-1.0342951 10.113108 2.1835117
-1.2641385 9.998186 2.7964275
-1.532289 9.768343 3.4093432
-1.8004397 9.615114 4.1371803
-1.8770542 9.5385 4.6734815
-1.8004397 9.615114 5.094861
-1.6089035 9.883265 5.439626
-1.1492168 10.381259 5.66947
-0.6512228 11.18571 5.899313
-0.15322891 11.9135475 5.861006
0.15322891 12.488155 5.4779334
0.15322891 12.603077 4.405331
-0.19153613 12.105083 4.098873
-0.4596867 11.683704 4.1754875
-0.7661446 11.185711 4.5202527
-0.91937345 10.726024 4.9416323
-0.9959879 10.572795 5.439626
-0.9193734 10.534488 5.861006
-0.7661445 10.649409 6.090849
-0.61291564 10.879252 6.3206925
-0.38307226 11.070788 6.244078
-0.22984335 11.147403 5.93762
-0.11492168 11.109096 5.51624
-0.11492168 10.91756 4.9416323
-0.11492168 10.649409 4.481945
-0.11492168 10.381258 4.290409
-0.038307227 10.228029 4.3287168
0.19153613 10.228029 4.596867
0.5363012 10.381258 4.903325
0.91937345 10.611102 5.094861
1.3024457 10.840945 5.1714754
1.5705963 10.994174 5.094861
1.6855179 11.070788 5.0182467
1.6855179 10.994174 4.9799395
1.6089035 10.879252 4.9799395
1.5705963 10.802638 5.056554
1.5705963 10.726024 5.056554
1.6472108 10.726024 4.9799395
1.7238252 10.649409 4.903325
1.838747 10.611102 4.7884035
1.9153614 10.419566 4.6351743
1.8770542 10.113108 4.596867
1.838747 9.883265 4.55856
1.7621324 9.653421 4.7117887
1.7238252 9.576807 4.9416323
1.8004397 9.653421 5.1331687
1.9536686 9.844957 5.3247046
2.183512 10.113108 5.363012
2.4133554 10.457872 5.4779334
2.6048915 10.802638 5.5162406
2.719813 10.955867 5.439626
2.6048915 10.840945 5.2480903
2.4133554 10.534487 4.9799395
2.0685902 10.036493 4.8267107
1.6472108 9.461885 4.7884035
1.3024458 8.887277 4.7884035
0.9193734 8.274361 4.8267107
0.61291564 7.73806 4.8267107
0.38307226 7.31668 4.7500963
0.2681506 7.0485296 4.8267107
0.2681506 7.125144 4.903325
0.4213795 7.3166804 5.1331687
0.61291564 7.6231384 5.439626
0.842759 7.929596 5.746084
0.9576807 8.0445175 6.0142345
0.9576807 8.159439 6.0525417
0.91937345 8.121132 6.090849
0.80445176 8.00621 5.93762
0.7661445 7.776367 5.7843914
0.6895301 7.584831 5.6311626
0.53630114 7.508217 5.5928555
0.4213795 7.546524 5.8226986
0.3830723 7.8912888 6.1291566

