-0.91937345 8.312668 6.7037644
-1.6472106 8.772355 6.5122285
-2.221819 10.113108 6.3973064
-2.2984335 10.726024 6.4356136
-2.4133554 10.457873 6.5888433
-2.4516625 10.22803 6.8569937
-2.4516625 10.151415 7.163451
-2.2601264 10.151415 7.393295
-2.030283 10.266336 7.508217
-1.7238252 10.419566 7.584831
-1.3790601 10.572795 7.5465236
-1.1109096 10.572795 7.431602
-0.91937345 10.496181 7.3549876
-0.7278373 10.457873 7.3549876
-0.53630114 10.419566 7.4316025
-0.34476504 10.496181 7.4699097
-0.038307227 10.649409 7.4699097
0.22984338 10.802638 7.201759
0.4213795 10.879252 6.8569937
0.57460845 10.76433 6.588843
0.57460845 10.49618 6.320692
0.45968673 10.113108 6.2440777
0.34476504 9.730036 6.2440777
0.19153613 9.423578 6.282385
0.076614454 9.193735 6.3973064
0.038307227 9.040505 6.435614
0.0 8.887277 6.244078
0.0 8.772355 6.052542
0.0 8.580818 5.93762
-0.038307227 8.465897 5.861006
-0.038307227 8.350975 5.93762
-0.076614454 8.274361 6.0525417
-0.11492168 8.350975 6.0142345
-0.11492168 8.427589 5.7460837
-0.11492168 8.580819 5.286397
-0.076614454 8.734048 4.8267107
-0.038307227 8.848969 4.3287168
-0.038307227 8.772355 4.1371803
-0.076614454 8.772355 4.1371803
-0.076614454 8.848969 4.0222588
-0.038307227 8.925584 3.9073372
0.038307227 9.232041 3.6391864
0.19153613 9.5385 3.4093432
0.26815057 9.691729 3.217807
0.19153613 9.768343 3.217807
0.038307227 9.691729 3.1028852
-0.30645782 9.346964 2.9496565
-0.6895301 8.963891 2.9113493
-0.91937345 8.695741 2.7581205
-1.0726024 8.619126 2.834735
-1.0726024 8.6574335 2.9879637
-0.99598795 8.848969 3.064578
-1.0342952 8.887277 3.1411924
-1.0342952 8.772355 3.2944214
-1.1492169 8.6574335 3.2944214
-1.2641386 8.389283 3.2561142
-1.340753 8.159439 3.1794999
-1.5322891 7.8912888 2.9496565
-1.6472108 7.546524 2.7964277
-1.8770542 7.1634517 2.6048915
-2.1452048 6.8953004 2.4899697
-2.6048913 6.397307 2.4899697
-2.834735 6.2823853 2.7581203
-2.9496565 6.3589997 2.9113493
-3.1028852 6.5505357 2.9113493
-3.2561145 6.62715 2.7581203
-3.371036 6.588843 2.5282772
-3.4859576 6.5505357 2.336741
-3.562572 6.5505357 2.1452048
-3.562572 6.588843 2.030283
-3.6008792 6.6654572 2.0685902
-3.6008792 6.7037644 2.1068974
-3.6008792 6.8186865 2.1835117
-3.677494 6.742072 2.1835117
-3.7158012 6.6271505 2.1068974
-3.8307228 6.473922 2.0685902
-3.9839516 6.205771 2.030283
-4.098873 6.129156 1.9536686
-4.098873 6.2057705 1.7621324
-4.060566 6.3589997 1.5705963
-3.86903 6.550536 1.4556746
-3.6391869 6.742072 1.3024458
-3.562572 6.8569937 1.2258313
-3.4476504 7.0485296 0.9959879
-3.4093432 7.201759 0.7278373
-3.4093432 7.240066 0.49799398
-3.371036 7.2783732 0.3830723
-3.3327289 7.201759 0.4213795
-3.2944214 7.201759 0.49799395
-3.2561142 7.1634517 0.6512228
-3.217807 7.0868373 0.6895301
-3.217807 7.0485296 0.80445176
-3.2561145 7.0485296 0.8810662
-3.3327289 7.125144 1.0342951
-3.5242648 7.125144 1.187524
-3.7541084 6.933608 1.1109096
-3.9839516 6.6654572 0.95768064
-4.1371803 6.435614 0.6895301
-4.0222588 6.7037644 0.49799395
-3.7541082 7.2400656 0.53630114
-3.217807 8.542512 0.6512228
-2.7964277 9.193735 0.7661446
-2.643199 9.232042 0.7661446
-2.6048913 8.848969 0.38307226
-2.719813 8.695741 0.22984336
-2.9113493 8.542511 0.34476507
-3.1411927 8.427589 0.5363012
-3.371036 8.312668 0.7661446
-3.5625722 8.159439 0.9576807
-3.6391866 8.082825 1.0342951
-3.6774938 7.967903 1.2258313
-3.6391866 8.00621 1.3024457
-3.4859576 8.0445175 1.3790601
-3.2944214 8.159439 1.4556746
-3.1028855 8.350975 1.4556746
-2.9496565 8.504205 1.4173673
-2.9496565 8.619126 1.37906
-2.9879637 8.619126 1.2641385
-2.9879637 8.619126 1.1492169
-2.9496565 8.619126 1.2258313
-2.873042 8.695741 1.2258313
-2.7964277 8.734048 1.2258313
-2.719813 8.734048 1.2641385
-2.6048915 8.619126 1.1492169
-2.5665843 8.542512 1.1492169
-2.5665843 8.504205 1.1492169
-2.6048915 8.312668 1.1109097
-2.7581203 8.159439 1.0342951
-2.8347347 8.00621 0.9959879
-2.8347347 7.929596 1.0342952
-2.7964275 8.082825 1.2641385
-2.681506 8.350975 1.6472107
-2.4899697 8.619125 1.9536686
-2.336741 8.887277 2.221819
-2.183512 9.193734 2.1835117
-2.0685902 9.270349 1.877054
-2.0685902 9.270349 1.5705962
-2.030283 9.193734 1.2641385
-2.030283 9.040505 1.0726024
-2.0685902 8.963891 1.0342952
-2.1068974 8.887277 1.1109096
-2.1835117 8.734047 1.340753
-2.2984335 8.580818 1.8387469
-2.2984335 8.542511 2.4899695
-2.183512 8.734047 3.064578
-2.030283 9.117121 3.4859576
-1.9153614 9.5385 3.4476504
-1.8387469 9.844957 3.371036
-1.8387469 9.844957 3.2944217
-1.9153614 9.691729 3.3327289
-1.8387469 9.461885 3.6391864
-1.7621324 9.2703495 4.137181
-1.6472107 9.346964 4.711789
-1.4173675 9.653421 5.209783
-1.3024458 9.959879 5.516241
-1.2641386 10.228029 5.363012
-1.3407531 10.151415 4.9416323
-1.6089036 9.883265 4.405331
-1.838747 9.461885 4.1754875
-1.9536686 9.078814 4.3287168
-1.9153614 8.925584 4.711789
-1.6472108 8.963891 5.3247046
-1.340753 9.232041 5.746084
-0.9959879 9.615114 5.93762
-0.6895301 9.959879 5.899313
-0.5363012 10.266336 5.66947
-0.30645782 10.534487 5.401319
-0.22984336 10.611101 5.133168
-0.22984336 10.726024 4.9799395
-0.15322891 10.6877165 4.9416323
-0.076614454 10.6877165 5.0182467
0.038307227 10.879252 5.094861
0.2681506 11.032481 5.1714754
0.42137948 11.300632 5.2097826
0.42137948 11.415554 5.094861
0.34476504 11.33894 5.056554
0.15322891 11.147404 5.0182467
0.0 10.802638 5.056554
-0.076614454 10.189722 5.286397
-0.038307227 10.036493 5.592855
0.038307227 9.921572 5.707777
0.038307227 9.921572 5.746084
0.038307227 9.998186 5.6311626
0.038307227 9.998186 5.3630123
0.038307227 9.998186 5.3630123
0.076614454 9.998186 5.4013195
0.11492168 9.883265 5.516241
0.15322891 9.883265 5.8226986
0.22984335 9.921572 5.861006
0.34476504 10.036493 5.9759274
0.45968673 10.151415 5.9759274
0.61291564 10.189722 5.707777
0.6895301 10.228029 5.516241
0.72783726 10.0748005 5.401319
0.72783726 9.844957 5.401319
0.68953 9.461885 5.5162406
0.61291564 9.002198 5.707777
0.53630114 8.6574335 5.8226986
0.53630114 8.465897 5.707777
0.6512228 8.580818 5.477934
0.9193734 8.963891 5.094861
1.2641385 9.38527 4.6351748
1.5705963 9.80665 4.2137947
1.8770542 10.228029 3.9839516
2.1452048 10.457872 3.8307228
2.2601264 10.534488 3.7541084
2.3367407 10.381259 3.9073372
2.183512 9.998186 4.1754875
1.8770542 9.385271 4.4819455
1.4939818 8.695741 4.7884035
1.0342951 8.082825 5.056554
0.6129156 7.6231384 5.171476
0.22984336 7.4699097 5.401319
0.22984336 7.6231384 5.707777
0.49799395 8.159439 5.8226986
1.4173673 9.385271 5.707777

