-0.95768064 8.389282 5.363012
-1.6089035 8.580818 5.746084
-2.4899697 8.580818 6.359
-3.1411927 8.734048 6.550536
-3.86903 8.734048 6.933608
-3.9073372 8.619126 6.8186865
-3.86903 8.6574335 6.588843
-3.8307228 8.734048 6.282385
-3.7158012 8.848969 5.784391
-3.5625722 8.925584 5.4013186
-3.371036 8.925584 5.133168
-3.064578 9.002198 5.094861
-2.7581203 9.11712 5.3630114
-2.3750482 9.385271 5.707777
-1.9919759 9.768343 5.93762
-1.6089035 10.0748005 5.9759274
-1.3024458 10.228029 5.7077765
-1.1492169 10.228029 5.439626
-1.1109097 10.036493 5.2863975
-1.1875241 9.844957 5.401319
-1.2641385 9.691729 5.93762
-1.2258313 9.691729 6.1674633
-1.187524 9.80665 6.1674633
-1.1109096 9.959879 6.2057705
-1.1875241 9.959879 6.2057705
-1.3024458 9.959879 6.2440777
-1.3024458 9.80665 6.435614
-1.3024458 9.691729 6.6654572
-1.1492169 9.691729 6.588843
-0.68953013 9.998186 6.167464
-0.49799395 10.304644 5.8226986
-0.2681506 10.572794 5.746084
-0.11492168 10.802638 5.8226986
-0.038307227 10.955867 5.899313
-0.076614454 10.879252 5.861006
-0.30645782 10.611102 5.746084
-0.5746084 10.342951 5.5545483
-0.8044518 10.036493 5.3247046
-0.9576807 9.730036 5.3247046
-0.99598795 9.615114 5.2863975
-0.99598795 9.461885 5.2097826
-0.88106626 9.385271 5.3630123
-0.7278373 9.461885 5.3630123
-0.61291564 9.576807 5.324704
-0.45968676 9.768343 5.24809
-0.38307226 9.959879 5.0182467
-0.4213795 9.959879 4.7500963
-0.4596867 9.844957 4.481946
-0.61291564 9.615114 4.3287168
-0.842759 9.346964 4.1754875
-1.0342951 9.11712 4.098873
-1.4939818 8.810662 4.252102
-1.5705965 8.772355 4.3670235
-1.532289 8.925584 4.596867
-1.340753 9.078814 4.7117887
-1.1109096 9.385271 4.6734815
-0.9576807 9.653421 4.55856
-0.8810662 9.80665 4.2137947
-0.91937345 9.883265 3.9839516
-0.9959879 9.80665 3.7924156
-1.1109096 9.615114 3.7924156
-1.2258313 9.461885 3.9073372
-1.3407528 9.423578 4.3287168
-1.1109096 9.653421 4.175488
-0.842759 9.768343 3.7924156
-0.49799398 9.844957 3.2944214
-0.2681506 9.921572 2.8730419
-0.19153613 9.80665 2.413355
-0.30645782 9.576807 2.030283
-0.61291564 9.193734 1.8770542
-0.9193734 8.389282 1.838747
-0.9959879 8.082825 1.9536686
-0.9576807 7.967903 2.030283
-0.9959879 7.8912888 2.0685902
-1.0726024 7.8146744 1.8770542
-1.1109096 7.8146744 1.685518
-1.1492169 7.8146744 1.3790603
-1.1492169 7.776367 0.95768064
-1.1875241 7.8529816 0.7661445
-1.2258313 7.8146744 0.49799395
-1.3790603 7.776367 0.38307226
-1.4939818 7.699753 0.344765
-1.7238252 7.6614456 0.30645782
-1.9153614 7.6614456 0.34476507
-2.0685902 7.584831 0.30645782
-2.2218192 7.584831 0.2681506
-2.1835117 7.4699097 0.2681506
-2.1452045 7.431602 0.34476504
-2.0685902 7.469909 0.5363012
-1.9919758 7.508217 0.842759
-1.9919758 7.6231384 1.0342951
-2.030283 7.699753 1.1109096
-2.1068974 7.699753 1.1109096
-2.2218192 7.6614456 0.9193735
-2.3367407 7.584831 0.8044518
-2.4133554 7.431602 0.6895301
-2.4899697 7.2017584 0.5746084
-2.566584 6.9719152 0.5363012
-2.6048915 6.703765 0.5746084
-2.6431987 6.5888433 0.5363012
-2.6048913 6.6271505 0.57460845
-2.4899697 6.8186865 0.7661445
-2.336741 7.086837 0.842759
-2.260126 7.2017584 0.9576807
-2.1835117 7.2783732 1.0726024
-2.1835117 7.3166804 1.0726024
-2.2218192 7.3932953 0.9959879
-2.183512 7.4699097 0.9576807
-2.1068976 7.4699097 0.9576807
-2.0685904 7.4316025 0.842759
-2.0685904 7.4316025 0.7661445
-1.9919759 7.3932953 0.8044518
-2.030283 7.4699097 0.7278373
-2.0685902 7.546524 0.7278373
-2.0685902 7.508217 0.842759
-2.1068974 7.546524 0.88106626
-2.1452048 7.508217 0.9193735
-2.1452048 7.431602 1.0342952
-2.1452048 7.431602 0.9959879
-2.183512 7.393295 0.9959879
-2.2218192 7.469909 0.9193734
-2.183512 7.584831 0.7661445
-2.183512 7.546524 0.61291564
-2.183512 7.6231384 0.38307226
-2.2218194 7.6231384 0.19153613
-2.2218194 7.6614456 0.11492168
-2.2601266 7.929596 0.30645782
-2.2984338 8.0445175 0.5363012
-2.183512 8.159439 0.9193735
-2.1452045 8.197746 1.2258313
-2.030283 8.197746 1.4939818
-1.9919758 8.312668 1.7621325
-2.0685902 8.504204 1.8770542
-2.0685902 8.619126 2.0685902
-2.1068974 8.695741 1.9919758
-1.9919758 8.810662 1.8004397
-1.8004397 8.925585 1.7621324
-1.6472107 9.193735 1.685518
-1.4939818 9.385271 1.685518
-1.4556745 9.423578 1.6472108
-1.4556745 9.38527 1.5705963
-1.4939818 9.193734 1.4556746
-1.532289 8.963891 1.4173673
-1.6089035 9.002199 1.5705962
-1.7621324 9.117121 1.6089035
-1.9153614 9.232042 1.5705963
-2.1452048 9.232042 1.3790603
-2.336741 8.963891 0.9576807
-2.4133554 8.6574335 0.6512229
-2.4133554 8.350975 0.6895301
-2.183512 8.312668 0.84275895
-1.8770542 8.504204 1.0726023
-1.5322891 8.848969 1.2641385
-1.2258313 9.270349 1.3024457
-1.0342951 9.5385 1.1109095
-0.91937345 9.768343 0.9193734
-0.91937345 9.80665 0.61291564
-0.91937345 9.576807 0.2681506
-0.9576807 9.2703495 0.11492168
-0.91937345 9.002198 0.038307227
-0.7278373 9.002198 0.22984335
-0.61291564 9.308656 0.6512229
-0.53630114 9.653421 1.1875241
-0.49799395 9.883265 1.8770542
-0.57460845 9.844957 2.4133554
-0.61291564 9.5385 2.6431987
-0.61291564 9.155428 2.5665843
-0.6512228 8.427589 2.030283
-0.8044517 8.121132 1.8387469
-0.9193734 7.967903 2.030283
-0.95768064 7.967903 2.3367407
-0.84275895 8.236053 2.9879637
-0.45968673 8.810662 3.86903
0.0 9.5385 4.6351748
0.49799395 10.266337 5.1331687
1.1875241 11.109097 5.401319
1.3407528 11.185711 5.3247046
1.4173673 11.185711 5.24809
1.4173673 11.262325 5.056554
1.4939818 11.377247 4.8267107
1.4939818 11.453861 4.6734815
1.5705963 11.377247 4.55856
1.6855179 11.377247 4.6351743
1.8387469 11.377247 4.865018
2.0685902 11.377247 5.171476
2.336741 11.60709 5.5162406
2.6815057 11.798626 5.4779334
2.873042 12.028469 5.3247046
2.9496565 12.181698 4.7884035
2.9113493 12.066776 3.9839516
2.681506 11.60709 3.4859576
2.4516625 10.917561 3.0262709
2.2601264 10.22803 3.1794999
2.1068974 9.691729 3.6008792
2.030283 9.461885 4.1371803
2.0685902 9.500193 4.7884035
2.4133554 9.844957 5.2863975
2.528277 9.959879 5.0948615
2.528277 9.959879 4.7884035
2.4516623 9.844957 4.5202527
2.2601264 9.615114 4.367024
2.1068974 9.308657 4.5202527
1.9919758 9.155428 4.7500963
1.8770542 9.117121 4.865018
1.8387469 9.193735 4.865018
1.8004397 9.346964 4.8267107
1.7621324 9.423578 4.6351748
1.6855179 9.385271 4.5202527
1.5322891 9.308657 4.5202527
1.340753 9.232041 4.5202527
1.1875241 9.078813 4.6351748
1.0726024 9.155428 4.7884035
1.0726024 9.308657 4.865018
1.187524 9.576807 5.0182467
1.3790601 9.844957 5.133168
1.5705963 10.0748005 5.209783
1.7238252 10.228029 5.4396267
1.8387469 10.304645 5.516241
1.7621324 10.381259 5.516241
1.6472107 10.228029 5.5928555
1.4556746 9.998186 5.6311626
1.340753 9.730036 5.8226986
1.2641385 9.615114 6.167464
1.2641385 9.576807 6.4356146
1.340753 9.500193 6.512229
1.2641385 9.193734 6.090849
1.1492168 8.69574 5.439626
0.91937345 8.236053 4.7500963
0.61291564 7.8912888 4.252102
0.2681506 7.776367 4.0222588
-0.11492167 7.73806 4.0222588
-0.42137948 7.8146744 4.1754875
-0.61291564 7.967903 4.252102
-0.6512228 8.236053 4.405331
-0.57460845 8.619126 4.596867
-0.49799398 8.963892 4.55856

