-0.45968673 9.346964 4.55856
-1.3790601 8.619125 5.363012
-2.2218192 8.312668 5.66947
-2.8730419 8.465897 5.554548
-3.6774936 8.619125 5.2097826
-4.4436383 8.734047 5.094861
-4.7117887 8.542511 5.1714754
-4.865018 8.389282 5.7843914
-4.8267107 8.312668 6.8186865
-4.596867 8.427589 7.699753
-4.2521024 8.619126 8.389283
-3.86903 8.963891 8.312669
-3.4859576 9.346964 7.73806
-3.1411927 9.691729 6.9719152
-2.8347347 10.036493 6.397307
-2.566584 10.266336 6.2057705
-2.2601264 10.534488 6.2057705
-1.9536686 10.879253 6.320692
-1.6472108 11.224018 6.320692
-1.3790603 11.530476 6.397307
-1.2258313 11.60709 6.473922
-1.2258313 11.492168 6.6271505
-1.4173673 11.147403 6.933608
-1.532289 11.147403 7.0485296
-1.4173673 11.300632 7.0485296
-1.2258313 11.568783 6.895301
-0.91937345 11.760319 6.703765
-0.57460845 11.87524 6.3206925
-0.34476504 11.951855 5.9759274
-0.22984335 11.836933 5.8226986
-0.2681506 11.60709 5.707777
-0.4213795 11.377247 5.746084
-0.49799395 11.109097 5.8226986
-0.57460845 10.879252 5.8226986
-0.6512228 10.6877165 5.8226986
-0.6512228 10.49618 5.746084
-0.7661445 10.228029 5.5928555
-0.8810662 9.921572 5.3247046
-0.9959879 9.730036 5.133168
-1.0726024 9.461885 5.0182467
-1.0726024 9.346964 5.0182467
-0.9959879 9.2703495 4.9799395
-0.8810662 9.155427 4.8267107
-0.8810662 9.078813 4.5202527
-0.9576807 8.925584 4.2137947
-1.0726024 8.772355 4.098873
-1.2258313 8.619126 4.098873
-1.3024458 8.542512 4.2137947
-1.3024458 8.389282 4.3287163
-1.3024458 8.312668 4.405331
-1.2641385 8.274361 4.367024
-1.2641385 8.197746 4.098873
-1.37906 8.0445175 3.9456444
-1.4556746 7.8912888 3.86903
-1.532289 7.8529816 3.7158012
-1.3790601 8.082825 3.677494
-1.3024457 8.159439 3.562572
-1.1875241 8.197746 3.4476504
-1.1492169 8.197746 3.2944214
-1.1875241 8.159439 3.217807
-1.2641385 8.159439 3.1028855
-1.4173675 8.121132 2.9879637
-1.6472108 7.967903 2.834735
-1.8770542 7.8529816 2.566584
-2.0685904 7.8146744 2.3750482
-2.183512 7.73806 2.4516625
-2.183512 7.8146744 2.4516625
-2.183512 7.929596 2.4133554
-2.1452048 8.00621 2.4133554
-2.1068976 8.121132 2.183512
-2.030283 8.197746 2.1068976
-1.9536686 8.236053 2.030283
-1.9536686 8.197746 1.8387469
-1.9919758 7.967903 1.6472107
-2.183512 7.6614456 1.3790601
-2.4516625 7.1634517 1.1875241
-2.6048915 6.5122285 1.2258313
-2.3750482 6.5505357 1.6089036
-1.9153614 6.9719152 2.1068976
-1.4556746 7.5082164 2.681506
-1.1875241 7.8912888 3.0262709
-1.0726024 8.159439 3.217807
-1.2258313 8.0445175 3.1411924
-1.4939818 7.776367 2.9879637
-1.8004396 7.4316025 2.7964277
-2.1452048 6.933608 2.4899697
-2.4516625 6.6654577 2.336741
-2.7581203 6.320693 2.0685902
-2.9879637 6.052542 1.8770542
-3.1028852 5.93762 1.6472108
-3.1028852 5.899313 1.3790603
-2.9879637 6.0525417 1.3024458
-2.719813 6.435614 1.1875241
-2.4516625 6.7803793 1.3024458
-2.2218192 7.010223 1.4556746
-2.0685902 7.201759 1.532289
-2.1452045 7.125144 1.532289
-2.2984338 6.9719152 1.4173675
-2.528277 6.7803793 1.2258313
-2.7198133 6.550536 1.0342951
-2.9113493 6.397307 0.8810662
-3.064578 6.3589997 0.6512228
-3.1028852 6.397307 0.53630114
-3.1028852 6.5122285 0.57460845
-2.9113493 6.742072 0.61291564
-2.6815057 6.9719152 0.842759
-2.4899697 7.201759 1.0342951
-2.4516625 7.2783732 0.9959879
-2.566584 7.2783732 0.8810662
-2.719813 7.240066 0.72783726
-2.873042 7.1634517 0.5746084
-2.9113493 7.1634517 0.6512229
-2.834735 7.201759 0.7661446
-2.7581205 7.316681 0.80445176
-2.681506 7.508217 0.7661446
-2.6048915 7.73806 0.6512228
-2.6431987 7.776367 0.7661445
-2.6431987 7.73806 0.88106626
-2.6048915 7.6231384 1.1109095
-2.528277 7.5082164 1.37906
-2.2984335 7.661445 1.4939818
-2.0685902 8.00621 1.4556746
-1.8387469 8.427589 1.3790603
-1.685518 8.772355 1.1492169
-1.8770541 8.734047 0.38307226
-2.1068976 8.312668 0.03830722
-2.2601264 8.00621 -0.11492168
-2.3367407 7.8529816 0.07661445
-2.375048 8.236053 0.9193735
-2.4133554 8.580819 1.2641385
-2.4899697 8.772355 1.4556746
-2.528277 8.772355 1.5705963
-2.5665843 8.772355 1.4556745
-2.5665843 8.6574335 1.4939818
-2.528277 8.6574335 1.685518
-2.566584 8.734048 1.8387468
-2.6431985 8.925584 2.1068974
-2.834735 9.040505 2.4133554
-2.9879637 9.155428 2.6048913
-3.0262709 9.232042 3.064578
-2.9113493 9.193735 3.8307226
-2.7964277 9.2703495 4.3287163
-2.681506 9.423578 4.5585604
-2.5665843 9.691729 4.7500963
-2.5282772 9.998186 4.7884035
-2.4899697 10.151415 4.6351743
-2.4516625 10.266336 4.596867
-2.4133554 10.304644 4.750096
-2.336741 10.151415 4.9416323
-2.2984335 10.113108 5.209783
-2.2984335 10.113108 5.363012
-2.2601264 10.151415 5.3247046
-2.2218192 10.304644 5.401319
-2.1068976 10.381259 5.24809
-1.9536686 10.381259 5.2097826
-1.8004397 10.304645 5.133168
-1.6089035 10.266336 4.9799395
-1.4173673 10.304644 4.9416323
-1.187524 10.49618 4.8267107
-0.9193734 10.611102 4.865018
-0.61291564 10.6877165 4.865018
-0.38307226 10.6877165 4.865018
-0.22984335 10.572795 4.9799395
-0.15322891 10.496181 5.0182467
-0.11492168 10.419565 5.1714754
0.038307227 10.381258 5.3247046
0.2681506 10.49618 5.363012
0.61291564 10.6877165 5.439626
0.91937345 10.955867 5.401319
1.1875241 11.18571 5.286397
1.3790601 11.18571 5.1714754
1.3024457 11.18571 4.8267107
1.1875241 10.994174 4.4436383
0.9576807 10.687716 4.252102
0.61291564 10.381258 4.060566
0.38307226 9.998186 4.3287168
0.19153613 9.730036 4.8267107
0.076614454 9.691729 5.3247046
0.076614454 9.80665 5.93762
0.19153613 10.0748005 6.2823853
0.34476504 10.304644 6.3589997
0.38307226 10.457873 6.090849
0.34476507 10.419566 5.51624
-0.076614454 9.768343 4.520253
-0.076614454 9.423577 4.865018
0.344765 9.768342 5.3630114
0.95768064 10.49618 5.899313
1.6089034 11.147403 6.1674633
2.0685902 11.568783 6.090849
2.2601264 11.683704 5.746084
2.2218192 11.415554 5.2480903
1.9536686 10.917561 4.903325
1.4939818 10.189722 4.788403
0.91937345 9.232042 4.865018
0.2681506 8.197746 5.133168
-0.26815057 7.2400656 5.592855
-0.6895301 6.588843 5.861006
-0.8810662 6.3206925 6.2823853
-0.7661446 6.3589997 6.5505357
-0.49799398 6.703765 6.6654577
-0.07661445 7.163451 6.6271505
0.3830723 7.73806 6.320693
0.842759 8.389282 6.0142345
1.1875241 8.925584 5.66947
1.3790601 9.232042 5.363012
1.3024457 9.2703495 5.0565543
0.99598783 9.117121 4.7884035
0.5746083 8.810662 4.673482
0.038307227 8.465897 4.711789
-0.42137948 8.159439 4.903325
-0.80445176 7.8912888 5.133168
-1.1109096 7.8146744 5.133168
-1.3024457 7.776367 5.2097826
-1.4556746 7.8146744 5.324705
-1.6472107 7.8529816 5.4396267
-1.9536686 7.776367 5.7843914
-2.1452048 7.8146744 5.8226986
-2.2601266 7.776367 5.93762
-2.2984338 7.8912888 6.512229
-2.183512 7.8912888 6.933608

