-2.2601264 7.8529816 6.895301
-2.2984335 7.73806 6.7803793
-2.2601264 7.5082164 6.1674633
-2.7964277 8.121132 6.397307
-3.4476504 8.69574 6.6654577
-4.060566 9.2703495 7.1634517
-4.1754875 9.883265 7.699753
-3.9456444 9.921572 7.8529816
-3.6008794 10.036493 7.967903
-3.1411927 10.419566 8.00621
-2.6815057 10.802638 8.082825
-2.1835117 11.185711 8.082825
-1.7621324 11.568783 8.121132
-1.4173675 11.798626 8.121132
-1.0726023 11.951855 8.121132
-0.80445176 12.028469 8.159439
-0.61291564 11.951855 8.121132
-0.5746084 11.645397 7.8912888
-0.6895301 11.262324 7.6614456
-0.7661445 10.91756 7.699753
-0.7661445 10.381258 8.236053
-0.57460845 10.266336 8.465897
-0.2681506 10.189722 7.73806
-0.15322891 10.151415 7.2017584
-0.11492168 10.151415 6.703765
-0.15322891 10.0748005 6.1674633
-0.2681506 9.921572 5.8226986
-0.22984336 9.80665 5.4779334
-0.15322891 9.80665 5.2863975
0.19153613 9.998186 5.094861
0.6895301 10.304645 4.7117887
1.0726023 10.572795 4.405331
1.3790601 10.572795 4.060566
1.3790601 10.342951 3.9839516
1.1109096 9.921572 3.9456444
0.7661445 9.385271 4.060566
0.45968676 8.848969 4.137181
0.19153613 8.427589 4.175488
0.15322891 8.159439 4.2521024
0.26815057 8.082825 4.098873
0.4213795 8.236053 3.86903
0.6129156 8.350975 3.562572
0.72783726 8.389282 3.2561142
0.6895301 8.236053 2.873042
0.53630114 7.73806 2.5282772
0.34476504 7.4699097 2.6048915
0.2681506 7.3549876 2.5282772
0.11492168 7.240066 2.4516625
0.0 7.201759 2.3367407
-0.11492168 7.201759 2.2601264
-0.15322891 7.354988 2.2601264
-0.038307227 7.699753 2.3367407
0.038307227 7.967903 2.183512
0.076614454 8.197746 1.9536686
0.0 8.350975 1.532289
-0.22984336 8.312668 0.9959879
-0.45968673 8.159439 0.6895301
-0.6512228 8.121132 0.5363012
-0.7661445 8.159439 0.4213795
-0.842759 8.236053 0.30645782
-0.842759 8.427589 0.22984335
-0.91937345 8.465897 0.11492168
-1.0342952 8.350975 0.0
-1.1109096 8.236053 0.076614454
-1.2258313 8.0445175 -0.038307227
-1.2641385 7.967903 -0.076614454
-1.3024457 7.929596 0.0
-1.3790601 7.8146744 -0.11492168
-1.532289 7.73806 0.0
-1.685518 7.584831 0.038307227
-1.7621324 7.546524 0.11492168
-1.8004396 7.584831 0.22984335
-1.7238252 7.6614456 0.30645782
-1.6472108 7.73806 0.4213795
-1.6472108 7.699753 0.45968676
-1.7238252 7.6614456 0.49799398
-1.8387468 7.4699097 0.4213795
-2.030283 7.354988 0.30645782
-2.2218192 7.2400656 0.15322891
-2.183512 7.163451 0.038307227
-2.183512 7.201759 0.0
-2.0685904 7.240066 0.038307227
-1.8770542 7.3166804 0.22984336
-1.8770542 7.3549876 0.30645782
-1.7621324 7.469909 0.45968673
-1.7238252 7.5082164 0.49799398
-1.7621324 7.5082164 0.38307226
-1.8004396 7.5082164 0.34476504
-1.9919758 7.3549876 -0.038307227
-2.1068974 7.2783732 -0.11492168
-2.183512 7.201759 -0.19153613
-2.183512 7.086837 -0.11492168
-2.1452045 7.125144 -0.11492168
-2.0685902 7.2400665 -0.076614454
-1.9919758 7.6231384 -0.22984336
-1.9153614 7.6231384 -0.2681506
-1.8387469 7.508217 -0.19153613
-1.8770542 7.508217 0.038307227
-2.1452045 7.73806 0.49799395
-2.375048 7.8912888 0.4213795
-2.4899697 7.8146744 0.34476504
-2.4516625 7.699753 0.4213795
-2.3750482 7.699753 0.6512229
-2.2984335 7.8146744 0.9959879
-2.2601264 8.082825 1.2258313
-2.3750482 8.350975 1.2258313
-2.528277 8.427589 0.91937345
-2.6431987 8.389282 0.61291564
-2.7581203 8.159439 0.2681506
-2.7581203 7.8912888 0.038307227
-2.5665843 7.8146744 0.22984338
-2.4133554 7.8912888 0.5746084
-2.2218192 8.159439 0.9959879
-2.1452045 8.504204 1.2641385
-2.2984335 8.695741 1.3024457
-2.7581203 8.312668 0.7661445
-3.0262709 7.8529816 0.5746084
-3.1794996 7.31668 0.4596867
-3.2561145 6.895301 0.68953013
-3.1028855 7.0485296 1.7238253
-3.064578 7.546524 2.1452045
-3.0262709 8.121132 2.2984338
-3.064578 8.504205 2.336741
-3.1794996 8.427589 2.1452048
-3.217807 8.082825 2.1452048
-3.1028852 7.8529816 2.6431987
-2.6048913 8.274362 4.1754875
-2.1068974 9.461885 4.865018
-2.030283 9.921572 4.5202527
-2.1068974 9.998186 4.060566
-2.2218192 9.921572 3.4476504
-2.4516625 9.768343 3.1794999
-2.6048915 9.461885 3.371036
-2.719813 9.155427 4.6351748
-2.528277 9.193734 5.5162406
-2.1835117 9.730036 6.1674633
-1.493982 10.994174 6.8569937
-1.340753 11.492168 6.742072
-1.4556746 11.453861 6.4739213
-1.685518 11.109096 6.244078
-1.9919759 10.534488 6.0142345
-2.2601266 9.921572 6.0142345
-2.4133554 9.4618845 6.2057705
-2.4133554 9.308656 6.550536
-2.183512 9.500192 7.2400656
-1.7621324 9.844957 7.967903
-1.3407528 10.304645 8.465897
-0.80445176 10.764331 8.734048
-0.38307226 11.147404 8.695741
0.038307227 11.185711 7.8912888
-0.11492168 10.802638 7.354988
-0.45968673 10.189723 6.7803793
-0.7661445 9.232041 6.588843
-0.5746084 9.270349 6.933608
-0.03830722 9.730035 7.431602
0.6129157 10.534487 7.73806
1.2641385 11.492167 7.73806
1.8387468 12.220005 7.546524
2.183512 12.526463 7.0485296
2.2218192 12.373234 6.550536
1.9153614 11.683704 5.93762
1.4556746 10.726023 5.324704
0.9576807 9.883265 5.2097826
0.61291564 9.232042 5.4396257
0.5746084 8.925584 5.9759274
0.7278373 8.963891 6.550536
1.0726024 9.155427 6.742072
1.3790603 9.308657 6.5888433
1.5322891 9.423578 6.090849
1.5705963 9.423578 5.6311626
1.4556745 9.232042 5.1714754
1.3407528 8.925584 4.673482
1.2641385 8.657433 4.5202527
1.2641385 8.427589 4.405331
1.3407528 8.350975 4.55856
1.4939818 8.427589 4.903325
1.7238252 8.504204 5.0948615
1.8770542 8.619126 5.0948615
1.9919758 8.695741 5.0565543
1.9536686 8.695741 5.018247
1.838747 8.695741 4.9799395
1.685518 8.504204 5.056554
1.4939818 8.274361 5.056554
1.3407528 8.00621 5.133168
1.1109095 7.6614456 5.171476
0.91937345 7.546524 5.2480903
0.7661446 7.393295 5.363012
0.6512228 7.4316025 5.439626
0.6512228 7.6231384 5.631162
0.6895301 7.8529816 5.899313
0.7661446 8.121132 6.0908494
0.842759 8.389283 6.244078
0.9193735 8.734049 6.3589997
1.0342952 8.963892 6.282385
1.1109096 9.232042 6.1674633
1.1109096 9.385271 6.0142345
1.0342951 9.346964 5.746084
0.8810662 9.308657 5.5162406
0.6512228 9.155427 5.363012
0.38307226 9.040505 5.0182467
0.114921674 8.887277 4.788403

