-0.15322891 8.657433 4.6351743
-0.842759 8.159439 5.439626
-1.3407528 8.465897 5.822698
-1.8004396 8.772355 6.1674633
-2.1068976 9.193735 6.090849
-2.4899697 9.691729 6.0142345
-2.528277 9.998186 5.93762
-2.528277 10.419565 5.899313
-2.4899697 10.917559 5.8226986
-2.375048 11.18571 5.7843914
-2.2984335 11.18571 5.8226986
-2.3367407 10.994174 5.8226986
-2.4133554 10.649409 5.93762
-2.4899697 10.419565 6.129156
-2.4516625 10.419565 6.435614
-2.2601266 10.611101 6.6654572
-2.030283 10.840944 6.7420716
-1.7621325 11.109096 6.7420716
-1.493982 11.300632 6.62715
-1.3024458 11.377247 6.62715
-1.1109096 11.415554 6.6654572
-0.9193735 11.415554 6.742072
-0.7278373 11.377247 6.8186865
-0.49799395 11.262325 6.742072
-0.19153613 11.032482 6.4739213
-0.19153613 10.764331 6.2440777
-0.19153613 10.534488 6.2057705
-0.11492168 10.381259 6.282385
0.114921674 10.419566 6.473921
0.53630114 10.611102 6.742072
1.0726024 10.917561 6.7803793
1.9536686 11.109097 5.9759274
2.1835117 10.6877165 4.596867
2.1835117 10.304644 3.9456444
2.1068974 9.730036 3.6391866
2.2218192 9.615114 3.7541084
2.4133554 9.730036 3.7158012
2.834735 10.036493 3.2944217
3.2944217 10.036493 2.6431987
3.4476504 9.959879 2.4516625
3.3327289 9.768343 2.2601264
2.834735 9.193735 2.3367407
2.5282772 8.848969 2.413355
2.3750482 8.6574335 2.528277
2.4133554 8.695741 2.4899697
2.5282772 8.810662 2.4516625
2.6048915 8.810662 2.2984338
2.528277 8.848969 2.030283
2.3750482 8.772355 1.7621324
2.1068974 8.465897 1.4556746
1.685518 8.197746 1.3790601
1.3024457 7.8146744 1.3790601
0.9959879 7.6231384 1.4556746
0.80445176 7.6231384 1.6089035
0.8810662 7.6231384 1.4939818
0.9959879 7.8146744 1.3790601
1.0726023 7.8146744 1.1109096
1.1109096 7.73806 0.842759
0.95768064 7.6231384 0.61291564
0.72783726 7.4316025 0.30645782
0.4596867 7.240066 0.076614454
0.19153613 7.1251445 -0.076614454
-0.038307227 7.0485296 -0.15322891
-0.19153613 6.933608 -0.22984336
-0.26815057 6.933608 -0.19153613
-0.26815057 6.895301 -0.2681506
-0.26815057 6.933608 -0.34476504
-0.30645782 6.856993 -0.34476504
-0.34476504 6.780379 -0.4213795
-0.49799395 6.7420716 -0.45968673
-0.6512229 6.6654572 -0.4213795
-0.7661446 6.62715 -0.38307226
-0.88106626 6.6654572 -0.30645782
-0.91937345 6.62715 -0.15322891
-0.91937345 6.62715 -0.076614454
-0.9959879 6.6654572 -0.038307227
-1.1109096 6.7037644 -0.076614454
-1.1875241 6.7037644 -0.34476504
-1.2641385 6.7037644 -0.5363012
-1.2258313 6.7803793 -0.6512228
-1.1875241 6.7803793 -0.8044517
-1.2258313 6.895301 -0.6512228
-1.2641385 7.0102224 -0.53630114
-1.3790601 7.0485296 -0.49799395
-1.4556746 7.086837 -0.4213795
-1.4939818 7.163451 -0.45968676
-1.4939818 7.125144 -0.3830723
-1.3790601 7.163451 -0.11492169
-1.2641385 7.163451 0.15322891
-1.1875241 7.0485296 0.38307226
-1.2641386 6.9719152 0.34476504
-1.5322891 6.780379 0.15322891
-1.8387468 6.62715 -0.22984335
-2.183512 6.4739213 -0.57460845
-2.4133554 6.3206925 -0.80445176
-2.5282772 6.244078 -0.9959879
-2.6431987 6.205771 -0.9193735
-2.681506 6.244078 -0.8044518
-2.7964275 6.435614 -0.6895301
-2.911349 6.742072 -0.6512228
-2.911349 7.086837 -0.61291564
-2.8730419 7.4699097 -0.6512228
-2.719813 7.776367 -0.7278373
-2.528277 8.00621 -0.68953013
-2.3750482 8.236053 -0.53630114
-2.2984335 8.389282 -0.2681506
-2.4133554 8.542512 0.076614454
-2.566584 8.619126 0.38307226
-2.873042 8.6574335 0.49799395
-3.1411927 8.580818 0.61291564
-3.217807 8.389282 0.61291564
-3.217807 8.236053 0.61291564
-3.0262709 8.121132 0.7661445
-2.7964275 8.121132 0.9193734
-2.6048913 8.274361 1.2258312
-2.566584 8.427589 1.4556745
-2.681506 8.504204 1.6089035
-2.9496565 8.465897 1.7238252
-3.2944214 8.236053 1.6855179
-3.6391864 7.967903 1.6855179
-3.9073372 7.6614456 1.7238252
-3.9073372 7.4699097 1.9536686
-3.6391864 7.4699097 2.4133554
-2.6431985 8.236054 3.371036
-2.1452045 8.887277 3.3327289
-1.7621325 9.576807 2.9879637
-1.4556746 10.074801 2.2984335
-1.3407528 10.342952 1.5705963
-1.3407528 10.304645 1.0342951
-1.532289 10.036493 0.8810662
-1.7238252 9.615114 1.532289
-1.8770541 9.078814 3.6008792
-1.7621324 9.193735 4.6351748
-1.5705962 9.615114 5.0182467
-1.3790603 10.151415 5.0182467
-1.2258313 10.572795 4.5585604
-1.1875241 10.764331 3.9456444
-1.2641385 10.726023 3.562572
-1.3790601 10.419565 3.562572
-1.4556746 10.113108 4.098873
-1.4173673 9.998186 4.9799395
-1.2258313 10.151415 5.899313
-0.95768064 10.419565 6.397307
-0.6895301 10.764331 6.6271505
-0.42137948 11.147403 6.4356146
-0.26815057 11.262324 6.014235
-0.26815057 11.224017 5.899313
-0.34476504 11.070788 5.8226986
-0.4213795 10.6877165 5.899313
-0.49799398 10.419565 6.1674633
-0.49799398 10.266336 6.435614
-0.45968673 10.151415 6.6654572
-0.3830723 10.266336 6.856993
-0.22984338 10.419566 7.0102224
-0.038307227 10.649409 6.9719152
0.19153613 10.879252 6.8569937
0.34476504 10.879252 6.473922
0.38307226 10.649408 5.975928
0.30645782 10.228029 5.516241
0.11492168 9.691729 5.3247046
-0.114921674 9.308657 5.5162406
-0.26815057 9.078813 6.0525417
-0.26815057 9.11712 6.703765
-0.076614454 9.38527 7.1634517
0.26815057 9.691729 7.316681
0.61291564 10.0748005 6.9719157
0.842759 10.304644 6.397307
0.8810662 10.266336 5.899313
0.6895301 9.998186 5.7460837
0.4596867 9.65342 5.8993125
0.26815057 9.232041 6.397307
0.15322891 8.925584 6.8953004
0.11492168 8.772355 7.0102224
0.11492168 8.619126 6.9719152
0.11492168 8.619126 6.7037644
0.19153613 8.6574335 6.4739213
0.34476504 8.734048 6.3589997
0.49799395 8.963892 6.3206925
0.7278373 9.155428 6.2440777
0.88106626 9.346964 6.090849
1.0342951 9.576807 5.9759274
1.1492169 9.615114 5.746084
1.2258313 9.768343 5.5545483
1.37906 9.921572 5.401319
1.5705962 10.036493 5.401319
1.8387468 10.151415 5.631162
2.0685902 10.266336 6.090849
2.2601264 10.304644 6.5122285
2.2218192 10.189722 6.780379
2.0685904 10.0748005 6.7420716
1.8004396 9.615114 6.435614
1.340753 9.155428 6.0908494
0.91937345 8.695741 5.746084
0.45968673 8.159439 5.5928555
0.038307227 7.8146744 5.6311626
-0.30645782 7.431602 5.746084
-0.57460845 7.125144 5.861006
-0.7661446 6.933608 5.861006
-0.91937345 6.7803793 5.707777
-0.91937345 6.742072 5.6311626
-0.842759 6.8186865 5.477934
-0.7278373 7.0102224 5.3630123
-0.5746084 7.163451 5.3630123
-0.45968673 7.3932953 5.324705
-0.4213795 7.4699097 5.516241
-0.38307226 7.4316025 5.746084
-0.38307226 7.4699097 6.0142345
-0.4213795 7.393295 6.244078
-0.4213795 7.393295 6.397307
-0.4213795 7.431602 6.5888433
-0.34476507 7.431602 6.6271505
-0.26815057 7.508217 6.5888433
-0.22984336 7.6231384 6.4739213
-0.26815057 7.699753 6.397307
-0.344765 7.73806 6.5122285
-0.38307226 7.8146744 6.8186865
-0.34476504 7.967903 7.0868373
-0.30645782 8.159439 7.393295
-0.22984335 8.389282 7.3549876
-0.15322891 8.695741 6.9719152
-0.22984335 8.6574335 6.0525417
-0.42137948 8.504205 5.5545483
-0.7661445 8.159439 5.056554
-1.2641385 7.699753 4.865018
-1.7621325 7.201759 5.133168
-2.1452048 6.742072 5.4396257
-2.528277 6.5888433 5.7460837
-2.7581203 6.550536 6.205771
-2.8347347 6.8569937 6.3589997

