-2.8347347 7.163451 6.588843
-2.3750482 7.546524 6.588843
-2.3750482 7.546524 6.5505357
-2.566584 7.4316025 6.2823853
-2.873042 7.4316025 6.2823853
-3.3327289 7.3166804 6.3206925
-3.6008794 7.2400656 6.3589997
-3.7541084 7.393295 6.435614
-3.9073372 7.469909 6.435614
-4.175488 7.6231384 6.435614
-4.4436383 7.699753 6.435614
-4.7884035 7.699753 6.4739213
-5.018247 7.699753 6.4739213
-5.1331687 7.8146744 6.4739213
-5.1331687 8.0445175 6.435614
-5.0182467 8.427589 6.3589997
-4.903325 8.810661 6.2823853
-4.8267107 9.078814 6.2057705
-4.9416323 9.308657 6.2440777
-5.133168 9.423578 6.435614
-5.363012 9.576807 6.5888433
-5.5162406 9.844957 6.8569937
-5.554548 10.036493 7.0102224
-5.5162406 10.189722 7.086837
-5.4779334 10.189722 7.2783732
-5.4779334 10.151415 7.4316025
-5.4779334 9.959879 7.6231384
-5.439626 9.730036 7.8146744
-5.324704 9.5385 7.967903
-5.094861 9.423578 8.00621
-4.865018 9.461885 7.929596
-4.596867 9.615114 7.8146744
-4.290409 9.844957 7.6614456
-3.9456444 9.844957 7.3166804
-3.8307228 9.768343 7.3549876
-3.7924156 9.615114 7.431602
-3.6774938 9.5385 7.699753
-3.6008794 9.461885 7.8146744
-3.4859576 9.385271 7.8912888
-3.3327286 9.385271 7.967903
-3.1411924 9.385271 8.00621
-2.8730419 9.385271 7.776367
-2.7581203 9.308657 7.431602
-2.719813 9.078813 7.201759
-2.834735 8.810662 6.8569937
-3.0262709 8.465897 6.703765
-3.1028855 8.312668 6.7803793
-3.1028855 8.312668 6.6654577
-3.0262709 8.542511 6.7803793
-2.873042 8.848969 7.0485296
-2.681506 9.078813 7.163451
-2.566584 9.232041 6.895301
-2.4516625 9.078813 6.4739213
-2.4516625 8.887277 5.9759274
-2.566584 8.619126 5.631162
-2.566584 8.465898 5.784391
-2.4899697 8.542512 6.0525417
-2.336741 8.6574335 6.244078
-2.1068974 8.887277 6.397307
-1.8004396 9.117121 6.397307
-1.532289 9.193735 6.0525417
-1.2258313 9.346964 5.631162
-0.95768064 9.346964 5.094861
-0.8810662 9.193734 4.55856
-0.95768064 8.963891 4.3287163
-1.187524 8.580818 4.252102
-1.4556746 8.274361 4.3670235
-1.685518 8.00621 4.5202527
-1.8387469 7.929596 4.5585604
-1.9153614 7.8529816 4.5202527
-2.030283 7.699753 4.1754875
-2.1452045 7.546524 3.9456444
-2.221819 7.3166804 3.8307228
-2.2984335 7.201759 3.6774938
-2.375048 7.125144 3.562572
-2.681506 7.086837 2.873042
-2.9113493 7.0485296 2.528277
-3.064578 7.0102224 2.2984338
-3.2178068 6.780379 2.1068976
-3.4859576 6.588843 1.9919758
-3.754108 6.3589997 2.030283
-4.098873 6.129156 2.0685902
-4.4053307 6.0142345 2.1452045
-4.5968676 5.9759274 2.2601264
-4.673482 6.0142345 2.1835117
-4.5585604 6.205771 2.030283
-4.3287168 6.550536 1.8770541
-4.060566 6.895301 1.6855179
-3.7541082 7.2400665 1.4939818
-3.562572 7.4699097 1.340753
-3.4476504 7.4699097 1.1109096
-3.5242648 7.4316025 0.8810662
-3.7158012 7.240066 0.68953013
-3.9456444 6.9719152 0.49799398
-4.2137947 6.7420716 0.4213795
-4.3287163 6.5122285 0.4596867
-4.367024 6.397307 0.4596867
-4.2904096 6.397307 0.6512229
-4.098873 6.550536 0.9576807
-3.8307228 6.7803793 1.1492168
-3.6008794 6.9719152 1.340753
-3.4859576 7.086837 1.4556745
-3.5242648 7.086837 1.2641385
-3.6391866 6.895301 1.0726023
-3.7924156 6.6654577 0.7661445
-4.0222588 6.359 0.38307226
-4.1754875 6.052542 0.07661445
-4.3287163 5.9759274 -0.22984336
-4.3287163 6.0525417 -0.2681506
-4.098873 6.2823853 -0.30645782
-3.8307228 6.703765 -0.15322891
-3.4859576 7.0102224 0.0
-3.2561145 7.240066 0.0
-3.2178073 7.431602 -0.038307227
-3.2561145 7.431602 -0.19153613
-3.3327289 7.431602 -0.45968676
-3.4093432 7.393295 -0.61291564
-3.4859576 7.2783732 -0.61291564
-3.5625722 7.240066 -0.5746084
-3.6391866 7.240066 -0.38307226
-3.7924156 7.201759 -0.11492168
-3.86903 7.240066 0.1532289
-3.86903 7.240066 0.34476504
-3.9073372 7.240066 0.49799395
-3.9073372 7.2783732 0.45968673
-3.9456444 7.240066 0.11492168
-4.060566 7.240066 -0.15322891
-4.098873 7.240066 -0.45968673
-3.9073372 7.240066 -0.53630114
-3.7158012 7.2783732 -0.42137948
-3.6008792 7.354988 -0.22984335
-3.6391864 7.354988 -0.076614454
-3.8307228 7.316681 0.15322891
-4.060566 7.1251445 0.26815057
-4.3287163 6.8953004 0.4213795
-4.4436383 6.7420716 0.5363012
-4.4436383 6.7420716 0.6895301
-4.213795 6.933608 0.80445176
-3.9839516 7.2400656 0.84275895
-3.7924156 7.6614456 0.7661446
-3.7158012 7.8529816 0.6512228
-3.86903 7.8912888 0.45968673
-4.0222588 7.73806 0.2681506
-4.2137947 7.393295 0.34476504
-4.2137947 7.3166804 0.7278373
-4.1371803 7.431602 1.3024457
-3.9839516 7.623138 1.877054
-3.7924156 8.0445175 2.2601264
-3.715801 8.350975 2.2218192
-3.7541082 8.427589 1.9536686
-3.7924156 8.389282 1.6472108
-3.9073372 8.082825 1.3024457
-4.1371803 7.6231384 1.1492169
-4.2137947 7.2783737 1.340753
-4.2137947 7.2400665 1.8004397
-3.9456444 7.699753 2.2218194
-3.217807 9.078813 2.5665843
-3.0262709 9.423578 2.1068976
-3.1028855 9.2703495 1.5705962
-3.2944214 8.887277 0.9576807
-3.6391866 7.967903 0.5363012
-3.6391866 7.73806 1.0342951
-3.4859576 7.8529816 1.9153613
-3.217807 8.121132 2.873042
-2.9496565 8.619126 3.7158008
-2.719813 9.078813 4.060566
-2.6048915 9.155427 3.7158008
-2.719813 9.002198 3.1028852
-2.9879637 8.580819 2.336741
-3.2944214 8.121132 1.838747
-3.6008792 7.8912888 1.9153614
-3.7541082 7.776367 2.2984338
-3.7924156 7.929596 2.873042
-3.715801 8.236053 3.4859576
-3.4859576 8.6574335 3.9839516
-3.1794999 9.155428 4.252102
-2.834735 9.576807 4.367024
-2.6431987 9.80665 4.098873
-2.6048915 9.844957 3.7541084
-2.6431987 9.80665 3.5625722
-2.681506 9.80665 3.6391866
-2.3750482 10.189722 4.6351748
-2.183512 10.457873 4.9799395
-2.0685902 10.611102 4.9799395
-2.0685902 10.496181 4.8267107
-2.2601264 10.381258 4.55856
-2.4899697 10.113108 4.367024
-2.7581203 9.80665 4.596867
-2.9113493 9.730036 4.9799395
-2.873042 9.768343 5.554548
-2.719813 9.921572 6.1674633
-2.4133554 10.189722 6.4356136
-2.0685902 10.419565 6.3973064
-1.7621324 10.611101 6.1674633
-1.6089036 10.6877165 5.8226986
-1.685518 10.6877165 5.746084
-1.8004396 10.572795 6.0142345
-1.8387469 10.457872 6.3589993
-1.7621325 10.381258 6.6271505
-1.6472108 10.266336 6.703765
-1.4939818 10.0748005 6.6271505
-1.3024457 9.959879 6.435614
-1.1875241 9.691729 6.2823853
-1.1109096 9.500193 6.129156
-1.1109096 9.385271 6.0142345
-1.1492169 9.308657 6.0142345
-1.1109096 9.308657 6.129156
-1.0726023 9.346964 6.167464
-0.95768064 9.346964 6.3206925
-0.7661445 9.346964 6.435614
-0.5363012 9.423578 6.282385
-0.22984335 9.576807 6.1674633
0.0 9.768343 5.93762
0.15322891 9.883265 5.6311626
0.11492168 9.921572 5.363012
-0.076614454 9.768343 5.171476
-0.19153613 9.576807 5.171476
-0.34476504 9.423577 5.3247046
-0.4213795 9.346963 5.5162406
-0.38307226 9.346963 5.7843914
0.0 10.0748005 6.2440777
0.4213795 10.572795 6.6271505
0.842759 11.224017 6.7803793
1.1492168 11.530476 6.9719152
1.2258313 11.60709 6.8953004
1.0342951 11.415554 6.7037644
0.6895301 10.764331 6.6654572
0.076614454 9.959879 6.435614
-1.0342952 8.236053 6.3589997
-1.4556746 7.699753 6.3589997
-1.5705963 7.431602 6.435614
-1.532289 7.2783732 6.3589997
-1.3024457 7.3166804 6.2440777
-1.0726023 7.3932953 5.93762
-0.80445176 7.508217 5.746084
-0.5746084 7.6231384 5.477934
-0.49799395 7.6231384 5.286397
-0.45968676 7.584831 5.1714754
-0.49799395 7.5465236 5.0182467
-0.61291564 7.469909 5.094861
-0.61291564 7.469909 5.363012
-0.45968673 7.6231384 6.129156
-0.19153613 8.00621 6.3206925
-0.076614454 8.197746 6.1674633
-0.038307227 8.274361 6.090849
0.0 8.42759 6.0142345
-0.038307227 8.42759 5.861006
-0.15322891 8.42759 5.66947
-0.30645782 8.389283 5.516241
-0.57460845 8.274361 5.4396267
-0.8810662 8.121132 5.4396267
-1.187524 7.929596 5.6311626
-1.532289 7.776367 5.707777
-1.8387468 7.6231384 5.861006
-2.1452048 7.546524 5.9759274
-2.3750482 7.5082164 6.129156
-2.4899697 7.584831 6.4739213
-2.528277 7.6614456 6.7803793
-2.4516625 7.776367 7.1251445
-2.3750482 7.8146744 7.2783732
-2.336741 7.73806 7.240066
-2.2218192 7.6614456 7.125144
-2.1452045 7.546524 6.8569937
-2.030283 7.469909 6.5888433
-1.9153614 7.469909 6.4356136
-1.838747 7.5082164 6.2057705
-1.7238252 7.5082164 6.129156
-1.685518 7.584831 6.0142345
-1.685518 7.584831 5.861006
-1.685518 7.6231384 5.861006
-1.7238252 7.73806 5.707777
-1.685518 7.699753 5.746084
-1.6089036 7.8529816 5.66947
-1.5705963 8.082825 5.6311626
-1.4939818 8.236053 5.5928555

