-1.4556745 8.465898 5.707777
-1.4556745 8.465898 5.899313
-1.838747 7.8146744 6.2440777
-2.3750482 7.929596 6.62715
-2.873042 8.389283 7.0102224
-3.3327289 8.887277 7.3549876
-3.7541084 9.461885 7.584831
-3.8307228 9.691729 7.1251445
-3.9456444 9.691729 6.6654572
-4.0222588 9.653421 6.4739213
-4.0222588 9.5385 6.588843
-3.9839516 9.615114 6.895301
-3.86903 9.653421 7.240066
-3.7924156 9.653421 7.508217
-3.7541082 9.730036 7.4699097
-3.562572 9.768343 7.4699097
-3.3327286 9.844957 7.3166804
-2.9879637 10.0748005 7.201759
-2.6048913 10.228029 7.201759
-2.3367407 10.381259 7.1634517
-2.1452045 10.496181 7.240066
-2.0685902 10.496181 7.3549876
-2.0685902 10.381259 7.508217
-2.1068974 10.266336 7.73806
-2.1068974 10.0748005 8.0445175
-2.1068974 9.959879 8.236053
-1.9153614 9.730036 8.159439
-1.8004397 9.730036 7.929596
-1.6089035 9.730036 7.73806
-1.3790601 9.844957 7.4699097
-0.91937345 10.189722 7.163451
-0.6895301 10.304644 6.8186865
-0.49799395 10.342951 6.512229
-0.30645782 10.342951 6.167464
-0.11492168 10.0748005 5.8226986
-0.15322891 9.883265 5.9759274
-0.22984336 9.653421 6.1674633
-0.30645782 9.5385 6.282385
-0.2681506 9.5385 6.2057705
-0.076614454 9.730036 5.8610053
0.15322891 9.959879 5.477933
0.3830723 10.113108 5.056554
0.45968673 10.113108 4.711789
0.45968673 9.998186 4.5585604
0.45968673 9.883265 4.4819455
0.4213795 9.80665 4.3670235
0.45968673 9.883265 4.4053307
0.5746084 10.113108 4.55856
0.7661445 10.342952 4.6734815
0.9576807 10.496181 4.865018
0.9959879 10.496181 5.056554
0.8810662 10.266336 4.903325
0.6512228 9.998186 4.788403
0.5363012 9.80665 4.6351743
0.49799395 9.615114 4.3287163
0.49799395 9.461885 4.1754875
0.5363012 9.308656 3.86903
0.4213795 9.078813 3.7541084
0.34476504 8.887277 3.8307228
0.30645782 8.734048 3.9073372
0.19153613 8.504205 3.9073372
0.11492168 8.350975 3.6391864
0.0 8.159439 3.1411924
-0.19153613 7.8912888 2.6431985
-0.38307226 7.776367 2.2601264
-0.53630114 7.699753 2.030283
-0.6895301 7.6231384 1.9536686
-0.7661445 7.6614456 1.9919758
-0.6895301 7.776367 2.1068974
-0.61291564 7.8912888 2.0685902
-0.6512228 8.00621 1.9153612
-0.7661445 7.967903 1.685518
-1.1109096 7.6614456 1.3790601
-1.5322891 7.278373 1.2258313
-1.8770542 7.0102224 1.1109096
-2.030283 6.9719152 1.0726024
-2.030283 7.0868373 1.0726024
-1.9919758 7.240066 0.9959879
-1.9536686 7.2783732 0.9576807
-2.030283 7.163451 0.8044517
-2.1452045 6.971915 0.6129156
-2.2218192 6.7420716 0.4596867
-2.3367407 6.5122285 0.34476507
-2.4899697 6.2440777 0.26815057
-2.719813 6.0142345 0.26815057
-2.9879637 5.8226986 0.30645782
-3.217807 5.6311626 0.22984336
-3.409343 5.516241 0.15322891
-3.4476504 5.516241 0.076614454
-3.3327289 5.6311626 0.076614454
-3.141193 5.899313 0.22984336
-2.9113493 6.2823853 0.34476504
-2.7581205 6.5888433 0.4213795
-2.7964277 6.742072 0.38307226
-2.9496565 6.742072 0.19153613
-3.217807 6.550536 -0.038307227
-3.4859576 6.397307 -0.19153613
-3.6008794 6.2057705 -0.22984336
-3.5625722 6.1674633 -0.22984336
-3.4859576 6.282385 -0.11492168
-3.3327286 6.3589993 0.11492168
-3.2944214 6.5122285 0.30645782
-3.409343 6.5122285 0.49799395
-3.4859576 6.3589997 0.57460845
-3.6391866 6.244078 0.45968673
-3.7924156 6.090849 0.2681506
-3.7924156 6.0525417 0.15322891
-3.7158012 6.0525417 0.15322891
-3.6008797 6.090849 0.30645782
-3.371036 6.3589997 0.61291564
-3.4093432 6.5505357 0.72783726
-3.562572 6.5122285 0.6129156
-3.9073372 6.1291566 0.53630114
-4.3287163 5.5928555 0.49799395
-4.5968676 5.439626 0.7278373
-4.7884035 5.8993134 1.3024458
-4.6351743 6.4356146 1.7238252
-4.3287168 7.0102224 1.9536686
-3.9839516 7.546524 2.030283
-3.6774936 7.8912888 1.8387468
-3.5242648 7.929596 1.5705962
-3.562572 7.73806 1.2641385
-3.677494 7.469909 0.9193734
-3.86903 7.163451 0.8810662
-4.3287168 7.086837 1.0726024
-4.55856 7.125144 1.3024458
-4.711789 7.163451 1.5322891
-4.7500963 7.163451 1.8004397
-4.596867 7.0485296 2.2218192
-4.252102 7.2017584 2.873042
-3.7924151 7.6614456 3.3327289
-3.256114 8.350975 3.4093432
-2.873042 9.155428 2.873042
-2.7198133 9.730036 1.9153614
-2.834735 9.844957 0.8810662
-3.141193 9.653421 0.19153614
-3.2944217 9.385271 0.22984336
-3.2178073 9.11712 0.5746084
-2.834735 9.270349 1.2641385
-2.2984338 9.615114 1.9536686
-1.8770541 10.113108 2.4516625
-1.6089035 10.840945 3.026271
-1.6472107 11.33894 3.3327289
-1.9536686 11.492168 3.6008794
-2.719813 11.032481 3.9839516
-2.9879637 10.534487 4.1371803
-2.9113493 10.381258 4.3670235
-2.6048913 10.381258 4.520253
-2.2218192 10.726024 4.711789
-1.7621325 11.300632 4.8267107
-1.4556746 11.722012 4.711789
-1.3407528 12.028469 4.5202527
-1.37906 12.028469 4.2521024
-1.4939818 11.798626 4.1371803
-1.6472108 11.568783 4.290409
-1.8004397 11.262325 4.5585604
-1.8770542 11.147403 4.865018
-1.9536686 11.070788 5.0182467
-1.9919758 11.032481 4.9416323
-2.030283 10.955867 4.596867
-2.0685902 10.840945 4.405331
-2.0685902 10.6877165 4.405331
-2.030283 10.572795 4.4819455
-1.9153614 10.419566 4.6351743
-1.8387469 10.304644 4.8267107
-1.685518 10.036493 5.133168
-1.6089036 9.998186 5.2480903
-1.4173675 9.921572 5.3247046
-1.3024457 9.883265 5.24809
-1.2641385 9.768343 5.2097826
-1.2641385 9.615114 5.324705
-1.2258313 9.576807 5.5545483
-0.7661445 9.921572 6.129156
-0.38307226 10.381258 6.244078
-0.038307227 10.726023 6.167464
0.30645782 10.994174 5.8226986
0.53630114 11.109096 5.24809
0.5746084 11.032481 4.7500963
0.53630114 10.879252 4.3670235
0.38307223 10.534487 4.4053307
0.2681506 10.189722 4.673482
0.2681506 9.80665 4.8267107
0.30645782 9.576807 4.9799395
0.4213795 9.576807 4.9799395
0.57460845 9.615114 4.9416323
0.7661445 9.768343 5.0182467
0.9193734 9.921572 5.0182467
1.0726023 9.921572 5.094861
1.1109097 9.883265 5.0182467
1.1109097 9.691729 4.7884035
1.0342951 9.385271 4.5968676
0.8810662 9.193734 4.2904096
0.8044517 9.002198 4.1371803
0.7278373 8.925584 4.098873
0.7278373 8.848969 4.098873
0.7661445 8.734048 4.1371803
0.7661445 8.6574335 4.1754875
0.80445176 8.580819 4.1754875
0.80445176 8.542512 4.098873
0.8810662 8.542512 4.098873
0.9193734 8.504205 4.060566
0.9576807 8.504205 4.1371803
1.1492168 8.695741 4.3287163
1.3024457 8.887278 4.4053307
1.532289 9.232042 4.55856
1.7238252 9.576807 4.6351743
1.8004396 9.768343 4.711789
1.8387469 9.921572 4.673482
1.8004397 9.921572 4.5202527
1.685518 9.80665 4.405331
1.5705963 9.653421 4.290409
1.4556746 9.423578 4.4053307
1.3790601 9.232042 4.481946
1.3790601 9.11712 4.5968676
1.3790601 8.963891 4.711789
1.3407528 8.887277 4.6351748
1.3024457 8.848969 4.673482
1.2641385 8.772355 4.711789
1.2641385 8.810662 4.596867
1.2641385 8.925584 4.55856
1.2641385 9.078813 4.4819455
1.2641385 9.270349 4.252102
1.1875241 9.461885 4.1754875
1.1109096 9.461885 4.1754875
0.9193735 9.346964 4.1754875
0.6895301 9.193734 4.2137947
0.4596867 9.002198 4.3287163
0.19153613 8.963891 4.3287163
0.038307227 8.887277 4.252102
-0.11492168 8.810662 4.2137947
-0.22984335 8.734048 4.2137947
-0.22984335 8.6574335 4.3670235
-0.22984335 8.695741 4.5968676

