-0.19153613 8.772355 4.865018
-0.15322891 8.848969 4.9416323
-0.45968676 8.504205 5.2863975
-1.1492168 8.542512 5.2480903
-1.8387469 8.619126 5.2480903
-2.719813 8.580819 5.401319
-3.4093432 8.734048 5.439626
-3.6774938 8.619126 5.631162
-3.9456444 8.695741 5.7843914
-4.1371803 8.734048 6.090849
-4.1754875 8.925584 6.397307
-3.9839516 9.232042 6.5888433
-3.7541084 9.346964 6.8186865
-3.562572 9.500193 6.933608
-3.4093432 9.5385 6.9719152
-3.3327286 9.5385 7.0102224
-3.1794999 9.461885 7.0102224
-2.9879637 9.500193 6.933608
-2.719813 9.576807 6.9719152
-2.1068974 9.998186 6.933608
-1.685518 10.342951 6.9719152
-1.2258313 10.726023 6.818686
-0.7661445 10.994174 6.7037644
-0.4213795 11.262325 6.397307
-0.19153613 11.300632 6.129156
-0.15322891 11.185711 6.0142345
-0.2681506 10.994175 6.0525417
-0.30645782 10.6877165 6.397307
-0.22984336 10.6877165 6.5122285
-0.076614454 10.840945 6.4739213
0.076614454 10.994175 6.2440777
0.38307226 11.377247 5.899313
0.5746084 11.453861 5.899313
0.6895301 11.224017 5.93762
0.61291564 11.032481 6.0525417
0.42137948 10.802638 6.0525417
0.3830723 10.649409 6.2440777
0.2681506 10.496181 6.3206925
0.19153613 10.304644 6.2823853
0.15322891 10.113108 6.1291566
0.076614454 9.959879 5.7843914
0.38307226 9.998186 5.363012
0.6895301 10.113108 5.24809
1.1492169 10.381258 4.903325
1.0726023 10.151415 4.4819455
0.91937345 9.959879 4.4819455
0.72783726 9.768343 4.596867
0.53630114 9.615114 4.865018
0.49799392 9.576807 5.0565543
0.61291564 9.691729 5.209783
0.7661445 9.883265 5.0182467
0.6512228 9.730036 4.2137947
0.4213795 9.423578 3.7541082
0.15322891 9.078814 3.4093432
-0.038307227 8.810662 3.1794999
-0.11492168 8.772355 3.064578
-0.076614454 8.848969 3.064578
-0.076614454 8.925584 3.1028855
-0.19153613 8.772354 3.2178073
-0.34476504 8.504204 3.2561145
-0.5363012 8.274361 3.2178068
-0.80445176 7.8912888 3.1028852
-1.0342951 7.6231384 3.0262709
-1.2641385 7.393295 2.7964275
-1.4173675 7.163451 2.566584
-1.4556745 7.163451 2.1835117
-1.1492169 7.3166804 1.9919758
-1.0342952 7.2400656 2.030283
-1.0726024 7.2017584 2.030283
-1.1875241 7.0485296 2.0685902
-1.4556746 6.9719152 2.0685902
-1.6089036 6.9719152 1.9153614
-1.7621324 6.933608 1.9153614
-1.8770542 6.895301 2.030283
-2.030283 6.7803793 1.9536686
-2.2984335 6.62715 1.9536686
-2.566584 6.397307 1.8387468
-2.8730419 6.2440777 1.8387468
-3.1028855 6.2057705 1.9919758
-3.217807 6.2440777 2.1835117
-3.1411927 6.5122285 2.4133554
-2.9879637 6.780379 2.3750482
-2.7964275 7.0102224 2.1068976
-2.7964277 7.1634517 1.4173675
-2.9879637 6.9719157 1.1109096
-3.2944217 6.5122285 0.9959879
-3.4093432 6.3589997 1.1492169
-3.4859576 6.435614 1.3407528
-3.5242648 6.5505357 1.4556746
-3.5242648 6.742072 1.3790603
-3.4859576 6.8569937 1.1875241
-3.4093432 6.895301 0.9576807
-3.2944217 6.8569937 0.7661446
-3.2944217 6.7420716 0.6512229
-3.371036 6.62715 0.4213795
-3.5242648 6.435614 0.3830723
-3.8307228 6.2440777 0.4213795
-4.060566 6.129156 0.4213795
-4.1754875 6.0525417 0.5746084
-4.252102 6.129156 0.5746084
-4.252102 6.282385 0.5363012
-4.252102 6.473921 0.5363012
-4.252102 6.703765 0.49799398
-4.1754875 6.8186865 0.5363012
-4.098873 6.933608 0.61291564
-4.060566 7.0485296 0.84275895
-4.098873 7.125144 0.91937345
-4.1371803 7.201759 0.99598795
-4.098873 7.2783732 0.99598795
-4.098873 7.201759 0.7278373
-4.1371803 7.010223 0.22984336
-4.098873 6.742072 -0.038307235
-3.9839516 6.895301 0.344765
-3.8307228 7.2783737 0.9959879
-3.7541084 7.546524 1.4939818
-3.9073372 7.699753 1.6472107
-4.098873 7.6231384 1.4173675
-4.2904096 7.3166804 0.9959879
-4.405331 7.0102224 0.53630114
-4.2521024 6.8186865 0.26815057
-3.9456444 6.8186865 0.34476507
-3.5242648 7.0102224 0.7278373
-3.1028855 7.354987 1.1875241
-2.9113493 7.776367 1.6472108
-2.9879637 8.00621 1.9536686
-3.217807 8.121132 1.9536686
-3.5242648 7.967903 1.8387468
-3.715801 7.699753 1.6472107
-3.7541084 7.508217 1.5705963
-3.6391866 7.3166804 1.7621324
-3.371036 7.4316025 2.1835117
-2.9496565 7.73806 2.7964275
-2.4899697 8.159439 3.3327286
-2.1452048 8.734048 3.715801
-1.9153614 9.232042 3.9073372
-1.8770541 9.5385 3.86903
-1.9153614 9.653421 3.524265
-2.030283 9.500193 3.1411927
-2.1835117 9.232042 2.6431987
-2.2601264 9.002198 2.528277
-2.3367407 9.002198 2.8347347
-2.3750482 9.155427 3.409343
-2.3750482 9.308657 4.2904096
-2.4516625 9.461885 4.9416323
-2.528277 9.461885 5.363012
-2.528277 9.500193 5.592855
-2.528277 9.500193 5.592855
-2.4516625 9.500193 5.554548
-2.3750482 9.615114 5.6311626
-2.2984335 9.691729 5.899313
-2.183512 9.883265 6.205771
-1.9919758 10.228029 6.550536
-1.7621324 10.611102 6.895301
-1.4556745 10.955867 6.933608
-1.2641385 11.224018 6.7803793
-1.2641385 11.185711 6.4739213
-1.3790601 10.955868 6.167464
-1.7238251 10.534488 6.167464
-2.030283 10.0748005 6.4739213
-2.183512 9.768343 6.9719152
-2.2218192 9.500193 7.6231384
-2.1068976 9.576807 8.00621
-1.8770542 9.80665 8.121132
-1.6089035 10.113109 8.00621
-1.3790601 10.496181 7.546524
-1.1875241 10.726024 7.04853
-1.0726024 10.6877165 6.550536
-1.1492169 10.49618 6.167464
-1.340753 10.0748005 6.052542
-1.6089035 9.500193 6.0908494
-1.9536686 9.155428 6.3589997
-2.1068974 9.002199 6.6654577
-1.9919758 9.155428 6.895301
-1.685518 9.576807 7.125144
-1.1492168 10.113108 7.2400656
-0.6512228 10.572795 7.086837
-0.30645782 10.879252 6.7803793
-0.15322891 10.955867 6.2823853
-0.22984336 10.6877165 5.7077765
-0.4213795 10.342951 5.3630114
-0.61291564 9.883265 5.286397
-0.72783726 9.500193 5.5545473
-0.7661445 9.308657 5.899313
-0.6895301 9.040505 6.320692
-0.61291564 9.002198 6.4356136
-0.49799395 8.925584 6.1674633
-0.34476504 8.925584 6.0525417
-0.22984335 9.040505 5.899313
-0.11492168 9.078813 5.8226986
-0.038307227 9.11712 5.93762
0.0 8.925584 5.861006
0.0 8.695741 5.707777
-0.038307227 8.427589 5.66947
-0.076614454 8.197746 5.6311626
0.0 8.121132 5.6311626
0.076614454 8.0445175 5.5545483
0.26815057 8.00621 5.401319
0.6512228 8.0445175 5.2863975
0.88106626 8.121132 5.401319
0.91937345 8.0445175 5.363012
0.8810662 8.00621 5.3247046
0.8810662 7.8912888 5.3247046
0.8810662 7.8529816 5.363012
0.842759 7.8529816 5.439626
0.842759 7.967903 5.631162
0.842759 8.0445175 5.9376197
0.8810662 8.350975 6.780379
0.8810662 8.542512 7.125144
0.84275895 8.772355 7.431602
0.80445176 8.887277 7.5465236
0.61291564 8.848969 7.2017584
0.45968673 8.734048 6.818686
0.2681506 8.619126 6.435614

