0.11492168 8.504204 6.282385
-1.4173675 7.8146744 6.0525417
-2.2601264 7.8912888 6.090849
-3.1794996 7.967903 6.2057705
-3.9456444 8.159439 6.5888433
-4.673482 8.42759 6.933608
-4.711789 8.695742 7.240066
-4.711789 9.423578 7.967903
-4.5585604 10.036493 8.159439
-4.3287168 10.572795 8.121132
-4.0222588 11.109096 7.8912888
-3.7924154 11.415554 7.584831
-3.6774938 11.377247 7.393295
-3.6774938 11.147404 7.3549876
-3.7541082 10.764331 7.3166804
-3.86903 10.304645 7.4316025
-3.9073372 10.0748005 7.6614456
-3.7924156 9.921572 7.699753
-3.562572 9.921572 7.8146744
-3.2944217 10.0748005 7.8146744
-3.0262709 10.151415 7.6231384
-2.9113493 10.228029 7.4699097
-2.834735 10.189722 7.3166804
-2.7581203 10.189722 7.1251445
-2.6431987 10.189722 6.9719152
-2.4133554 10.266336 6.9719152
-2.2218192 10.419565 6.895301
-2.030283 10.496181 6.8186865
-1.9536686 10.457873 6.895301
-1.9153614 10.304644 6.8569937
-1.9153614 10.113108 6.9719152
-1.9536686 9.844957 7.086837
-1.9153614 9.653421 7.086837
-1.9536686 9.423578 7.0102224
-1.9153614 9.346964 6.8569937
-1.8387469 9.2703495 6.512229
-1.7621324 9.2703495 6.0525417
-1.4939818 9.385271 5.4013195
-1.340753 9.461885 5.1331687
-1.1109096 9.385271 4.7117887
-0.9959879 9.385271 4.3670235
-0.9576807 9.308657 4.2137947
-0.9576807 9.155427 4.2137947
-1.0342951 9.078813 4.252102
-1.1492169 8.848969 4.3670235
-1.2641385 8.619125 4.6351743
-1.3407528 8.504204 4.7500963
-1.2258313 8.504204 4.6351748
-0.6895301 8.848969 3.8307228
-0.38307226 9.040505 3.2944214
-0.22984335 9.002198 2.4899697
-0.38307226 8.848969 2.2218192
-0.6512229 8.504205 2.0685902
-0.9959879 8.236053 2.1452048
-1.3024457 7.929596 2.3750482
-1.5705963 7.584831 2.6431987
-1.6855179 7.5082164 2.9496567
-1.6855179 7.431602 3.1028857
-1.6472107 7.4699097 3.1028857
-1.6089035 7.6231384 2.9496565
-1.5705963 7.73806 2.4899697
-1.5705963 7.929596 1.9536686
-1.532289 8.0445175 1.6089034
-1.4556745 8.082825 1.3407528
-1.4939818 8.082825 1.2641385
-1.6089035 7.967903 1.3024457
-1.7621324 7.8912888 1.3790601
-1.9153614 7.8146744 1.4173673
-2.030283 7.73806 1.4173673
-2.1068974 7.699753 1.2641385
-2.1835117 7.6231384 1.0342951
-2.2984335 7.546524 0.80445176
-2.3750482 7.546524 0.7278373
-2.3750482 7.508217 0.7278373
-2.3750482 7.508217 0.7661445
-2.3367407 7.4699097 0.8810662
-2.3367407 7.431602 0.8810662
-2.4899697 7.393295 0.91937345
-2.6815057 7.2783732 0.9576807
-2.911349 7.201759 1.0726024
-3.1028852 7.0102224 1.2258313
-3.1794996 6.818686 1.4173675
-3.2944214 6.780379 1.4173675
-3.3327286 6.856993 1.340753
-3.3327286 7.0485296 1.1109097
-3.3327286 7.201759 0.7661446
-3.217807 7.2783732 0.49799395
-3.1794996 7.240066 0.19153613
-3.2561142 6.9719152 0.038307227
-3.2944217 6.7420716 0.038307227
-3.3327289 6.4739213 0.15322891
-3.3327289 6.320692 0.30645782
-3.2561145 6.3589993 0.38307226
-3.2561145 6.4356136 0.45968673
-3.2944217 6.588843 0.34476504
-3.2944217 6.7037644 0.30645782
-3.2944217 6.818686 0.2681506
-3.217807 6.895301 0.11492168
-3.1411924 6.8569937 0.15322891
-3.217807 6.8569937 0.11492168
-3.3710358 6.7803793 0.22984336
-3.562572 6.8186865 0.30645782
-3.8307228 6.8569937 0.26815057
-3.9073372 6.933608 0.34476507
-3.7924156 7.240066 0.34476504
-3.5242648 7.584831 0.6512228
-3.4093432 7.8912888 0.7661446
-3.3327289 8.121132 0.842759
-3.4093432 8.274361 0.7278373
-3.6008794 8.159439 0.45968676
-3.7924156 7.8912888 0.22984336
-3.86903 7.6231384 0.26815057
-3.86903 7.3932953 0.49799395
-3.7541084 7.393295 0.80445176
-3.677494 7.469909 0.5363012
-3.6008794 7.508217 0.38307226
-3.4476504 7.546524 0.4213795
-3.3327289 7.6614456 0.61291564
-3.1794999 7.699753 0.91937345
-3.1028852 7.776367 1.1492168
-3.1794999 7.6231384 1.1492169
-3.2561145 7.4699097 0.88106626
-3.4859576 6.9719152 0.4213795
-3.6008792 6.7803793 0.6512228
-3.6008792 6.895301 1.1492168
-3.4859576 7.125145 1.532289
-3.3327289 7.2783737 1.9153613
-3.1411927 7.4316025 2.0685902
-2.873042 7.546524 2.1068974
-2.681506 7.6231384 2.1068974
-2.4899697 7.6231384 1.9536686
-2.4516625 7.4699097 1.6855179
-2.6431987 7.163451 1.3407528
-3.0262709 6.7803793 1.1109096
-3.4476504 6.550536 1.1109096
-3.7924154 6.512229 1.4556746
-3.9073372 6.703765 2.1068974
-3.7541082 6.9719152 2.75812
-3.562572 7.3932953 3.371036
-3.217807 7.967903 3.9073372
-2.873042 8.619126 4.4819455
-2.6048915 9.270349 4.903325
-2.3750482 9.768343 5.209783
-2.3750482 10.0748005 5.4396267
-2.4899697 10.189722 5.2863975
-3.026271 10.0748005 4.903325
-3.3327289 9.921572 4.6351743
-3.6008792 10.036493 5.3630114
-3.5242648 10.381258 6.1674633
-3.3327286 10.764331 7.163451
-3.1028852 11.032481 7.929596
-2.9879637 11.147403 8.197746
-2.834735 11.070788 8.121132
-2.7964277 10.879252 7.699753
-2.9496565 10.611102 7.086837
-3.0645783 10.419566 6.7803793
-3.1411927 10.419566 6.7803793
-3.0645783 10.534488 7.0485296
-2.7964277 10.802638 7.5848308
-2.3750482 11.032482 7.929596
-1.9536686 11.185711 8.197746
-1.4939818 11.415554 8.274361
-1.1492169 11.33894 7.8912888
-0.9959879 10.419565 6.933608
-1.1492168 9.538499 6.435614
-1.2641385 8.848969 6.3589997
-1.3024457 8.465897 6.4739213
-1.2258313 8.465897 6.8186865
-0.9959879 8.810661 7.3166804
-0.6512229 9.232042 7.73806
-0.2681506 9.576807 7.8529816
0.038307227 9.844957 7.699753
0.22984336 9.883265 7.201759
0.22984336 9.844957 6.62715
0.11492168 9.730036 6.205771
-0.038307227 9.5385 6.129156
-0.19153613 9.461885 6.3589993
-0.22984336 9.5385 6.7803793
-0.19153613 9.653421 7.086837
-0.076614454 9.959879 7.125144
0.076614454 10.151415 6.8569937
0.15322891 10.228029 6.435614
0.15322891 10.151415 6.014235
0.0 9.768343 5.746084
-0.22984336 9.38527 5.7843914
-0.49799395 8.887277 5.861006
-0.7661445 8.504204 6.0525417
-0.8810662 8.350975 6.282385
-0.8810662 8.274361 6.3589993
-0.68953013 8.465897 6.3589993
-0.4213795 8.695741 6.2057705
-0.15322891 8.848969 6.0142345
0.076614454 8.887277 5.7843914
0.15322891 8.542511 5.5162406
0.11492168 8.350975 5.5162406
0.038307227 8.236053 5.7077765
0.0 8.159439 6.0142345
0.038307227 8.197746 6.2823853
0.076614454 8.274361 6.4739213
0.11492168 8.350975 6.5505357
0.15322891 8.42759 6.5505357
0.15322891 8.42759 6.4356136
0.11492168 8.389283 6.282385
0.038307227 8.236053 6.0525417
-0.076614454 8.0445175 5.8226986
-0.22984335 7.8146744 5.746084
-0.38307226 7.6231384 5.707777
-0.49799395 7.546524 5.746084
-0.53630114 7.546524 5.899313
-0.53630114 7.6231384 5.93762
-0.45968673 7.73806 5.9759274
-0.4213795 7.8529816 6.0525417
-0.4213795 7.8529816 6.129156
-0.45968676 7.8146744 6.1674633
-0.6512229 7.699753 6.0525417
-0.7661446 7.6231384 5.93762
-0.9193735 7.584831 5.7843914
-0.9959879 7.6231384 5.7843914
-0.91937345 7.699753 5.861006
-0.91937345 7.776367 5.8226986
-0.842759 7.8529816 5.7843914
-0.80445176 7.8912888 5.7843914
-0.842759 7.8912888 5.899313
-0.8810662 7.8529816 6.0142345
-0.9959879 7.776367 5.93762
-1.1492168 7.699753 5.7843914
-1.3407528 7.584831 5.592855
-1.4556745 7.546524 5.5162406
-1.4939818 7.6614456 5.5162406
-1.4939818 7.73806 5.5928555
-1.4173673 7.929596 5.746084

