1.6472107 7.967903 5.2863975
1.6472107 8.504204 5.4779334
1.5705963 8.810662 5.5162406
1.5705963 9.193735 5.8226986
1.6089035 9.576807 6.0142345
1.6089035 9.576807 6.090849
1.5705963 9.576807 6.282385
1.5705963 9.691729 6.282385
1.5705963 9.691729 6.2440777
1.6472108 9.768343 6.2057705
1.7621324 9.844957 5.9759274
1.8770542 9.844957 5.93762
1.9919758 9.921572 5.8226986
2.1068974 9.998186 5.707777
2.2218192 9.998186 5.66947
2.2601264 9.921572 5.6311626
2.2984335 9.844957 5.6311626
2.2984335 9.768343 5.5928555
2.3367407 9.653421 5.5545483
2.3367407 9.653421 5.4779334
2.3750482 9.653421 5.3247046
2.4516625 9.615114 5.1714754
2.4899697 9.653421 5.094861
2.5665843 9.615114 4.9799395
2.6431987 9.576807 4.903325
2.681506 9.5385 4.903325
2.719813 9.500193 4.7884035
2.7964277 9.461885 4.7500963
2.873042 9.423578 4.711789
2.9879637 9.385271 4.673482
3.1411927 9.385271 4.7884035
3.217807 9.308657 4.7884035
3.2944214 9.232042 4.7884035
3.3327289 9.232042 4.750096
3.2944217 9.117121 4.5202527
3.2944217 9.078814 4.3287163
3.2944217 9.040506 4.1371803
3.2944217 8.925584 3.8307228
3.3327289 8.848969 3.6391869
3.4476504 8.848969 3.4476504
3.5242648 8.848969 3.3327289
3.6391866 8.887277 3.3327289
3.7924156 9.002198 3.3327289
3.8307228 9.040505 3.371036
3.86903 9.078813 3.371036
3.7924156 9.040505 3.4093432
3.6391869 8.925584 3.4859576
3.5242648 8.810662 3.5242648
3.4476504 8.772355 3.5242648
3.4476504 8.734048 3.409343
3.5242648 8.734048 3.3710358
3.6008792 8.810662 3.217807
3.6008792 8.810662 3.1028855
3.6391866 8.810662 2.9496565
3.6008792 8.848969 2.6431985
3.4859576 8.848969 2.4516625
3.371036 8.810662 2.2218192
3.1794999 8.772355 2.183512
3.0262709 8.695741 2.0685902
2.9496565 8.619126 2.1068974
2.9496565 8.580819 2.1835117
3.0262709 8.695741 2.2601264
3.1411927 8.810662 2.528277
3.1794999 8.963891 2.6048915
3.1794999 9.11712 2.6048915
3.0645783 9.155427 2.4516625
2.9113493 9.155427 2.030283
2.7964275 9.11712 1.685518
2.6431987 9.040505 1.3790601
2.6048915 8.963891 1.3024457
2.6048915 9.040505 1.3790603
2.681506 9.078813 1.5705962
2.7964277 9.193735 1.8004396
2.873042 9.2703495 1.8770541
2.9113493 9.308657 1.9153614
2.873042 9.308657 1.7621324
2.873042 9.270349 1.6089035
2.873042 9.232041 1.3790601
2.873042 9.193734 1.1492168
2.9113493 9.232041 1.0342951
2.9113493 9.2703495 0.8810662
2.873042 9.346964 0.842759
2.873042 9.2703495 0.842759
2.873042 9.155428 0.6895301
2.834735 9.002199 0.4596867
2.7964277 8.810662 0.03830722
2.6431987 8.734048 -0.15322891
2.5282772 8.734048 -0.15322891
2.4516625 8.772355 -0.07661445
2.4133554 8.848969 0.15322891
2.4133554 8.848969 0.19153613
2.336741 8.772355 0.15322891
2.2218192 8.734048 0.076614454
2.1068974 8.6574335 0.038307227
1.9919758 8.580819 0.0
1.9153614 8.619126 -0.11492168
1.8770541 8.542512 -0.038307227
1.8004396 8.580819 -0.076614454
1.7621324 8.619126 -0.15322891
1.7238252 8.542512 -0.15322891
1.6089036 8.580819 -0.34476504
1.5322891 8.42759 -0.45968673
1.3790603 8.312668 -0.68953
1.2258313 8.274361 -0.842759
1.1109096 8.236053 -0.8810662
1.0342952 8.274361 -0.9576807
1.0342952 8.350975 -0.9576807
0.9576807 8.389283 -1.0726023
0.9193734 8.350975 -1.1492168
0.8044517 8.350975 -1.2641385
0.6512228 8.274361 -1.2641385
0.53630114 8.159439 -1.1875241
0.45968673 8.0445175 -1.1492169
0.38307226 8.00621 -1.0342952
0.38307226 8.0445175 -1.0342952
0.45968676 8.159439 -1.1492168
0.49799395 8.312668 -1.4173675
0.61291564 8.389282 -1.685518
0.6512228 8.42759 -1.9153614
0.6895301 8.42759 -2.1068974
0.6512228 8.389283 -2.2218192
0.49799395 8.312668 -2.2984335
0.45968673 8.236053 -2.2601264
0.34476504 8.121132 -2.0685902
0.3064578 8.159439 -1.9153614
0.38307226 8.274361 -1.8770542
0.38307226 8.350975 -1.9153614
0.38307226 8.427589 -2.0685904
0.30645782 8.350975 -1.9919758
0.15322891 8.197746 -1.8770542
0.0 8.0445175 -1.7238252
-0.19153613 7.967903 -1.532289
-0.30645782 7.967903 -1.4939818
-0.34476507 8.00621 -1.340753
-0.4213795 8.121132 -1.2641385
-0.45968676 8.159439 -1.3024457
-0.45968676 8.082825 -1.3024457
-0.57460845 7.967903 -1.2258313
-0.6512228 7.8912888 -1.1109095
-0.7278373 7.8529816 -0.95768064
-0.88106626 7.8912888 -0.7661446
-0.9576807 7.967903 -0.7278373
-1.0726024 7.929596 -0.7278373
-1.1492168 7.929596 -0.7278373
-1.1492168 7.929596 -0.7278373
-1.0726023 7.929596 -0.7278373
-1.0342951 7.967903 -0.68953
-1.0342951 7.929596 -0.6512228
-1.1492169 7.929596 -0.68953
-1.4556746 7.8146744 -0.72783726
-1.7621324 7.6614456 -0.80445176
-2.0685902 7.469909 -0.8810662
-2.336741 7.3549876 -0.80445176
-2.5282772 7.3166804 -0.5363012
-2.681506 7.393295 -0.114921704
-2.7581205 7.584831 0.38307226
-2.681506 7.699753 0.6512229
-2.4899697 7.8912888 0.6129157
-2.2218192 8.121132 0.38307226
-1.9536686 8.312668 0.11492168
-1.8004396 8.580819 -0.22984335
-1.7238252 8.772355 -0.38307226
-1.685518 8.810662 -0.4213795
-1.7621324 8.734047 -0.15322891
-1.9536686 8.427589 0.38307226
-2.2601264 8.121132 0.80445176
-2.6431985 7.8146744 1.1492169
-2.911349 7.6614456 1.2258313
-3.0262709 7.699753 1.0342951
-2.9496565 7.73806 0.842759
-2.719813 7.929596 0.7661445
-2.528277 8.159439 0.7278373
-2.3750482 8.312668 0.7278373
-2.336741 8.389282 0.80445176
-2.336741 8.350975 0.84275895
-2.336741 8.197746 0.84275895
-2.3750482 8.00621 1.1109096
-2.4899697 7.8912888 1.3790601
-2.6815057 7.73806 1.7238252
-3.026271 7.6614456 2.1068976
-3.371036 7.546524 2.2601264
-3.5625722 7.508217 2.3367407
-3.6391866 7.508217 2.375048
-3.4859576 7.546524 2.413355
-3.217807 7.699753 2.4899697
-3.064578 7.8529816 2.566584
-3.0262709 7.967903 2.4899697
-3.1794999 8.0445175 2.336741
-3.4476504 8.0445175 2.2601266
-3.6008794 7.929596 2.4133554
-3.6008794 7.929596 2.7581203
-3.371036 7.8529816 3.3327286
-2.9496565 7.929596 4.060566
-2.566584 8.159439 4.6351748
-2.2218192 8.504205 5.0565543
-2.0685902 8.963891 5.171476
-2.183512 9.232042 5.0182467
-2.2601266 9.346964 4.788403
-2.4899697 9.193735 4.4819455
-2.6048913 9.002198 4.3670235
-2.4133554 8.848969 4.4819455
-2.183512 8.925585 4.865018
-1.7238252 9.308657 5.439626
-1.2258313 9.653421 5.93762
-0.95768064 10.0748005 6.205771
-0.9959879 10.189722 6.167464
-1.2258313 9.959879 6.129156
-1.4556746 9.691729 6.1674633
-1.532289 9.5385 6.397307
-0.91937345 9.730036 7.0102224
-0.57460845 10.036493 7.1634517
-0.34476504 10.228029 7.240066
-0.22984336 10.342951 7.2017584
-0.30645782 10.342951 7.278373
-0.4213795 10.189722 7.508217
-0.5363012 9.883265 7.929596
-0.57460845 9.5385 8.734047
-0.49799395 9.500193 8.848969
-0.38307226 9.500193 8.848969
-0.19153613 9.615114 8.887277
0.076614454 9.691729 9.002198
0.4213795 9.80665 9.155427
0.842759 9.921572 9.232042
1.2641385 9.921572 9.232042
1.6472108 9.959879 9.11712
1.9153614 9.883265 8.925584
1.9919759 9.80665 8.619126
1.9153614 9.615114 8.389282
1.8387469 9.385271 8.197746
1.8387469 9.11712 8.159439
1.9919758 9.002198 8.236053
2.336741 8.925584 8.389282
2.7198133 8.963891 8.542511
3.1411927 9.078813 8.580819
3.4859579 9.193734 8.465898
3.7158012 9.270349 8.197746
3.7158012 9.155427 7.8912888
3.5625722 9.002198 7.6231384
3.3327289 8.695741 7.3549876
3.0645783 8.504205 7.2017584
2.9879637 8.350975 7.316681
2.9113493 8.159439 7.4699097
2.9496565 8.0445175 7.6614456
2.9879637 7.8912888 7.699753
2.9113493 7.8146744 7.508217
2.8347347 7.8912888 7.201759
2.719813 7.929596 6.933608
2.6431987 8.00621 6.8569937
2.6431987 8.082825 6.895301
2.681506 8.00621 7.086837
2.719813 7.929596 7.278373
2.7581203 7.776367 7.431602
2.719813 7.6231384 7.508217
2.6048915 7.508217 7.393295
2.528277 7.431602 7.240066
2.4133554 7.469909 7.1634517
2.3750482 7.431602 6.933608
2.4516625 7.431602 6.9719152
2.4899697 7.431602 7.0868373
2.6431987 7.431602 7.1634517
2.719813 7.508217 7.4316025
2.719813 7.584831 7.546524
2.681506 7.6231384 7.546524
2.566584 7.546524 7.3932953
2.4516625 7.4699097 7.125144
2.4133554 7.3166804 6.895301
2.4516625 7.240066 6.8186865
2.5282772 7.163451 6.8186865
2.681506 7.2017584 6.8186865
2.834735 7.31668 6.742072
2.9879637 7.4699097 6.5888433
3.1411924 7.6231384 6.435614
3.2944217 7.699753 6.3206925
3.4093432 7.776367 6.3206925
3.4476504 7.8146744 6.3589997
3.4476504 7.8529816 6.3589997
3.371036 7.8146744 6.3589997
3.2944217 7.776367 6.3206925
3.1795 7.6231384 6.2823853
2.987964 7.508217 6.3589997
2.873042 7.4316025 6.3589997
2.719813 7.240066 6.282385
2.6048915 7.163451 6.129156
2.681506 7.163451 5.93762
2.7198133 7.125144 5.8226986
2.7581203 7.201759 5.746084
2.7964277 7.240066 5.7843914
2.6815062 7.125144 5.7843914

