-0.91937345 6.7037644 7.3549876
-1.0342952 6.435614 7.3166804
-1.4939818 6.129156 7.699753
-1.4556745 6.2823853 7.929596
-1.37906 6.3973074 8.159439
-1.3024458 6.5888433 8.121132
-1.0342951 7.0102224 8.121132
-0.842759 7.2400656 8.121132
-0.49799398 7.5465236 8.121132
0.076614454 8.197746 8.42759
0.45968673 8.504205 8.6574335
0.61291564 8.427589 8.734048
0.6512228 8.350975 8.695741
0.68953 8.121132 8.465898
0.6512228 7.929596 8.236053
0.6512228 7.6614456 7.929596
0.7278373 7.508217 7.584831
0.8810662 7.393295 7.3166804
1.2258313 7.431602 7.3166804
1.6472108 7.584831 7.4316025
2.1068974 7.776367 7.584831
2.4899697 7.967903 7.6614456
2.719813 8.082825 7.4316025
2.7581203 8.0445175 7.0102224
2.6431987 7.8146744 6.5888433
2.4133554 7.508217 6.1674633
2.2218192 7.163452 5.861006
2.030283 6.895301 5.66947
1.9536686 6.8186865 5.5928555
2.1068976 6.895301 5.861006
2.3750482 7.0868373 6.2823853
2.7581203 7.393295 6.703765
3.1411927 7.6231384 7.0102224
3.3710358 7.73806 6.9719152
3.409343 7.776367 6.7037644
3.3710358 7.73806 6.3206925
3.217807 7.584831 5.9759274
3.064578 7.508217 5.7843914
3.0262709 7.4316025 5.707777
3.0262709 7.4316025 5.8226986
3.1411927 7.546524 5.93762
3.2944214 7.6614456 6.1674633
3.4859576 7.776367 6.4356136
3.715801 7.8146744 6.512228
3.9073372 7.8146744 6.512228
4.0222588 7.8146744 6.282385
4.098873 7.8146744 5.861006
4.098873 7.776367 5.5928555
4.098873 7.8146744 5.3247046
4.1371803 7.8146744 5.209783
4.1371803 7.8529816 5.209783
4.1754875 7.8912888 5.171476
4.1754875 7.929596 5.171476
4.2137947 8.0445175 5.171476
4.252102 8.159439 5.094861
4.290409 8.274361 5.0182467
4.367024 8.389282 5.0182467
4.5202527 8.427589 5.0182467
4.6351748 8.504204 5.1331687
4.673482 8.619126 5.171476
4.711789 8.6574335 5.2480903
4.5968676 8.695741 5.2863975
4.5202527 8.734048 5.2480903
4.4819455 8.734048 5.2863975
4.405331 8.734048 5.209783
4.3287168 8.734048 5.0182467
4.2137947 8.619126 4.8650174
4.0222588 8.504204 4.6351743
3.9456444 8.427589 4.4819455
3.9839516 8.542511 4.4819455
4.1371803 8.734047 4.6351748
4.3670235 8.963891 4.711789
4.5202527 9.11712 4.6351743
4.5202527 9.11712 4.596867
4.405331 8.963891 4.2137947
4.2137947 8.810662 4.060566
3.9456444 8.695741 4.0222588
3.7541082 8.580819 3.9456444
3.6391866 8.619126 4.1371803
3.6008792 8.695741 4.2137947
3.677494 8.810662 4.2904096
3.7541084 8.963891 4.2904096
3.8307228 9.078813 4.1754875
3.9073372 9.155427 4.098873
3.9456444 9.193734 3.9456444
3.9839516 9.155427 3.86903
3.86903 9.155427 3.86903
3.6391864 9.040505 3.8307228
3.371036 8.848969 3.9073372
3.0262709 8.6574335 3.9073372
2.7581205 8.389282 3.8307228
2.6048913 8.159439 3.86903
2.4516625 8.082825 3.8307228
2.3750482 8.00621 3.86903
2.3367407 8.00621 3.9456444
2.3367407 8.236053 3.9839516
2.375048 8.350975 3.9839516
2.4133554 8.465898 3.86903
2.3750482 8.542512 3.6774938
2.2601264 8.504205 3.4476502
2.1068976 8.465898 3.2944214
1.9536686 8.465898 3.217807
1.838747 8.42759 3.3327289
1.838747 8.504205 3.4859576
1.9536686 8.619126 3.6774938
2.1452048 8.810662 3.9073372
2.336741 9.040505 3.86903
2.4133554 9.078813 3.8307228
2.4133554 9.11712 3.6774936
2.2984338 9.155427 3.5242648
2.2601264 9.11712 3.5242648
2.2601264 9.11712 3.4476504
2.2601264 9.193735 3.4093432
2.2601264 9.155427 3.371036
2.2218192 9.193734 3.3327289
2.1452045 9.193734 3.2944217
2.0685902 9.078813 3.4093432
2.0685902 9.11712 3.4476504
1.9919758 9.078813 3.562572
1.9536686 9.040505 3.7541084
1.8770542 9.040505 3.7924156
1.8004397 8.925584 3.9073372
1.8004397 8.925584 3.7924156
1.8004397 8.925584 3.5242648
1.8004397 8.925584 3.2944217
1.7238252 8.925584 2.834735
1.6089035 8.887277 2.7964277
1.4939818 8.848969 2.7581203
1.3024457 8.772355 2.7964275
1.187524 8.772355 2.8347347
1.1109096 8.810662 2.8347347
1.0726024 8.810662 2.9879637
1.0342952 8.848969 3.1411927
1.0342952 8.810662 3.1411927
0.9959879 8.810662 3.217807
0.9193735 8.772355 3.1028855
0.8810662 8.734048 2.8347347
0.80445176 8.848969 2.6815057
0.80445176 8.925584 2.528277
0.8810662 9.078813 2.3750482
0.91937345 9.232041 2.3750482
0.91937345 9.193734 2.3750482
0.80445176 9.155427 2.4516625
0.61291564 9.078813 2.6815057
0.38307226 8.925584 2.834735
0.22984335 8.848969 2.873042
0.11492168 8.848969 2.834735
0.076614454 8.887277 2.6048915
0.076614454 9.002198 2.3750482
0.038307227 9.155428 2.1452048
0.0 9.193735 1.9153614
-0.11492168 9.232042 1.7621324
-0.22984336 9.232042 1.685518
-0.38307226 9.155427 1.8004396
-0.49799395 9.040505 1.9919758
-0.57460845 8.925584 2.1452048
-0.6512228 8.734048 2.4133554
-0.7278373 8.619126 2.4516625
-0.7661445 8.580819 2.375048
-0.8810662 8.542512 2.2984335
-0.91937345 8.542512 2.0685902
-0.91937345 8.542512 1.8387469
-0.9576807 8.504205 1.7238252
-0.91937345 8.389282 1.5322891
-0.9576807 8.274361 1.3790601
-1.0342951 8.0445175 1.3790601
-1.1109097 7.8912888 1.3024457
-1.1875241 7.776367 1.340753
-1.2641385 7.6614456 1.4173673
-1.3790603 7.6231384 1.37906
-1.4939818 7.546524 1.37906
-1.532289 7.5082164 1.2258313
-1.5705962 7.431602 1.0342951
-1.5705962 7.3549876 0.84275895
-1.5705962 7.2783732 0.7278373
-1.7238252 7.201759 0.7661445
-1.8004396 7.1634517 0.7661445
-1.8770541 7.086837 0.8044517
-1.9536686 7.0485296 0.842759
-1.9919758 7.0102224 0.9959879
-2.0685902 7.086837 1.2641385
-2.030283 7.2783732 1.532289
-1.9919758 7.431602 1.7238252
-1.8004397 7.6231384 1.7238252
-1.5322891 7.8146744 1.7621324
-1.3024458 8.00621 1.8770542
-1.0342951 8.197746 1.9153614
-0.8810662 8.42759 2.1452048
-0.8810662 8.542512 2.1452048
-0.9959879 8.580819 2.0685902
-1.1109096 8.580819 2.1068976
-1.2258313 8.427589 2.1068976
-1.2258313 8.350975 2.336741
-1.1492168 8.312668 2.6048915
-1.1492168 8.350975 2.6431987
-1.1492168 8.42759 2.6048913
-1.1875241 8.504205 2.336741
-1.2258313 8.542512 1.9536686
-1.1875241 8.542512 1.8004397
-1.0726023 8.542512 1.7238252
-1.0342951 8.504205 1.9153614
-1.0726024 8.504205 2.2984338
-1.2641385 8.350975 2.681506
-1.5322891 8.197746 3.1028855
-1.8004397 8.00621 3.4859576
-2.030283 7.73806 3.8307228
-2.2218192 7.584831 4.0222588
-2.4133554 7.4699097 4.0222588
-2.528277 7.508217 3.9073372
-2.566584 7.546524 3.6391866
-2.4516625 7.6614456 3.4093432
-2.2984338 7.8146744 3.2561142
-2.1452045 7.967903 3.1794999
-2.1068974 8.0445175 3.371036
-2.183512 7.967903 3.6391864
-2.4133554 7.776367 3.9073372
-2.6815057 7.3549876 3.9456444
-2.9496565 7.0102224 3.7541082
-3.2178073 6.780379 3.3710358
-3.4093432 6.7037644 3.0645783
-3.5242648 6.780379 2.9496565
-3.5242648 6.9719152 3.0645783
-3.4093432 7.163451 3.4859576
-3.2178073 7.2783732 3.86903
-2.9113493 7.3549876 4.2521024
-2.6048913 7.5082164 4.405331
-2.3367407 7.6614456 4.290409
-2.1068974 7.8529816 4.0222588
-2.1068974 8.121132 3.7158012
-2.1835117 8.197746 3.4859576
-2.3750482 8.350975 3.4859576
-2.566584 8.236053 3.7158012
-2.6431985 7.929596 4.175488
-2.566584 7.6614456 4.7500963
-2.2984335 7.4316025 5.2863975
-1.9536686 7.8146744 5.93762
-1.9919758 8.197746 5.93762
-2.2218192 8.427589 5.746084
-2.413355 8.734048 5.363012
-2.375048 8.848969 5.056554
-2.2601264 8.887277 4.865018
-2.030283 8.887277 4.7884035
-1.7621324 8.772355 4.9799395
-1.4939818 8.619126 5.324704
-1.3024457 8.619126 5.861006
-1.187524 8.695741 6.3589993
-1.187524 8.810662 6.703765
-1.3407528 8.887277 6.742072
-1.532289 8.772355 6.435614
-1.7621324 8.619125 5.93762
-1.9919758 8.389282 5.401319
-2.183512 8.159439 4.9416323
-2.336741 7.967903 4.7500963
-2.4133554 7.776367 4.9416323
-2.4133554 7.73806 5.324704
-2.336741 7.8529816 5.8226986
-2.2601264 8.082825 6.0525417
-2.183512 8.389282 6.0525417
-2.2218192 8.504205 5.899313
-2.336741 8.465898 5.66947
-2.5282772 8.350975 5.5928555
-2.719813 8.0445175 5.8226986
-2.7581205 7.929596 6.244078
-2.6431987 7.8529816 6.8186865
-2.2601264 7.8912888 7.508217
-1.7238253 8.274361 8.0445175
-1.1875241 8.580818 8.389283
-0.7661445 8.925584 8.465898
-0.7278373 9.155427 8.312668
-0.9959879 8.96389 8.0445175
-1.4556746 8.657433 7.929596
-2.2601264 7.776367 8.274361
-2.336741 7.584831 8.695741
-2.183512 7.469909 9.040505
-1.8770541 7.584831 9.385271
-1.4939818 7.776367 9.308657
-1.2258313 7.967903 9.078814
-1.1109096 8.0445175 8.772355
-1.2258313 8.082825 8.427589
-1.3790603 7.967903 8.312668
-1.4939818 7.8912888 8.580818
-1.5322891 7.8912888 8.887277
-1.4556746 7.929596 9.308657
-1.340753 8.00621 9.691729
-1.2641385 8.00621 9.768343
-1.1875241 8.00621 9.768343
-1.1492169 7.8912888 9.576807
-1.1875241 7.776367 9.346963
-1.1492169 7.699753 9.11712
-1.1109096 7.73806 8.810661
-0.95768064 7.8146744 8.772354
-0.7661445 7.8912888 8.96389
-0.61291564 8.00621 9.155428
-0.5746084 7.967903 9.461885
-0.68953013 7.8529816 9.5385
-0.9193735 7.699753 9.346964
-1.2258313 7.393295 9.078814
-1.5322891 7.04853 8.772355
-1.8004397 6.742072 8.389282
-1.9536686 6.5122285 8.274361
-1.9536686 6.397307 8.312668
-1.8004396 6.435614 8.42759
-1.6089035 6.5122285 8.542512
-1.532289 6.5888433 8.465897
-1.5705962 6.512228 8.082825
-1.7238252 6.3973064 7.73806
-1.8770542 6.282385 7.5465236
-1.9536686 6.090849 7.431602
-1.9536686 6.0142345 7.584831
-1.9153614 5.9759274 7.8146744
-1.7621324 5.93762 7.967903
-1.0726024 6.2057705 8.6574335
-0.4213795 6.435614 8.848969
0.42137948 6.6654572 9.078813
1.4939818 7.0485296 9.078813
2.4899697 7.546524 9.11712
3.217807 8.121132 9.193734
3.371036 8.6574335 9.11712
2.7581205 8.695741 8.810662
1.532289 8.159439 8.197746
0.07661444 7.0485296 7.584831
-1.3024457 5.899313 7.2783732
-2.4516625 4.9416323 7.240066
-3.6391866 4.060566 7.5082164
-3.9073372 3.9456444 7.469909
-3.9073372 4.0222588 7.469909
-3.86903 4.1754875 7.584831
-3.6391866 4.5202527 7.73806
-3.217807 4.9799395 7.8912888

