-1.3407528 8.082825 5.899313
-1.3024457 8.121132 6.1674633
-1.6472107 7.8912888 5.746084
-1.8004396 8.274361 6.244078
-1.9536686 8.772356 6.742072
-2.1452045 9.078814 7.1634517
-2.1452045 9.193735 7.546524
-2.1068974 9.155427 7.354988
-2.030283 9.232041 7.163451
-1.8004396 9.4618845 7.163451
-1.4556746 9.80665 7.125144
-1.1875241 10.036493 7.086837
-1.0342952 10.113108 7.086837
-0.99598795 10.036493 7.086837
-1.0726024 9.844957 7.469909
-0.9576807 9.844957 7.6614456
-0.57460845 10.189722 7.8912888
-0.11492168 10.419566 7.699753
0.0 10.304645 7.3549876
-0.15322891 9.844957 6.818686
-0.22984336 9.768343 6.7420716
-0.19153613 9.844957 6.856993
-0.19153613 9.80665 6.818686
-0.15322891 9.768343 6.780379
-0.15322891 9.423578 6.588843
-0.11492168 9.423578 6.6654572
0.11492168 9.5385 6.7803793
0.30645782 9.576807 6.6271505
0.4213795 9.615114 6.2440777
0.5363012 9.615114 5.9759274
0.57460845 9.615114 5.707777
0.57460845 9.615114 5.6311626
0.61291564 9.615114 5.7843914
0.6512228 9.615114 5.9759274
0.61291564 9.615114 6.2057705
0.49799395 9.5385 6.397307
0.4213795 9.423578 6.5505357
0.30645782 9.270349 6.3589997
0.26815057 9.193734 6.0525417
0.344765 9.232041 5.6694694
0.4596867 9.423578 5.2097826
0.61291564 9.615114 4.903325
0.842759 9.768343 4.673482
0.99598795 9.921572 4.55856
0.99598795 9.883265 4.5202527
0.9193735 9.844957 4.3287168
0.8044517 9.768343 4.060566
0.7278373 9.615114 3.9073372
0.8044517 9.576807 3.6391866
0.9959879 9.576807 3.4093432
1.1109096 9.500193 3.1794999
1.0342951 9.308657 3.026271
0.91937345 9.11712 2.9496567
0.91937345 8.772355 2.6048915
0.91937345 8.580819 2.336741
0.8810662 8.389282 2.183512
0.80445176 8.312668 2.1452048
0.7661445 8.197746 1.9919758
0.72783726 8.197746 1.8770541
0.68953 8.197746 1.6472107
0.7278373 8.159439 1.3790601
0.842759 8.274361 1.1109096
0.9576807 8.389282 1.0342951
1.0726024 8.465897 0.95768064
0.9959879 8.427589 0.6895301
0.7278373 8.197746 0.57460845
-0.11492169 7.546524 0.19153613
-1.0726024 6.933608 0.22984335
-1.3790601 6.703765 0.2681506
-1.4556746 6.8186865 0.45968673
-1.340753 6.9719152 0.38307226
-1.1875241 7.1634517 0.30645782
-1.1109096 7.4316025 0.2681506
-1.0726023 7.4316025 0.038307227
-1.2258313 7.3166804 0.076614454
-1.37906 7.086837 0.038307227
-1.532289 6.818686 -0.038307227
-1.7238252 6.5122285 0.038307227
-1.9536686 6.3206925 0.114921674
-2.260126 6.129156 0.0
-2.3750482 6.129156 -0.26815057
-2.336741 6.1674633 -0.53630114
-2.2984338 6.129156 -0.68953
-2.2218192 6.1674633 -0.72783726
-2.1452048 6.205771 -0.72783726
-2.0685902 6.3206925 -0.72783726
-2.030283 6.5122285 -0.61291564
-2.030283 6.742072 -0.5363012
-2.030283 6.9719152 -0.4213795
-2.1452048 7.125144 -0.2681506
-2.2218192 7.125144 -0.11492168
-2.2984338 7.086837 0.038307227
-2.4516625 7.0102224 0.19153613
-2.528277 7.086837 0.15322891
-2.6048915 7.125144 0.0
-2.681506 7.125144 -0.19153613
-2.873042 7.086837 -0.30645782
-2.9496565 6.9719152 -0.30645782
-2.9496565 6.9719152 -0.07661445
-2.873042 7.086837 0.2681506
-2.681506 7.354988 0.4213795
-2.566584 7.73806 0.3830723
-2.528277 8.0445175 -0.07661444
-2.6048915 8.082825 -0.6512228
-2.7964275 7.8529816 -1.1109096
-3.1411924 7.0868373 -1.1492168
-3.3327286 6.7420716 -0.7661445
-3.5242648 6.4739213 -0.22984335
-3.7541082 6.3973064 0.22984338
-4.060566 6.473921 0.6512229
-4.2137947 6.6654577 0.8810662
-4.2137947 6.895301 0.842759
-4.1371803 7.0102224 0.61291564
-3.8307226 7.086837 0.42137948
-3.5242648 7.2017584 0.30645782
-3.3327286 7.4699097 0.49799395
-3.217807 7.8529816 0.7661446
-3.2944217 8.274361 0.9576807
-3.371036 8.69574 1.0726023
-3.371036 8.925584 0.842759
-3.2561142 8.887277 0.842759
-3.2944214 8.580819 1.5322891
-3.3327286 8.42759 1.9919759
-3.2561142 8.542512 2.4899697
-3.1028855 8.810662 2.834735
-2.7964275 9.232041 2.9496565
-2.4899697 9.730036 2.9879637
-2.3367407 10.0748005 2.6431987
-2.2601264 10.228029 2.2601264
-2.2984335 10.151415 1.9536686
-2.3750482 10.036493 1.685518
-2.4516625 9.883265 1.7238252
-2.6048915 9.576807 1.9919758
-2.873042 9.155428 2.6431987
-2.9879637 8.963891 3.1028855
-3.0262709 9.11712 3.4093432
-3.0262709 9.38527 3.8690298
-2.8730419 9.730036 4.2137947
-2.6048913 10.151415 4.290409
-2.183512 10.534487 4.4819455
-1.685518 10.91756 4.4819455
-1.2641385 11.33894 4.367024
-0.9959879 11.645397 4.2137947
-0.9576807 11.760319 3.9073372
-1.1109096 11.645397 3.562572
-1.4173675 11.300632 3.2561145
-1.7238252 10.994175 3.1028855
-1.9919758 10.611102 3.1028855
-2.0685902 10.304645 3.3327286
-2.030283 10.113108 3.5625722
-1.9153614 9.959879 3.86903
-1.7238252 9.959879 3.9456444
-1.6089036 9.998186 4.0222588
-1.4939818 10.113108 4.098873
-1.4173675 10.189722 3.9456444
-1.3024458 10.266336 3.9839516
-1.1875241 10.304644 3.86903
-1.1109096 10.228029 3.86903
-1.1492168 10.036493 3.9839516
-1.2641385 9.883265 4.2137947
-1.2641385 9.844957 4.596867
-1.1492168 9.998186 4.7884035
-0.84275895 10.381259 4.903325
-0.5363012 10.6877165 4.865018
-0.4213795 10.802638 4.6734815
-0.4596867 10.764331 4.6351743
-0.53630114 10.649409 4.711789
-0.53630114 10.649409 4.8267107
-0.38307226 10.879253 5.094861
-0.076614454 11.147404 5.2097826
0.22984336 11.377247 5.1714754
0.4213795 11.492168 5.056554
0.45968673 11.33894 4.7884035
0.38307226 11.032481 4.5968676
0.22984335 10.649408 4.673482
0.11492168 10.228029 4.7500963
0.038307227 9.883265 4.9416323
0.076614454 9.768343 5.2097826
0.19153613 9.730036 5.1714754
0.30645782 9.768343 5.133168
0.45968676 9.883265 4.9416323
0.5363012 9.921572 4.6351748
0.61291564 9.959879 4.4436383
0.6895301 9.921572 4.1754875
0.6512228 9.768343 3.86903
0.53630114 9.423578 3.715801
0.15322891 8.6574335 3.8307228
0.11492168 8.465897 4.1371803
0.22984336 8.504204 4.5202527
0.4213795 8.734047 4.7884035
0.72783726 9.040506 4.9416323
0.95768064 9.308657 4.7884035
1.1109096 9.5385 4.405331
1.1875241 9.5385 4.098873
1.1492169 9.461885 3.8307228
1.0726024 9.232042 3.7924156
0.9959879 8.925585 3.8307228
0.9959879 8.772355 3.86903
0.9576807 8.580819 3.9456444
0.9576807 8.542512 4.060566
0.9576807 8.465898 4.2137947
0.91937345 8.350975 4.3670235
0.99598795 8.427589 4.5202527
1.1109096 8.504204 4.596867
1.2641385 8.695741 4.596867
1.4556746 8.887277 4.4436383
1.6472108 9.078813 4.252102
1.877054 9.38527 4.060566
2.1452048 9.844957 3.9839516
2.3750482 10.304645 4.060566
2.5665843 10.649409 4.1754875
2.6431987 10.764331 4.673482
2.6048913 10.611101 4.7884035
2.4133554 10.342951 4.8267107
2.183512 9.998186 4.673482
1.9153613 9.615114 4.405331
1.6472107 9.270349 4.1371803
1.4556746 9.002198 3.9839516
1.3024458 8.772355 3.86903
1.1875241 8.580819 3.86903
1.1109096 8.350975 4.0222588
0.8810662 8.389282 4.098873
0.8810662 8.542512 4.252102

