0.9576807 8.848969 4.4053307
0.22984335 8.542511 5.2097826
-0.6129156 8.6574335 5.1331687
-1.3790603 9.11712 5.2480907
-1.9153614 9.998186 5.3630123
-1.9536686 11.530476 5.4013195
-1.6472107 11.836933 5.5928555
-1.6089035 11.798626 5.899313
-1.8770542 11.568783 6.3589997
-2.1452048 11.530476 6.2823853
-2.336741 11.415554 5.93762
-2.4899697 11.33894 5.4396267
-2.4899697 11.18571 5.094861
-2.4516625 11.032481 4.9416323
-2.0685902 11.185711 5.439626
-1.7238252 11.33894 5.7843914
-1.1492168 11.530476 6.0142345
-0.9193734 11.33894 5.3630114
-0.8044517 11.224018 5.286397
-0.68953 11.147404 5.592855
-0.7278373 11.070788 6.090849
-0.7661445 11.032481 6.2057705
-0.7278373 10.840945 6.1674633
-0.6512228 10.611102 6.090849
-0.49799395 10.266336 5.93762
-0.4596867 10.151415 5.8226986
-0.38307226 10.036493 5.66947
-0.42137945 9.768343 5.439626
-0.7278373 9.155427 4.9416323
-0.9193734 8.810662 4.903325
-1.0342952 8.695741 5.056554
-1.1492169 8.695741 5.056554
-1.2258313 8.887277 4.7500963
-1.1109096 9.002198 4.252102
-1.0342951 9.078813 3.6774938
-0.91937345 9.11712 3.064578
-0.842759 9.232041 2.719813
-0.91937345 9.2703495 2.528277
-0.9576807 9.232041 2.528277
-0.9959879 9.308657 2.719813
-0.9959879 9.423578 2.7581203
-0.8810662 9.5385 2.873042
-0.7278373 9.768343 2.9113493
-0.5746084 9.80665 2.719813
-0.5363012 9.768343 2.681506
-0.5363012 9.615114 2.566584
-0.6512229 9.385271 2.4133554
-0.842759 9.155427 2.336741
-0.9576807 8.963891 2.183512
-0.9959879 8.848969 2.1068974
-0.842759 8.848969 2.2218192
-0.6512229 8.963891 2.4133554
-0.49799395 9.040505 2.4899697
-0.49799395 9.040505 2.4516625
-0.68953013 8.810662 2.2218192
-0.9576807 8.465897 1.9153613
-1.4556746 7.8912888 1.5705963
-1.6089035 7.776367 1.6089035
-1.685518 7.8529816 1.6472108
-1.685518 7.967903 1.685518
-1.6089036 8.121132 1.6472108
-1.5322891 8.389282 1.4173675
-1.3790603 8.542511 1.2258313
-1.3024457 8.734048 1.0726024
-1.3024457 8.925584 0.99598795
-1.3024457 9.040505 1.0342952
-1.340753 9.078813 0.9193735
-1.340753 9.11712 0.842759
-1.340753 9.078813 0.7278373
-1.4173673 8.925584 0.61291564
-1.5705962 8.810662 0.7661445
-1.7621324 8.542511 0.7661445
-1.9919758 8.159439 0.9576806
-2.1835117 7.8146744 1.1492168
-2.2984335 7.584831 1.0726023
-2.336741 7.546524 1.1875241
-2.183512 7.6614456 1.2258313
-1.8770541 8.00621 1.3790603
-1.6089035 8.312668 1.6472108
-1.4173673 8.542511 1.7621324
-1.4173673 8.6574335 1.8004397
-1.5705963 8.580819 1.6089036
-1.7238252 8.389283 1.4173675
-1.9153614 8.082825 1.3024457
-2.0685902 7.8146744 1.1492169
-2.2601264 7.469909 1.1109096
-2.4133554 7.2017584 1.0726024
-2.48997 7.125144 0.9959879
-2.48997 7.163451 1.0726024
-2.336741 7.278373 1.1109096
-2.1452048 7.5465236 1.1109096
-1.9919758 7.73806 0.9959879
-1.9153614 7.8529816 0.6512229
-1.9153614 7.929596 0.34476504
-1.9919758 7.8146744 0.11492168
-2.1068974 7.699753 0.076614454
-2.4516625 7.240066 0.49799395
-2.6048915 7.0102224 0.7661445
-2.7581205 6.780379 1.1109096
-2.834735 6.588843 1.2258313
-2.7964277 6.703765 1.1492169
-2.6431987 6.8569937 0.7278373
-2.4516625 7.163452 0.45968673
-2.2218192 7.4316025 0.19153613
-2.0685902 7.699753 -0.076614454
-1.9536686 7.8912888 -0.038307227
-1.9536686 7.8912888 0.076614454
-2.1068974 7.776367 0.22984336
-2.2601264 7.546524 0.5363012
-2.4133554 7.354988 0.8044518
-2.566584 7.201759 0.9959879
-2.6431987 7.125144 1.2258313
-2.719813 7.125144 1.3024457
-2.7964275 7.2783732 1.3407528
-2.681506 7.546524 1.37906
-2.4899697 7.967903 1.3024457
-2.2218192 8.350975 1.3024457
-1.9536686 8.619125 1.3407528
-1.8004397 8.848969 1.4556746
-1.8004397 8.810662 1.6089036
-1.9153614 8.695741 1.7238252
-2.2218192 8.312668 1.6089036
-2.4899697 7.8529816 1.5705965
-2.6431987 7.5465236 1.5322893
-2.6815062 7.431602 1.6089036
-2.183512 8.159439 1.9153614
-1.8770541 8.619126 1.9919758
-1.6472107 8.925584 1.9536686
-1.6089035 9.040505 1.8004397
-1.685518 8.963891 1.5705963
-1.8387469 8.734048 1.4173675
-2.030283 8.427589 1.340753
-2.183512 8.197746 1.4556746
-2.2984335 7.8912888 1.685518
-2.375048 7.8146744 1.9153613
-2.375048 7.967903 2.2984335
-2.2218192 8.236053 2.7964275
-2.030283 8.772355 3.1794999
-1.877054 9.078813 3.4859576
-1.7621324 9.270349 3.371036
-1.8004397 9.193734 2.987964
-1.9153614 8.925584 2.6431987
-2.0685902 8.6574335 2.2218192
-2.1452045 8.389282 2.1068976
-2.0685902 8.389282 2.2984335
-1.6089034 8.772355 3.1794996
-1.3407528 9.078814 3.6774936
-1.2258313 9.2703495 3.9073372
-1.1875241 9.346964 3.86903
-1.3024457 9.2703495 3.715801
-1.4939818 9.078813 3.4476504
-1.7621324 8.734047 3.217807
-2.1068976 8.350975 3.3327286
-2.4133554 7.929596 3.9073372
-2.336741 8.082825 4.520253
-2.030283 8.427589 4.8267107
-1.7621324 8.772355 5.056554
-1.5322891 9.040506 4.6351743
-1.4556746 9.232042 3.3327286
-1.6472107 9.232042 2.911349
-1.877054 9.2703495 3.064578
-2.0685902 9.2703495 3.6391866
-2.1452045 9.346964 4.405331
-2.030283 9.576807 5.1714754
-1.8387469 9.844957 5.784391
-1.6472107 10.266336 6.129156
-1.4939818 10.726024 6.5122285
-1.4556745 10.955868 6.588843
-1.4556745 10.994175 6.588843
-1.532289 10.917561 6.4739213
-1.6089035 10.764331 6.2057705
-1.6472107 10.6877165 6.129156
-1.7238252 10.611102 6.129156
-1.8004397 10.381259 6.129156
-1.9153614 10.189723 6.129156
-2.030283 9.998186 6.090849
-2.030283 9.80665 6.129156
-1.8770542 9.883265 6.2440777
-1.6089036 9.998186 6.4739213
-1.2641385 10.0748005 6.588843
-1.0342951 10.189722 6.62715
-0.91937345 10.0748005 6.588843
-0.91937345 9.883265 6.588843
-0.9576807 9.615114 6.8186865
-0.91937345 9.423578 7.1251445
-0.80445176 9.117121 7.584831
-0.7661445 9.232042 7.6231384
-0.7278373 9.2703495 7.508217
-0.68953 9.423578 7.508217
-0.61291564 9.5385 7.4699097
-0.6512228 9.500193 7.508217
-0.7278373 9.2703495 7.6231384
-0.842759 8.925584 7.699753
-0.99598795 8.542512 7.8529816
-1.0342952 8.274361 8.00621
-1.0726024 8.274361 8.0445175
-0.9959879 8.389282 7.8912888
-0.842759 8.695741 7.699753
-0.6512228 8.963891 7.3549876
-0.49799395 9.078813 6.9719152
-0.38307226 9.040505 6.818686
-0.4596867 8.810662 6.6654572
-0.5746084 8.504204 6.588843
-0.6512228 8.312668 6.62715
-0.6895301 8.312668 6.62715
-0.5746084 8.465897 6.780379
-0.42137948 8.734048 6.8953004
-0.19153613 8.963891 7.086837
-0.076614454 9.040505 7.086837
0.0 9.040505 7.0485296
0.038307227 8.848969 7.0485296
-0.076614454 8.580819 6.895301
-0.19153613 8.312668 6.7803793
-0.4213795 7.967903 6.473922
-0.6895301 7.584831 6.1674633
-0.9576807 7.2400665 5.93762
-1.1109096 6.895301 5.861006
-1.1492169 6.6654577 5.93762
-1.0726024 6.6271505 5.899313
-0.8810662 6.742072 5.7843914
-0.68953013 6.9719152 5.707777
-0.42137948 7.2400665 5.5545483
-0.15322891 7.4699097 5.5928555
0.26815057 7.8912888 5.9759274
0.38307226 7.967903 6.244078
0.34476507 7.929596 6.4739213
0.22984335 7.546524 6.588843
0.15322891 7.3549876 6.62715
0.15322891 7.2783732 6.7037644
0.19153613 7.240066 6.8569937
0.19153613 7.2783732 7.0102224
0.19153613 7.3549876 7.125144
0.15322891 7.431602 7.0102224
0.076614454 7.5082164 6.895301
0.038307227 7.5082164 6.933608
-0.038307227 7.5082164 6.9719152
-0.076614454 7.699753 7.431602
-0.22984335 7.73806 7.469909
-0.38307226 7.699753 7.3166804
-0.61291564 7.4699097 7.125144
-0.8810662 7.354988 6.856993
-1.0342951 7.2783732 6.780379
-1.1109097 7.240066 6.856993
-1.1875241 7.240066 6.818686
-1.2641385 7.201759 6.780379
-1.4173673 7.201759 6.5122285
-1.6089035 7.2783732 6.320692

