-1.7621324 7.3549876 6.2440777
-1.9153614 7.431602 6.2440777
-2.1068976 7.431602 6.3589997
-1.1492169 7.1251445 6.7803793
-1.6089035 7.431602 6.7803793
-2.2984335 7.6231384 6.7803793
-2.9496565 7.8912888 6.8186865
-3.5242648 8.312668 7.3166804
-3.371036 8.504204 7.6614456
-3.2944217 9.078814 7.8146744
-3.4093432 9.308657 7.508217
-3.715801 9.500193 6.9719152
-3.9456444 9.615114 6.2823853
-3.9073372 9.576807 6.244078
-3.8307228 9.461885 6.397307
-3.8307228 9.193735 6.5505357
-4.0222588 8.350975 6.8186865
-4.098873 7.929596 7.163452
-3.9456444 7.73806 7.6614456
-3.6008792 8.0445175 7.929596
-2.6048913 9.193735 8.159439
-1.7238252 10.419565 8.350975
-1.340753 10.802638 8.42759
-1.340753 10.611101 8.236053
-1.6089035 10.113108 7.929596
-1.7621324 9.921572 7.776367
-1.8387469 9.691729 7.699753
-1.7621324 9.691729 7.776367
-1.532289 9.883265 7.929596
-1.1109096 10.113108 8.197746
-0.6895301 10.419566 8.312668
-0.45968673 10.534488 7.929596
-0.42137948 10.419566 7.431602
-0.6895301 10.113108 6.7803793
-1.0342951 9.844957 6.3206925
-1.3024457 9.461885 6.129156
-1.4556746 9.2703495 5.93762
-1.5322891 9.346964 5.7843914
-1.4556746 9.576807 5.707777
-1.4173673 9.691729 5.8226986
-1.3024457 9.653421 6.090849
-1.2258313 9.5385 6.0525417
-1.1109096 9.423578 5.861006
-0.9959879 9.346964 5.5162406
-0.91937345 9.346964 5.094861
-0.88106626 9.346964 4.55856
-0.9576807 9.2703495 4.1371803
-0.91937345 9.040505 3.4859576
-0.7661445 8.810662 2.9879637
-0.6512228 8.734048 2.8347347
-0.38307226 8.695741 2.528277
-0.22984336 8.810662 2.4516625
0.038307227 8.925584 2.375048
0.11492168 9.002198 2.4133554
0.15322891 8.887277 2.3750482
0.19153613 8.848969 2.183512
0.11492168 8.6574335 1.8387469
-0.19153613 8.350975 1.4173675
-0.34476504 8.159439 1.3024458
-0.4213795 8.159439 1.2258313
-0.4213795 8.312668 1.2641385
-0.3830723 8.350975 1.3024457
-0.4213795 8.350975 1.187524
-0.57460845 8.236053 1.1492168
-0.68953013 8.0445175 1.1492168
-0.842759 8.159439 1.3790601
-0.8810662 8.236053 1.4173673
-0.91937345 8.274361 1.3024457
-1.0342951 8.274361 1.1492169
-1.1875241 8.121132 0.9576807
-1.2258313 8.082825 0.80445176
-1.340753 8.121132 0.6895301
-1.340753 8.159439 0.57460845
-1.3024457 8.236053 0.3830723
-1.3790603 8.312668 0.2681506
-1.4556746 8.274361 0.22984336
-1.5705962 8.197746 0.19153613
-1.8004396 8.0445175 0.19153613
-2.030283 7.776367 0.22984336
-2.2218192 7.584831 0.26815057
-2.3750482 7.3166804 0.34476504
-2.4516625 7.201759 0.4213795
-2.4133554 7.201759 0.5363012
-2.4133554 7.240066 0.4213795
-2.3367407 7.469909 0.19153613
-2.3367407 7.469909 0.0
-2.3367407 7.393295 0.0
-2.4516625 7.240066 0.0
-2.7581203 6.8186865 0.076614454
-2.9879637 6.5888433 0.076614454
-2.9879637 6.5888433 0.11492168
-2.9496565 6.6654577 0.11492168
-2.8347347 6.8186865 0.076614454
-2.6431987 6.933608 0.076614454
-2.4899697 7.0868373 -0.038307227
-2.3367407 7.3549876 -0.038307227
-2.2218192 7.6614456 0.0
-2.183512 7.8912888 0.0
-2.1068976 8.082825 0.11492168
-2.0685902 8.0445175 0.15322891
-2.183512 7.776367 0.11492168
-2.3750482 7.4316025 0.0
-2.681506 7.086838 -0.26815057
-2.9496565 6.8569937 -0.34476504
-2.9879637 6.703765 -0.34476504
-2.7198133 6.7803793 0.076614454
-2.528277 6.895301 0.2681506
-2.4516625 7.125144 0.45968673
-2.4133554 7.31668 0.5746084
-2.719813 7.3549876 0.6512228
-2.9113493 7.201759 0.80445176
-3.0645783 7.0102224 0.8810662
-3.1411927 6.895301 0.8810662
-3.1411927 6.9719152 0.53630114
-3.1411927 7.2017584 0.26815057
-3.1411927 7.469909 0.11492168
-3.0262709 7.73806 0.15322891
-2.8730419 7.967903 0.22984335
-2.719813 8.159439 0.49799395
-2.566584 8.197746 0.7661445
-2.566584 8.197746 0.91937345
-2.6815057 8.082825 0.9576807
-2.9879637 7.929596 1.0342951
-3.2944217 7.8529816 1.1109096
-3.4476504 7.699753 1.2258313
-3.524265 7.73806 1.4173673
-3.4093432 7.699753 1.4556746
-3.217807 7.6614456 1.4556746
-3.1411927 7.776367 1.4173673
-3.1794999 7.73806 1.532289
-3.3327286 7.776367 1.6089035
-3.5242648 7.8912888 1.7238252
-3.6774938 7.929596 1.7621324
-3.7541084 8.082825 1.7238252
-3.7158012 8.159439 1.6472107
-3.7541084 8.082825 1.6472107
-3.9073372 7.8146744 1.6089035
-4.060566 7.469909 1.5705963
-4.3287168 7.125144 1.7238252
-4.5202527 6.933608 1.9153614
-4.55856 6.9719152 2.3367407
-4.4819455 7.125144 2.873042
-4.2137947 7.4699097 3.217807
-3.9073372 7.73806 3.4093432
-3.6391864 8.00621 3.3327289
-3.4859576 8.312668 3.141193
-3.562572 8.465897 2.9879637
-3.86903 8.504204 2.834735
-4.3287168 8.427589 2.7964275
-4.7500963 8.197746 3.0645783
-4.9416323 8.00621 3.6774938
-4.8267107 8.082825 4.3287168
-4.367024 8.42759 4.9416327
-3.4093432 9.346964 4.9799395
-3.1794999 9.730036 4.6734815
-3.217807 9.844957 4.55856
-3.4476502 9.730036 4.750096
-3.7541082 9.461885 5.056554
-3.9839516 9.193734 5.439626
-4.060566 9.040505 5.8226986
-3.86903 9.11712 5.899313
-3.4476504 9.385271 5.93762
-3.1028855 9.691729 5.899313
-2.873042 10.036493 5.66947
-2.7581205 10.304644 5.592855
-2.7581205 10.419565 5.554548
-2.6431987 10.496181 5.7077765
-2.4516625 10.534488 5.93762
-2.2218192 10.6877165 6.167464
-2.030283 10.840945 6.3589997
-1.9153614 10.994174 6.435614
-1.8004397 11.070788 6.5122285
-1.7621325 11.185711 6.588843
-1.685518 11.147404 6.62715
-1.6089035 11.070789 6.5505357
-1.5705963 10.955868 6.3589997
-1.532289 10.611102 6.090849
-1.532289 10.342951 5.9759274
-1.4939818 10.036493 6.0525417
-1.4173673 9.768343 6.3589997
-1.2641385 9.615114 6.7420716
-1.0726024 9.576807 7.163451
-0.842759 9.576807 7.3549876
-0.5746084 9.691729 7.201759
-0.34476504 9.844957 6.8569937
-0.076614454 9.998186 6.3589997
0.076614454 10.189722 6.0525417
0.15322891 10.228029 5.93762
0.19153613 10.189722 6.090849
0.15322891 10.113108 6.1674633
0.15322891 9.921572 6.2440777
0.15322891 9.80665 6.2440777
0.19153613 9.691729 6.0525417
0.2681506 9.615114 5.93762
0.34476504 9.653421 5.746084
0.3830723 9.615114 5.66947
0.4213795 9.615114 5.66947
0.38307226 9.576807 5.5545483
0.38307226 9.500193 5.516241
0.4213795 9.500193 5.4013195
0.45968676 9.500193 5.209783
0.5746084 9.5385 5.094861
0.6895301 9.576807 4.8267107
0.80445176 9.5385 4.673482
0.91937345 9.615114 4.711789
1.0342951 9.615114 4.865018
1.0726024 9.653421 5.171476
1.1109096 9.768343 5.5162406
1.0342951 9.691729 5.746084
0.9576807 9.576807 5.9759274
0.8810662 9.423577 5.9759274
0.842759 9.232041 5.8226986
0.80445176 9.002198 5.746084
0.72783726 8.810662 5.516241
0.6129156 8.542512 5.477934
0.4213795 8.274361 5.5928555
0.26815057 8.082825 5.5545483
0.11492168 7.8146744 5.66947
0.11492168 7.699753 5.861006
0.26815057 7.776367 6.090849
0.5363012 7.929596 6.435614
0.84275895 8.236053 6.7803793
1.0342951 8.465897 6.8186865
1.1492169 8.504205 6.6654572
1.1492169 8.427589 6.435614
1.0726024 8.274361 6.0142345
0.99598795 8.121132 5.8226986
0.8810662 8.00621 5.746084
0.80445176 7.929596 5.746084
0.72783726 7.8529816 5.899313
0.68953 7.776367 6.090849
0.5746084 7.6614456 6.2057705
0.45968673 7.584831 6.2823853
0.38307226 7.5465236 6.2823853
0.30645782 7.5848308 6.244078
0.344765 7.6614456 6.244078
0.344765 7.73806 6.129156
0.30645782 7.8529816 6.0525417
0.26815057 7.967903 5.899313

