0.15322891 8.00621 5.8226986
-1.5705963 7.0485296 6.550536
-2.183512 7.3549876 6.7803793
-2.6431987 7.73806 6.8569937
-3.1411927 8.159439 7.1634517
-3.4859576 8.6574335 7.6614456
-3.2944214 8.925584 7.6231384
-3.064578 9.11712 7.776367
-3.064578 9.11712 7.8529816
-3.1028852 9.2703495 7.8146744
-3.1028852 9.461885 7.699753
-3.1028852 9.691729 7.6231384
-3.0262709 9.80665 7.393295
-2.9879637 9.80665 7.2400656
-2.9496565 9.653421 7.0102224
-2.9496565 9.461885 6.933608
-2.6431985 9.155427 7.2783732
-2.4516625 9.232041 7.4699097
-2.2601264 9.346963 7.546524
-2.1452048 9.500193 7.393295
-2.0685902 9.576807 7.2400656
-2.030283 9.576807 7.0485296
-1.9153614 9.615114 6.703765
-1.8387469 9.5385 6.473921
-1.8004397 9.500193 6.2440777
-1.8004397 9.346964 6.1674633
-1.9153614 9.193735 6.129156
-1.9536686 9.078814 6.0525417
-1.9536686 9.002198 5.899313
-1.8770542 8.963891 5.7843914
-1.685518 8.925584 5.6311626
-1.4939818 9.002198 5.6311626
-1.2258313 9.040505 5.6311626
-0.95768064 9.232041 5.5928555
-0.7278373 9.423577 5.5928555
-0.5363012 9.576807 5.401319
-0.4213795 9.691729 5.1714754
-0.344765 9.691729 4.9416323
-0.26815057 9.691729 4.711789
-0.19153613 9.730036 4.5202527
-0.076614454 9.768343 4.405331
0.038307227 9.844957 4.252102
0.15322891 9.921572 4.1754875
0.22984335 9.921572 4.060566
0.26815057 9.921572 3.9839516
0.38307226 9.959879 4.060566
0.5746084 10.036493 4.098873
0.7661446 10.228029 4.213795
0.9576807 10.419566 4.405331
1.0342951 10.381259 4.3287163
0.8810662 10.266337 4.1754875
0.7278373 9.883265 3.9839516
0.5746084 9.576807 3.7541084
0.49799398 9.500193 3.677494
0.5746084 9.461885 3.7541084
0.6895301 9.653421 3.7541084
0.9959879 10.036493 3.4859576
1.1109096 10.189722 3.1028852
1.1109096 10.189722 2.7964277
0.9576807 10.0748005 2.6431987
0.7278373 9.80665 2.6048915
0.49799395 9.653421 2.873042
0.34476504 9.615114 3.217807
0.34476504 9.691729 3.2944214
0.4213795 9.883265 3.371036
0.5746084 10.0748005 3.2944214
0.80445176 10.151415 3.1028855
0.9576807 10.189722 2.9496565
1.0726024 10.0748005 2.7198129
1.0726024 9.80665 2.4516625
0.72783726 9.193734 2.2601264
0.5363012 8.963891 2.2601264
0.34476507 8.772355 2.1835117
0.22984336 8.619126 2.030283
0.30645782 8.542512 1.7238252
0.5363012 8.6574335 1.4556746
0.5746084 8.734048 1.1875241
0.5363012 8.619126 0.95768064
0.49799395 8.542512 0.80445176
0.4213795 8.504205 0.6895301
0.38307226 8.42759 0.80445176
0.30645782 8.42759 0.91937345
0.15322891 8.389282 0.91937345
-0.038307227 8.350975 0.91937345
-0.30645782 8.236053 0.4213795
-0.34476507 8.159439 0.15322891
-0.26815057 8.082825 0.11492168
-0.26815057 8.00621 0.076614454
-0.34476507 8.00621 0.15322891
-0.49799395 8.00621 0.22984335
-0.6895301 8.0445175 0.038307227
-0.842759 8.121132 -0.11492168
-0.91937345 8.274361 -0.2681506
-0.80445176 8.465897 -0.5363012
-0.5363012 8.734048 -0.5746084
-0.4213795 8.772355 -0.7278373
-0.49799395 8.695741 -0.6512228
-0.6512229 8.504205 -0.72783726
-1.0342951 8.197746 -0.7661446
-1.1109096 8.159439 -0.7278373
-1.0726024 8.197746 -0.6512229
-1.0342952 8.159439 -0.7661445
-1.0726024 8.121132 -0.9959879
-1.1492169 8.082825 -1.1875241
-1.1875241 8.00621 -1.2641385
-1.3407528 7.929596 -1.4939818
-1.4556746 7.776367 -1.4939818
-1.5705965 7.73806 -1.4173673
-1.6089036 7.73806 -1.2641385
-1.532289 7.8146744 -1.0342951
-1.4556746 8.00621 -1.0342951
-1.3407528 8.121132 -1.1109096
-1.3407528 8.197746 -1.2258313
-1.3790603 8.236053 -1.3790601
-1.3790603 8.274361 -1.4556746
-1.3790603 8.312668 -1.532289
-1.2258313 8.465898 -1.7238252
-1.1492169 8.465898 -1.7621324
-1.1875241 8.312669 -1.7238252
-1.3024458 8.0445175 -1.7238252
-1.6089035 7.73806 -1.5705963
-2.0685902 7.3549876 -1.3024457
-2.1068974 7.4316025 -1.1875241
-1.9536686 7.584831 -1.1109096
-1.8004396 7.8146744 -1.0726024
-1.6472107 7.929596 -1.1109097
-1.5705963 7.967903 -1.1109097
-1.5705963 8.00621 -1.2641385
-1.6472107 7.8912888 -1.3407528
-1.7621324 7.8146744 -1.3790601
-1.8387469 7.699753 -1.4173675
-1.8770541 7.546524 -1.340753
-1.9153614 7.5082164 -1.0726023
-1.838747 7.5082164 -0.7661445
-1.838747 7.5082164 -0.3830723
-1.838747 7.6614456 -0.076614454
-1.7621324 7.73806 0.076614454
-1.8387469 7.8146744 0.19153613
-1.9536686 7.8912888 0.22984336
-2.1452048 7.73806 0.38307226
-2.4899697 7.584831 0.4213795
-2.834735 7.354988 0.5746084
-3.1411924 7.2017584 0.6895301
-3.3327289 7.2017584 0.842759
-3.2944217 7.3932953 1.1492168
-3.064578 7.776367 1.3024457
-2.7581205 8.121132 1.5322891
-2.4516625 8.504205 1.4173673
-2.6431985 8.389283 1.1492168
-2.9496565 8.197746 0.842759
-3.2944214 7.967903 0.6895301
-3.7541082 7.3932953 0.91937345
-3.7541082 7.31668 1.0342951
-3.6774938 7.3932953 1.0726024
-3.371036 7.6231384 1.1109096
-3.026271 8.00621 1.340753
-2.873042 8.236053 1.3024458
-2.834735 8.389283 1.1875241
-3.1411927 8.42759 0.842759
-3.4859576 8.274361 0.49799395
-3.715801 8.00621 0.5746084
-3.8307228 7.5848308 0.61291564
-3.4476507 7.3166804 1.3790601
-2.9496567 7.8529816 2.2601264
-2.9879637 8.236053 2.719813
-3.2561145 8.312668 2.7581205
-3.4476504 8.0445175 2.5282772
-3.677494 7.6231384 2.2984338
-3.6391866 7.2783737 2.1068976
-3.4476504 7.0102224 2.0685902
-3.217807 7.0102224 2.2218192
-2.9879637 7.2017584 2.6431985
-2.834735 7.699753 3.3327286
-2.6431987 8.465898 4.6351748
-2.2218192 9.998186 6.8569937
-2.0685902 10.534488 6.9719157
-1.9919758 10.726024 5.975928
-2.0685902 10.840945 4.4819455
-2.2601264 10.802638 2.7964277
-2.4899697 10.6877165 1.6089035
-2.834735 10.534488 1.2641385
-2.834735 10.649409 1.9536686
-2.528277 10.994174 3.6008792
-2.0685904 11.722012 5.401319
-1.4556746 12.56477 6.4739213
-0.9576807 13.177687 6.6271505
-0.7661445 13.484144 5.8226986
-0.6895301 13.3309145 4.596867
-0.84275895 12.794614 3.524265
-1.2641385 11.9135475 2.834735
-1.7621324 10.91756 2.834735
-2.1835117 10.0748005 3.6008794
-2.336741 9.576807 4.711789
-2.1452045 9.615114 5.93762
-1.5705963 9.998186 6.895301
-0.9576807 10.457873 7.0102224
-0.11492168 11.109097 6.3206925
-0.15322891 11.070789 5.5928555
-0.19153613 11.032481 5.66947
-0.15322891 11.070788 5.9759274
0.0 11.147403 6.205771
0.19153613 11.262324 6.3206925
0.38307226 11.33894 6.282385
0.45968676 11.33894 6.0142345
0.49799398 11.224018 5.899313
0.5363012 11.070789 5.93762
0.5363012 10.840945 6.0142345
0.5363012 10.572795 6.090849
0.5363012 10.419565 5.93762
0.45968676 10.189722 5.746084
0.34476507 9.921572 5.4396267
0.22984336 9.730036 5.3247046
0.11492168 9.461885 5.2863975
0.0 9.270349 5.3247046
0.0 9.308656 5.4396267
0.15322891 9.538499 5.5545483
0.3830723 9.80665 5.8226986
0.61291564 10.266336 5.93762
0.7661445 10.49618 5.9759274
0.8810662 10.572795 6.0525417
0.95768064 10.6877165 5.93762
1.0342951 10.572795 5.93762
1.0726024 10.419566 5.9759274
0.8810662 10.113109 5.899313
0.57460845 9.653421 5.7843914
0.22984336 9.002198 5.6311626
-0.15322891 8.312669 5.516241
-0.38307226 7.776367 5.363012
-0.5363012 7.240066 5.363012
-0.61291564 6.933608 5.286397
-0.45968673 6.818686 5.2097826
-0.22984336 6.818686 5.1714754
0.0 7.0102224 5.056554
0.30645782 7.3166804 5.0182467
0.49799392 7.6614456 4.9799395
0.6512228 8.00621 5.0182467
0.8044518 8.236053 5.2097826
0.88106626 8.350975 5.4779334
0.99598795 8.465898 5.8226986
1.0342952 8.465898 6.244078
1.1109096 8.504205 6.5122285
1.1492169 8.580819 6.588843
1.0726024 8.542512 6.435614
0.9959879 8.465897 6.014235
0.842759 8.274361 5.6311626
0.68953013 8.0445175 5.4013195
0.5746084 7.8146744 5.2863975

