-2.7581203 5.4779334 8.0445175
-2.2601264 6.0142345 8.082825
-1.4173673 6.0142345 7.8529816
-0.6512228 6.3589997 8.0445175
0.15322891 7.04853 8.312668
1.0726023 7.776367 8.312668
1.9919758 8.69574 8.350975
2.0685902 8.963891 8.274361
2.030283 8.810662 8.236053
1.8770542 8.427589 8.236053
1.8770542 8.159439 8.236053
1.9536686 8.0445175 8.236053
2.1068974 7.967903 8.0445175
2.375048 8.121132 7.929596
2.6048913 8.197746 7.6614456
2.7964275 8.197746 7.469909
2.9496565 8.312668 7.3166804
2.9879637 8.274361 7.086837
2.9879637 8.236053 6.933608
2.9496565 8.082825 6.8569937
2.873042 7.8529816 6.742072
2.834735 7.6614456 6.703765
2.834735 7.584831 6.742072
2.834735 7.508217 6.703765
2.873042 7.546524 6.7803793
2.9496565 7.6231384 6.7420716
2.9496565 7.699753 6.62715
2.9496565 7.8529816 6.397307
2.9879637 8.00621 6.2057705
2.9879637 8.082825 6.0142345
3.0262709 8.082825 5.8226986
3.0262709 8.00621 5.7843914
2.9496565 7.8912888 5.8226986
2.873042 7.8529816 6.090849
2.7964277 7.699753 6.512229
2.7964277 7.584831 6.8186865
2.7964277 7.546524 6.933608
2.834735 7.508217 6.7420716
2.9113493 7.584831 6.3589997
2.9496565 7.699753 6.0142345
3.064578 7.73806 5.592855
3.1794996 7.8912888 5.439626
3.2944217 7.967903 5.439626
3.371036 8.00621 5.631162
3.4476504 8.0445175 6.0142345
3.4476504 8.082825 6.2057705
3.4859576 8.312668 6.282385
3.562572 8.542512 5.9759274
3.6008792 8.810662 5.631162
3.6774938 8.925584 5.324704
3.6391866 8.810662 5.056554
3.5625722 8.695741 4.9799395
3.4476504 8.504205 5.0182467
3.3327286 8.350975 5.209783
3.2944214 8.236053 5.5545483
3.2561142 8.082825 5.7843914
3.2944214 8.082825 5.861006
3.3327289 8.0445175 5.6311626
3.2944217 8.082825 5.133168
3.2944217 8.159439 4.7884035
3.2944217 8.121132 4.4436383
3.2944217 8.121132 4.2904096
3.371036 8.197746 4.367024
3.4476504 8.236053 4.596867
3.5242648 8.274361 5.0182467
3.562572 8.312668 5.363012
3.5242648 8.197746 5.4779334
3.4859576 8.197746 5.3247046
3.371036 8.121132 4.9799395
3.2561142 8.0445175 4.55856
3.217807 8.082825 4.1754875
3.217807 8.082825 3.9839516
3.3327289 8.312668 3.8307228
3.6008794 8.619125 3.8307228
3.8307226 8.963891 4.060566
4.0222588 9.270349 4.2137947
4.1371803 9.385271 4.405331
4.098873 9.346964 4.55856
3.9073372 9.117121 4.596867
3.4859576 8.695741 4.4053307
3.0262709 8.389282 4.2137947
2.6431985 8.236053 4.1754875
2.4516625 8.236053 4.1754875
2.6048913 8.542512 4.405331
2.873042 8.772355 4.5202527
3.141193 9.002199 4.5202527
3.2944217 9.232042 4.367024
3.2561145 9.193735 4.1371803
3.0262709 9.155428 3.9456444
2.7198129 8.925584 3.7924156
2.4133554 8.6574335 3.7541084
2.183512 8.542512 3.6391866
2.1068974 8.465898 3.7158012
2.1452045 8.542512 3.8307228
2.336741 8.695741 3.9839516
2.6431985 8.963891 4.2521024
3.0262709 9.346964 4.3287168
3.3327289 9.768343 4.252102
3.4859579 9.998186 3.9839516
3.371036 10.0748005 3.6008792
2.873042 9.730036 3.371036
2.336741 9.346963 3.1028855
1.9153613 9.11712 3.1028855
1.6855179 9.002198 3.2944214
1.7621324 9.193735 3.5625722
1.8387469 9.346964 3.9456444
1.8387469 9.423578 4.252102
1.6472108 9.346964 4.4436383
1.340753 9.155428 4.4819455
0.99598795 8.963891 4.4436383
0.5746084 8.772355 4.290409
0.38307226 8.619126 4.060566
0.30645782 8.580819 3.8307228
0.38307226 8.580819 3.6391864
0.6512229 8.6574335 3.6008792
0.95768064 8.848969 3.677494
1.2258313 8.963891 3.7541084
1.3790601 9.002198 3.7541084
1.3790601 8.810661 3.7158012
1.1875241 8.542511 3.677494
0.9959879 8.350975 3.4859576
0.8810662 8.236053 3.2944214
0.8810662 8.312668 3.1411927
1.0342951 8.42759 2.9113493
1.2258313 8.619126 2.7964277
1.340753 8.734048 2.7581205
1.340753 8.810662 2.6431987
1.2258313 8.810662 2.5665843
0.9576807 8.6574335 2.4899697
0.7278373 8.465898 2.4516625
0.49799398 8.350975 2.2984338
0.2681506 8.312668 2.1835117
0.19153613 8.274361 2.1835117
0.11492168 8.389282 2.1452045
0.11492168 8.542512 2.1835117
0.15322891 8.619126 2.1452045
0.15322891 8.848969 2.030283
0.15322891 9.040506 1.8387469
0.076614454 9.117121 1.685518
-0.11492168 9.117121 1.532289
-0.34476504 9.040506 1.4173673
-0.6512228 8.887277 1.4173673
-0.9193734 8.734048 1.4173673
-1.0726024 8.695741 1.532289
-1.1492168 8.6574335 1.6472107
-1.1109096 8.734048 1.6472107
-1.0342952 8.848969 1.6472107
-0.9193735 9.002198 1.4173673
-0.8044518 9.155427 1.1875241
-0.7661446 9.232042 1.1875241
-0.6512228 9.2703495 1.2258313
-0.5746084 9.232042 1.4173673
-0.5746084 9.193735 1.3790601
-0.61291564 9.155427 1.2258313
-0.7661446 9.002198 1.0342951
-0.9193735 8.772354 0.91937345
-1.0726024 8.580818 1.0342951
-1.1109096 8.350975 1.0342951
-1.1109096 8.389282 1.0342951
-1.0726024 8.504205 1.0342951
-1.0342951 8.619126 0.9959879
-1.0342951 8.695741 0.95768064
-1.0342951 8.580818 1.0342951
-1.1109096 8.465897 1.1109095
-1.1492169 8.274361 1.1492168
-1.1875241 8.159439 1.3024457
-1.1875241 8.082825 1.340753
-1.1492169 8.082825 1.340753
-1.1109097 8.121132 1.340753
-1.0726024 8.082825 1.3024457
-1.1109096 8.082825 1.1492168
-1.1109096 8.082825 0.91937345
-1.1492169 8.082825 0.7278373
-1.1875241 8.121132 0.49799395
-1.2258313 8.159439 0.49799395
-1.3407528 8.082825 0.49799395
-1.4173675 7.967903 0.5363012
-1.532289 7.8912888 0.6512228
-1.5705962 7.8146744 0.61291564
-1.532289 7.8146744 0.6512228
-1.532289 7.776367 0.7278373
-1.4556746 7.776367 0.7278373
-1.4556746 7.8529816 0.7661445
-1.4939818 7.929596 0.80445176
-1.5322891 8.082825 0.80445176
-1.6089036 8.236053 0.8810662
-1.6472108 8.312668 0.8810662
-1.685518 8.312668 0.8810662
-1.6472108 8.312668 0.9576807
-1.6089035 8.197746 1.0342951
-1.5705963 8.121132 1.187524
-1.4939818 8.197746 1.340753
-1.4939818 8.312668 1.1875241
-1.532289 8.389282 0.9576807
-1.4939818 8.465898 0.8044517
-1.4939818 8.504205 0.7278373
-1.4173675 8.42759 0.91937345
-1.3790601 8.42759 1.1875241
-1.4939818 8.42759 1.2258313
-1.6472107 8.312668 1.1492168
-1.8387469 8.197746 0.8810662
-1.9153614 8.197746 0.49799395
-1.8770542 8.236053 0.19153613
-1.7238252 8.389282 0.038307227
-1.532289 8.542512 0.11492168
-1.4173673 8.504205 0.4213795
-1.4556746 8.465898 0.95768064
-1.6472107 8.389283 1.2641385
-1.9919759 8.312668 1.4556746
-2.3750482 8.236053 1.3407528
-2.681506 8.082825 1.1875241
-2.9113493 7.8529816 1.1875241
-3.1028855 7.6231384 1.4556746
-3.1794999 7.508217 1.9536686
-3.1411927 7.431602 2.4133554
-3.1411927 7.546524 2.8730419
-3.0262709 7.776367 2.9879637
-2.9496565 7.8146744 2.9879637
-2.873042 7.8529816 2.9113493
-2.7581203 7.8529816 2.873042
-2.6048915 7.73806 2.9496565
-2.4899697 7.776367 2.9113493
-2.528277 7.8146744 2.9113493
-2.6815057 7.73806 2.7581203
-2.9113493 7.699753 2.6048915
-3.1028852 7.699753 2.681506
-3.1411924 7.6231384 2.834735
-2.9879637 7.6231384 3.217807
-2.681506 7.6231384 3.6774938
-2.3750482 7.699753 4.060566
-2.1452048 7.8529816 4.2137947
-2.0685902 7.929596 3.9456444
-2.2218192 8.082825 3.562572
-2.5282772 8.0445175 3.1028855
-2.5282772 8.0445175 3.562572
-2.4133554 8.00621 4.060566
-2.2218192 8.0445175 4.55856
-1.9919758 8.274361 4.9416323
-1.8004397 8.465898 4.903325
-1.6472108 8.695741 4.6351748
-1.6472108 8.887277 4.3287168
-1.7238252 9.078813 4.098873
-1.9153613 9.078813 3.9456444
-2.1068974 8.963891 4.1754875
-2.0685902 8.810662 4.5202527
-1.9153614 8.772355 4.9799395
-1.6472108 8.963891 5.592855
-1.3790601 9.193735 6.0142345
-1.2641385 9.461885 6.2440777
-1.3024457 9.5385 6.1674633
-1.4556746 9.461885 5.7843914
-1.7238252 9.232042 5.2480903
-2.183512 8.848969 4.673482
-2.681506 8.389282 4.2904096
-3.1411924 7.929596 4.367024
-3.3327286 7.73806 4.9799395
-2.9879637 8.159439 5.899313
-2.4133554 8.810662 6.6654577
-1.8004396 9.653421 7.086837
-1.4173675 10.342951 6.9719152
-1.5705962 10.304644 6.62715
-2.0685902 9.921572 6.3589997
-2.7198129 9.2703495 6.435614
-3.3710358 8.542511 6.6654577
-3.7924154 8.0445175 7.201759
-3.86903 7.8912888 7.8146744
-3.6774936 8.00621 8.121132
-3.2561142 8.236053 8.389282
-2.873042 8.504204 8.312668
-2.6048913 8.542511 8.082825
-2.834735 8.121132 7.699753
-3.2944217 7.584831 7.3166804
-3.6774938 6.9719152 7.0485296
-3.9456444 6.6654572 7.0102224
-3.6774938 6.8569937 7.316681
-3.1794999 7.2783732 7.776367
-2.7581203 7.73806 8.197746
-2.4516623 8.121132 8.389282
-2.3367407 8.159439 8.236053
-2.528277 8.00621 7.967903
-2.719813 7.8146744 7.967903
-2.8347347 7.546524 8.082825
-2.8347347 7.546524 8.542512
-2.528277 7.73806 9.040506
-2.1068974 8.0445175 9.308657
-1.685518 8.312668 9.500193
-1.4556746 8.427589 9.2703495
-1.4939818 8.236053 9.078814
-1.6472107 7.8912888 9.002199
-1.8387469 7.546524 9.193735
-1.9536686 7.2783732 9.576807
-1.9919758 7.0868373 9.730036
-2.0685902 6.9719152 9.730036
-2.1835117 6.7803793 9.385271
-2.2984335 6.512229 9.117121
-2.4133554 6.3973064 9.002199
-2.4133554 6.282385 8.848969
-2.2984335 6.397307 8.695741
-2.1452045 6.5122285 8.695741
-2.0685902 6.6271505 8.619126
-2.030283 6.6654577 8.6574335
-2.1452048 6.550536 8.619126
-2.2984338 6.3589993 8.542512
-2.48997 6.090849 8.504205
-2.719813 5.7843914 8.504205
-2.7964277 5.707777 8.542512
-2.7964277 5.6311626 8.542512
-2.7198133 5.707777 8.504205
-2.566584 5.7843914 8.312668
-2.336741 5.66947 8.0445175
-1.9153614 5.5928555 7.8529816
-1.1875241 5.5928555 7.8146744
-2.2351742E-8 6.0142345 8.197746
1.4173673 7.010223 8.963891
2.75812 8.236053 9.768343
3.6008792 9.308657 10.266336
3.6008792 9.730036 10.113108
2.719813 9.270349 9.423578
1.2641385 8.197746 8.427589
-0.3447651 6.780379 7.6231384
-1.7238252 5.5162406 7.163451
-2.873042 4.750096 6.8186865
-3.6008794 4.252102 6.933608
-3.9839516 4.098873 7.1251445

