-4.2137947 4.1371803 7.3549876
-4.1371803 4.060566 7.73806
-4.0222588 4.1371803 7.8912888
-2.6048915 4.9799395 8.0445175
-2.030283 5.401319 7.967903
-1.4173673 5.7843914 7.967903
-1.3790601 6.0525417 8.159439
-1.3024458 6.3206925 8.312668
-1.1875241 6.5122285 8.427589
-1.0342951 6.588843 8.504205
-0.842759 6.6654572 8.389282
-0.61291564 6.780379 8.274361
-0.26815057 6.856993 8.274361
0.0 7.0485296 8.197746
0.26815057 7.240066 8.0445175
0.49799395 7.2783732 7.8912888
0.5746084 7.4316025 7.776367
0.6895301 7.4699097 7.73806
0.72783726 7.4699097 7.929596
0.72783726 7.508217 8.159439
0.7661445 7.508217 8.312668
0.7278373 7.4699097 8.427589
0.68953 7.3166804 8.427589
0.6512228 7.1634517 8.274361
0.6512228 6.8569937 8.121132
0.7661445 6.742072 8.082825
0.9959879 6.742072 8.00621
1.3407528 6.8569937 7.967903
1.6472107 7.0485296 7.8529816
1.9153614 7.1634517 7.508217
2.1068974 7.240066 7.3932953
2.2218192 7.1634517 7.2400656
2.2601264 7.1634517 7.2017584
2.2601264 7.086837 7.2017584
2.1452048 6.895301 7.125144
2.0685902 6.703765 7.125144
1.9919758 6.550536 7.2017584
2.030283 6.512229 7.469909
2.183512 6.6271505 7.584831
2.3367407 6.895301 7.699753
2.6431985 7.163451 7.699753
2.8347347 7.431602 7.584831
3.0262709 7.584831 7.4699097
3.0262709 7.584831 7.3166804
2.8347347 7.3549876 7.2017584
2.6048913 7.0485296 7.2400656
2.3367407 6.7420716 7.3549876
2.2984335 6.62715 7.546524
2.4899697 6.742072 7.6231384
2.7581203 6.9336085 7.584831
3.1028852 7.240066 7.4699097
3.3327286 7.3549876 7.3166804
3.3710358 7.393295 7.1634517
3.4093432 7.3549876 6.933608
3.3327289 7.2783732 6.7037644
3.2944217 7.240066 6.5505357
3.4093432 7.2783732 6.7037644
3.524265 7.393295 6.8569937
3.6774938 7.508217 6.9719157
3.7541084 7.584831 6.8953013
3.7541084 7.584831 6.5888433
3.6391869 7.508217 6.3589997
3.6008792 7.431602 6.244078
3.6008792 7.508217 6.129156
3.6008792 7.546524 6.090849
3.6391864 7.584831 6.090849
3.562572 7.6231384 6.129156
3.5242648 7.584831 6.244078
3.562572 7.584831 6.5122285
3.6774938 7.73806 6.703765
3.7541082 7.8146744 6.703765
3.7541082 7.8912888 6.703765
3.6391864 7.929596 6.3973074
3.409343 7.776367 6.205771
3.2561142 7.73806 6.244078
3.217807 7.6614456 6.397307
3.2561142 7.699753 6.6654572
3.4093432 7.967903 6.8186865
3.562572 8.121132 6.8186865
3.6008792 8.197746 6.5888433
3.4859576 8.159439 6.3589993
3.2561142 7.8529816 6.090849
2.9879637 7.6614456 5.93762
2.7581203 7.584831 5.93762
2.681506 7.584831 5.861006
2.719813 7.699753 5.746084
2.873042 7.776367 5.5928555
3.1411927 7.8912888 5.5545483
3.4093432 8.121132 5.66947
3.562572 8.274361 5.861006
3.6391864 8.465897 6.0142345
3.5242648 8.504204 6.0142345
3.2561145 8.274361 5.93762
3.026271 8.082825 5.899313
2.7581205 7.8529816 5.899313
2.5282772 7.6231384 5.93762
2.48997 7.6231384 5.899313
2.6431987 7.776367 5.861006
2.9879637 8.121132 5.7843914
3.4859576 8.580818 5.746084
3.907337 8.963891 5.8226986
4.098873 9.11712 5.8226986
4.0222588 9.078813 5.93762
3.6774938 8.887277 5.899313
3.2561142 8.6574335 5.707777
2.8347347 8.389283 5.5928555
2.528277 8.159439 5.3247046
2.4133554 8.121132 5.363012
2.4133554 8.082825 5.4779334
2.48997 8.274361 5.4779334
2.4516628 8.312668 5.439626
2.2984338 8.312668 5.209783
2.030283 8.274361 4.9799395
1.7238252 8.159439 4.8267107
1.4939818 8.159439 4.903325
1.340753 8.121132 4.9799395
1.3024458 8.159439 5.2097826
1.3024458 8.236053 5.4779334
1.4556746 8.350975 5.5928555
1.6472108 8.504205 5.746084
1.8387469 8.6574335 5.707777
1.9919758 8.810662 5.477934
1.9536686 8.810662 5.2097826
1.8387469 8.734048 4.9799395
1.5705963 8.504205 4.903325
1.340753 8.274361 4.903325
1.1492168 8.159439 5.0182467
1.0342951 8.121132 4.9799395
1.0726024 8.274361 4.865018
1.1875241 8.350975 4.7500963
1.3790603 8.465897 4.5968676
1.5322891 8.542512 4.6351748
1.6472107 8.465898 4.596867
1.6472107 8.465898 4.4436383
1.5322891 8.389282 4.405331
1.3790603 8.312668 4.1754875
1.2258313 8.197746 4.060566
1.1109096 8.0445175 3.9839516
1.0726024 8.00621 3.8307228
1.1109096 8.0445175 3.7541084
1.1875241 8.274361 3.562572
1.3024458 8.542511 3.6008794
1.340753 8.772355 3.5242648
1.340753 8.848969 3.4093432
1.2641385 8.810662 3.4476504
1.0726023 8.734048 3.4859576
0.91937345 8.619126 3.5242648
0.6895301 8.542512 3.6774938
0.49799395 8.465898 3.7924156
0.4213795 8.42759 3.7541084
0.4213795 8.42759 3.6774938
0.49799395 8.504205 3.3327289
0.5746084 8.6574335 2.9496565
0.5746084 8.772355 2.566584
0.5363012 8.810662 2.3750482
0.45968673 8.772355 2.3750482
0.30645782 8.734048 2.4516625
0.19153613 8.695741 2.6431987
0.076614454 8.6574335 2.6431987
0.0 8.619126 2.6431987
0.0 8.580819 2.4516625
0.038307227 8.580819 2.2218192
0.0 8.542512 1.9919758
-0.038307227 8.504204 1.8770541
-0.11492168 8.465897 1.8770541
-0.22984336 8.389282 1.9536686
-0.26815057 8.350975 2.030283
-0.26815057 8.465897 2.0685902
-0.22984336 8.504204 1.9536686
-0.19153613 8.580818 1.7238252
-0.19153613 8.695741 1.6472107
-0.22984335 8.734048 1.4173673
-0.30645782 8.848969 1.340753
-0.3830723 8.925584 1.3790601
-0.45968673 8.925584 1.3407528
-0.5363012 8.887277 1.3790601
-0.6512229 8.810662 1.4556745
-0.7661446 8.6574335 1.4939818
-0.88106626 8.580819 1.685518
-0.99598795 8.542512 1.7238252
-0.9576807 8.504205 1.5705962
-0.91937345 8.619126 1.4173673
-0.80445176 8.6574335 1.2258313
-0.72783726 8.734048 1.1109096
-0.6895301 8.810662 1.1109096
-0.6895301 8.810662 1.1875241
-0.7661446 8.887277 1.1109096
-0.84275895 8.887277 1.1109096
-0.95768064 8.848969 1.1492169
-1.0726023 8.734048 1.1492169
-1.2258313 8.542511 1.2258313
-1.3790603 8.350975 1.2258313
-1.5705962 8.236053 1.2641385
-1.685518 8.197746 1.1875241
-1.7238252 8.236053 1.1109096
-1.7238252 8.274361 1.1109096
-1.685518 8.350975 0.9959879
-1.685518 8.465897 0.9959879
-1.8004398 8.465897 0.9959879
-1.9536686 8.465897 0.9576807
-2.183512 8.236053 1.0342951
-2.528277 7.967903 1.1109096
-2.719813 7.776367 1.1875241
-2.834735 7.699753 1.4173675
-2.7964275 7.73806 1.5705963
-2.6048913 7.8529816 1.685518
-2.4516625 8.00621 1.8004397
-2.2984335 8.121132 1.7238252
-2.3367407 8.312668 1.5705963
-2.4899697 8.274361 1.3024457
-2.681506 8.197746 1.0726023
-2.9879637 8.0445175 0.95768064
-3.0645783 7.8146744 1.1875241
-3.1028855 7.73806 1.6089035
-3.1028855 7.73806 1.9153614
-3.064578 7.73806 2.1068974
-3.1028852 7.776367 2.0685902
-3.1028852 7.8529816 1.8770542
-3.064578 7.8912888 1.8770542
-2.9496565 7.929596 1.838747
-2.834735 7.967903 1.8770542
-2.6815062 7.929596 2.0685902
-2.6048913 7.967903 2.183512
-2.643199 7.967903 2.3750482
-2.7581205 7.8529816 2.3750482
-2.9496565 7.776367 2.2601264
-3.0262709 7.699753 2.1068974
-2.911349 7.73806 1.9536686
-2.681506 7.929596 1.9153614
-2.336741 8.159439 1.9536686
-2.030283 8.312668 2.030283
-1.8004397 8.542512 2.0685902
-1.6472108 8.695741 2.1452045
-1.6089036 8.810662 2.1452045
-1.6472108 8.887277 2.030283
-1.7621324 8.772355 1.8770542
-1.9536686 8.580819 1.8770542
-2.1452045 8.312668 1.9153614
-2.336741 8.082825 2.183512
-2.4899697 7.8912888 2.6431985
-2.6048913 7.8529816 3.0262709
-2.6431987 7.967903 3.2561142
-2.6431987 8.121132 3.3327286
-2.681506 8.274361 3.2944214
-2.6431987 8.274361 3.1411924
-2.6431987 8.274361 3.064578
-2.6431987 8.159439 2.9496565
-2.6048915 8.0445175 3.1028855
-2.6048915 8.0445175 3.4093432
-2.681506 7.967903 3.8307228
-2.7581205 8.00621 4.3287168
-2.9113493 8.00621 4.5202527
-3.064578 7.929596 4.405331
-3.1794996 7.8529816 4.213795
-3.2944217 7.6231384 3.9456444
-3.2944217 7.393295 3.7541084
-3.2944217 7.2783732 3.86903
-3.2944217 7.240066 3.9839516
-3.2178068 7.3166804 4.2521024
-3.1794996 7.4699097 4.6351743
-3.1794996 7.6614456 4.7884035
-3.1794996 7.73806 4.903325
-3.2944217 7.776367 4.903325
-3.4093432 7.73806 4.7884035
-3.4093432 7.546524 4.9799395
-3.3327286 7.4699097 5.401319
-3.1794999 7.4699097 5.861006
-3.0262709 7.546524 6.3589997
-2.9113493 7.8146744 6.5505357
-2.873042 7.967903 6.397307
-2.873042 8.082825 6.244078
-2.9879637 7.967903 6.0142345
-3.217807 7.699753 5.899313
-3.4476504 7.2783732 6.0142345
-3.6391866 6.933608 6.205771
-3.715801 6.7803793 6.4739213
-3.6774938 6.8186865 6.7803793
-3.4859576 7.04853 6.933608
-3.3710358 7.2783732 6.9719152
-3.2561142 7.508217 7.0102224
-3.1411927 7.6231384 7.0485296
-3.1411927 7.699753 7.240066
-3.064578 7.6614456 7.469909
-2.9879637 7.699753 7.6614456
-2.9496565 7.776367 8.00621
-2.834735 7.967903 8.350975
-2.681506 8.312668 8.810662
-2.528277 8.619126 9.11712
-2.3750482 8.810662 9.155427
-2.3750482 8.810662 9.11712
-2.6048915 8.619125 9.002198
-3.0262709 8.236053 8.925584
-3.5625722 7.6614456 8.963891
-4.060566 7.125144 9.155428
-4.3670235 6.6654572 9.308657
-4.4053307 6.3589997 9.576807
-4.2137947 6.4739213 9.730036
-3.8307226 6.8569937 9.768343
-3.371036 7.278373 9.80665
-2.873042 7.73806 9.844957
-2.4516625 7.967903 9.921572
-2.2218192 8.00621 9.768343
-2.1452048 7.8912888 9.5385
-2.375048 7.5082164 9.385271
-2.6431985 7.163451 9.2703495
-2.8347347 6.7420716 9.423578
-2.9879637 6.3973064 9.615114
-2.873042 6.282385 9.691729
-2.6431987 6.2057705 9.80665
-2.336741 6.320692 9.730036
-1.9153614 6.4356136 9.691729
-1.6472108 6.473922 9.500193
-1.5705962 6.4356146 9.193735
-1.6472107 6.244078 9.040505
-1.8004397 5.9759274 8.887277
-1.8387469 5.899313 9.040505
-1.6472107 5.899313 9.193735
-1.1109096 6.1674633 9.423578
-0.11492168 6.6654577 9.576807
1.532289 7.125144 9.691729
3.6391864 8.00621 9.959879
5.554548 9.461885 10.572795
6.6654577 10.802638 11.070788
6.5505357 11.377246 11.032481
5.133168 10.840945 10.457872
2.9879637 8.963891 9.193734
0.7661446 6.6271505 7.929596
-1.1492168 4.8267107 7.0102224
-2.6048915 3.562572 6.588843
-3.5242648 2.9113493 6.62715
-4.098873 2.7581203 6.8186865
-4.405331 2.719813 7.3166804
-4.3287168 2.9496567 7.8529816
-4.0222588 3.2944217 8.236053
-3.4093432 3.9456444 8.657433
-2.6431987 4.711789 8.848969
-1.9153614 5.5162406 8.963891
-1.2258313 6.2057705 9.002198
-0.7278373 6.550536 9.040505
-0.4213795 6.8569937 9.040505
-0.2681506 6.933608 9.002198
-0.30645782 6.7420716 8.887277
-0.61291564 6.435614 8.695741
-0.9959879 5.93762 8.542511

