-1.4173673 5.363012 8.389282
-1.8004396 4.9799395 8.274361
-2.183512 4.6351743 8.274361
-1.1875241 5.0182467 8.350975
0.0766145 5.4779334 8.389282
1.4939818 6.0525417 8.236053
2.9113493 6.588843 7.8912888
3.2561142 6.895301 7.5848308
3.371036 7.0102224 7.2400656
3.4093432 7.125144 7.2400656
3.4859576 7.2017584 7.316681
3.562572 7.2400656 7.546524
3.6391866 7.3549876 7.8912888
3.6391866 7.431602 8.0445175
3.5625722 7.431602 8.121132
3.4476504 7.4699097 8.159439
3.371036 7.546524 8.350975
3.2944217 7.508217 8.542511
3.1794996 7.4699097 8.734048
3.1028852 7.3166804 8.772355
3.0262709 7.125144 8.580819
2.9879637 7.125144 8.504205
3.1794999 7.2017584 8.504205
3.371036 7.2017584 8.427589
3.524265 7.3166804 8.312668
3.6774938 7.2783732 8.121132
3.6774938 7.2783732 7.699753
3.6391866 7.3166804 7.240066
3.5242648 7.125144 7.0102224
3.3710358 6.895301 6.8186865
3.2944214 6.62715 6.933608
3.2561142 6.435614 7.278373
3.3327289 6.397307 7.393295
3.4859576 6.5122285 7.699753
3.5242648 6.588843 7.699753
3.562572 6.62715 7.4699097
3.4859574 6.6654572 7.354988
3.3327286 6.62715 7.0102224
3.2561142 6.588843 6.933608
3.1794996 6.5505357 7.086837
3.1794996 6.4739213 7.2783732
3.1794996 6.3589993 7.431602
3.1411924 6.2440777 7.5082164
3.1028852 6.2057705 7.431602
3.064578 6.1674633 7.2400656
2.9879637 6.1674633 7.125144
2.8730419 6.2057705 6.8569937
2.719813 6.1674633 6.7803793
2.566584 6.090849 6.7803793
2.566584 6.1291566 6.9719152
2.7198129 6.244078 7.316681
2.9879637 6.512229 7.508217
3.3327289 6.8953013 7.6231384
3.6008792 7.240066 7.546524
3.6391866 7.4316025 7.3549876
3.5242648 7.4316025 7.2017584
3.2561142 7.316681 7.010222
2.9496565 7.086837 6.9336076
2.7964275 6.895301 6.971915
2.719813 6.742072 7.163451
2.7964275 6.7803793 7.5848308
2.9879637 7.0102224 7.8146744
3.1794999 7.31668 7.929596
3.4093432 7.699753 7.8146744
3.5625722 7.967903 7.508217
3.6008794 8.0445175 7.316681
3.524265 8.00621 7.2017584
3.3327289 7.8912888 7.2400656
3.0645783 7.699753 7.2783732
2.873042 7.546524 7.3166804
2.7964277 7.4699097 7.508217
2.834735 7.508217 7.6614456
2.9879637 7.699753 7.776367
3.1028852 7.8529816 7.73806
3.217807 8.0445175 7.469909
3.2944214 8.159439 7.163451
3.2561142 8.197746 6.9719152
3.1411927 8.197746 6.895301
2.7964275 7.967903 7.0102224
2.681506 7.8529816 7.1634517
2.6431987 7.776367 7.240066
2.6048915 7.8146744 7.1251445
2.6048915 7.8912888 7.0485296
2.6048915 8.00621 6.7037644
2.5665843 8.082825 6.4739213
2.5282772 8.121132 6.3589997
2.4133554 8.0445175 6.1674633
2.2984335 7.967903 6.2057705
2.2601264 8.00621 6.282385
2.183512 8.00621 6.282385
2.1068976 8.121132 6.2057705
2.030283 8.121132 6.0525417
1.8770542 8.121132 5.8226986
1.7238252 8.121132 5.66947
1.6472108 8.121132 5.66947
1.5705963 8.236053 5.6311626
1.4173673 8.197746 5.6311626
1.3024457 8.197746 5.8226986
1.1875241 8.197746 5.7843914
1.1109097 8.159439 5.8226986
1.1492169 8.312668 5.8226986
1.2258313 8.504204 5.66947
1.2641385 8.619126 5.5928555
1.1492168 8.695741 5.477934
0.91937345 8.619125 5.3630123
0.5746084 8.465897 5.209783
0.26815057 8.312668 5.171476
0.11492168 8.236053 5.2863975
0.038307227 8.236053 5.363012
0.076614454 8.312668 5.401319
0.19153613 8.465897 5.401319
0.22984336 8.657433 5.24809
0.34476507 8.810662 5.0182467
0.38307226 8.925584 4.8267107
0.344765 9.002198 4.6351748
0.26815057 9.002198 4.5968676
0.15322891 8.963891 4.711789
0.038307227 8.887277 4.865018
-0.11492168 8.734048 5.0182467
-0.19153613 8.542512 4.9799395
-0.30645782 8.427589 4.865018
-0.4213795 8.312668 4.7884035
-0.45968676 8.274361 4.6351748
-0.4213795 8.350975 4.5202527
-0.2681506 8.465897 4.405331
-0.076614454 8.542512 4.2137947
0.076614454 8.6574335 4.1371803
0.11492168 8.695741 4.060566
0.076614454 8.580818 4.098873
0.0 8.542511 4.2137947
-0.19153613 8.427589 4.2521024
-0.4213795 8.312668 4.2521024
-0.6512229 8.274361 4.2137947
-0.842759 8.236053 4.098873
-0.842759 8.236053 4.060566
-0.6512229 8.389282 3.9839516
-0.42137948 8.619125 3.86903
-0.11492168 8.887277 3.7924156
0.076614454 9.11712 3.6391866
0.076614454 9.155427 3.5242648
-0.076614454 9.040505 3.5625722
-0.4213795 8.810662 3.5625722
-0.80445176 8.542512 3.6008794
-1.1875241 8.350975 3.7158012
-1.4556746 8.236053 3.6774938
-1.6089036 8.159439 3.6774938
-1.685518 8.236053 3.6774938
-1.6472107 8.312668 3.6391864
-1.5322891 8.504204 3.562572
-1.3790603 8.772355 3.4859576
-1.2641385 8.887277 3.3327289
-1.1875241 9.040505 3.217807
-1.2258313 9.155427 3.1028855
-1.3407528 9.11712 3.0262709
-1.4173675 9.078813 3.1028855
-1.532289 8.963891 3.0645783
-1.6089036 8.810662 2.9496565
-1.6472108 8.695741 2.7198133
-1.685518 8.6574335 2.5282772
-1.685518 8.619126 2.4516628
-1.685518 8.619126 2.3750482
-1.7238252 8.6574335 2.2984338
-1.7238252 8.695741 2.030283
-1.7238252 8.734048 1.685518
-1.7621324 8.6574335 1.5705962
-1.8004398 8.542511 1.4556746
-1.8770542 8.389282 1.4556746
-1.9536686 8.236053 1.4939818
-1.9919758 8.121132 1.340753
-1.9536686 8.121132 1.3024458
-1.9153614 8.159439 1.1875241
-1.8770542 8.159439 1.1492169
-1.8387469 8.236053 1.2641385
-1.8387469 8.197746 1.3407528
-1.8387469 8.121132 1.4556746
-1.8770541 8.0445175 1.4556746
-1.9536686 7.967903 1.4556746
-2.0685902 7.929596 1.37906
-2.2218192 7.8146744 1.3407528
-2.336741 7.776367 1.2258313
-2.4133554 7.699753 0.95768064
-2.4133554 7.6231384 0.84275895
-2.2984338 7.699753 0.6895301
-2.2218192 7.8146744 0.7661445
-2.1452048 7.8912888 0.8044517
-2.183512 7.967903 0.7278373
-2.2984338 7.929596 0.6512229
-2.4899697 7.73806 0.49799398
-2.681506 7.6231384 0.5363012
-2.7964275 7.546524 0.6512229
-2.834735 7.584831 0.842759
-2.681506 7.8146744 1.1109096
-2.528277 8.121132 1.1875241
-2.4133554 8.312668 1.1109096
-2.4516625 8.427589 0.842759
-2.6048915 8.465898 0.5746084
-2.7581203 8.236053 0.34476504
-2.9113493 8.121132 0.2681506
-3.0262709 8.00621 0.49799398
-3.1411924 7.8912888 0.68953013
-3.2944217 7.8912888 0.99598795
-3.4476504 7.8529816 1.3024457
-3.5242648 7.8529816 1.3407528
-3.6008792 7.929596 1.3407528
-3.6008792 7.967903 1.2258313
-3.6008792 8.00621 0.9959879
-3.6774938 8.00621 0.6895301
-3.7924154 7.929596 0.42137948
-3.9073372 7.8146744 0.2681506
-4.060566 7.6231384 0.3830723
-4.252102 7.393295 0.88106626
-4.3670235 7.163451 1.3790603
-4.5202527 7.0485296 1.8770542
-4.55856 7.0102224 2.0685902
-4.4436383 7.125144 1.8387468
-4.3287163 7.201759 1.4556745
-4.1754875 7.3166804 1.0342951
-4.098873 7.3549876 0.7661445
-4.1371803 7.3166804 0.68953
-4.2137947 7.163451 0.8044517
-4.3287163 7.0102224 0.9959879
-4.367024 6.933608 1.2641385
-4.405331 6.8186865 1.4173673
-4.367024 6.8186865 1.3790601
-4.367024 6.7803793 1.1492168
-4.4436383 6.742072 0.7661445
-4.405331 6.7803793 0.6512229
-4.3287168 6.8569937 0.842759
-4.1754875 7.0485296 1.3024457
-3.9839516 7.2400656 1.838747
-3.9073372 7.3932943 2.0685904
-3.86903 7.5848308 1.9153614
-3.9073372 7.699753 1.6089035
-3.9456444 7.8529816 1.1875241
-4.0222588 8.0445175 1.0726024
-4.098873 8.159439 1.2641385
-4.098873 8.236053 1.6089035
-3.9073372 8.350975 2.0685902
-3.562572 8.465897 2.2984335
-3.217807 8.69574 2.413355
-2.873042 9.002198 2.375048
-2.7581203 9.270349 2.1835117
-2.873042 9.461885 2.1068974
-3.1411927 9.461885 2.0685902
-3.4859576 9.308657 1.9919758
-3.7541084 8.963891 2.2601264
-3.7924156 8.734047 2.4899697
-3.677494 8.69574 2.719813
-3.4476504 8.810662 2.9496565
-3.3327289 9.11712 2.719813
-3.3327289 9.346964 2.3750482
-3.371036 9.461885 1.9153614
-3.4093432 9.5385 1.6472108
-3.3327289 9.500193 1.685518
-3.1794996 9.461885 1.9919758
-2.9879637 9.423578 2.4899697
-2.834735 9.308657 2.9113493
-2.7581203 9.155428 3.3710358
-2.719813 9.002199 3.6774938
-2.681506 8.925584 3.86903
-2.719813 8.887277 3.9839516
-2.7581205 8.925584 4.098873
-2.7964277 8.925584 4.1371803
-2.9113493 8.887277 4.2137947
-3.0262709 8.887277 4.2137947
-3.064578 8.848969 4.252102
-3.064578 8.810662 4.405331
-3.064578 8.695741 4.6734815
-3.064578 8.542512 5.133168
-3.1411927 8.389282 5.554548
-3.2561142 8.312668 5.93762
-3.2944214 8.236053 6.0525417
-3.3327286 8.159439 6.0142345
-3.2944214 8.197746 5.8226986
-3.3327286 8.082825 5.5928555
-3.4093432 7.929596 5.5545483
-3.4476504 7.8146744 5.5928555
-3.4859576 7.776367 5.861006
-3.4093432 7.8912888 6.1674633
-3.2944214 8.159439 6.4356136
-3.064578 8.504204 6.742072
-2.9496565 8.734048 6.7803793
-2.9113493 8.887277 6.933608
-3.0262709 8.848969 7.0868373
-3.2561145 8.657433 7.04853
-3.4476504 8.427589 7.0868373
-3.4476504 8.312668 7.0102224
-3.2561142 8.427589 6.9719152
-2.9496565 8.695741 7.1634517
-2.4516625 9.155427 7.508217
-2.0685902 9.461885 7.73806
-1.8004396 9.576807 7.776367
-1.7621324 9.500193 7.584831
-1.9536686 9.117121 7.1251445
-2.183512 8.772355 6.933608
-2.4133554 8.465897 6.9719152
-2.4516625 8.236053 7.2017584
-2.3367407 8.159439 7.584831
-2.1452048 8.236053 7.929596
-1.9153614 8.312668 8.159439
-1.7238252 8.427589 8.312668
-1.6089036 8.580819 8.312668
-1.532289 8.580819 8.121132
-1.532289 8.542512 7.8529816
-1.685518 8.350975 7.584831
-1.9153614 7.929596 7.3932953
-2.2984338 7.5082164 7.4699097
-2.5282772 7.163451 7.6231384
-2.5665843 7.0102224 7.8912888
-2.4133554 7.125144 8.236053
-2.030283 7.4699097 8.389283
-1.7238252 7.8146744 8.504205
-1.4939818 8.082825 8.465897
-1.4556746 8.197746 8.236053
-1.6855179 8.00621 8.082825
-1.9536685 7.699753 7.8912888
-2.2601266 7.31668 7.776367
-2.4133554 7.086837 7.8912888
-2.2984338 7.086837 7.967903
-2.1068976 7.201759 8.159439
-1.8387468 7.393295 8.274361
-1.6089036 7.546524 8.312668
-1.4556746 7.546524 8.389282
-1.4173673 7.508217 8.312668
-1.4939818 7.3166804 8.274361
-1.7238251 7.0868373 8.236053
-1.9536685 6.8569937 8.082825
-2.1068974 6.62715 8.0445175
-2.1452045 6.5505357 8.0445175
-2.0685902 6.3973064 7.929596
-1.9919758 6.320692 7.8529816
-1.8004397 6.1674633 7.8146744
-1.340753 6.129156 7.8146744
-0.5746084 6.3589997 7.967903
0.3830723 7.010223 8.0445175
1.3024457 7.9295964 7.967903
1.8387468 8.69574 7.699753
1.877054 8.963892 7.469909
1.4173675 8.504204 7.3549876
0.7278373 7.8529816 7.2400656
-0.076614454 7.086837 7.278373
-0.7661445 6.5888433 7.125144
-1.3024458 6.282385 6.933608
-1.7621324 5.899313 6.818686
-2.0685902 5.707777 6.7037644
-2.2984335 5.554548 6.818686
-2.375048 5.554548 6.856993
-2.3367407 5.7077765 7.0102224
-2.1452045 5.9759274 7.1634517
-1.877054 6.3206925 7.354988
-1.5705962 6.703765 7.584831
-1.2258313 7.1251445 7.776367
-1.0342951 7.469909 8.00621
-0.84275895 7.73806 8.00621
-0.80445176 7.8146744 8.00621
-0.8810662 7.73806 7.929596
-0.9959879 7.584831 7.73806
-1.2258313 7.3549876 7.546524
-1.3790601 7.125144 7.3166804
-1.532289 6.9336076 7.086837
-1.6089036 6.7420716 6.895301
-1.6472108 6.588843 6.8569937
-1.6472108 6.5505357 6.8569937
-1.6089035 6.5505357 6.9719152
-1.532289 6.5122285 7.0485296
-1.4556745 6.5505357 7.086837

