-1.340753 6.5505357 7.201759
-0.8810662 6.5122285 7.8146744
-1.1109096 6.5122285 8.00621
-1.37906 6.5505357 8.00621
-1.685518 6.5505357 7.8146744
-1.9153614 6.5505357 7.73806
-1.6472108 6.780379 7.9295964
-1.3024458 7.086837 8.312669
-0.8427591 7.584831 8.6574335
-0.42137948 8.082825 8.772355
-0.19153613 8.389283 8.848969
-0.11492168 8.504205 8.695741
-0.19153613 8.350975 8.580818
-0.30645782 8.0445175 8.465897
-0.38307226 7.8146744 8.350975
-0.2681506 7.508217 8.236053
-0.038307227 7.3932953 8.197746
0.2681506 7.316681 8.197746
0.6895301 7.2783732 8.159439
1.1492168 7.4699097 8.197746
1.6472107 7.6614456 8.159439
2.1068974 7.967903 7.8529816
2.4133554 8.274361 7.6231384
2.6048913 8.465898 7.431602
2.566584 8.542512 7.3166804
2.4516625 8.389282 7.4316025
2.2601264 8.082825 7.584831
2.030283 7.8146744 7.73806
1.8770542 7.584831 7.776367
1.838747 7.584831 7.776367
1.9536686 7.6614456 7.776367
2.0685902 7.8146744 7.73806
2.221819 8.00621 7.6614456
2.221819 8.082825 7.508217
2.1452045 8.121132 7.1634517
2.030283 8.0445175 6.895301
1.8770542 7.967903 6.7803793
1.8004396 7.929596 6.7803793
1.7238252 7.8529816 6.9719152
1.7238252 7.8912888 7.163451
1.7238252 7.8912888 7.3166804
1.7621324 7.8529816 7.699753
1.838747 8.00621 7.929596
1.838747 8.121132 8.00621
1.838747 8.121132 7.8529816
1.685518 8.159439 7.31668
1.4173675 7.967903 6.895301
1.0726024 7.6614456 6.6271505
0.7661446 7.4316025 6.703765
0.61291564 7.2400656 6.933608
0.49799398 7.2017584 7.1251445
0.61291564 7.2400656 7.1634517
0.7661445 7.393295 6.9719152
0.9576807 7.546524 6.7420716
1.2258313 7.776367 6.4739213
1.4173675 7.967903 6.2823853
1.5322891 8.121132 6.0908494
1.5705963 8.236053 5.9759274
1.4556745 8.121132 5.93762
1.2258313 8.082825 5.93762
0.9959879 7.967903 6.2057705
0.7278373 7.8146744 6.473922
0.61291564 7.8529816 6.6654577
0.61291564 7.8529816 6.8569937
0.6512228 7.929596 6.818686
0.72783726 8.00621 6.6654572
0.80445176 8.00621 6.435614
0.7661446 8.00621 6.282385
0.6512229 7.929596 6.090849
0.5746084 7.8912888 6.0525417
0.49799395 7.8529816 6.205771
0.45968676 7.8529816 6.2823853
0.4213795 7.8912888 6.4739213
0.30645782 7.8529816 6.3589993
0.15322891 7.8529816 6.2057705
0.038307227 7.776367 6.0525417
0.0 7.776367 5.746084
0.0 7.776367 5.6311626
-0.038307227 7.699753 5.363012
-0.038307227 7.73806 5.363012
0.0 7.73806 5.5162406
-0.038307227 7.8146744 5.6694694
0.038307227 7.967903 5.861006
0.15322891 8.159439 5.746084
0.19153613 8.350975 5.516241
0.34476507 8.504204 5.2097826
0.45968676 8.6574335 5.056554
0.4213795 8.695741 4.9799395
0.4213795 8.695741 4.9416323
0.344765 8.695741 4.9799395
0.26815057 8.734048 5.056554
0.26815057 8.772355 5.133168
0.30645782 8.887277 5.209783
0.49799395 9.11712 5.2863975
0.6512229 9.308656 5.171476
0.7278373 9.500193 5.0182467
0.6895301 9.500193 4.9799395
0.38307226 9.385271 4.9799395
0.076614454 9.232041 5.171476
-0.114921674 9.078813 5.3630123
-0.19153613 9.040505 5.4013195
-0.11492168 9.11712 5.4396267
0.11492168 9.232041 5.401319
0.34476504 9.385271 5.3247046
0.5746084 9.461885 5.1714754
0.80445176 9.5385 5.0182467
0.842759 9.615114 4.6734815
0.7661446 9.615114 4.3287168
0.57460845 9.615114 4.060566
0.26815057 9.423578 3.7541084
-0.076614454 9.117121 3.7158012
-0.45968673 8.695741 3.86903
-0.842759 8.389282 4.1371803
-1.1875241 8.236053 4.4053307
-1.4173675 8.197746 4.4053307
-1.5705963 8.312668 4.252102
-1.6472108 8.389282 4.1371803
-1.6472108 8.42759 3.9839516
-1.6472108 8.465898 3.9839516
-1.532289 8.504205 4.0222588
-1.4173675 8.619126 4.0222588
-1.3407528 8.695741 3.9839516
-1.37906 8.734048 3.9073372
-1.532289 8.772355 3.86903
-1.7238252 8.810662 3.9073372
-1.8770541 8.810662 3.9839516
-1.9919758 8.657433 4.060566
-2.1068974 8.504204 4.0222588
-2.221819 8.274361 3.9456444
-2.221819 8.197746 3.7541082
-2.1452045 8.389282 3.5625722
-1.9919759 8.619126 3.4093432
-1.838747 8.810662 3.1028855
-1.838747 9.002198 2.9113493
-1.838747 9.040505 2.719813
-1.8770542 9.002198 2.528277
-1.9153614 9.002198 2.413355
-1.9536686 8.963891 2.375048
-1.9919758 9.002198 2.2984335
-2.030283 9.078813 2.2601264
-2.030283 9.193735 2.2218192
-1.9919758 9.308657 2.2601264
-1.9536686 9.308657 2.3750482
-1.9153614 9.346964 2.336741
-1.9153614 9.2703495 2.336741
-1.9536686 9.11712 2.2601264
-2.0685902 9.040505 2.183512
-2.2601264 8.925584 2.183512
-2.4899697 8.848969 2.1452045
-2.681506 8.772355 2.183512
-2.7964277 8.695741 2.183512
-2.873042 8.6574335 2.336741
-2.9113493 8.580819 2.336741
-2.9113493 8.619126 2.1068974
-2.9496565 8.6574335 1.9919758
-2.9496565 8.6574335 1.7621324
-2.9113493 8.734048 1.685518
-2.873042 8.619125 1.7621324
-2.8347347 8.619125 1.685518
-2.8347347 8.619125 1.7238252
-2.8347347 8.580818 1.8004397
-2.9113493 8.619126 1.8387469
-2.9496565 8.619126 1.8387469
-2.9113493 8.6574335 1.8387469
-2.9113493 8.6574335 1.8004397
-2.834735 8.6574335 1.685518
-2.7964275 8.619126 1.6472108
-2.8347347 8.542512 1.4939818
-2.7964275 8.504205 1.3407528
-2.834735 8.504205 1.1109096
-2.9113493 8.427589 0.95768064
-2.9879637 8.350975 0.91937345
-3.064578 8.197746 0.91937345
-3.1028852 8.082825 1.1492169
-3.1411924 7.929596 1.3024457
-3.217807 7.73806 1.3790603
-3.371036 7.6614456 1.4173675
-3.4859576 7.6231384 1.3790601
-3.4859576 7.6614456 1.3024458
-3.371036 7.73806 1.1492168
-3.1794999 7.8912888 0.9576807
-3.0262709 7.8912888 0.68953013
-2.9879637 7.8912888 0.6512228
-3.0262709 7.929596 0.61291564
-3.1411924 7.8912888 0.5746084
-3.2178068 7.929596 0.61291564
-3.1794996 8.00621 0.5363012
-3.0262709 8.082825 0.68953013
-2.7581203 8.121132 0.7278373
-2.6048915 8.121132 0.6512228
-2.528277 8.121132 0.49799395
-2.6048913 8.082825 0.19153613
-2.7581203 8.082825 0.076614454
-2.873042 8.082825 0.038307227
-2.9496565 8.082825 0.076614454
-2.9113493 8.082825 0.19153613
-2.834735 8.0445175 0.38307226
-2.7198133 8.121132 0.6512229
-2.7198133 8.082825 0.88106626
-2.7198133 8.0445175 0.9193735
-2.834735 8.082825 0.7278374
-2.9496565 8.00621 0.49799395
-2.9496565 8.0445175 0.30645782
-2.8730419 8.121132 0.30645782
-2.6815057 8.197746 0.4213795
-2.4516625 8.197746 0.49799395
-2.2984335 8.121132 0.45968673
-2.3367407 8.00621 0.22984336
-2.4899697 7.8912888 0.0
-2.7964277 7.8146744 -0.19153613
-3.1028855 7.776367 -0.26815057
-3.3327286 7.6614456 -0.15322891
-3.4859576 7.584831 -0.038307227
-3.4859576 7.546524 0.11492168
-3.371036 7.6231384 0.4596867
-3.2561145 7.73806 0.5746084
-3.1411927 7.8146744 0.6129156
-3.064578 7.8912888 0.5363012
-3.0262709 7.8912888 0.30645782
-3.1028852 7.8146744 0.61291564
-3.2178073 7.776367 1.0342951
-3.4093432 7.73806 1.340753
-3.6008792 7.73806 1.5322891
-3.6774938 7.699753 1.4556746
-3.6008794 7.776367 1.3407528
-3.2944217 7.8146744 1.3407528
-2.873042 7.929596 1.4939818
-2.4899697 8.121132 1.8004396
-2.2601264 8.312668 2.0685902
-2.2984335 8.504205 2.030283
-2.6048913 8.619126 1.7621324
-3.0262709 8.542512 1.3024457
-3.4859576 8.236053 0.9576807
-3.7924156 7.8912888 0.9193735
-3.86903 7.5465236 1.1109096
-3.7924156 7.431602 1.7621324
-3.6008792 7.546524 2.336741
-3.4093432 7.776367 2.873042
-3.2561145 8.0445175 3.1794999
-3.1411927 8.274361 2.9496565
-3.1411927 8.465897 2.566584
-3.217807 8.465897 2.0685902
-3.3327286 8.542511 1.6472108
-3.4476504 8.504204 1.6472108
-3.4476504 8.350975 1.9919758
-3.4093432 8.274361 2.528277
-3.2561145 8.121132 3.0262709
-3.1028855 8.0445175 3.1794999
-2.9113493 8.197746 3.1028855
-2.7964275 8.274361 2.8347347
-2.7964275 8.427589 2.6048913
-2.8730419 8.504204 2.6815057
-3.1028852 8.465897 2.9879637
-3.1411924 8.427589 3.1794999
-3.0262709 8.389282 3.3327289
-2.873042 8.389282 3.4476504
-2.6048915 8.465898 3.4859576
-2.3750482 8.465898 3.5242648
-2.2218192 8.465898 3.6391864
-2.1068974 8.465898 3.9073372
-2.0685902 8.465898 4.098873
-2.030283 8.504205 4.252102
-1.9919758 8.542512 4.098873
-2.0685902 8.427589 3.6391864
-2.2218192 8.236053 3.2561145
-2.4133554 7.967903 3.0262709
-2.6048915 7.776367 3.256114
-2.6431987 7.584831 3.86903
-2.5665843 7.546524 4.6351748
-2.3750482 7.699753 5.2863975
-2.0685902 7.8912888 5.477934
-1.7238252 8.236053 5.3247046
-1.340753 8.6574335 4.9416323
-1.0726023 8.887277 4.711789
-1.1109096 9.002198 4.4819455
-1.4173675 8.887277 4.405331
-1.8770542 8.542511 4.5968676
-2.3750482 8.312668 4.7884035
-2.681506 8.159439 5.4013195
-2.7581203 8.312668 6.2057705
-2.6431987 8.6574335 6.8186865
-2.2984338 9.078814 7.278373
-1.8770542 9.500193 7.354987
-1.6472108 9.768343 7.163451
-1.685518 9.730036 6.895301
-2.030283 9.500193 6.742072
-2.4899697 9.11712 6.8186865
-2.9113493 8.542512 7.354988
-2.873042 8.389283 7.73806
-2.7198133 8.389283 8.082825
-2.6048913 8.389283 8.504204
-2.6431985 8.350975 8.734048
-2.7581205 8.312668 8.772355
-2.9496565 8.159439 8.810662
-3.1411924 7.967903 8.887277
-3.1411924 7.8912888 9.040505
-3.0262709 7.8912888 9.193734
-2.7964275 7.967903 9.155427
-2.6048913 8.159439 8.925584
-2.4899697 8.274361 8.810662
-2.4899697 8.312668 8.887277
-2.6431987 8.197746 8.963891
-2.834735 7.929596 9.002198
-2.9496565 7.6231384 8.963891
-2.8347347 7.4699097 8.925584
-2.528277 7.584831 9.040506
-1.685518 8.121132 9.691729
-1.340753 8.312668 9.730036
-1.1492168 8.389282 9.653421
-0.99598795 8.389282 9.308657
-0.99598795 8.350975 8.925584
-1.1875241 8.082825 8.580819
-1.4556746 7.6614456 8.274361
-1.8004396 7.2400656 8.274361
-1.9919758 6.8186865 8.350975
-2.030283 6.512229 8.580819
-1.9153613 6.435614 8.810662
-1.6472107 6.5122285 8.887277
-1.3790601 6.6654572 8.848969
-1.2258313 6.818686 8.848969
-1.2258313 6.7420716 8.925584
-1.340753 6.5122285 8.887277
-1.4173673 6.1291566 8.734047
-0.49799395 5.746084 8.274361
1.340753 6.512229 8.197746
3.4093432 8.082825 8.963891
5.401319 9.768343 10.036493
6.167464 11.070788 11.070788
5.5545483 10.91756 11.147403
4.137181 9.576807 9.959879
2.2218192 7.8912888 8.350975
0.0766145 6.3589993 7.125144
-1.8004396 5.094861 6.512229
-3.1028852 4.137181 6.512229
-3.9839516 3.6391869 7.125144
-4.252102 3.4859576 7.73806
-4.1371803 3.5625722 8.274361
-3.9456444 3.8307228 8.657433
-3.6008792 4.098873 8.619125
-3.2561142 4.405331 8.389282
-2.9496565 4.673482 7.929596
-2.528277 5.094861 7.508217

