-1.5705963 5.707777 7.163451
-1.0342952 6.129156 7.3549876
-0.5746084 6.3589997 7.584831
-0.15322891 6.7420716 7.929596
0.0 6.971915 8.159439
-0.19153613 6.550536 8.00621
0.15322891 6.5888433 8.0445175
0.53630114 6.550536 7.8912888
1.0726023 6.8569937 8.00621
1.4939818 7.086837 7.929596
1.5705963 7.0102224 7.73806
1.6089036 6.9719152 7.699753
1.7621324 6.8569937 7.699753
1.8770542 6.742072 7.8529816
2.1452048 6.7803793 7.929596
2.528277 6.933608 7.929596
2.8347347 7.240066 7.73806
3.1411927 7.4316025 7.393295
3.217807 7.4316025 7.163451
3.0645783 7.2783737 6.9719152
2.9113493 6.9719152 6.895301
2.7581203 6.742072 6.9719152
2.719813 6.703765 6.8569937
2.8347347 6.742072 6.780379
2.9879637 6.8186865 6.818686
3.1028855 6.8569937 6.7420716
3.1794999 6.8569937 6.818686
3.1411927 6.933608 7.0102224
3.064578 6.9719152 7.086837
2.9496565 6.9719152 7.163451
2.7581203 6.9719152 7.240066
2.6431985 6.895301 7.2783732
2.566584 6.7803793 7.469909
2.566584 6.8186865 7.6614456
2.6815057 6.933608 7.8146744
2.7964275 7.010223 7.8912888
2.8347347 7.1251445 7.73806
2.7964275 7.201759 7.776367
2.719813 7.125144 7.73806
2.6431987 7.125144 7.776367
2.6048915 7.125144 8.00621
2.5665843 7.086837 8.121132
2.528277 7.0485296 8.389283
2.4516625 7.0102224 8.465898
2.336741 7.0102224 8.427589
2.2984335 7.0485296 8.312668
2.2601264 7.163451 8.197746
2.2601264 7.2783732 8.159439
2.2984335 7.3166804 8.082825
2.221819 7.3166804 8.00621
2.0685902 7.240066 7.8529816
1.8770541 7.086837 7.8529816
1.6472107 7.0102224 7.8529816
1.4939818 6.933608 7.967903
1.340753 6.7803793 8.197746
1.1492169 6.742072 8.236053
1.0726023 6.703765 8.312668
1.0342951 6.7803793 8.312668
1.1492169 7.086837 8.159439
1.3790603 7.3166804 7.967903
1.4939818 7.584831 7.73806
1.4939818 7.73806 7.469909
1.340753 7.6614456 7.3549876
1.0726024 7.546524 7.3549876
0.8044518 7.3549876 7.469909
0.6512228 7.201759 7.6231384
0.57460845 7.201759 7.6614456
0.5363012 7.240066 7.6614456
0.61291564 7.508217 7.508217
0.6512228 7.73806 7.201759
0.6895301 8.00621 6.8569937
0.80445176 8.236053 6.6654577
0.80445176 8.312668 6.512229
0.842759 8.389283 6.6654577
0.88106626 8.350975 6.933608
0.88106626 8.350975 6.933608
0.88106626 8.350975 6.9719152
0.80445176 8.312668 6.6654577
0.6895301 8.350975 6.320693
0.5746084 8.389282 6.205771
0.49799398 8.389282 6.205771
0.3830723 8.42759 6.5122285
0.30645782 8.42759 6.780379
0.22984335 8.42759 6.933608
0.19153613 8.465898 6.8569937
0.19153613 8.504205 6.550536
0.19153613 8.504205 6.2440777
0.22984336 8.504205 6.129156
0.22984336 8.465898 6.090849
0.26815057 8.42759 6.205771
0.30645782 8.504205 6.3206925
0.30645782 8.619126 6.5888433
0.26815057 8.619126 6.8186865
0.15322891 8.580818 6.8569937
-0.038307227 8.542511 6.703765
-0.2681506 8.389282 6.1291566
-0.4213795 8.389282 5.66947
-0.45968673 8.465898 5.516241
-0.34476504 8.504205 5.516241
-0.19153613 8.619126 5.899313
-0.11492168 8.695741 6.320693
-0.19153613 8.734048 6.473922
-0.4213795 8.695741 6.512229
-0.6512229 8.619126 6.167464
-0.842759 8.542512 5.861006
-0.91937345 8.427589 5.4779334
-0.9576807 8.427589 5.2863975
-1.0342951 8.350975 5.2480903
-1.1109097 8.350975 5.133168
-1.1109097 8.42759 5.094861
-1.1109097 8.389283 5.056554
-1.0342952 8.42759 4.9416323
-1.0342952 8.350975 4.6351748
-1.0726024 8.312668 4.4819455
-1.1492169 8.274361 4.290409
-1.3407531 8.197746 4.2137947
-1.4939818 8.0445175 4.367024
-1.7238252 7.929596 4.7500963
-1.9919758 7.776367 5.0182467
-2.2601264 7.699753 5.133168
-2.4899697 7.73806 5.0182467
-2.6431987 7.6614456 4.7884035
-2.6048915 7.776367 4.328717
-2.3367407 8.00621 3.7158012
-2.1068974 8.197746 3.2178073
-2.030283 8.274361 3.1794999
-1.9153614 8.427589 3.0262709
-1.8770542 8.580819 3.1794996
-1.9919758 8.6574335 3.3710358
-2.0685902 8.772355 3.4476502
-2.2601264 8.772355 3.4859576
-2.3750482 8.810662 3.4093432
-2.4133554 8.810662 3.2561145
-2.336741 8.772355 3.1411924
-2.1452048 8.848969 2.9879637
-1.9536686 8.925584 2.9113493
-1.8387469 9.002198 2.9113493
-1.8004397 9.11712 2.7964277
-1.9153614 9.11712 2.7198133
-2.030283 9.078813 2.6815062
-2.2218192 9.040505 2.7198133
-2.4133554 8.925584 2.873042
-2.5282772 8.734048 3.1028852
-2.7198133 8.542511 3.2561145
-2.834735 8.274361 3.371036
-2.873042 8.082825 3.5242648
-2.7964277 8.0445175 3.4859576
-2.6815057 8.0445175 3.409343
-2.4516625 8.159439 3.2561142
-2.2984338 8.236053 2.9879637
-2.2601264 8.236053 2.834735
-2.2601264 8.121132 2.681506
-2.375048 8.121132 2.5282772
-2.4899697 8.082825 2.4516625
-2.528277 8.0445175 2.4133554
-2.4899697 8.159439 2.336741
-2.336741 8.159439 2.4516625
-2.1068974 8.236053 2.566584
-1.9536686 8.389282 2.566584
-1.8004397 8.542511 2.566584
-1.8004397 8.734048 2.4133554
-1.8770542 8.848969 2.2218194
-1.9536686 8.772355 2.1068976
-2.1068974 8.6574335 2.1068976
-2.183512 8.427589 1.9153614
-2.375048 8.197746 1.685518
-2.566584 8.121132 1.5322891
-2.6431987 7.967903 1.4173673
-2.719813 7.967903 1.5322891
-2.6431987 8.082825 1.7621325
-2.4899697 8.236053 1.838747
-2.4516625 8.504204 1.838747
-2.4133554 8.695741 1.7238252
-2.4516625 8.848969 1.5705962
-2.6048915 8.848969 1.4939818
-2.719813 8.734048 1.4556746
-2.873042 8.619126 1.4939818
-3.0262709 8.389283 1.4939818
-3.1794996 8.274361 1.5705962
-3.2944217 8.197746 1.6472108
-3.3327289 8.00621 1.6089036
-3.4476504 7.929596 1.532289
-3.4859579 7.776367 1.4556746
-3.6008794 7.584831 1.3024457
-3.7541084 7.508217 1.3024457
-3.7924156 7.393295 1.3024457
-3.7924156 7.3549876 1.3790601
-3.7158012 7.393295 1.5705965
-3.6391866 7.3549876 1.6089036
-3.5242648 7.240066 1.6472108
-3.5242648 7.125144 1.6089035
-3.562572 6.933608 1.4173673
-3.6391869 6.8186865 1.3024458
-3.7158012 6.8186865 1.1875241
-3.7158012 6.8186865 1.0342952
-3.7541084 6.8569937 0.99598795
-3.7541084 6.933608 1.1109096
-3.7158012 7.0102224 1.340753
-3.6008794 7.1251445 1.6472108
-3.409343 7.2783732 1.9153614
-3.2561142 7.3549876 2.030283
-3.217807 7.3549876 1.9153614
-3.3327289 7.3549876 1.685518
-3.5242648 7.240066 1.4173675
-3.677494 7.201759 1.0342951
-3.7924156 7.201759 0.88106626
-3.8307228 7.1634517 0.842759
-3.7158012 7.2783732 1.0726024
-3.5242648 7.3549876 1.4939818
-3.2944217 7.546524 1.8004396
-3.0645783 7.8146744 1.8770541
-2.9113493 7.967903 1.685518
-2.873042 8.082825 1.3790601
-2.987964 8.0445175 1.1875241
-3.1795 7.8912888 1.1492169
-3.371036 7.8912888 1.3024457
-3.4476504 7.929596 1.6089034
-3.4093432 8.00621 1.9153614
-3.217807 8.197746 2.1452048
-2.9879637 8.312668 2.2601264
-2.834735 8.465898 2.2601264
-2.6431987 8.580819 2.183512
-2.5665843 8.695741 2.1452048
-2.528277 8.734048 1.9919758
-2.566584 8.772355 1.9536686
-2.681506 8.810662 1.8387469
-2.7964275 8.734048 1.8004397
-2.9113493 8.695741 1.9153614
-2.8347347 8.619126 2.0685904
-2.719813 8.580819 2.2218192
-2.528277 8.542512 2.2984335
-2.4133554 8.542512 2.2601264
-2.4133554 8.504205 2.030283
-2.4133554 8.389283 1.8770542
-2.4899697 8.236053 1.8387469
-2.566584 8.082825 1.8770542
-2.6048915 7.929596 2.1452048
-2.719813 7.8912888 2.4899697
-2.7581203 7.967903 2.719813
-2.719813 8.0445175 2.719813
-2.681506 8.197746 2.4133554
-2.566584 8.236053 1.8770541
-2.4899697 8.121132 1.3024457
-2.4516625 7.967903 0.9576807
-2.4516625 7.776367 0.9193734
-2.4516625 7.6614456 1.1492168
-2.4516625 7.6614456 1.685518
-2.528277 7.699753 2.2218192
-2.6431985 7.73806 2.6048915
-2.7198133 7.776367 2.719813
-2.7581205 7.699753 2.6048913
-2.6048915 7.6614456 2.6048913
-2.2601264 7.6614456 2.6431985
-1.9536686 7.699753 2.8730419
-1.6089034 7.967903 3.064578
-1.37906 8.350975 3.1411924
-1.2641385 8.734048 3.1411924
-1.1492169 9.193735 3.217807
-1.1492169 9.461885 3.3327289
-1.2641385 9.461885 3.4093432
-1.4556746 9.346964 3.6008792
-1.685518 9.040506 3.8307228
-1.8770541 8.772355 4.2904096
-1.8387469 8.619126 5.0182467
-1.7621324 8.6574335 5.707777
-1.6089035 8.925584 6.2823853
-1.4173675 9.423578 6.5505357
-1.3407528 9.959879 6.5122285
-1.3024457 10.266336 6.205771
-1.4173675 10.304644 5.8226986
-1.6089035 10.0748005 5.6311626
-1.7621324 9.768343 5.707777
-1.8387469 9.615114 6.244078
-1.685518 9.576807 6.7803793
-1.340753 9.730036 7.2783732
-0.8810662 10.113108 7.6614456
-0.34476504 10.534487 7.8146744
0.076614454 10.917561 8.082825
0.22984336 11.109097 8.121132
0.076614454 10.91756 7.73806
-0.26815057 10.457873 7.4316025
-0.6512228 9.921572 7.0485296
-0.8810662 9.5385 6.8569937
-0.8810662 9.308657 7.0485296
-0.6512229 9.346964 7.2017584
-0.19153614 9.615114 7.508217
0.34476504 9.959879 7.929596
0.7661445 10.381258 8.274361
0.95768064 10.611102 8.504205
0.842759 10.534488 8.350976
0.49799398 10.228029 7.929596
0.11492168 9.653421 7.4699097
-0.15322891 9.193735 7.0485296
-0.26815057 8.963892 6.933608
-0.07661444 8.848969 7.0102224
0.34476504 9.155427 7.2783732
0.8810662 9.576806 7.6614456
1.3790601 9.844957 7.8529816
1.6472108 10.036493 7.8529816
1.685518 9.883265 7.6231384
1.4939818 9.5385 7.2783732
1.2641385 9.193735 7.0485296
1.0726024 8.810662 6.9719152
0.99598795 8.504204 6.9719152
0.99598795 8.236053 7.0102224
1.0342952 8.121132 7.125144
1.1492169 8.0445175 7.1634517
1.2641385 7.967903 7.201759
1.4173675 7.929596 7.1634517
1.6089035 7.8912888 7.0485296
1.7621324 7.8912888 7.0485296
1.9536686 7.967903 7.0102224
2.1068974 8.00621 7.0102224
2.2218192 8.00621 7.0102224
2.336741 8.00621 6.895301
2.4133554 7.967903 6.8186865
2.4516625 7.929596 6.7803793
2.4516625 7.8912888 6.742072
2.3367407 7.8146744 6.7803793
2.1068974 7.699753 6.7803793
1.9153614 7.546524 6.742072
1.7621324 7.3166804 6.6654577
1.685518 7.086837 6.435614
1.7621324 6.9719152 6.090849
1.9536686 6.9719152 5.861006
2.336741 7.163451 5.707777
2.873042 7.5465236 5.746084
3.4476504 7.967903 5.899313
3.8690298 8.427589 5.93762
4.0222588 8.772355 5.9759274
3.9073372 8.925584 5.861006
3.562572 8.810661 5.8226986
3.1028852 8.542511 5.707777
2.566584 8.197746 5.5928555
2.030283 7.8146744 5.66947
1.4556746 7.4316025 5.746084
0.91937345 7.0868373 6.0525417
0.53630114 6.7803793 6.397307
0.19153613 6.5505357 6.5505357
0.0 6.4739213 6.856993
0.0 6.4739213 7.0102224
0.038307227 6.588843 7.086837
0.26815057 6.742072 7.2017584
0.61291564 6.933608 7.0485296
0.9959879 7.2400665 6.8569937
1.4173675 7.4699097 6.703765
1.8004396 7.699753 6.397307
2.1068974 7.8529816 6.2823853
2.3367407 7.8529816 6.1674633
2.528277 7.929596 6.0142345
2.6431987 7.8912888 6.0142345
2.7581205 7.8912888 5.7843914
2.834735 7.967903 5.6694694
2.9113493 8.00621 5.554548
2.9879637 8.082825 5.3630114
3.0262709 8.197746 5.3630114
3.064578 8.274361 5.324704
3.064578 8.274361 5.286397
3.0262709 8.312668 5.286397
2.9496565 8.197746 5.286397
2.7964275 8.00621 5.324704
2.566584 7.8529816 5.4013186
2.375048 7.699753 5.631162
2.2601264 7.6614456 5.8226986
2.183512 7.699753 6.090849
2.1452048 7.6614456 6.3589997
2.0685902 7.6231384 6.550536
1.9536686 7.584831 6.6654577
1.8387469 7.469909 6.550536
1.7621324 7.431602 6.3973064
1.7238252 7.5082164 6.2440777
1.7238252 7.584831 6.0525417

