1.7238252 7.699753 6.0525417
1.4173675 7.3549876 6.588843
1.7238252 7.8529816 6.9719152
1.8770542 8.350976 7.0102224
2.1068976 8.734049 7.086837
2.4516625 9.117121 7.0102224
2.183512 8.925584 6.7420716
2.0685902 8.657433 6.7420716
2.030283 8.504204 6.7037644
1.9919758 8.427589 6.7420716
2.0685902 8.236053 6.7037644
2.1068976 8.082825 6.3589997
2.0685902 7.967903 5.975928
2.030283 7.776367 5.707777
1.9536686 7.699753 5.477934
1.9919758 7.73806 5.5928555
2.1068976 7.8529816 5.975928
2.336741 8.082825 6.205771
2.6431987 8.350975 6.550536
2.8347347 8.580819 6.6271505
2.9879637 8.580819 6.5888433
3.1028852 8.504205 6.6271505
3.064578 8.427589 6.6271505
2.9879637 8.350975 6.5888433
2.7964275 8.312668 6.512229
2.566584 8.236053 6.359
2.4516625 8.159439 6.2823853
2.336741 8.082825 6.3589997
2.4133554 8.121132 6.5505357
2.528277 8.312668 6.8186865
2.681506 8.504204 6.8569937
2.834735 8.695741 6.7420716
2.9113493 8.734048 6.5122285
2.9113493 8.6574335 6.2440777
2.7581205 8.504205 6.129156
2.566584 8.312668 6.2823853
2.3750482 8.197746 6.4739213
2.2984338 8.197746 6.588843
2.2984338 8.236053 6.7037644
2.4516625 8.427589 6.5505357
2.6048913 8.619126 6.3589993
2.6815057 8.734048 6.1674633
2.8347347 8.887277 6.0142345
2.9113493 8.887277 5.9759274
2.9879637 8.887277 6.0525417
3.064578 8.887277 6.129156
3.0262709 8.848969 6.090849
2.9496565 8.848969 5.9759274
2.8730419 8.810662 5.7460837
2.7964275 8.734048 5.592855
2.7964275 8.734048 5.4779334
2.834735 8.734048 5.401319
2.9496565 8.772355 5.4396267
3.064578 8.925584 5.5545483
3.064578 8.925584 5.66947
3.064578 8.925584 5.746084
2.9496565 8.887277 5.631162
2.7964277 8.848969 5.363012
2.6815062 8.887277 5.056554
2.528277 8.848969 4.903325
2.336741 8.810662 4.7500963
2.1452045 8.734048 4.8267107
1.9536686 8.734048 4.8267107
1.838747 8.734048 4.8267107
1.8770542 8.772355 4.9416323
1.9919758 8.887277 5.056554
2.1452045 9.002199 5.363012
2.1835117 9.040506 5.5162406
2.1068974 9.117121 5.592855
1.8770542 9.040506 5.363012
1.5322891 8.887277 5.133168
1.2258313 8.734047 4.9416323
0.842759 8.465897 4.7884035
0.53630114 8.236053 4.7884035
0.344765 8.082825 4.7884035
0.30645782 8.082825 4.7500963
0.4596867 8.350975 4.865018
0.80445176 8.734047 4.9416323
1.1875241 9.078813 4.9416323
1.4556746 9.308657 4.903325
1.5705962 9.2703495 4.711789
1.4556746 9.078814 4.4819455
1.2258313 8.887277 4.405331
0.91937345 8.734048 4.405331
0.6512228 8.6574335 4.4819455
0.4596867 8.619126 4.6351748
0.42137948 8.695741 4.7500963
0.57460845 8.810662 5.0182467
0.9193735 9.040505 5.133168
1.2641386 9.2703495 5.2097826
1.4556748 9.346964 5.133168
1.4173675 9.385271 4.9416323
1.1492168 9.308657 4.7884035
0.8810662 9.2703495 4.7500963
0.72783726 9.155427 4.903325
0.6512228 9.155427 5.056554
0.6895301 9.155427 5.363012
0.7661445 9.078813 5.401319
0.80445176 9.193735 5.2097826
0.91937345 9.193735 4.9799395
0.99598795 9.193735 4.55856
0.9576807 9.232042 4.1754875
0.8810662 9.155427 3.8307226
0.68953013 9.078813 3.6774938
0.49799395 8.925584 3.6774938
0.34476504 8.772355 3.907337
0.19153613 8.619126 4.252102
0.15322891 8.504205 4.5202527
0.11492168 8.465898 4.6734815
0.19153613 8.465898 4.55856
0.34476504 8.504205 4.3287168
0.49799395 8.580819 3.86903
0.68953013 8.695741 3.371036
0.7278373 8.695741 3.1411927
0.6129157 8.580819 2.9879637
0.38307226 8.389282 3.1028852
0.076614454 8.197746 3.2944214
-0.15322891 8.082825 3.3710358
-0.22984335 8.121132 3.409343
-0.19153613 8.236053 3.409343
-0.11492168 8.236053 3.3327286
-0.038307227 8.236053 3.217807
0.038307227 8.312668 3.1028855
0.038307227 8.350975 2.7581203
0.038307227 8.42759 2.4516625
0.0 8.504205 2.2984335
-0.15322891 8.580819 2.1835117
-0.30645782 8.504204 2.3367407
-0.45968673 8.504204 2.6431985
-0.6512229 8.504204 2.719813
-0.842759 8.312668 2.873042
-1.1109097 8.236053 2.873042
-1.4173675 8.121132 2.719813
-1.7238252 8.0445175 2.7581203
-1.9153614 8.00621 2.719813
-2.030283 8.00621 2.719813
-2.030283 7.967903 2.7964277
-1.9919758 7.967903 2.9113493
-1.9153614 7.967903 3.064578
-1.8004396 8.082825 3.2944217
-1.7238252 8.159439 3.5242648
-1.6472108 8.197746 3.677494
-1.685518 8.197746 3.677494
-1.8004397 8.00621 3.6008797
-1.9919758 7.8529816 3.371036
-2.183512 7.776367 3.1028852
-2.2984335 7.8529816 2.9113493
-2.3367407 8.00621 2.7198133
-2.2601264 8.159439 2.7198133
-2.1068974 8.274361 2.7964277
-1.9536686 8.274361 2.834735
-1.7621324 8.274361 2.9113493
-1.6089036 8.389282 2.9113493
-1.4939818 8.350975 2.9113493
-1.4173675 8.350975 3.064578
-1.4556746 8.274361 3.1028852
-1.5705963 8.121132 2.9879637
-1.685518 8.0445175 2.7581205
-1.8004397 8.00621 2.2601264
-1.8004397 8.00621 1.9536687
-1.7621325 8.082825 1.8387469
-1.7238252 8.197746 1.8387469
-1.6089035 8.274361 2.0685902
-1.5705963 8.350975 2.2218192
-1.493982 8.389282 2.375048
-1.3790601 8.350975 2.413355
-1.2641385 8.312668 2.375048
-1.1109096 8.274361 2.2601264
-1.0726024 8.236053 2.1068974
-1.1492168 8.159439 1.9153614
-1.3790601 8.082825 1.685518
-1.7621324 8.00621 1.4556746
-2.1068974 7.8529816 1.1492169
-2.3367407 7.699753 1.0726023
-2.4516625 7.546524 1.2258313
-2.4133554 7.4316025 1.532289
-2.3367407 7.4316025 1.9153614
-2.2218192 7.546524 2.1068974
-2.1452045 7.8146744 2.030283
-2.030283 8.121132 1.8387469
-1.8770541 8.312669 1.6472107
-1.7621324 8.465898 1.5705963
-1.7238252 8.42759 1.7621324
-1.7621324 8.312668 2.030283
-1.8387469 8.236053 2.4516625
-1.9919758 8.197746 2.7964275
-2.1068974 8.197746 2.873042
-2.1835117 8.197746 2.7581203
-2.2984335 8.121132 2.336741
-2.3367407 7.967903 1.9153614
-2.2984335 7.929596 1.4556746
-2.183512 8.0445175 1.2641385
-1.9919758 8.312668 1.2258313
-1.7621324 8.734048 1.2641385
-1.532289 9.078814 1.4939818
-1.3407531 9.2703495 1.6089036
-1.2258313 9.308657 1.7238252
-1.1492169 9.193735 1.838747
-1.1875241 9.002198 1.8770542
-1.340753 8.810662 1.8770542
-1.4556746 8.619125 1.7621324
-1.6472108 8.580818 1.6089035
-1.7621325 8.657433 1.3790601
-1.6472108 8.810661 1.2258313
-1.493982 9.11712 1.1492169
-1.1875241 9.385271 1.1492169
-0.80445176 9.500193 1.4173675
-0.6512229 9.5385 1.8770541
-0.6512229 9.346964 2.3750482
-0.84275895 9.117121 2.7964275
-1.1875241 8.963891 2.9496565
-1.4556746 8.848969 2.6048915
-1.532289 8.925584 2.183512
-1.4556746 9.078813 1.6472108
-1.2641385 9.193735 1.3790601
-0.9959879 9.385271 1.4939818
-0.7278373 9.5385 1.8004397
-0.6512229 9.576807 2.2984338
-0.68953013 9.576807 2.681506
-0.8044518 9.461885 2.8347347
-1.0342952 9.346964 2.7581203
-1.1109096 9.193735 2.681506
-1.1109096 9.078813 2.4899697
-0.9959879 9.002198 2.4899697
-0.8044518 8.963891 2.7581203
-0.6512229 9.11712 2.9879637
-0.49799398 9.346964 3.2561145
-0.4213795 9.615114 3.371036
-0.34476504 9.883265 3.4859576
-0.2681506 9.998186 3.562572
-0.19153613 9.959879 3.6391866
-0.22984335 9.80665 3.7924156
-0.38307226 9.576807 3.6008794
-0.57460845 9.232042 3.2944217
-0.7278373 9.002198 3.0645783
-0.7661445 8.887277 2.681506
-0.6895301 8.887277 2.5665843
-0.45968673 9.040505 2.6431987
-0.15322891 9.308657 2.873042
0.19153613 9.615114 3.3327289
0.45968673 9.80665 3.715801
0.49799395 9.921572 4.060566
0.30645782 9.844957 4.060566
0.0 9.576807 3.8307228
-0.34476507 9.308657 3.5242648
-0.5363012 8.963892 3.217807
-0.5363012 8.695741 3.3327286
-0.4213795 8.6574335 3.6008792
-0.038307235 8.810662 4.1371803
0.49799395 9.193735 4.7884035
1.0726023 9.730036 5.209783
1.6089035 10.228029 5.554548
1.8770541 10.534488 5.5162406
1.8004396 10.572795 5.209783
1.4556745 10.342951 4.7500963
0.8810662 9.844957 4.405331
0.30645782 9.346964 4.2521024
-0.30645782 8.772355 4.4436383
-0.7661445 8.159439 4.903325
-0.91937345 7.8912888 5.4779334
-0.7661445 7.8529816 5.9759274
-0.11492169 8.350975 6.3206925
0.7278373 9.155427 6.397307
1.532289 9.921572 6.2440777
2.1452048 10.572795 6.090849
2.3367407 10.840945 5.7077765
2.0685902 10.726023 5.592855
1.4939818 10.304644 5.554548
0.7661446 9.653421 5.6694694
0.07661447 8.963891 6.0142345
-0.34476504 8.504204 6.320692
-0.4213795 8.312668 6.703765
-0.30645782 8.389282 7.0102224
0.0 8.6574335 7.163451
0.30645782 8.963892 7.125144
0.49799395 9.193735 6.895301
0.53630114 9.193735 6.703765
0.49799395 9.078814 6.6271505
0.45968673 8.887277 6.5505357
0.4213795 8.772355 6.62715
0.45968673 8.810662 6.5122285
0.4213795 8.887277 6.5505357
0.38307226 8.963891 6.7803793
0.30645782 8.848969 7.0102224
0.22984336 8.734048 7.508217
0.22984336 8.734048 7.699753
0.34476504 8.810662 7.6614456
0.49799395 9.002198 7.508217
0.6512228 9.270349 7.1251445
0.80445176 9.346964 6.7803793
0.7661445 9.346964 6.742072
0.61291564 9.232042 6.8186865
0.34476504 8.810662 6.933608
-0.03830722 8.465897 7.125144
-0.38307226 8.082825 7.086837
-0.61291564 7.8529816 7.0102224
-0.7661446 7.73806 7.0485296
-0.80445176 7.6231384 7.086837
-0.80445176 7.584831 7.1634517
-0.72783726 7.6231384 7.240066
-0.61291564 7.699753 7.240066
-0.49799395 7.6614456 7.201759
-0.34476504 7.6614456 7.125144
-0.19153613 7.546524 7.0485296
0.07661445 7.469909 7.0102224
0.34476504 7.5082164 7.0485296
0.6895301 7.661445 7.240066
1.0726024 7.929596 7.3549876
1.3407528 8.197746 7.431602
1.4939818 8.312668 7.2783732
1.6089036 8.159439 6.933608
1.8004396 7.73806 6.588843
2.336741 7.393295 6.320692
3.3327289 7.3549876 6.320692
4.4819455 7.8529816 6.3973064
5.401319 8.848969 6.5505357
5.631162 9.768343 6.5122285
5.094861 10.036493 6.4739213
3.9073372 9.500193 6.4739213
2.4516625 8.274361 6.4739213
1.0726023 6.933608 6.588843
-0.11492169 6.0908494 6.62715
-0.9576807 5.5545483 6.742072
-1.4939818 5.401319 6.6654577
-1.7621324 5.4396267 6.8569937
-1.7621324 5.516241 7.163451
-1.532289 5.8226986 7.431602
-1.1492168 6.167464 7.8146744
-0.6895301 6.4739213 7.967903
-0.11492169 6.8186865 7.967903
0.4213795 7.04853 7.776367
0.9959879 7.2783732 7.546524
1.4939818 7.584831 7.240066
1.8387468 7.8529816 6.8186865
2.0685902 8.121132 6.5122285
2.030283 8.197746 6.3206925

