1.9919758 8.0445175 6.205771
1.9153614 7.776367 6.244078
1.0342951 7.086837 6.5505357
1.2641385 7.31668 6.2440777
1.3024457 7.31668 5.66947
1.3024457 7.393295 5.0182467
1.8387468 7.5465236 4.7884035
1.5705962 7.469909 5.094861
1.6472108 7.8529816 6.0525413
1.9919758 8.197746 7.010222
2.2984338 8.465898 7.852981
2.4899697 8.580819 8.236053
2.4899697 8.312668 7.8146744
2.336741 8.082825 7.0102224
2.221819 7.776367 6.090849
2.1452045 7.584831 5.286397
2.183512 7.584831 5.0565543
2.3367407 7.584831 5.439626
2.4516625 7.699753 6.0525417
2.5665843 7.8146744 6.742072
2.5665843 7.8146744 7.010223
2.48997 7.776367 6.742072
2.4133554 7.776367 6.359
2.4133554 7.6231384 6.052542
2.4516625 7.546524 6.1291566
2.6431987 7.6614456 6.588843
2.834735 7.776367 7.163451
3.064578 8.082825 7.661445
3.4093432 8.389282 7.929596
3.6391864 8.580819 8.082825
3.7924156 8.6574335 7.929596
3.715801 8.580819 7.469909
3.4476504 8.504204 6.895301
3.1411927 8.312668 6.3589997
2.9113493 8.0445175 6.2823853
2.834735 7.8529816 6.5888433
2.9496565 7.8146744 7.2017584
3.217807 7.967903 7.6231384
3.524265 8.389282 7.8146744
3.86903 8.810661 7.8146744
4.0222588 9.002198 7.3549876
4.0222588 9.040505 7.086837
3.9839516 8.925584 6.7803793
3.7924156 8.772355 6.6271505
3.677494 8.6574335 6.8569937
3.6008792 8.619126 6.9719152
3.5242648 8.542512 7.0485296
3.5242648 8.6574335 7.086837
3.562572 8.810662 7.0485296
3.5242648 8.887277 6.9719152
3.4093432 9.002198 6.7803793
3.217807 8.925584 6.435614
3.026271 8.925584 6.052542
2.9113493 8.887277 5.93762
2.834735 8.810662 6.167464
2.719813 8.734048 6.473922
2.528277 8.542511 6.8569937
2.2984335 8.427589 7.0102224
2.0685902 8.350975 6.8186865
1.9153614 8.312668 6.5505357
1.8004396 8.312668 6.129156
1.685518 8.197746 5.746084
1.6472108 8.121132 5.5162406
1.6472108 8.121132 5.439626
1.6472108 8.159439 5.439626
1.685518 8.274361 5.439626
1.7621324 8.465898 5.363012
1.9153614 8.542512 5.363012
2.0685902 8.6574335 5.363012
2.183512 8.695741 5.286397
2.1068974 8.6574335 5.286397
1.8770541 8.580819 5.1714754
1.5705963 8.389282 5.094861
1.2641385 8.389282 5.2097826
1.1492168 8.389282 5.1714754
1.1492168 8.504204 4.9799395
1.3024458 8.695741 4.7884035
1.5322891 8.772355 4.8267107
1.685518 8.772355 4.903325
1.7238252 8.695741 5.209783
1.6089035 8.542511 5.2863975
1.4556746 8.389282 5.0565543
1.3024457 8.350975 4.711789
1.3024457 8.389282 4.3287168
1.4173673 8.504204 4.1371803
1.5322891 8.580819 3.9839516
1.5705963 8.580819 4.1371803
1.4556746 8.504205 4.3287163
1.3024458 8.42759 4.5968676
1.1492168 8.42759 4.9416323
1.0726024 8.504205 5.133168
1.1109097 8.542512 5.1714754
1.1492169 8.619126 5.056554
1.1492169 8.695741 4.8267107
1.2641385 8.734048 4.673482
1.340753 8.887277 4.4436383
1.3790601 8.925584 4.1754875
1.4173673 9.002198 3.9073372
1.3024457 9.078813 3.6391864
1.2641385 9.11712 3.6008792
1.2641385 9.11712 3.6774938
1.2258313 9.040505 3.7158012
1.1492168 8.963891 3.7541084
0.91937345 8.848969 3.677494
0.6512229 8.772355 3.562572
0.45968673 8.6574335 3.4476504
0.3830723 8.619126 3.371036
0.45968673 8.6574335 3.371036
0.6512229 8.734048 3.1795
0.91937345 8.848969 2.9879637
1.0726023 8.925584 2.7581203
1.1492168 8.887277 2.6048913
1.0726023 8.810662 2.719813
0.842759 8.734048 2.8347347
0.6512228 8.6574335 2.9879637
0.49799395 8.6574335 3.0262709
0.38307226 8.734048 2.9879637
0.38307226 8.848969 3.0262709
0.49799395 8.887277 2.9113493
0.61291564 8.887277 2.7581205
0.6512229 8.887277 2.6048913
0.4213795 8.695741 2.4516625
0.22984335 8.695741 2.528277
0.19153613 8.695741 2.6431987
0.22984335 8.810662 2.7964277
0.42137948 8.887277 2.7581205
0.4596867 9.002198 2.7198133
0.4213795 9.040505 2.6815062
0.26815057 9.040505 2.6048915
0.11492168 9.002198 2.6431987
0.076614454 8.925584 2.834735
0.076614454 8.887277 2.9879637
0.15322891 8.848969 3.0262709
0.076614454 8.734048 3.1028852
-0.076614454 8.542512 2.9496565
-0.30645782 8.350975 2.8347347
-0.49799395 8.197746 2.681506
-0.6512228 8.159439 2.4516625
-0.6512228 8.197746 2.3750482
-0.49799395 8.389282 2.4516625
-0.34476504 8.580818 2.7581205
-0.076614454 8.695741 2.9879637
0.038307227 8.772355 3.1794999
0.076614454 8.6574335 3.1411927
0.0 8.465897 2.9879637
-0.19153613 8.350975 2.8347347
-0.30645782 8.274361 2.6431985
-0.45968673 8.197746 2.528277
-0.5363012 8.197746 2.4133554
-0.5363012 8.236053 2.2984338
-0.49799395 8.312668 2.2218192
-0.34476507 8.350975 2.0685902
-0.19153613 8.389282 1.9919758
-0.11492168 8.312668 2.0685902
-0.19153613 8.236053 1.9536686
-0.38307226 8.159439 1.9536686
-0.5746084 8.082825 1.8770542
-0.7278373 8.0445175 1.6472108
-0.7661445 7.929596 1.532289
-0.72783726 7.967903 1.4556746
-0.6512228 8.00621 1.4173675
-0.49799395 8.082825 1.4556746
-0.4213795 8.274361 1.5705962
-0.4213795 8.312668 1.4939818
-0.53630114 8.312668 1.4173675
-0.80445176 8.236053 1.4173675
-0.9959879 8.082825 1.4173675
-1.1492169 7.967903 1.5705962
-1.2641385 7.8912888 1.7238252
-1.37906 7.8146744 1.7621324
-1.4556745 7.8146744 1.8387469
-1.4939818 7.8529816 1.9153614
-1.4939818 7.967903 2.0685904
-1.3790601 8.159439 2.2601266
-1.3024457 8.312668 2.3750482
-1.2641385 8.427589 2.528277
-1.2641385 8.389282 2.528277
-1.37906 8.236053 2.566584
-1.532289 8.082825 2.566584
-1.7238252 7.967903 2.528277
-1.838747 7.967903 2.528277
-1.8004397 8.0445175 2.6815057
-1.6472108 8.121132 2.7581203
-1.4173675 8.236053 2.719813
-1.2641385 8.274361 2.681506
-1.1875241 8.350975 2.4516625
-1.2641385 8.350975 2.3367407
-1.4939818 8.274361 2.3367407
-1.8004397 8.159439 2.375048
-2.1068974 8.0445175 2.2984335
-2.3750482 7.929596 2.2601264
-2.4899697 7.8146744 2.183512
-2.4899697 7.776367 1.9919758
-2.336741 7.699753 1.9919758
-2.030283 7.776367 2.030283
-1.7238252 8.00621 2.1068974
-1.4556746 8.236053 2.2601264
-1.340753 8.542512 2.4516625
-1.340753 8.6574335 2.6048915
-1.3024458 8.619126 2.681506
-1.1875241 8.580819 2.681506
-1.1492168 8.42759 2.4516625
-1.1492168 8.389283 2.183512
-1.2641385 8.42759 1.9919758
-1.4556746 8.465898 1.9536686
-1.4939818 8.580819 2.0685902
-1.4556746 8.734048 2.1835117
-1.2641385 8.887277 2.3367407
-0.95768064 9.11712 2.4516625
-0.7278373 9.2703495 2.6048913
-0.49799395 9.423578 2.7581203
-0.45968676 9.500193 2.7964275
-0.5746084 9.423578 2.719813
-0.80445176 9.346964 2.6431987
-1.1875241 9.155427 2.6048915
-1.4939818 8.887277 2.6431987
-1.7238252 8.772355 2.7198133
-1.7621324 8.695741 2.7581205
-1.6089034 8.619126 2.7581205
-1.4173675 8.695741 2.873042
-1.1875241 8.848969 2.9879637
-0.9959879 9.040506 3.0645783
-0.91937345 9.308657 3.1028855
-0.9576807 9.5385 2.9496565
-1.1109096 9.5385 2.9113493
-1.340753 9.346964 2.834735
-1.5705963 9.078813 2.7964277
-1.6472108 8.772355 2.9496565
-1.6472108 8.465897 3.1411927
-1.6089035 8.389282 3.4093432
-1.532289 8.312668 3.6774938
-1.6089035 8.350975 3.7541084
-1.6472107 8.350975 3.7924156
-1.7238252 8.312668 3.7541084
-1.8004397 8.312668 3.8307228
-1.8004397 8.159439 3.9456444
-1.8387469 7.967903 4.0222588
-1.8770542 7.776367 4.1754875
-1.8770542 7.6231384 4.2137947
-1.8004397 7.584831 4.2137947
-1.685518 7.73806 4.5202527
-1.5322891 8.00621 4.903325
-1.340753 8.236053 5.3247046
-1.1492168 8.504204 5.8226986
-0.9576807 8.848969 6.0525417
-0.7661445 9.078814 5.9759274
-0.5746084 9.308657 5.9759274
-0.49799395 9.423578 5.9759274
-0.38307226 9.423578 6.0525417
-0.19153613 9.385271 6.5122285
-0.038307227 9.385271 6.895301
0.19153613 9.461885 7.2783732
0.4213795 9.615114 7.4699097
0.61291564 9.883265 7.584831
0.68953013 10.113109 7.4316025
0.53630114 10.151416 7.125144
0.15322892 9.921573 6.8186865
-0.34476504 9.500193 6.4356136
-0.6895301 9.002198 6.5122285
-0.7661446 8.619125 6.742072
-0.61291564 8.504204 7.1251445
-0.26815057 8.542511 7.546524
0.114921674 8.772354 7.73806
0.34476504 9.078814 7.8529816
0.4213795 9.232042 7.73806
0.26815057 9.117121 7.4699097
-0.114921674 8.734048 7.2400665
-0.5746084 8.0445175 7.2400665
-0.53630114 8.00621 7.4699097
-0.19153613 8.274361 7.73806
0.22984336 8.580818 7.929596
0.6512229 9.002198 8.082825
0.9959879 9.385271 8.197746
1.1109096 9.576807 8.236053
1.0726024 9.691729 8.274361
0.9576807 9.5385 8.312668
0.842759 9.346964 8.389282
0.7661445 9.155427 8.350975
0.6895301 8.963891 8.350975
0.53630114 8.734047 8.236053
0.26815057 8.389282 7.967903
-0.038307227 7.967903 7.8912888
-0.19153613 7.546524 7.8529816
-0.19153613 7.240066 8.0445175
0.11492168 7.2783732 8.465897
0.6512229 7.5465236 8.734047
1.1492169 7.967903 8.69574
1.5705962 8.389282 8.312668
1.685518 8.504204 7.699753
1.4939818 8.350975 7.2400665
1.2258313 7.967903 7.0485296
0.9576807 7.5465236 7.125144
0.91937345 7.3549876 7.354988
1.1109096 7.393295 7.508217
1.4556746 7.5848308 7.73806
1.838747 7.8529816 7.967903
2.183512 8.00621 8.197746
2.2984335 8.159439 8.274361
2.2218192 8.0445175 8.0445175
2.030283 7.6231384 7.6614456
1.9536686 6.8569937 7.278373
2.4133554 6.052542 6.8953004
3.4093432 6.014235 6.6654572
4.7500963 6.78038 6.588843
5.707777 8.121132 6.3206925
5.861006 9.232042 6.1291566
5.133168 9.346964 6.090849
3.8307228 8.619125 6.167464
2.528277 7.5082164 6.397307
1.4556748 6.5122285 6.742072
0.6895301 6.0142345 6.8569937
0.19153613 5.8226986 6.742072
-0.076614454 5.7843914 6.742072
-0.15322891 5.93762 6.742072
-0.038307227 6.090849 6.895301
0.19153613 6.3206925 7.163451
0.45968673 6.62715 7.278373
0.7661445 6.9719152 7.2400656
1.0726023 7.3549876 7.0485296
1.3790603 7.6614456 6.895301
1.6089036 7.967903 6.703765

