1.8004397 8.00621 6.7803793
0.91937345 7.1251445 7.2017584
1.1492169 7.6231384 7.2017584
1.4556746 8.236053 7.2783737
1.8770542 8.810662 7.4316025
2.6431987 9.423578 7.699753
2.4516625 8.848969 7.929596
2.2218192 8.236053 7.929596
2.1452045 7.73806 7.73806
2.1452045 7.5848308 7.240066
2.3367407 7.699753 6.62715
2.6048913 7.8529816 6.1291566
2.873042 8.0445175 5.8226986
3.2178073 8.236053 5.7843914
3.4476504 8.274361 5.746084
3.562572 8.121132 5.8226986
3.562572 7.8529816 5.861006
3.562572 7.584831 5.861006
3.6008794 7.431602 5.746084
3.7158012 7.546524 5.592855
3.8307228 7.776367 5.592855
3.8307228 7.929596 5.631162
3.8307228 8.082825 5.93762
3.8307228 8.197746 6.3206925
3.8307228 8.159439 6.4739213
3.8307228 8.121132 6.62715
3.7158012 8.0445175 6.5122285
3.5625722 7.8146744 6.320692
3.4093432 7.776367 6.2440777
3.3327289 7.8146744 6.2057705
3.4093432 7.967903 6.282385
3.6008792 8.274361 6.397307
3.9073372 8.504205 6.435614
4.1371803 8.6574335 6.435614
4.290409 8.695741 6.397307
4.252102 8.6574335 6.2440777
4.098873 8.542512 6.129156
3.9456444 8.350975 5.899313
3.7924156 8.274361 5.7843914
3.7541084 8.197746 5.746084
3.7541084 8.236053 5.7843914
3.8307228 8.427589 5.899313
3.9839516 8.619125 6.0525417
4.098873 8.848969 6.0525417
4.1371803 9.002198 5.93762
4.060566 8.963891 5.746084
3.8307228 8.810662 5.516241
3.5242648 8.6574335 5.477934
3.2944217 8.542512 5.5545483
3.2561145 8.580819 5.8226986
3.2944217 8.734048 6.0142345
3.4476504 8.887277 6.167464
3.6774936 9.078813 6.3206925
3.7541082 9.2703495 6.2823853
3.7541082 9.2703495 6.1674633
3.4859576 9.117121 6.0525417
3.1028852 8.887278 5.899313
2.7198129 8.580819 5.93762
2.4133554 8.42759 6.090849
2.3367407 8.42759 6.2823853
2.2601264 8.465898 6.5505357
2.2218192 8.465898 6.5505357
2.183512 8.504205 6.62715
2.183512 8.465898 6.5122285
2.2218192 8.465898 6.244078
2.2984338 8.580819 6.167464
2.3750482 8.6574335 5.899313
2.3750482 8.695741 5.8226986
2.336741 8.734048 5.861006
2.2218192 8.695741 5.9759274
2.030283 8.580819 6.129156
1.8770542 8.619126 6.2057705
1.7621324 8.580819 6.090849
1.6089035 8.542512 5.746084
1.493982 8.504204 5.286397
1.340753 8.427589 4.9416323
1.2258313 8.465897 4.7884035
1.1875241 8.580818 4.6351748
1.1875241 8.695741 4.673482
1.1875241 8.772355 4.596867
1.1492169 8.772355 4.55856
1.0342951 8.734048 4.673482
0.842759 8.6574335 4.6351748
0.57460845 8.580819 4.673482
0.30645782 8.504205 4.5968676
0.11492168 8.542512 4.4819455
0.038307227 8.619126 4.252102
0.076614454 8.695741 4.060566
0.11492168 8.734048 3.9456444
0.19153613 8.772355 3.9073372
0.22984336 8.772355 3.9456444
0.22984336 8.810662 3.7924156
0.19153613 8.887277 3.4859576
0.11492168 8.772355 3.217807
-0.038307227 8.772355 3.1028852
-0.15322891 8.619125 3.1028852
-0.19153613 8.542511 3.2561142
-0.26815057 8.542511 3.2944217
-0.30645782 8.465897 3.4476504
-0.38307226 8.504205 3.6008797
-0.5746084 8.465898 3.6391869
-0.7661445 8.42759 3.6391869
-0.9193735 8.42759 3.5242648
-0.9959879 8.389282 3.371036
-0.9959879 8.389282 3.141193
-0.9576807 8.427589 3.026271
-0.88106626 8.427589 2.9496565
-0.7661446 8.504205 2.9879637
-0.6512229 8.542512 3.2944214
-0.57460845 8.580819 3.4093432
-0.5363012 8.580819 3.4859576
-0.61291564 8.427589 3.4093432
-0.7661445 8.312668 3.1411924
-0.8810662 8.197746 2.9879637
-0.9959879 8.159439 2.7964277
-1.0342951 8.236053 2.681506
-0.9576807 8.312668 2.681506
-0.842759 8.427589 2.9113493
-0.68953 8.504204 3.1794999
-0.61291564 8.580819 3.3327289
-0.61291564 8.542512 3.4476504
-0.6895301 8.427589 3.217807
-0.99598795 8.312668 2.9879637
-1.1109096 8.312668 2.9113493
-1.1875241 8.236053 3.0262709
-1.2258313 8.0445175 2.9113493
-1.3407528 8.0445175 2.7581203
-1.3407528 8.0445175 2.6431987
-1.2641385 8.159439 2.528277
-1.1109096 8.312668 2.6431985
-0.8810662 8.350975 2.8730419
-0.80445176 8.350975 2.8347347
-0.8810662 8.274361 2.7198129
-0.9959879 8.274361 2.4899697
-1.1492169 8.236053 2.1835117
-1.2641385 8.159439 2.1068974
-1.3790603 8.082825 2.1452045
-1.4939818 8.00621 2.1835117
-1.6089036 7.8912888 2.1068974
-1.685518 7.8912888 2.0685902
-1.6472107 7.8912888 1.8004397
-1.6089035 7.929596 1.5705963
-1.6089035 8.00621 1.5322891
-1.6089035 7.967903 1.4173675
-1.6472108 8.00621 1.340753
-1.685518 7.929596 1.2641385
-1.685518 7.8912888 1.0726024
-1.685518 7.967903 0.9959879
-1.685518 8.00621 0.91937345
-1.6472108 8.082825 0.88106626
-1.6472108 8.0445175 0.84275895
-1.6472108 8.00621 0.7661445
-1.6472108 7.967903 0.8810662
-1.7621324 7.8529816 0.9959879
-1.8770542 7.776367 1.2258313
-2.0685902 7.699753 1.4556746
-2.2601264 7.584831 1.493982
-2.4133554 7.546524 1.4173673
-2.566584 7.508217 1.1492169
-2.6048913 7.431602 0.8810662
-2.566584 7.431602 0.6512229
-2.4899697 7.393295 0.49799395
-2.2218192 7.546524 0.5746084
-2.030283 7.699753 0.5746084
-2.030283 7.8146744 0.6512228
-2.1068976 7.8912888 0.7661446
-2.2984335 7.776367 0.80445176
-2.528277 7.73806 0.95768064
-2.719813 7.6231384 1.1492168
-2.873042 7.584831 1.2641385
-3.064578 7.546524 1.4556745
-3.1411927 7.431602 1.532289
-3.026271 7.393295 1.6472107
-2.7581203 7.4316025 1.8387469
-2.4133554 7.584831 2.1068974
-2.1068976 7.8146744 2.4516625
-1.9536686 8.121132 2.6048915
-1.9919758 8.350975 2.6048915
-2.183512 8.427589 2.4133554
-2.4133554 8.312668 2.183512
-2.6048915 8.082825 2.1068974
-2.681506 7.8146744 2.2601264
-2.681506 7.699753 2.566584
-2.681506 7.699753 2.9496565
-2.6048913 7.8529816 3.1794999
-2.528277 8.082825 3.3327286
-2.4516625 8.312668 3.2944214
-2.2601264 8.6574335 2.9879637
-2.030283 8.963892 2.719813
-1.7621324 9.193735 2.4899697
-1.4556746 9.232042 2.375048
-1.2258313 9.155428 2.4516625
-1.1875241 8.963891 2.719813
-1.3024458 8.887277 2.9496565
-1.5322891 8.925584 3.1411927
-1.8770541 8.925584 3.2944214
-2.1452045 8.925584 3.2944214
-2.2984335 8.810662 3.217807
-2.2218192 8.734048 3.1411924
-1.9153613 8.734048 3.217807
-1.532289 8.887278 3.4093432
-1.2258313 9.117121 3.6391864
-1.187524 9.2703495 3.8307228
-1.3024457 9.385271 3.7541082
-1.532289 9.346964 3.371036
-1.7621324 9.2703495 2.9113493
-1.8004397 9.11712 2.528277
-1.8004397 9.002198 2.4899697
-1.685518 8.848969 2.7581203
-1.5322891 8.619125 3.256114
-1.493982 8.619125 3.7924151
-1.5322891 8.542511 4.2137947
-1.685518 8.542511 4.405331
-1.9153613 8.619126 4.4436383
-2.183512 8.580819 4.2521024
-2.336741 8.465898 3.9073372
-2.3750482 8.465898 3.86903
-2.2601264 8.542512 3.86903
-2.030283 8.6574335 4.060566
-1.7621324 8.925584 4.4436383
-1.5705963 9.155428 4.673482
-1.4556746 9.308657 5.056554
-1.4556746 9.346964 5.4396257
-1.7238252 9.308657 5.6311626
-2.183512 9.11712 5.707777
-2.7581203 8.69574 5.66947
-3.217807 8.389282 5.6311626
-3.3710358 8.159439 5.8226986
-3.1028852 8.159439 6.2057705
-2.4516625 8.465897 6.6654577
-1.5705962 8.963891 7.0102224
-0.7661446 9.500193 7.0485296
-0.45968676 9.921572 6.8569937
-0.5746084 9.959879 6.5505357
-1.187524 9.4618845 6.2440777
-1.8387469 8.848969 6.1674633
-2.183512 8.121132 6.435614
-2.2601264 7.8146744 6.7803793
-1.9153614 7.8912888 7.201759
-1.3790601 8.121132 7.699753
-0.7278373 8.504204 7.967903
-0.11492169 8.848969 8.00621
0.344765 9.193734 8.0445175
0.6129156 9.423578 7.73806
0.68953 9.5385 7.3932953
0.68953 9.461885 7.163451
0.6512228 9.308657 6.9719152
0.61291564 9.078814 7.0485296
0.6512228 8.925584 7.240066
0.7661446 8.925584 7.5848308
0.91937345 8.963891 7.8146744
1.1492169 9.11712 7.929596
1.340753 9.308657 7.8912888
1.4556745 9.461885 7.6614456
1.5705963 9.5385 7.4699097
1.532289 9.500193 7.393295
1.3790601 9.270349 7.431602
1.1492169 8.887277 7.584831
0.842759 8.504204 7.8529816
0.6512229 8.197746 8.00621
0.6512229 8.0445175 8.00621
0.7661446 8.082825 7.929596
0.9576807 8.236053 7.699753
1.1875241 8.312668 7.584831
1.3024458 8.350975 7.6231384
1.3790601 8.274361 7.776367
1.2641385 8.0445175 8.082825
1.1109096 7.8146744 8.082825
0.8810662 7.6614456 8.0445175
0.6895301 7.4316025 8.0445175
0.6895301 7.3549876 8.121132
0.80445176 7.393295 8.236053
1.0342951 7.546524 8.197746
1.1109096 7.6614456 8.236053
1.1492169 7.6231384 8.159439
1.0726024 7.584831 8.121132
0.9576807 7.3166804 8.197746
0.8810662 7.1634517 8.197746
0.80445176 7.1251445 8.159439
0.7661445 7.0868373 8.121132
0.6895301 7.1251445 8.082825
0.6512228 7.1251445 8.082825
0.61291564 7.086837 8.121132
0.61291564 7.0102224 8.121132
0.6895301 7.086837 8.082825
0.80445176 7.125144 8.0445175
0.84275895 7.0485296 7.929596
0.84275895 7.0102224 7.8529816
0.7661445 6.8186865 7.8146744
0.6895301 6.6654577 7.546524
0.6895301 6.703765 7.508217
0.72783726 6.703765 7.4699097
0.8810662 6.550535 7.546524
1.2641385 6.4356136 7.546524
1.9153613 6.4356136 7.4699097
2.834735 6.742072 7.4699097
3.7158012 7.4699087 7.546524
4.175488 8.236053 7.508217

