4.098873 8.69574 7.4699097
3.3710358 8.504204 7.163451
0.9576807 6.5888433 7.2783732
0.68953013 6.8186865 7.508217
0.4213795 6.933608 7.546524
-0.03830722 7.04853 7.73806
-0.3830723 7.2783732 7.929596
-0.4213795 7.3549876 7.8529816
-0.45968673 7.431602 7.8529816
-0.49799395 7.431602 7.8146744
-0.53630114 7.393295 7.8529816
-0.4213795 7.393295 7.967903
-0.15322891 7.508217 7.967903
0.19153613 7.699753 8.00621
0.61291564 7.967903 8.0445175
0.95768064 8.197746 7.8146744
1.2258313 8.274361 7.584831
1.4556746 8.274361 7.201759
1.6472108 8.197746 6.856993
1.8387468 8.274361 6.818686
1.9153614 8.312668 6.818686
1.9153614 8.274361 7.125144
1.838747 8.197746 7.393295
1.7621324 8.0445175 7.4316025
1.7621324 7.8529816 7.4316025
1.8004397 7.73806 7.2017593
1.8004397 7.699753 6.895301
1.7621325 7.584831 6.8186865
1.838747 7.6614456 6.703765
1.9536686 7.8529816 6.6654572
2.183512 8.082825 6.6654572
2.4516625 8.236053 6.5505357
2.528277 8.159439 6.5505357
2.528277 8.00621 6.5122285
2.3750482 7.6614456 6.5122285
2.1452048 7.4699097 6.5505357
1.9919758 7.393295 6.7037644
1.9153614 7.2783732 6.895301
1.9536686 7.3932953 6.9719157
1.9919758 7.508217 7.010223
2.0685902 7.6231384 7.010223
2.1835117 7.73806 7.0868373
2.2984338 7.776367 7.201759
2.4133554 7.8912888 7.240066
2.4899697 7.967903 7.0485296
2.2984335 7.929596 6.8569937
1.9919758 7.8529816 6.6271505
1.8004396 7.6231384 6.6654577
1.6472108 7.469909 6.8186865
1.8004396 7.5465236 6.9719152
2.1068976 7.73806 7.3166804
2.4133554 8.0445175 7.6231384
2.7581203 8.350975 7.776367
2.9496565 8.580818 7.776367
3.1028852 8.695741 7.584831
3.1028852 8.772355 7.3549876
2.9879637 8.772355 7.2017584
2.834735 8.6574335 7.125144
2.6048913 8.504204 7.163451
2.4516625 8.274361 7.163451
2.336741 8.274361 7.2017584
2.3750482 8.389282 7.125144
2.4899697 8.619125 7.125144
2.7581203 9.002198 7.086837
3.026271 9.232042 6.9719152
3.2178073 9.346964 6.8186865
3.2944217 9.423578 6.4739213
3.141193 9.346964 6.167464
2.9496565 9.155427 5.9759274
2.681506 8.963891 5.9759274
2.4516625 8.810662 6.129156
2.2218192 8.695741 6.205771
1.9919758 8.580819 6.397307
1.9536686 8.6574335 6.5122285
1.9919758 8.6574335 6.6654572
2.1068974 8.619126 6.6654572
2.2218192 8.6574335 6.435614
2.2218192 8.6574335 6.205771
2.183512 8.580819 5.7843914
2.0685902 8.580819 5.554548
1.9919758 8.465898 5.5162406
1.9536686 8.312668 5.439626
1.8770541 8.274361 5.439626
1.8770541 8.197746 5.439626
1.9153614 8.389282 5.3247046
1.9919758 8.542511 5.1714754
2.1452048 8.657433 4.9799395
2.2984335 8.810662 4.8267107
2.4133554 8.848969 4.673482
2.3750482 8.848969 4.596867
2.2601264 8.848969 4.6351743
2.1068976 8.772355 4.55856
1.9919758 8.695741 4.55856
1.9536686 8.695741 4.55856
1.9919758 8.695741 4.4436383
2.1068974 8.772355 4.4436383
2.1452048 8.848969 4.3287168
2.1068976 8.848969 4.1754875
1.9919758 8.848969 4.1371803
1.8004397 8.887277 4.0222588
1.5322891 8.810662 4.098873
1.340753 8.772355 4.252102
1.1109096 8.772355 4.3287163
0.8810662 8.695741 4.5202527
0.8044517 8.695741 4.5968676
0.8044517 8.772355 4.520253
0.9959879 8.887277 4.405331
1.3024457 9.078813 4.2137947
1.4939818 9.232042 3.9839516
1.4556746 9.232042 3.6774938
1.187524 9.193735 3.4093432
0.842759 9.002198 3.217807
0.5746084 8.887277 3.064578
0.53630114 8.925584 3.1411924
0.6512228 8.963891 3.217807
0.7661445 9.078813 3.217807
0.91937345 9.155427 3.217807
1.0342951 9.193734 3.0645783
1.0726023 9.155427 2.9113493
1.1109097 9.078813 2.834735
1.0342951 9.002198 2.7581205
0.842759 8.810662 2.873042
0.6512229 8.6574335 3.0645783
0.5363012 8.619126 3.217807
0.6512229 8.6574335 3.4476504
0.91937345 8.848969 3.562572
1.2641385 9.040505 3.562572
1.5322891 9.155427 3.4093432
1.5705963 9.155427 3.1028852
1.4939818 9.11712 2.873042
1.3024457 8.963891 2.7964277
1.0342951 8.772355 2.834735
0.80445176 8.580819 2.9496565
0.5746084 8.350975 3.064578
0.45968676 8.236053 3.1028852
0.45968676 8.159439 3.1411927
0.45968676 8.197746 3.064578
0.49799398 8.274361 3.0262709
0.5363012 8.350975 2.9113493
0.45968673 8.465898 2.7964275
0.34476504 8.504205 2.719813
0.19153613 8.465898 2.566584
-0.11492168 8.350975 2.4516625
-0.34476504 8.236053 2.3367407
-0.45968673 8.121132 2.2601264
-0.5363012 8.0445175 2.3750482
-0.45968673 8.121132 2.3750482
-0.4213795 8.159439 2.3750482
-0.45968673 8.197746 2.2601264
-0.53630114 8.312668 2.030283
-0.6512228 8.312668 1.8387469
-0.80445176 8.274361 1.685518
-0.95768064 8.236053 1.7621324
-1.0726023 8.159439 1.8004396
-1.2258313 8.121132 1.9153614
-1.2641385 8.159439 1.9536686
-1.2641385 8.159439 1.9153614
-1.2258313 8.159439 1.838747
-1.0726024 8.197746 1.8004396
-0.9959879 8.159439 1.7621324
-0.9193735 8.236053 1.7621324
-0.9193735 8.236053 1.685518
-0.9576807 8.197746 1.6472108
-0.9959879 8.197746 1.685518
-1.0342951 8.121132 1.7621325
-1.0726023 8.0445175 1.9153614
-1.1875241 7.967903 1.9919758
-1.2258313 7.929596 2.030283
-1.2641385 7.929596 1.9153614
-1.2641385 7.967903 1.7238252
-1.1875241 8.0445175 1.4556746
-1.1109096 8.082825 1.1492169
-0.95768064 8.159439 0.91937345
-0.84275895 8.274361 0.7661445
-0.7661446 8.350975 0.7278373
-0.72783726 8.42759 0.7278373
-0.80445176 8.389283 0.68953
-0.842759 8.389283 0.6512228
-0.88106626 8.312668 0.61291564
-0.88106626 8.274361 0.61291564
-0.842759 8.274361 0.61291564
-0.842759 8.312668 0.6895301
-0.80445176 8.465897 0.6895301
-0.842759 8.619126 0.6512228
-0.842759 8.734048 0.7661446
-0.80445176 8.734048 0.9193735
-0.8810662 8.6574335 0.9959879
-0.9576807 8.580819 1.1492169
-1.0342951 8.504205 1.1109096
-1.1109096 8.504205 0.99598795
-1.1109096 8.504205 0.91937345
-0.9959879 8.542512 0.7278373
-0.9193734 8.619126 0.7278373
-0.8044517 8.619126 0.7661445
-0.68953 8.734048 0.9576807
-0.7278373 8.734048 1.1875241
-0.8044517 8.772355 1.3024457
-0.9959879 8.772355 1.4939818
-1.2258313 8.734048 1.4939818
-1.4173675 8.580818 1.4556746
-1.5705963 8.427589 1.3790601
-1.6472108 8.350975 1.1492168
-1.6089036 8.159439 1.0342952
-1.4556746 8.236053 0.9193735
-1.2641385 8.312668 0.842759
-0.9959879 8.427589 0.9576807
-0.7661445 8.6574335 1.0726023
-0.68953013 8.772355 1.3024457
-0.7278373 8.887277 1.5322891
-0.9193735 8.887277 1.6089036
-1.1875241 8.810662 1.7238252
-1.3790601 8.619125 1.7621324
-1.5322891 8.389282 1.9153614
-1.5705963 8.274361 2.0685902
-1.4939818 8.236053 2.1452045
-1.3790603 8.465897 2.1452045
-1.1492169 8.772355 1.9153614
-0.9576807 9.078814 1.5705963
-0.8810662 9.346964 1.1875241
-0.91937345 9.385271 0.91937345
-1.1875241 9.2703495 0.7278373
-1.6089035 9.002198 0.61291564
-2.1068974 8.848969 0.68953013
-2.4899697 8.734048 0.68953013
-2.7198133 8.6574335 0.8810662
-2.681506 8.6574335 1.3407528
-2.2984335 8.542512 1.7238252
-1.8387468 8.619126 2.336741
-1.3024457 8.734048 2.7964275
-0.8810662 8.848969 2.9879637
-0.8044517 8.925584 3.0262709
-0.9193734 8.848969 2.7581203
-1.2258313 8.810662 2.3750482
-1.5705963 8.695741 1.9536687
-1.8387469 8.580818 1.8387469
-1.9919758 8.389282 2.0685902
-1.9919758 8.121132 2.566584
-1.9153614 8.082825 3.2561142
-1.838747 8.159439 3.7924154
-1.838747 8.312668 4.060566
-1.8770542 8.504205 4.098873
-1.9153614 8.6574335 3.9839516
-1.9153614 8.695741 3.6774938
-1.8387469 8.695741 3.2944217
-1.7238252 8.695741 3.026271
-1.685518 8.619126 2.9496565
-1.7238252 8.6574335 3.0262709
-1.8387468 8.6574335 3.3327289
-2.030283 8.6574335 3.6008797
-2.1452045 8.695741 3.7541084
-2.2218192 8.6574335 3.86903
-2.2601264 8.619126 3.86903
-2.2984335 8.542512 3.9456444
-2.3750482 8.465898 4.098873
-2.3750482 8.389283 4.252102
-2.336741 8.504205 4.596867
-2.183512 8.772355 4.8267107
-1.9153614 9.078814 4.9416323
-1.6472108 9.423578 5.1714754
-1.3790603 9.653421 5.2097826
-1.1875241 9.730036 5.286397
-1.1109096 9.730036 5.5162406
-1.1492168 9.615114 5.5928555
-1.2258313 9.423578 5.66947
-1.4173673 9.232042 5.6311626
-1.7238252 9.155428 5.477934
-1.9919758 9.117121 5.2863975
-2.2984335 9.117121 5.0948615
-2.4516625 9.193735 5.1331687
-2.4516625 9.193735 5.3247046
-2.2984335 9.155428 5.7843914
-1.9153614 9.232042 6.244078
-1.4173675 9.461885 6.62715
-0.842759 9.691729 6.8186865
-0.3830723 10.036493 6.8186865
-0.22984336 10.228029 6.742072
-0.45968673 10.0748005 6.512229
-0.9576807 9.730036 6.167464
-1.6089035 9.11712 5.7843914
-2.2984338 8.42759 5.5928555
-2.719813 7.8146744 5.707777
-2.7581203 7.508217 6.167464
-2.2984335 7.546524 6.7803793
-1.4556746 8.00621 7.393295
-0.3830723 8.734047 7.73806
0.7278373 9.538499 7.73806
1.4939818 10.266336 7.469909
1.877054 10.611102 6.9719152
1.7238252 10.534488 6.4739213
1.0726023 9.959879 6.129156
0.19153614 9.117121 6.167464
-0.6512229 8.197746 6.397307
-1.2258314 7.4316025 6.895301
-1.4173675 7.0485296 7.508217
-1.1492168 7.086837 7.8912888
-0.5363012 7.508216 8.159439
0.26815054 8.082825 8.0445175
0.8810662 8.619125 7.699753
1.1875241 8.887277 7.2017584
1.1109096 8.810661 6.8186865
0.68953013 8.504204 6.703765
0.19153616 7.929596 6.703765
-0.22984336 7.4316025 7.0102224
-0.49799395 7.086837 7.2017584
-0.53630114 6.933608 7.354987
-0.38307226 7.0102224 7.469909
-0.038307235 7.2783732 7.584831
0.4596867 7.73806 7.699753
0.8810662 8.159439 7.508217
1.1492168 8.504204 7.3932953
1.1109096 8.542511 7.125144
0.8044517 8.236053 7.0102224
0.4213795 7.8912888 7.2017584
0.11492168 7.546524 7.3549876
-0.038307227 7.393295 7.6231384
-0.038307227 7.4699097 7.6614456
0.076614454 7.6614456 7.6614456
0.22984336 7.929596 7.6231384
0.38307226 8.197746 7.6231384
0.49799395 8.427589 7.73806
0.5363012 8.465897 7.776367
0.49799395 8.465897 7.8146744
0.34476507 8.312668 7.776367
0.22984336 8.0445175 7.699753
0.11492168 7.8912888 7.73806
0.038307227 7.73806 7.8529816
0.038307227 7.584831 8.00621
0.0 7.4699097 8.159439
0.0 7.3166804 8.312668
0.038307227 7.201759 8.427589
0.038307227 7.086837 8.350975
0.038307227 7.0485296 8.236053
0.11492168 7.0868373 8.0445175
0.22984336 7.1251445 7.776367
0.38307226 7.3166804 7.6614456
0.61291564 7.508217 7.584831
1.187524 7.201759 7.546524
1.6472107 7.0102224 7.201759
2.6431985 7.0485296 6.9719152
4.0988736 7.5082164 6.933608

