1.1875241 8.274361 5.6694694
0.842759 8.389282 5.554548
0.7278373 8.236053 5.6694694
0.49799395 8.274361 5.8610053
0.45968673 8.427589 6.1674633
0.53630114 8.350975 6.3589993
0.61291564 8.504204 6.4356146
0.7278373 8.6574335 6.473922
0.88106626 8.810662 6.550536
0.9576807 9.040506 6.4739213
1.0342951 9.117121 6.5505357
1.1492168 9.193735 6.588843
1.3024457 9.2703495 6.62715
1.532289 9.346964 6.703765
1.8387468 9.423578 6.6654577
2.1452048 9.5385 6.6271505
2.4899697 9.653421 6.473922
2.7581203 9.691729 6.2823853
2.9496565 9.768343 6.090849
3.064578 9.80665 5.7077765
3.0262709 9.653421 5.5162406
2.9879637 9.500192 5.363012
2.9879637 9.308656 5.2863975
2.9496565 9.155427 5.439626
2.9879637 9.155427 5.5162406
2.9879637 9.11712 5.631162
2.9879637 9.078813 5.631162
3.0262709 8.963891 5.707777
3.0262709 8.848969 5.7843914
3.0262709 8.734048 5.7843914
2.9879637 8.6574335 5.8226986
2.9496565 8.542511 5.707777
2.9496565 8.427589 5.5545483
2.9879637 8.312668 5.4396267
3.0262709 8.236053 5.477934
3.1411927 8.274361 5.66947
3.217807 8.312668 5.8226986
3.371036 8.389282 5.899313
3.5625722 8.465898 5.861006
3.6008794 8.542512 5.8226986
3.6008794 8.542512 5.7843914
3.4859576 8.504205 5.746084
3.2944214 8.427589 5.746084
3.1794999 8.274361 5.707777
3.1028852 8.159439 5.707777
3.1028852 8.159439 5.7843914
3.1411924 8.197746 5.707777
3.1794999 8.274361 5.554548
3.2561142 8.389283 5.363012
3.3327289 8.465898 5.2480903
3.4093432 8.504205 5.3247046
3.4476504 8.504205 5.4779334
3.4859576 8.542512 5.707777
3.562572 8.542512 5.861006
3.6008792 8.542512 5.93762
3.7158012 8.619126 5.899313
3.7924156 8.6574335 5.631162
3.7924156 8.6574335 5.439626
3.86903 8.6574335 5.2480903
3.9839516 8.619126 5.094861
4.060566 8.580819 5.0182467
4.2137947 8.619126 4.9799395
4.3287168 8.734048 4.903325
4.367024 8.810662 4.865018
4.4436383 8.848969 4.903325
4.4819455 8.772355 4.9416323
4.5202527 8.6574335 4.9799395
4.55856 8.580819 5.094861
4.55856 8.580819 5.209783
4.55856 8.6574335 5.209783
4.596867 8.734048 5.171476
4.6351743 8.848969 5.018247
4.711789 8.887277 4.865018
4.711789 8.925584 4.7117887
4.6351748 8.848969 4.55856
4.5202527 8.657433 4.4053307
4.367024 8.580818 4.3287163
4.252102 8.465897 4.2137947
4.252102 8.465897 4.290409
4.290409 8.542512 4.3287168
4.367024 8.580819 4.252102
4.520253 8.734048 4.060566
4.5585604 8.848969 3.7541084
4.5968676 8.887277 3.4859576
4.5968676 8.848969 3.2178073
4.4819455 8.695741 3.1028855
4.4819455 8.542512 3.0262709
4.4819455 8.580819 2.7964275
4.55856 8.6574335 2.719813
4.55856 8.695741 2.528277
4.55856 8.734048 2.4133554
4.4436383 8.6574335 2.2601264
4.3287163 8.619126 2.030283
4.2137947 8.619126 2.0685904
4.1754875 8.580819 1.9536686
4.252102 8.619126 2.0685904
4.3670235 8.695741 2.183512
4.4436383 8.772355 2.1068974
4.4436383 8.848969 2.1452045
4.367024 8.848969 2.030283
4.252102 8.810662 1.8770541
4.1754875 8.810662 1.7238252
4.098873 8.734048 1.532289
4.098873 8.734048 1.4173673
4.098873 8.772355 1.2641385
4.1371803 8.734048 1.1875241
4.2137947 8.772355 1.2641385
4.2137947 8.772355 1.3790601
4.1371803 8.734048 1.6089035
3.9839516 8.6574335 1.7621325
3.7541082 8.580819 1.7621325
3.5242648 8.465898 1.7238252
3.3710358 8.389283 1.8387468
3.2944214 8.312668 1.877054
3.2944214 8.350975 1.9536686
3.3710358 8.427589 2.030283
3.5242648 8.465897 1.8770542
3.6008792 8.695741 1.7238252
3.6391864 8.734048 1.532289
3.562572 8.734048 1.3024457
3.3710358 8.695741 1.1875241
3.1794999 8.542512 1.1109097
2.9879637 8.465898 1.1109097
2.834735 8.42759 1.1109097
2.6815062 8.465898 1.1109097
2.6048913 8.465898 0.99598795
2.528277 8.465898 0.88106626
2.4133554 8.389283 0.842759
2.3367407 8.236053 0.7661446
2.1068974 8.082825 0.842759
1.9536686 7.967903 0.91937345
1.8387468 7.967903 0.80445176
1.7621324 8.00621 0.61291564
1.7621324 8.082825 0.45968673
1.7621324 8.121132 0.2681506
1.7621324 8.121132 0.22984335
1.7238252 8.121132 0.22984335
1.6472108 8.082825 0.2681506
1.4939818 8.0445175 0.34476504
1.3407528 8.00621 0.49799395
1.1492168 7.929596 0.6895301
0.9576807 7.929596 0.80445176
0.7661446 7.8912888 0.99598795
0.6512229 7.8912888 0.99598795
0.61291564 7.967903 0.9193735
0.61291564 8.00621 0.7661445
0.6512228 8.0445175 0.45968673
0.61291564 8.121132 0.15322891
0.49799395 8.082825 0.0
0.4213795 8.082825 -0.11492168
0.38307226 8.0445175 -0.11492168
0.344765 7.8529816 0.0
0.3064578 7.8146744 0.11492168
0.2681506 7.776367 0.22984336
0.15322891 7.8912888 0.22984336
0.11492168 8.0445175 0.30645782
0.076614454 8.0445175 0.19153613
0.0 7.8529816 0.15322891
-0.076614454 7.6231384 0.22984336
-0.22984336 7.3549876 0.15322891
-0.4213795 7.2783732 0.2681506
-0.53630114 7.3549876 0.34476504
-0.61291564 7.393295 0.45968673
-0.61291564 7.584831 0.5363012
-0.5363012 7.6231384 0.5363012
-0.5363012 7.546524 0.49799395
-0.5746084 7.546524 0.5363012
-0.6895301 7.469909 0.61291564
-0.842759 7.431602 0.7661445
-1.0726024 7.546524 0.9576807
-1.340753 7.6614456 0.9576807
-1.6089035 7.699753 1.0726024
-1.8770542 7.699753 1.1109096
-2.030283 7.546524 1.1875241
-2.1068976 7.2783732 1.3407528
-2.1452048 7.201759 1.4556746
-2.1452048 7.3166804 1.685518
-2.1068974 7.5848308 1.8004396
-1.9919758 8.00621 1.8004396
-1.8004396 8.274361 1.685518
-1.532289 8.350975 1.5322891
-1.340753 8.312668 1.5705963
-1.3024457 8.236053 1.8004397
-1.3790601 8.274361 2.1452045
-1.6089035 8.350975 2.528277
-1.7621324 8.580818 2.7581203
-1.8004396 8.734048 2.7964277
-1.7621324 8.695741 2.9113493
-1.6089035 8.695741 2.9496565
-1.4173675 8.6574335 2.911349
-1.3790601 8.695741 3.064578
-1.4556746 8.925584 2.9879637
-1.6472108 9.193735 2.9113493
-2.030283 9.385271 2.7964275
-2.2984338 9.500193 2.566584
-2.4899697 9.423578 2.528277
-2.566584 9.193734 2.4899697
-2.528277 9.002198 2.7964277
-2.4133554 8.887277 3.1028855
-2.3750482 9.040505 3.371036
-2.4133554 9.2703495 3.6008794
-2.4516625 9.576807 3.6391866
-2.528277 9.730036 3.6774938
-2.528277 9.615114 3.6774938
-2.4899697 9.423577 3.6391864
-2.528277 9.155427 3.7158012
-2.566584 9.078813 3.8307228
-2.6048913 9.232042 4.0222588
-2.566584 9.461885 4.252102
-2.3750482 9.768343 4.4436383
-2.183512 9.921572 4.6351743
-2.030283 9.883265 4.8267107
-2.030283 9.883265 5.018247
-2.183512 9.730036 5.0565543
-2.3750482 9.5385 5.018247
-2.528277 9.5385 4.8267107
-2.528277 9.500193 4.6734815
-2.2984335 9.5385 4.6351743
-2.030283 9.691729 4.750096
-1.7621324 9.768343 4.903325
-1.5705963 9.80665 5.133168
-1.5705963 9.883265 5.363012
-1.5705963 9.921572 5.5162406
-1.4939818 9.844957 5.8226986
-1.340753 9.921572 6.0525417
-1.1109096 9.998186 6.1674633
-0.91937345 10.036493 6.1674633
-0.8810662 10.0748005 5.93762
-1.0342951 9.921572 5.746084
-1.2258313 9.653421 5.5928555
-1.3790601 9.385271 5.6311626
-1.3024457 9.308657 5.93762
-0.9959879 9.461885 6.2057705
-0.53630114 9.768343 6.6271505
-0.03830722 10.151415 6.8186865
0.19153614 10.304644 6.742072
0.22984338 10.228029 6.435614
0.076614454 9.998186 6.167464
-0.19153613 9.653421 6.0142345
-0.19153613 9.500193 6.3206925
0.03830722 9.5385 6.8186865
0.38307226 9.80665 7.1634517
0.8044518 10.151415 7.431602
1.0342951 10.304644 7.431602
1.0726024 10.189722 7.469909
0.9959879 9.844957 7.469909
0.9576807 9.500193 7.469909
0.9959879 9.346964 7.393295
1.1492168 9.346964 7.163451
1.4173673 9.423578 6.9719152
1.6855179 9.5385 6.9719152
1.9536685 9.615114 7.0102224
2.1835117 9.615114 7.086837
2.3750482 9.615114 7.2400656
2.528277 9.500193 7.125144
2.6048913 9.346964 7.0102224
2.6048913 9.232041 6.856993
2.528277 9.040505 6.6654572
2.3750482 8.810661 6.588843
2.183512 8.465897 6.5122285
1.9536686 8.159439 6.5122285
1.8004397 7.929596 6.4739213
1.7238252 7.8912888 6.588843
1.7621324 7.967903 6.7037644
1.8770541 8.0445175 6.895301
1.9153614 8.082825 7.0485296
1.8770541 8.00621 6.933608
1.7621324 7.967903 6.742072
1.5705962 7.8146744 6.5122285
1.4173675 7.73806 6.282385
1.3024457 7.73806 6.282385
1.2641385 7.699753 6.435614
1.340753 7.8146744 6.5888433
1.3790601 7.8912888 6.742072
1.3790601 7.967903 6.8569937
1.3407528 7.929596 6.7803793
1.2258313 7.8529816 6.62715
1.0726024 7.776367 6.5122285
0.9576807 7.6231384 6.3589997
0.842759 7.584831 6.205771

