5.2480903 8.887277 6.933608
6.052542 10.113108 7.125144
5.66947 10.419566 7.0485296
1.4173675 7.508217 6.933608
0.9959879 7.278373 7.2400656
0.95768064 7.699753 7.4316025
1.2258313 8.00621 7.316681
1.340753 8.197746 7.354988
1.3024458 8.274361 7.2783732
1.3024458 8.274361 7.3932953
1.1875241 8.197746 7.4699097
1.0342951 8.197746 7.584831
0.9576807 8.159439 7.6231384
0.8810662 8.159439 7.508217
0.91937345 8.236053 7.469909
1.1109096 8.312668 7.5082164
1.3790601 8.504204 7.6231384
1.7238251 8.772355 7.73806
2.0685902 9.078814 7.8146744
2.2601264 9.2703495 7.6231384
2.2601264 9.232042 7.278373
2.1068974 9.040505 6.933608
1.8004396 8.772355 6.512229
1.532289 8.465898 6.244078
1.3024458 8.236053 6.0525417
1.1875241 8.159439 6.0142345
1.1875241 8.121132 6.0142345
1.2258313 8.197746 6.0525417
1.340753 8.236053 6.090849
1.4173673 8.197746 6.0525417
1.5322891 8.159439 5.9759274
1.6472108 8.0445175 5.899313
1.7238252 8.082825 5.861006
1.838747 8.121132 5.66947
1.8770542 8.121132 5.4779334
1.8770542 8.236053 5.24809
1.9536686 8.236053 5.133168
2.030283 8.274361 5.24809
2.1452048 8.350975 5.4396267
2.2601264 8.389282 5.707777
2.2601264 8.42759 5.746084
2.2218192 8.389282 5.6694694
2.183512 8.312668 5.5162406
2.1452048 8.197746 5.3247046
2.183512 8.121132 5.1331687
2.2601264 8.082825 5.0948615
2.4133554 8.121132 5.0948615
2.6048915 8.350975 5.0948615
2.834735 8.542511 5.2863975
3.0645783 8.734048 5.4013195
3.217807 8.925584 5.4396267
3.3327289 8.963891 5.4396267
3.3327289 9.040505 5.2863975
3.2561145 9.002198 5.1331687
3.2944217 9.078813 5.056554
3.371036 9.193735 5.0182467
3.6008792 9.308657 5.094861
3.86903 9.576807 5.1714754
4.0222588 9.653421 5.286397
4.060566 9.615114 5.439626
3.9073372 9.576807 5.4779334
3.7924154 9.423578 5.5162406
3.6008792 9.385271 5.5162406
3.4859576 9.385271 5.439626
3.4093432 9.346964 5.439626
3.2944217 9.385271 5.363012
3.2178073 9.385271 5.209783
3.1794999 9.423578 5.133168
3.1411924 9.385271 5.056554
3.0262709 9.385271 4.903325
2.9113493 9.308657 4.7884035
2.681506 9.078813 4.5202527
2.375048 8.848969 4.290409
2.1068974 8.580818 4.2137947
1.9536686 8.389282 4.3287163
1.9919758 8.427589 4.5202527
2.1452045 8.734048 4.6351748
2.4899697 9.11712 4.6351748
2.75812 9.346964 4.481946
2.7964275 9.346964 4.367024
2.681506 9.078814 4.2904096
2.2601264 8.6574335 4.2137947
1.7621324 8.312668 4.2137947
1.340753 8.197746 4.4436383
1.1109096 8.197746 4.7500963
1.1109096 8.350975 5.171476
1.2258313 8.580819 5.4013195
1.4173675 8.810662 5.286398
1.5705962 8.963891 5.1714754
1.6089036 9.002198 4.9799395
1.532289 8.963891 5.0182467
1.340753 8.848969 5.3247046
1.187524 8.810662 5.66947
1.0726024 8.772355 5.9759274
1.0342952 8.772355 6.1674633
1.1109097 8.887277 6.282385
1.1875241 9.002198 6.1674633
1.3407528 9.078813 6.129156
1.4556746 9.193734 5.9759274
1.4939818 9.11712 5.746084
1.4556746 8.963891 5.746084
1.3024458 8.887277 5.66947
1.1492169 8.772355 5.5928555
0.9576807 8.734048 5.5545483
0.7661445 8.772355 5.3630123
0.68953013 8.810662 5.2480903
0.68953013 8.887277 5.2480903
0.8044518 8.925584 5.209783
0.9576807 8.925584 5.1331687
0.9576807 8.887277 4.9416327
0.842759 8.734048 4.7884035
0.6512228 8.619126 4.6351743
0.4213795 8.504205 4.6734815
0.26815057 8.389282 4.6734815
0.15322891 8.350975 4.596867
0.076614454 8.312668 4.5202527
0.038307227 8.274361 4.252102
0.0 8.350975 4.252102
0.0 8.389282 4.1371803
0.076614454 8.542511 4.060566
0.11492168 8.6574335 3.9839516
0.076614454 8.6574335 3.715801
0.0 8.619126 3.6774938
-0.26815057 8.427589 3.4859576
-0.5746084 8.197746 3.4859576
-0.842759 8.082825 3.4859576
-1.0726024 7.929596 3.3710358
-1.1875241 7.929596 3.562572
-1.2258313 8.00621 3.5242648
-1.1875241 8.00621 3.6008792
-1.1875241 8.159439 3.6391864
-1.1875241 8.159439 3.409343
-1.2258313 8.121132 3.409343
-1.3024457 8.121132 3.2944214
-1.4173675 8.082825 3.1411927
-1.532289 8.0445175 3.0645783
-1.6089036 8.00621 2.7964277
-1.7238252 7.929596 2.681506
-1.7238252 7.8146744 2.6048913
-1.7238252 7.73806 2.6431985
-1.7238252 7.6614456 2.6431985
-1.685518 7.546524 2.528277
-1.7238252 7.5082164 2.3750482
-1.838747 7.393295 2.1452048
-1.9536686 7.3166804 2.030283
-2.1452048 7.2783732 1.9536686
-2.2984338 7.1634517 1.9919758
-2.4133554 7.086837 1.9536686
-2.566584 7.086837 1.9536686
-2.6048915 7.125144 2.1452048
-2.6431987 7.125144 2.336741
-2.6048913 7.163451 2.4516625
-2.566584 7.125144 2.528277
-2.566584 7.0485296 2.4899697
-2.566584 7.0485296 2.4133554
-2.6048915 7.086837 2.336741
-2.6431987 7.125144 2.336741
-2.681506 7.125144 2.2601264
-2.719813 7.1634517 2.2218192
-2.719813 7.201759 2.336741
-2.719813 7.240066 2.4516625
-2.681506 7.3166804 2.528277
-2.681506 7.3166804 2.528277
-2.7964275 7.2783732 2.3750482
-2.9113493 7.1634517 2.1068976
-3.064578 7.0868373 1.8387469
-3.1028855 7.0868373 1.5705963
-2.987964 7.1251445 1.4939818
-2.7581203 7.2783732 1.4939818
-2.528277 7.546524 1.6089035
-2.3750482 7.73806 1.8004397
-2.3750482 7.8912888 1.8770542
-2.4899697 8.00621 1.8387469
-2.6431987 7.929596 1.6472108
-2.834735 7.8529816 1.4939818
-2.9879637 7.776367 1.3024457
-3.0262709 7.73806 1.2641385
-3.0262709 7.73806 1.4173673
-2.9113493 7.8146744 1.532289
-2.7198133 8.0445175 1.9536686
-2.4899697 8.274361 2.2218192
-2.2984338 8.465898 2.2984338
-2.2984338 8.580819 2.2218192
-2.3750482 8.42759 1.7621325
-2.5282772 8.197746 1.340753
-2.7198133 7.967903 1.0726024
-2.834735 7.73806 1.1875241
-2.9113493 7.6614456 1.4939818
-2.9879637 7.584831 1.8004396
-2.8730419 7.6614456 1.9919758
-2.719813 7.776367 1.838747
-2.528277 7.8912888 1.5322891
-2.336741 7.929596 1.1492168
-2.336741 7.929596 0.7278373
-2.336741 7.776367 0.49799395
-2.4516625 7.6231384 0.4213795
-2.6431987 7.6231384 0.5363012
-2.7964275 7.508217 0.7661445
-2.873042 7.546524 1.0726024
-2.7581203 7.584831 1.4173675
-2.528277 7.6231384 1.6472108
-2.183512 7.73806 1.8770542
-1.8387468 7.8529816 1.9919758
-1.5705962 8.0445175 2.0685902
-1.3790603 8.350975 2.2218192
-1.2641385 8.695741 2.2601264
-1.1875241 9.040506 2.2601264
-1.0726023 9.346964 2.183512
-0.91937345 9.500193 2.1068976
-0.7661446 9.5385 2.183512
-0.61291564 9.500193 2.336741
-0.61291564 9.308656 2.5665843
-0.7278373 9.078813 2.7964275
-0.95768064 8.848969 3.064578
-1.3024457 8.6574335 3.2944214
-1.6089035 8.465898 3.5242648
-1.8387469 8.274361 3.5625722
-1.9153614 8.159439 3.4476504
-1.7621324 8.159439 3.2561142
-1.532289 8.350975 2.9879637
-1.3024457 8.619125 2.9879637
-1.1109096 8.925584 2.9879637
-1.1109096 9.155428 3.2561142
-1.2258313 9.232042 3.6391864
-1.3790603 9.2703495 3.9456444
-1.5322891 9.232041 4.4436383
-1.685518 9.11712 4.865018
-1.685518 9.002198 5.2863975
-1.685518 8.887277 5.746084
-1.6089035 8.925584 6.0142345
-1.4173673 9.193735 5.899313
-1.187524 9.653421 5.5162406
-0.8810662 10.228029 5.056554
-0.57460845 10.6877165 4.6734815
-0.30645782 10.994174 4.6351743
-0.30645782 11.032481 4.903325
-0.68953 10.611102 5.1714754
-1.1492168 10.342951 5.094861
-1.5705962 10.266336 4.8267107
-2.030283 9.998186 4.4819455
-2.3750482 9.768343 4.3287168
-2.4899697 9.461885 4.4436383
-2.2601264 9.2703495 4.865018
-1.8004397 9.423578 5.5928555
-1.1492168 9.653421 6.205771
-0.6895301 10.0748005 6.397307
-0.61291564 10.304645 5.9759274
-0.9193735 10.266337 5.363012
-1.5322891 9.8832655 4.6734815
-2.2601266 9.232042 4.252102
-2.873042 8.465898 4.3287163
-3.2561145 7.8529816 4.5585604
-3.2944217 7.584831 4.865018
-2.873042 7.546524 5.24809
-2.1068974 7.8912888 5.592855
-1.1109096 8.504205 6.0142345
-0.15322891 9.232041 6.3589997
0.49799395 9.844957 6.3206925
0.7278373 10.113108 6.0525417
0.45968676 9.883265 5.477933
-0.26815057 9.232041 4.865018
-1.187524 8.427589 4.481945
-2.0685902 7.5465236 4.443638
-2.566584 7.0102224 4.7500963
-2.4516625 6.856993 5.4013186
-1.8004396 7.201759 6.2057705
-0.8044517 8.121132 6.933608
0.34476504 9.155428 7.3549876
1.187524 10.189722 7.431602
1.6089035 10.955868 7.086837
1.532289 11.109097 6.588843
0.9959879 10.840945 6.205771
0.30645782 10.304645 5.899313
-0.38307223 9.653421 6.0142345
-0.9193734 9.11712 6.320692
-1.3024457 8.772355 6.742072
-1.4939818 8.542511 7.31668
-1.4556746 8.465897 7.73806
-1.2258313 8.542511 8.00621
-0.842759 8.810662 8.082825
-0.49799398 9.078813 7.967903
-0.30645782 9.308657 7.6614456
-0.30645782 9.308657 7.316681
-0.57460845 8.887277 7.125145
-0.9576807 8.42759 7.086837
-1.340753 7.8912888 7.316681
-1.6089036 7.508217 7.699753
-1.5705965 7.4699097 7.929596
-1.3024457 7.546524 8.159439
-0.8810662 7.6614456 8.197746
-0.45968673 7.8146744 8.082825
-0.15322891 7.929596 7.967903
0.076614454 8.082825 7.699753
0.22984336 8.236053 7.508217
0.19153613 8.312668 7.316681
0.11492168 8.236053 7.2400656
-0.076614454 7.967903 7.278373
-0.30645782 7.6614456 7.4316025
-0.34476507 7.4316025 7.546524
-0.34476507 7.3166804 7.6231384
-0.15322891 7.3549876 7.8146744
0.114921674 7.508217 7.8912888
0.34476504 7.699753 7.967903
0.5746084 7.8912888 7.929596
0.5746084 8.00621 7.6614456
0.4596867 7.8912888 7.469909
0.42137948 7.6231384 7.3166804
0.45968673 7.2400656 7.240066
0.842759 6.895301 7.1634517
1.5322891 6.7803793 7.201759
2.3750482 7.086837 7.240066
3.1411927 7.699753 7.431602
3.6008794 8.465898 7.6231384

