1.6089035 7.967903 7.2783732
1.2258313 7.6231384 6.8569937
1.1875241 7.6231384 6.397307
1.2258313 7.776367 6.3589997
1.4939818 7.8912888 6.0142345
1.6472108 7.929596 5.9759274
1.8387469 8.0445175 6.1674633
2.030283 8.236053 6.3206925
2.1452045 8.542512 6.62715
2.183512 8.734048 6.856993
2.2218192 8.772355 6.895301
2.0685902 8.657433 6.933608
1.8770542 8.427589 6.895301
1.685518 8.197746 6.9719152
1.532289 8.0445175 7.0868373
1.6089035 8.00621 7.201759
1.7621324 8.0445175 7.3932953
2.030283 8.197746 7.6231384
2.2984335 8.312668 7.8146744
2.4899697 8.465897 7.8912888
2.6431987 8.619126 7.8146744
2.719813 8.772355 7.508217
2.719813 8.887277 7.2783737
2.6048915 8.887277 7.163451
2.4899697 8.848969 7.0485296
2.3750482 8.734048 7.0485296
2.336741 8.6574335 7.125144
2.4133554 8.6574335 7.2783732
2.566584 8.695741 7.3932953
2.6815062 8.848969 7.4316025
2.7964277 8.963891 7.1251445
2.834735 9.155427 6.703765
2.719813 9.193734 6.3206925
2.566584 9.11712 5.93762
2.375048 9.040505 5.707777
2.2601264 8.848969 5.66947
2.2218192 8.848969 5.8993134
2.2984335 8.963891 6.1291566
2.4133554 9.002198 6.397307
2.4516625 9.078813 6.2057705
2.4899697 9.078813 5.7077765
2.4133554 9.040505 5.1714754
2.2218192 9.040505 4.6734815
2.1068976 9.002198 4.4819455
1.9536686 9.002198 4.6351743
1.8770542 8.925584 4.9416323
1.8770542 9.002198 5.171476
1.8387469 9.11712 5.3247046
1.8004397 9.193734 5.209783
1.7621324 9.346964 4.865018
1.7238252 9.500193 4.596867
1.685518 9.615114 4.4819455
1.6089036 9.691729 4.367024
1.4556746 9.691729 4.4819455
1.2641385 9.615114 4.55856
1.1109096 9.500193 4.6351748
0.9959879 9.308657 4.865018
0.91937345 9.193735 5.0182467
0.80445176 9.040505 5.094861
0.61291564 8.925584 5.133168
0.4213795 8.887277 5.0182467
0.22984336 8.772355 4.903325
0.11492168 8.695741 4.7884035
-0.038307227 8.580819 4.673482
-0.19153613 8.427589 4.4819455
-0.30645782 8.312668 4.3670235
-0.4213795 8.236053 4.3670235
-0.4213795 8.197746 4.252102
-0.34476504 8.312668 4.3670235
-0.22984336 8.504204 4.4053307
-0.15322891 8.657433 4.3670235
-0.11492168 8.772355 4.290409
-0.19153613 8.772355 4.098873
-0.49799395 8.619126 3.9073372
-0.61291564 8.504204 4.0222588
-0.6895301 8.427589 4.1371803
-0.6512228 8.389282 4.2521024
-0.49799395 8.504204 4.213795
-0.30645782 8.734047 4.060566
0.0 9.040505 3.86903
0.2681506 9.2703495 3.6391864
0.34476504 9.308657 3.562572
0.22984335 9.2703495 3.6008794
-0.038307227 9.078813 3.7924156
-0.45968673 8.810662 4.1371803
-0.80445176 8.542511 4.367024
-0.99598795 8.350975 4.5968676
-1.0342951 8.274361 4.6351748
-0.95768064 8.350975 4.405331
-0.7661445 8.465897 4.0988736
-0.49799395 8.695741 3.7158012
-0.22984335 8.887277 3.4093432
0.07661445 9.040505 3.2944217
0.19153613 9.11712 3.3327289
0.076614454 8.963891 3.371036
-0.22984335 8.734047 3.4476504
-0.6512228 8.465897 3.4859576
-1.0726023 8.236053 3.4859576
-1.340753 8.159439 3.4859576
-1.4173675 8.197746 3.5242648
-1.3024457 8.236053 3.371036
-1.0342951 8.350975 3.1411927
-0.7278373 8.504205 2.9113493
-0.49799395 8.6574335 2.5665843
-0.38307226 8.772355 2.2601266
-0.34476504 8.810662 1.8770542
-0.49799395 8.657433 1.4556746
-0.61291564 8.542511 1.0726024
-0.68953013 8.619125 0.842759
-0.68953013 8.69574 0.8810662
-0.61291564 8.848969 1.0342951
-0.61291564 9.002198 1.2641385
-0.7661445 9.002198 1.4939818
-1.0726023 9.002198 1.7238252
-1.4173675 8.887277 2.030283
-1.7238252 8.580818 2.2601264
-1.9919758 8.389282 2.566584
-2.1068974 8.159439 2.9113493
-2.0685902 8.082825 3.2178073
-1.9153614 8.236053 3.6008792
-1.6089036 8.389282 3.9456444
-1.3024458 8.580818 4.1371803
-1.1109096 8.695741 4.1371803
-1.0726024 8.810662 3.9839516
-1.1492169 8.695741 3.6008792
-1.3024458 8.6574335 3.2944214
-1.4556746 8.580818 3.0262709
-1.6089035 8.350975 2.873042
-1.7238252 8.236053 2.834735
-1.8770542 8.0445175 2.6431987
-1.9536686 8.00621 2.4899697
-1.9536686 8.0445175 2.2984335
-1.838747 8.197746 2.183512
-1.6089036 8.312668 2.183512
-1.4173675 8.389282 2.1452045
-1.3024457 8.350975 2.1068974
-1.37906 8.236053 2.0685902
-1.532289 8.159439 2.030283
-1.6472108 8.082825 2.1068974
-1.7621324 8.0445175 2.1452048
-1.8770542 8.00621 2.183512
-1.9153614 8.00621 2.2218192
-2.030283 7.8912888 2.375048
-2.1452048 7.776367 2.528277
-2.183512 7.699753 2.7581203
-2.2601264 7.6614456 2.834735
-2.2984335 7.776367 2.719813
-2.2601264 7.8912888 2.5665843
-2.183512 8.0445175 2.3750482
-2.0685902 8.121132 2.4133554
-1.9919758 8.121132 2.4516625
-1.9919758 8.00621 2.681506
-2.0685902 7.8912888 2.7581205
-2.221819 7.73806 2.6431987
-2.3750482 7.584831 2.4516625
-2.528277 7.6231384 2.1452048
-2.6431985 7.546524 1.9919758
-2.681506 7.584831 1.9536686
-2.6048915 7.6231384 2.1068976
-2.4899697 7.6614456 2.183512
-2.3750482 7.8146744 2.2218192
-2.336741 8.0445175 2.183512
-2.336741 8.197746 2.030283
-2.336741 8.312668 1.9153614
-2.2984338 8.389282 1.8770541
-2.183512 8.350975 1.8387469
-2.1452048 8.350975 1.8770542
-2.0685902 8.350975 1.9919758
-2.0685902 8.350975 1.9919758
-2.1452045 8.274361 1.9919758
-2.2601264 8.236053 2.030283
-2.4516625 8.121132 1.9919758
-2.566584 7.967903 2.1068974
-2.6048913 7.8912888 2.2984335
-2.528277 7.8912888 2.4133554
-2.4133554 8.159439 2.6048915
-2.2984338 8.427589 2.5665843
-2.183512 8.772354 2.4516625
-2.1068974 9.002198 2.375048
-1.9919758 9.002198 2.2984335
-1.9536686 8.925584 2.2984335
-1.9536686 8.772355 2.2601264
-1.9536686 8.6574335 2.2218192
-1.9536686 8.580819 2.3367407
-1.8004397 8.580819 2.4899697
-1.6472108 8.619126 2.681506
-1.5705963 8.772355 2.7964277
-1.5322891 8.810662 2.6431987
-1.685518 8.963891 2.4516625
-1.8387469 8.963891 2.3367407
-1.9919758 8.772355 2.2601264
-2.1452045 8.504204 2.2218192
-2.2218192 8.082825 2.3367407
-2.336741 7.699753 2.4899697
-2.336741 7.546524 2.7964277
-2.3750482 7.6231384 3.1411927
-2.3750482 7.8529816 3.2944214
-2.2601264 8.350975 3.2561142
-2.1452048 8.772355 2.9496565
-1.8770541 9.232041 2.4516625
-1.532289 9.615114 1.9919758
-1.2641385 9.691729 1.9153613
-1.0726024 9.691729 2.1068974
-1.1875241 9.5385 2.6431985
-1.5705963 9.155428 3.1028852
-2.030283 8.887277 3.2561142
-2.4899697 8.542511 3.2561142
-2.681506 8.312668 3.1028852
-2.5665843 8.350975 3.1411927
-2.2218192 8.465897 3.3327289
-1.7238253 8.734047 3.6008792
-1.340753 9.078813 4.098873
-1.1492168 9.423578 4.596867
-1.1875241 9.768343 4.8267107
-1.4173673 9.959879 4.711789
-1.6472107 9.998186 4.252102
-1.8387469 9.921572 3.715801
-2.030283 9.576807 3.3327286
-2.1452045 9.346964 3.409343
-2.183512 9.040505 3.7158008
-2.183512 8.887277 4.2904096
-2.030283 9.002199 4.903325
-1.838747 9.117121 5.171476
-1.6089036 9.461885 5.3247046
-1.3790603 9.768343 5.1714754
-1.2258313 9.921572 4.9416323
-1.1492168 9.959879 4.865018
-1.187524 9.80665 4.8267107
-1.3024457 9.461885 4.865018
-1.3407528 9.232041 5.056554
-1.37906 9.040505 5.3247046
-1.2641385 9.002198 5.554548
-0.9959879 9.193734 5.899313
-0.7278373 9.385271 6.090849
-0.34476504 9.615114 6.282385
-0.11492168 9.768343 6.320692
-0.076614454 9.768343 6.0525417
-0.22984335 9.576807 5.707777
-0.5363012 9.193734 5.324704
-0.80445176 8.734048 5.1714754
-0.91937345 8.312668 5.324704
-0.842759 8.197746 5.7077765
-0.61291564 8.389282 5.93762
-0.34476504 8.695741 6.090849
-0.15322891 9.002198 5.93762
-0.076614454 9.11712 5.5928555
-0.15322891 9.040505 5.3630114
-0.30645782 8.848969 5.056554
-0.3830723 8.6574335 4.903325
-0.30645785 8.504205 5.0182467
-0.038307227 8.504205 5.094861
0.34476504 8.695741 5.2863975
0.7278373 8.887277 5.5162406
1.0342951 9.155428 5.6694694
1.2641385 9.346964 5.7077765
1.3790601 9.346964 5.7077765
1.3790601 9.346964 5.7077765
1.3024457 9.270349 5.7077765
1.1492168 9.193734 5.746084
0.8810662 9.155427 5.861006
0.57460845 9.040505 5.93762
0.2681506 8.887277 5.899313
0.0 8.734048 5.9759274
-0.11492168 8.6574335 6.167464
-0.15322891 8.695741 6.244078
-0.15322891 8.772355 6.2823853
-0.11492168 8.810662 6.244078
-0.11492168 8.810662 6.090849
-0.076614454 8.734048 6.0142345
0.038307227 8.619126 6.0142345
0.19153613 8.6574335 6.2057705
0.38307226 8.6574335 6.397307
0.5746084 8.6574335 6.588843
0.6512228 8.695741 6.6654572
0.61291564 8.542511 6.5122285
0.53630114 8.312668 6.3589997
0.38307226 8.121132 6.2440777
0.26815057 7.967903 6.1674633
0.15322891 7.8529816 6.2057705
0.076614454 7.8529816 6.2440777
0.038307227 7.8146744 6.282385
-0.15322891 7.699753 6.512228
-0.38307226 7.584831 6.933608
-0.45968673 7.6231384 7.163451
-0.34476504 7.8146744 7.201759
-0.2681506 7.967903 7.240066
-0.2681506 8.121132 7.0868373
-0.34476504 8.197746 6.9719152
-0.4213795 8.121132 6.9719152
-0.3830723 8.197746 7.0102224
-0.11492168 8.350975 7.3932953
0.30645782 8.619126 7.776367
0.7661445 9.040506 8.00621
1.1492168 9.346964 8.082825
1.340753 9.461885 7.929596
1.2258313 9.423578 7.6614456
0.8810662 9.193734 7.4316025
0.38307226 8.734048 7.2783732
-0.19153613 8.236053 7.240066
-0.5746084 7.8146744 7.201759
-0.7661445 7.4316025 7.240066
-0.8810662 7.3932953 7.3549876
-0.842759 7.508217 7.3166804
-0.80445176 7.546524 7.3166804
-0.80445176 7.6231384 7.393295

