-0.6895301 7.431602 7.240066
-0.42137948 6.7803793 7.201759
0.2681506 6.1674633 7.163451
0.038307212 7.0485296 7.6614456
-0.19153613 7.31668 7.546524
-0.15322891 7.73806 7.4699097
0.30645782 8.121132 7.3932953
0.5746084 8.465898 7.4699097
0.7661446 8.350976 7.393295
0.9576807 8.389283 7.393295
1.1875241 8.695741 7.4699097
1.4556746 8.887277 7.508217
1.7621324 9.002198 7.73806
2.1068974 8.963891 7.929596
2.336741 8.695741 7.8912888
2.4516625 8.465897 7.8146744
2.4899697 8.312668 7.201759
2.4133554 8.159439 6.512229
2.4899697 8.197746 5.899313
2.681506 8.274361 5.3630114
2.9496565 8.350975 5.1714754
3.3327286 8.6574335 5.324704
3.6774938 8.925584 5.5928555
3.9073372 9.193735 5.8226986
3.9456444 9.346964 5.9759274
3.7924154 9.232042 5.7460837
3.4859576 8.925584 5.4779334
3.1411927 8.504204 5.2097826
2.9113493 8.236053 5.133168
2.9113493 8.159439 5.477933
3.0645783 8.236053 6.090849
3.2944217 8.312668 6.8186865
3.4859576 8.350975 7.3549876
3.4476504 8.274361 7.469909
3.1794999 8.082825 7.0485296
2.7581203 7.8912888 6.3589993
2.2984338 7.6231384 5.5928555
2.030283 7.4316025 5.133168
1.9919758 7.4699097 5.094861
2.2218192 7.6231384 5.516241
2.566584 7.967903 6.2057705
2.9113493 8.274361 6.550536
3.1411927 8.580819 6.550536
3.1794999 8.810662 6.167464
3.1794999 8.925584 5.516241
3.1028852 9.040505 5.1331687
3.0262709 9.040505 4.9799395
2.9879637 9.002198 4.8267107
2.873042 8.925584 4.865018
2.7964275 8.887277 4.9416323
2.7964275 8.810662 5.1714754
2.7581203 8.810662 5.631162
2.834735 8.848969 5.93762
2.834735 8.848969 5.9759274
2.7964277 8.925584 5.592855
2.7198133 8.963891 4.9799395
2.566584 8.925584 4.4819455
2.4133554 8.887277 4.290409
2.1452045 8.734048 4.4053307
1.9153613 8.619126 4.750096
1.7621325 8.542512 5.2863975
1.6472107 8.619126 5.707777
1.5705963 8.695741 5.861006
1.4939818 8.695741 5.746084
1.3407531 8.734048 5.4013195
1.1492169 8.6574335 5.056554
1.0726023 8.6574335 4.9416323
1.0342951 8.772355 5.0182467
1.0726024 8.925584 5.209783
1.1109096 9.002198 5.439626
1.1109096 9.11712 5.516241
1.0726024 9.155427 5.5545483
0.9193735 9.155427 5.401319
0.7661446 9.155427 5.3247046
0.5363012 9.11712 5.2863975
0.2681506 8.963891 5.363012
0.076614454 8.887277 5.6311626
-0.038307227 8.887277 5.66947
-0.038307227 8.887277 5.7843914
0.076614454 9.002198 5.899313
0.22984336 9.078813 5.66947
0.34476507 9.11712 5.592855
0.34476507 9.193734 5.439626
0.15322891 9.11712 5.056554
-0.11492168 9.002198 4.9416323
-0.34476507 8.887277 4.865018
-0.5363012 8.695741 4.865018
-0.5363012 8.772355 4.9416323
-0.4213795 8.848969 4.9799395
-0.34476504 9.002198 4.9416323
-0.2681506 9.155427 4.903325
-0.30645782 9.155427 4.9799395
-0.49799398 9.078813 5.094861
-0.7278373 8.925584 5.2480903
-0.9193734 8.772355 5.439626
-0.9959879 8.734048 5.4779334
-0.9576807 8.695741 5.363012
-0.8810662 8.734048 5.171476
-0.7661445 8.887277 4.903325
-0.53630114 8.925584 4.6351743
-0.38307226 9.040505 4.4436383
-0.30645782 9.040505 4.290409
-0.38307226 8.887277 4.060566
-0.6895301 8.6574335 4.098873
-1.0726024 8.389282 4.1371803
-1.3790603 8.082825 4.2904096
-1.6089036 7.929596 4.5968676
-1.7621325 7.8529816 4.711789
-1.685518 7.8529816 4.9416323
-1.6089035 7.8912888 4.9416323
-1.4173675 7.8529816 4.7884035
-1.0726024 7.929596 4.6351743
-0.7278373 8.0445175 4.55856
-0.3830723 8.236053 4.596867
-0.19153613 8.350975 4.7884035
-0.19153613 8.312668 4.9416323
-0.45968676 8.159439 4.903325
-0.80445176 7.929596 4.8267107
-1.1109096 7.6614456 4.673482
-1.4556746 7.508217 4.596867
-1.6472108 7.3932953 4.4053307
-1.685518 7.3549876 4.252102
-1.6089036 7.546524 3.9839516
-1.3407531 7.6614456 3.677494
-1.0342951 7.8146744 3.5242648
-0.7278373 7.967903 3.371036
-0.45968673 8.082825 3.2944217
-0.34476507 8.236053 3.1028855
-0.34476507 8.312668 2.9113493
-0.4213795 8.312668 2.7581203
-0.5746084 8.236053 2.6048915
-0.7278373 8.121132 2.528277
-0.842759 8.121132 2.566584
-0.8810662 8.236053 2.6048913
-0.80445176 8.312668 2.681506
-0.7661445 8.389282 2.7581205
-0.7278373 8.389282 2.7198133
-0.8810662 8.236053 2.7198133
-1.2258313 8.121132 2.7198133
-1.532289 7.967903 2.7964277
-1.8770541 7.776367 2.9496565
-2.1068974 7.6614456 2.9496565
-2.183512 7.5465236 3.064578
-2.1452048 7.5465236 3.1794996
-1.9919758 7.6231384 3.1794996
-1.7238252 7.776367 3.2944217
-1.4556746 7.929596 3.2561145
-1.1875241 8.082825 3.0262709
-1.0342951 8.236053 2.7964277
-0.99598795 8.312668 2.3750482
-1.0342951 8.350975 1.9919758
-1.1492169 8.389283 1.685518
-1.1492169 8.389283 1.4173675
-1.0726024 8.389282 1.3407528
-1.0342952 8.465897 1.4939818
-1.0342952 8.389282 1.5705963
-0.9959879 8.350975 1.6089036
-1.0726024 8.274361 1.5322891
-1.0726024 8.159439 1.3024458
-1.0342951 8.274361 1.1492168
-1.0342951 8.504204 1.0726024
-0.9959879 8.619126 0.91937345
-0.9959879 8.619126 0.91937345
-1.1109096 8.542511 0.99598795
-1.2258313 8.312668 1.0342951
-1.3407528 8.236053 1.2258313
-1.532289 8.197746 1.532289
-1.685518 8.159439 1.7238252
-1.8770541 8.121132 1.9536686
-2.030283 8.082825 2.0685902
-2.1068974 8.121132 2.1452045
-2.0685902 8.197746 2.2218192
-1.9536686 8.350975 2.4133554
-1.7621324 8.504205 2.6048913
-1.6089035 8.619126 2.6431987
-1.6089035 8.695741 2.6048915
-1.7621324 8.734048 2.2218192
-2.0685902 8.734048 1.685518
-2.4133554 8.6574335 1.0726023
-2.6431987 8.542511 0.72783726
-2.719813 8.350975 0.91937345
-2.6431987 8.159439 1.5705962
-2.4516625 8.082825 2.4899697
-2.2984335 8.121132 3.2944214
-2.183512 8.236053 3.7924154
-2.1068976 8.389283 3.86903
-2.030283 8.542512 3.5625722
-2.030283 8.6574335 3.1411927
-1.9919758 8.6574335 2.6431987
-1.9919758 8.6574335 2.3750482
-2.1068974 8.619126 2.3750482
-2.1068974 8.504205 2.566584
-2.183512 8.542512 2.7964275
-2.2984335 8.389283 2.9879637
-2.3750482 8.236053 3.0262709
-2.4899697 8.159439 2.9879637
-2.5665843 8.082825 2.9496565
-2.6431987 8.197746 2.7964277
-2.681506 8.350975 2.7198133
-2.6431987 8.542511 2.6048913
-2.6048915 8.695741 2.6815062
-2.4516625 8.848969 2.7964277
-2.2601264 8.963891 3.0262709
-2.1452048 8.963891 3.3327289
-2.1452048 9.002198 3.4476504
-2.2601264 8.887277 3.5242648
-2.4899697 8.772355 3.562572
-2.719813 8.695741 3.4093432
-2.834735 8.504204 3.141193
-2.834735 8.427589 2.9496565
-2.681506 8.465897 2.7198133
-2.566584 8.542511 2.6048915
-2.4133554 8.772355 2.5665843
-2.3750482 8.963891 2.5665843
-2.4133554 9.002198 2.4133554
-2.3750482 8.963891 2.2601264
-2.4133554 8.810662 2.1068976
-2.4899697 8.6574335 2.030283
-2.6048915 8.504205 2.2218192
-2.7964275 8.42759 2.4899697
-2.9879637 8.389283 2.9113493
-3.064578 8.389283 3.1794999
-3.0262709 8.42759 3.2944214
-2.9113493 8.42759 3.3327286
-2.7581203 8.465898 3.0645783
-2.4899697 8.504205 2.873042
-2.2218192 8.619126 2.873042
-1.9919758 8.810662 2.873042
-1.685518 9.040505 3.1028855
-1.532289 9.2703495 3.371036
-1.532289 9.500193 3.4476504
-1.7238252 9.576807 3.4476504
-1.9919758 9.461885 3.2944217
-2.2218192 9.193734 3.1411927
-2.4899697 8.925584 2.9496565
-2.719813 8.695741 2.9113493
-2.7964277 8.619126 2.9113493
-2.7964277 8.619126 3.1028855
-2.7198133 8.772355 3.2944217
-2.6048915 8.963891 3.4859576
-2.4899697 9.078813 3.715801
-2.413355 9.232042 3.8307226
-2.413355 9.232042 3.9839516
-2.528277 9.193735 4.1371803
-2.719813 9.040506 4.290409
-2.9496565 8.887277 4.481945
-3.1028852 8.810662 4.6351748
-3.1411924 8.810662 4.7500963
-3.1028852 8.887277 4.865018
-2.9879637 8.963891 4.8267107
-2.873042 8.963891 4.903325
-2.834735 8.925584 5.133168
-2.834735 8.734048 5.286397
-2.7964277 8.465897 5.7077765
-2.7964277 8.159439 6.0142345
-2.681506 7.967903 6.435614
-2.528277 7.967903 6.8186865
-2.4516623 7.929596 6.9719152
-2.4516623 8.0445175 7.086837
-2.566584 7.8912888 6.742072
-2.7581203 7.73806 6.3973074
-2.9496565 7.6614456 5.861006
-2.9879637 7.546524 5.5545483
-2.8730419 7.6614456 5.477934
-2.6431987 7.776367 5.477934
-2.2984338 7.8912888 5.746084
-1.9153614 8.121132 5.93762
-1.6472108 8.312668 6.0908494
-1.4939818 8.465898 6.244078
-1.4939818 8.504205 6.3589997
-1.685518 8.350975 6.397307
-1.9536686 8.0445175 6.4739213
-2.183512 7.8529816 6.397307
-2.528277 7.73806 6.167464
-2.7581203 7.6231384 5.861006
-2.911349 7.546524 5.707777
-3.0262709 7.431602 5.8226986
-2.873042 7.5082164 6.244078
-2.528277 7.699753 6.8569937
-2.1068974 8.082825 7.240066
-1.6472107 8.542511 7.4316025
-1.3407528 8.810661 7.354988
-1.3407528 8.925584 7.2017584
-1.532289 8.772354 7.086837
-1.8770542 8.427589 7.2017584
-2.183512 8.121132 7.584831
-2.2218192 7.967903 8.121132
-2.0685902 8.082825 8.6574335
-1.7238252 8.274361 8.963891
-1.3024457 8.619125 9.078813
-1.0726023 8.887277 8.925584
-1.0726023 8.925584 8.619125
-1.4173675 8.734048 8.236053
-1.9919758 8.159439 7.967903
-2.566584 7.584831 7.8912888
-2.9879637 7.0102224 8.00621
-2.9879637 6.8186865 8.312668
-2.719813 6.8569937 8.580818
-2.336741 6.895301 8.810662
-1.8387469 7.125144 8.887277
-1.4939818 7.163451 8.772355
-1.340753 7.240066 8.504204
-1.2641385 7.2783732 8.0445175
-1.340753 7.2783732 7.6614456
-1.3790601 7.2783732 7.584831
-1.3024457 7.2783732 7.6231384
-1.1875241 7.3166804 7.8529816
-0.9576807 7.3166804 8.159439
-0.8044517 7.393295 8.312668
-0.6129156 7.431602 8.542511
-0.38307226 7.469909 8.542511
-0.038307235 7.5082164 8.657433
0.61291564 7.6231384 8.734047
1.5705962 8.00621 8.887276
2.6815057 8.619126 9.308657
3.5242648 9.308656 9.423578
3.7158008 9.80665 9.155428
3.1794996 9.653421 8.542512
2.0685902 8.848969 7.699753
0.7661445 7.73806 7.0102224
-0.3447651 6.6271505 6.742072
-1.1875241 5.861006 6.703765
-1.7621324 5.516241 6.742072
-2.1068976 5.2863975 6.895301
-2.336741 5.133168 7.0485296
-2.5282772 5.0182467 7.086837
-2.6431987 4.9416323 7.163451
-2.681506 5.056554 7.163451
-2.6048915 5.24809 7.163451
-2.4516625 5.439626 7.2783732
-2.2984335 5.6311626 7.4316025
-2.030283 5.861006 7.546524
-1.7621324 6.090849 7.6614456
-1.4173675 6.5505357 7.8529816
-0.9959879 7.086837 8.121132
-0.7661446 7.431602 8.312668
-0.6512228 7.6231384 8.427589
-0.7278373 7.4699097 8.312668
-0.9576807 7.125144 8.0445175
-1.1875241 6.8186865 7.73806
-1.4173675 6.473922 7.3932953
-1.5705965 6.205771 7.163452
-1.6472108 5.9759274 6.9719152

