-0.9959879 6.4356146 7.393295
-1.2258313 6.512229 7.6614456
-1.532289 6.435614 7.8146744
-1.9536686 6.5122285 7.8912888
-2.183512 6.6654572 7.929596
-2.1452048 6.780379 7.546524
-2.1452048 6.780379 7.316681
-2.030283 6.62715 7.125144
-1.8770542 6.435614 6.933608
-1.685518 6.435614 7.125144
-1.4173675 6.6271505 7.3166804
-1.0726024 6.9719152 7.6231384
-0.6895301 7.3932953 8.00621
-0.30645782 7.699753 8.350975
0.038307227 7.967903 8.580818
0.30645782 8.082825 8.619126
0.49799395 8.197746 8.465897
0.6512228 8.274361 8.159439
0.84275895 8.274361 8.0445175
1.0342951 8.312668 7.967903
1.2258313 8.312668 8.0445175
1.4173675 8.197746 8.121132
1.532289 8.082825 8.082825
1.685518 7.967903 8.00621
1.8004396 7.8529816 7.8146744
1.9153614 7.8529816 7.584831
1.9919758 7.8529816 7.240066
1.9919758 7.8146744 6.8569937
2.030283 7.776367 6.5122285
2.0685902 7.6614456 6.2057705
2.1835117 7.584831 6.0525417
2.3750482 7.584831 6.0525417
2.6431985 7.699753 6.244078
2.9879637 7.8912888 6.5122285
3.2561145 8.0445175 6.8569937
3.4093432 8.159439 7.0485296
3.3327289 8.082825 7.0485296
3.1028852 7.8529816 6.8569937
2.834735 7.699753 6.4739213
2.566584 7.508217 6.1291566
2.4133554 7.393295 5.899313
2.3750482 7.431602 5.746084
2.4133554 7.5082164 5.899313
2.528277 7.699753 6.129156
2.681506 7.8146744 6.2823853
2.7581205 7.929596 6.5505357
2.7581205 7.967903 6.5505357
2.7198133 7.8912888 6.4739213
2.6431987 7.8912888 6.435614
2.6048915 7.8529816 6.3206925
2.6431987 7.8146744 6.205771
2.681506 7.8146744 6.0525417
2.719813 7.8146744 5.861006
2.7964275 7.8529816 5.6311626
2.7964275 7.8529816 5.477934
2.7964275 7.8529816 5.439626
2.834735 7.8912888 5.439626
2.834735 7.8912888 5.4779334
2.873042 8.0445175 5.4779334
2.9879637 8.236053 5.401319
3.0645783 8.389283 5.3247046
3.1028855 8.580819 5.2863975
3.1794999 8.734048 5.2863975
3.1794999 8.848969 5.1331687
3.1028852 8.848969 5.018247
3.064578 8.810662 4.903325
2.9879637 8.6574335 4.903325
2.9113493 8.619126 5.209783
3.026271 8.695741 5.439626
3.1411927 8.887277 5.5928555
3.2561145 9.078813 5.5928555
3.2944217 9.193735 5.363012
3.1795 9.2703495 5.0948615
3.0262709 9.2703495 4.865018
2.9113493 9.346964 4.711789
2.9113493 9.423578 4.711789
2.9879637 9.461885 4.865018
3.1028852 9.576807 5.133168
3.2178068 9.691729 5.363012
3.2561145 9.730036 5.5162406
3.2178068 9.80665 5.4779334
3.0262709 9.615114 5.24809
2.7198129 9.346963 5.0182467
2.4516625 9.11712 4.9416323
2.2601264 8.963891 5.0948615
2.3367407 9.11712 5.4396267
2.528277 9.308657 5.707777
2.719813 9.500193 5.746084
2.7581203 9.653421 5.592855
2.6048915 9.500193 5.24809
2.2601266 9.346963 4.8267107
1.8387469 9.078813 4.711789
1.493982 8.810662 4.6351748
1.2258313 8.695741 4.7500963
1.1109096 8.619126 5.0948615
1.1492168 8.695741 5.2863975
1.187524 8.734048 5.4396267
1.2258313 8.848969 5.477934
1.2258313 8.887277 5.4396267
1.1492169 8.925584 5.2863975
1.0726024 8.963891 4.9799395
0.9193734 8.887277 4.7500963
0.7661445 8.848969 4.4819455
0.5363012 8.695741 4.405331
0.22984336 8.580819 4.5202527
0.038307227 8.465898 4.55856
-0.15322891 8.350975 4.55856
-0.26815057 8.350975 4.5202527
-0.22984336 8.389282 4.55856
-0.22984336 8.42759 4.5968676
-0.19153613 8.504205 4.711789
-0.15322891 8.580819 4.865018
-0.11492168 8.6574335 4.9416323
-0.038307227 8.734048 4.9416323
-0.038307227 8.772355 4.9799395
-0.15322891 8.695741 4.9799395
-0.34476504 8.542511 4.9799395
-0.6512229 8.389282 5.094861
-0.91937345 8.159439 5.133168
-1.1492169 8.00621 5.0182467
-1.1875241 8.00621 4.865018
-1.1492169 8.0445175 4.7500963
-1.0342951 8.159439 4.5968676
-0.7661445 8.350975 4.405331
-0.61291564 8.465897 4.2521024
-0.42137948 8.619126 3.9456444
-0.30645782 8.772355 3.7541084
-0.26815057 8.772355 3.677494
-0.30645782 8.695741 3.677494
-0.4213795 8.580819 3.8307228
-0.49799395 8.389283 3.9839516
-0.61291564 8.274361 4.2521024
-0.7278373 8.197746 4.5202527
-0.7661445 8.082825 4.6351743
-0.7661445 8.121132 4.6351743
-0.68953 8.197746 4.367024
-0.49799395 8.274361 3.9839516
-0.4213795 8.42759 3.6774936
-0.45968673 8.42759 3.3710358
-0.61291564 8.350975 3.3327286
-0.91937345 8.236053 3.3710358
-1.1492169 8.121132 3.4476504
-1.340753 8.082825 3.6391866
-1.4939818 8.00621 3.6774938
-1.6089035 8.00621 3.6774938
-1.7621324 7.929596 3.6774938
-1.9153614 7.776367 3.4476504
-1.9919758 7.776367 3.2944214
-2.030283 7.73806 3.1794999
-1.9919758 7.8146744 3.1411927
-1.9919758 7.8912888 3.371036
-2.030283 7.929596 3.4859576
-2.1452048 7.8912888 3.5242648
-2.336741 7.776367 3.4859576
-2.4133554 7.776367 3.3327286
-2.528277 7.699753 3.2944214
-2.566584 7.699753 3.2944214
-2.528277 7.73806 3.2944214
-2.528277 7.776367 3.2561142
-2.4133554 7.8912888 3.2561142
-2.2984338 8.0445175 3.2561142
-2.2218194 8.159439 3.217807
-2.1452048 8.197746 3.3327289
-2.183512 8.159439 3.2944217
-2.3367407 8.00621 3.2944217
-2.566584 7.8146744 3.2561145
-2.873042 7.6231384 3.1028855
-3.1411924 7.4316025 3.1028855
-3.2561145 7.3549876 3.217807
-3.2944217 7.3166804 3.371036
-3.217807 7.3549876 3.5625722
-3.1028852 7.546524 3.5625722
-2.9496565 7.776367 3.371036
-2.7964277 7.8912888 3.1411927
-2.6815062 7.929596 2.7964275
-2.6431987 7.8529816 2.2984335
-2.681506 7.8146744 2.1835117
-2.681506 7.8146744 2.221819
-2.7581205 7.699753 2.221819
-2.719813 7.469909 2.336741
-2.7581203 7.431602 2.336741
-2.911349 7.3549876 2.2984335
-3.0262709 7.393295 2.2984335
-3.1028852 7.546524 2.1452045
-3.1411924 7.584831 2.030283
-3.064578 7.6614456 1.9153614
-2.9879637 7.6231384 1.8770542
-3.0262709 7.584831 1.9536686
-3.1028855 7.5082164 1.9919758
-3.1794999 7.393295 2.1068974
-3.2561142 7.3166804 2.2601264
-3.2944214 7.201759 2.4516625
-3.1794999 7.1634517 2.7964277
-3.1028855 7.201759 3.026271
-3.0645783 7.2783732 2.9496562
-3.0262709 7.393295 2.7581203
-3.1411927 7.469909 2.3750482
-3.217807 7.5465236 2.030283
-3.2561142 7.469909 1.9536686
-3.2561142 7.3549876 1.9919758
-3.2944214 7.2017584 2.2601264
-3.4476504 6.9336076 2.6431985
-3.6391864 6.856993 2.873042
-3.8307228 6.8953004 3.141193
-3.9073372 7.0102224 3.0262709
-3.8307228 7.240066 2.7964277
-3.7541084 7.508217 2.75812
-3.7541084 7.6614456 2.75812
-4.098873 7.8529816 3.0262709
-4.252102 7.776367 3.1411927
-4.1371803 7.776367 3.1794999
-3.7541084 7.8529816 3.4859576
-3.2561145 8.0445175 3.7541082
-2.7964277 8.427589 3.9456444
-2.566584 8.810662 3.9839516
-2.6431985 8.925584 3.715801
-2.9113493 9.002198 3.4476504
-3.2178073 8.695741 3.2561142
-3.4093432 8.312668 3.1028852
-3.371036 8.121132 3.2561142
-3.1411927 7.967903 3.5242648
-2.9113493 8.0445175 3.715801
-2.7581203 8.236053 3.7924154
-2.719813 8.350975 3.6391864
-2.7581203 8.427589 3.3327286
-2.7581203 8.427589 2.9113493
-2.7581203 8.312668 2.528277
-2.7581203 8.159439 2.0685902
-2.7964275 8.0445175 1.7238251
-2.873042 8.00621 1.6855179
-2.834735 8.0445175 1.9536685
-2.7581203 8.236053 2.4133554
-2.566584 8.312668 2.719813
-2.336741 8.465897 2.7964275
-2.2984338 8.619126 2.528277
-2.336741 8.619126 2.1452048
-2.4516628 8.695741 2.030283
-2.5665843 8.695741 2.030283
-2.5665843 8.580819 2.2984335
-2.4133554 8.580819 2.719813
-2.1452045 8.734048 2.9879637
-1.7238252 8.963891 3.2944217
-1.8004397 9.155427 3.3327289
-1.9919758 9.155427 3.371036
-2.1835117 9.193734 3.5242648
-2.2601264 9.193734 3.9073372
-2.1452048 9.078813 4.175488
-1.9919758 9.117121 4.367024
-1.7621324 9.078814 4.4436383
-1.6472108 9.117121 4.367024
-1.685518 9.117121 4.596867
-1.8770541 8.963891 4.7500963
-2.1068974 8.925584 4.903325
-2.2984338 8.848969 4.865018
-2.336741 8.887277 4.405331
-2.2218192 8.848969 4.4819455
-2.0685902 8.848969 4.8267107
-1.8770542 8.695741 5.401319
-1.8004397 8.6574335 6.0142345
-1.685518 8.810662 6.320692
-1.4556746 9.078813 6.550536
-1.2258313 9.576807 6.703765
-0.9193734 9.883265 6.7803793
-0.7661445 9.959879 6.895301
-0.842759 9.80665 6.895301
-0.8810662 9.461885 6.895301
-0.91937345 9.11712 7.125144
-0.8810662 8.887277 7.4699087
-0.6895301 8.810662 7.967903
-0.5363012 8.925584 8.236053
-0.45968676 9.040505 8.159439
-0.45968676 9.002198 7.8529816
-0.61291564 8.734048 7.393295
-0.8044518 8.236053 7.086837
-0.80445176 7.4699097 7.086837
-0.5363012 7.508217 7.316681
-0.114921674 7.73806 7.508217
0.38307226 8.121132 7.546524
0.84275895 8.465897 7.4699097
1.1875241 8.734048 7.3549876
1.3790603 8.848969 7.2783732
1.3024458 8.848969 7.201759
1.0342951 8.619125 7.2783732
0.7278373 8.197746 7.4316025
0.38307226 7.776367 7.354988
0.19153613 7.4699097 7.4316025
0.26815057 7.546524 7.6614456
0.6895301 8.00621 7.8529816
0.8044517 8.159439 7.929596
0.9193735 8.121132 7.8146744
1.0342951 8.159439 7.967903
1.340753 8.350975 8.274361
1.8004397 8.69574 8.504204
2.4133554 9.308657 8.695741
2.4516625 9.385271 8.42759
2.2984338 9.232041 8.159439
1.9536686 8.925584 7.929596
1.5705965 8.465897 7.73806
1.3024458 8.082825 7.6614456
1.0726024 7.776367 7.546524
1.0342952 7.584831 7.4699097
1.1109096 7.6614456 7.2783732
1.2258313 7.73806 7.163451
1.340753 7.8146744 7.086837
1.4173673 7.8912888 6.9719152
1.4173673 7.8529816 6.9719152
1.4173673 7.8146744 6.9719152
1.4173673 7.73806 7.163451
1.4173673 7.6614456 7.393295
1.4173673 7.584831 7.546524
1.3024458 7.469909 7.73806
1.2258313 7.393295 7.699753
1.187524 7.3166804 7.508217
1.1109096 7.2783732 7.3166804
1.1492169 7.240066 7.0485296
1.1875241 7.240066 6.895301
1.1875241 7.354988 6.895301
1.1875241 7.3932953 7.0102224
1.2258313 7.508217 7.125144
1.1875241 7.584831 7.240066
1.1109096 7.431602 7.3549876
1.0342951 7.240066 7.4316025
0.9193735 7.0102224 7.4699097
0.9193735 6.8186865 7.508217
0.9959879 6.7803793 7.4316025
1.0726024 6.9719152 7.4316025
1.0726024 7.2017584 7.4699097
0.99598795 7.431602 7.4316025
0.80445176 7.546524 7.4316025
0.61291564 7.3166804 7.3549876
0.42137948 6.9719152 7.3549876

