0.30645782 6.5122285 7.5082164
0.30645782 6.2057705 7.699753
0.4213795 6.129156 7.8146744
0.22984336 6.7803793 7.8912888
0.4213795 7.278373 8.236053
0.7661445 7.8529816 8.465897
1.2641385 8.465898 8.619126
1.9919757 9.232042 8.542512
2.1835117 9.308657 7.929596
2.2218192 9.2703495 7.2783737
2.1068974 9.2703495 6.7803793
1.8770542 9.002198 6.703765
1.532289 8.542511 6.7803793
1.1875241 8.159439 6.9719157
0.9959879 7.776367 7.1634517
1.0726023 7.699753 7.1634517
1.3790601 7.929596 7.125144
1.8004396 8.274361 7.086837
2.183512 8.580819 6.9719152
2.4133554 8.887277 6.8569937
2.5665843 9.002198 6.62715
2.5282772 9.002198 6.3589997
2.4133554 8.925584 6.0908494
2.2601264 8.695741 5.93762
2.030283 8.427589 5.9759274
1.8770542 8.121132 6.1674633
1.7621324 7.929596 6.4739213
1.7238252 7.8529816 6.7037644
1.838747 7.8912888 6.8569937
1.9919758 8.082825 6.8186865
2.183512 8.350975 6.550536
2.4133554 8.619126 6.1674633
2.5665843 8.848969 5.861006
2.6431987 8.887277 5.66947
2.6048915 8.810662 5.66947
2.4899697 8.580819 5.93762
2.375048 8.350975 6.2440777
2.221819 8.121132 6.5888433
2.1452045 7.929596 6.8569937
2.1068974 7.8529816 6.742072
2.183512 8.082825 6.129156
2.2984338 8.312668 5.3630114
2.4516625 8.580819 4.750096
2.6048915 8.925584 4.55856
2.6431987 8.963891 4.7884035
2.719813 9.040505 5.2480903
2.719813 9.002198 5.5545483
2.681506 8.848969 5.6311626
2.6048913 8.695741 5.66947
2.528277 8.580819 5.5545483
2.4899697 8.580819 5.363012
2.4133554 8.580819 5.133168
2.375048 8.580819 4.903325
2.3367407 8.6574335 4.7500963
2.3367407 8.734048 4.711789
2.4133554 8.848969 4.865018
2.5282772 9.002198 5.2480903
2.6431987 9.040505 5.554548
2.681506 9.002198 5.707777
2.6431987 8.810662 5.707777
2.4899697 8.6574335 5.477934
2.336741 8.504205 5.2480903
2.183512 8.465898 5.209783
2.1452045 8.542512 5.171476
2.2601264 8.6574335 5.094861
2.3750482 8.810662 5.094861
2.5665843 8.963891 5.0182467
2.681506 9.078813 4.903325
2.719813 9.232042 4.903325
2.719813 9.193735 4.865018
2.6431987 9.078814 4.7884035
2.6048915 9.002199 4.7884035
2.5665843 8.810662 4.711789
2.5282772 8.810662 4.5202527
2.5282772 8.772355 4.367024
2.4899697 8.772355 4.1754875
2.3750482 8.810662 3.9456444
2.336741 8.772355 3.9456444
2.2601264 8.810662 3.9456444
2.2218192 8.810662 3.9456444
2.183512 8.695741 3.86903
2.0685902 8.580818 3.6391864
1.9919758 8.389282 3.371036
1.9536686 8.312668 3.064578
2.030283 8.312668 2.9879637
2.183512 8.504204 2.7964275
2.375048 8.810662 2.7581203
2.566584 9.155428 2.7581203
2.719813 9.461885 2.6431987
2.834735 9.653421 2.7964277
2.873042 9.653421 2.9113493
2.719813 9.461885 3.1411927
2.4516625 9.232041 3.371036
2.1068974 8.848969 3.4093432
1.8387469 8.619125 3.371036
1.7238252 8.504204 3.256114
1.8387468 8.619125 3.1794996
2.183512 8.925584 2.9879637
2.566584 9.270349 2.6431985
2.8730419 9.5385 2.2601264
3.0262709 9.653421 1.9536686
3.0262709 9.615114 1.9153614
2.9496565 9.423578 2.030283
2.834735 9.193735 2.183512
2.7581205 8.925584 2.2218192
2.6815062 8.734048 2.2218192
2.6431987 8.6574335 2.375048
2.7964277 8.772355 2.528277
2.9496565 8.848969 2.6048913
3.1028852 8.963891 2.4899697
3.1794996 9.040505 2.1452045
3.1411924 9.040505 1.7621324
3.064578 9.11712 1.4939818
2.9879637 9.040505 1.340753
2.873042 9.040505 1.4556746
2.7198133 8.963891 1.6472107
2.6048915 8.887277 1.9919758
2.4899697 8.963891 2.3750482
2.4133554 8.887277 2.4516625
2.3750482 8.887277 2.4899697
2.2984335 8.848969 2.2984335
2.2218192 8.810662 1.9919758
2.2218192 8.848969 1.9536686
2.2218192 8.734048 1.8770541
2.183512 8.6574335 1.9919758
2.1068974 8.542512 2.1835117
1.9919758 8.42759 2.2601264
1.8770541 8.504205 2.2218192
1.8770541 8.619126 2.030283
1.9536686 8.772355 1.8387468
1.7238252 8.848969 1.6089036
1.6472108 8.887277 1.4556746
1.9153614 8.887277 1.2641385
2.1068974 8.925584 1.2258313
2.4516625 9.155427 1.4173675
2.6048913 9.346964 1.685518
2.3367407 9.346964 2.0685902
2.030283 9.155428 2.3750482
1.8387469 8.848969 2.4516625
1.6472107 8.465898 2.3750482
1.532289 8.274361 2.183512
1.4939818 8.312668 1.9153614
1.4939818 8.350975 1.532289
1.532289 8.42759 1.340753
1.5705962 8.542512 1.3024457
1.6472108 8.542512 1.340753
1.7621324 8.580819 1.4556745
1.838747 8.6574335 1.4173673
1.7621325 8.619126 1.2258313
1.685518 8.504204 1.0342951
1.5322891 8.389282 0.95768064
1.340753 8.236053 1.0726023
1.2258313 8.082825 1.3790601
1.0726024 7.967903 1.685518
0.9576807 7.8146744 2.030283
0.91937345 7.699753 2.183512
0.8810662 7.776367 2.0685902
0.842759 7.8912888 1.8770541
0.7661445 7.967903 1.6089035
0.6512228 8.00621 1.3790601
0.5363012 7.8912888 1.532289
0.45968676 7.8146744 1.685518
0.45968676 7.776367 1.8004396
0.38307226 7.929596 1.8770542
0.30645782 8.00621 1.6089035
0.11492168 8.00621 1.2641385
-0.15322891 7.967903 0.9959879
-0.34476504 7.73806 0.842759
-0.49799395 7.699753 0.8810662
-0.53630114 7.776367 0.9576807
-0.45968673 7.967903 1.0726024
-0.30645782 8.236053 1.1875241
-0.11492168 8.427589 1.1875241
0.076614454 8.619126 1.2641385
0.19153613 8.810662 1.2258313
0.19153613 8.925584 1.0342951
0.11492168 9.002198 0.80445176
-0.076614454 8.925584 0.57460845
-0.2681506 8.772355 0.49799395
-0.45968673 8.580819 0.6129156
-0.61291564 8.312668 0.9193734
-0.7661446 8.082825 1.3024457
-0.8810662 7.8912888 1.5705963
-0.8810662 7.776367 1.6472107
-0.8810662 7.967903 1.532289
-0.6895301 8.236053 1.2258313
-0.49799395 8.542512 0.8810662
-0.30645782 8.848969 0.61291564
-0.11492168 9.040506 0.34476507
-0.076614454 9.2703495 0.19153613
-0.11492168 9.423578 0.038307227
-0.2681506 9.461885 -0.038307227
-0.57460845 9.270349 0.11492168
-0.95768064 8.887277 0.45968673
-1.3407528 8.427589 0.9576807
-1.6472108 8.159439 1.4173673
-1.7238252 8.082825 1.532289
-1.5705963 8.159439 1.2641385
-1.340753 8.312668 0.8044518
-1.0726023 8.580819 0.3830723
-0.84275895 9.002198 0.22984336
-0.8810662 9.193734 0.49799398
-0.9959879 9.078813 0.68953013
-1.1875241 8.925584 0.842759
-1.3407528 8.580818 1.0342952
-1.4939818 8.236053 1.1109096
-1.6855179 8.082825 1.3024457
-1.8004396 8.0445175 1.4939818
-1.9153614 8.159439 1.685518
-1.9153614 8.389282 1.7238252
-1.7238252 8.465898 1.7238252
-1.4939818 8.619126 1.8387468
-1.3024457 8.734048 1.9536686
-1.3024457 8.695741 2.1452045
-1.4939818 8.734048 2.2601264
-1.8387469 8.580819 2.2218192
-2.1452045 8.350975 2.0685902
-2.336741 8.159439 1.8770542
-2.4133554 7.967903 1.7621324
-2.375048 7.8529816 1.7621324
-2.3367407 7.8912888 1.9153614
-2.3367407 7.929596 2.0685902
-2.4133554 8.121132 2.1452048
-2.4516625 8.274361 2.1452048
-2.4899697 8.427589 2.2601264
-2.4133554 8.6574335 2.528277
-2.2218194 8.6574335 2.9113493
-2.0685904 8.695741 3.1794999
-1.9153614 8.504204 3.2944214
-1.8770542 8.274361 3.2944214
-1.9153614 8.082825 3.217807
-2.030283 7.929596 3.217807
-2.183512 7.967903 3.3710358
-2.2601264 8.0445175 3.4859576
-2.2984335 8.274361 3.7541082
-2.2601264 8.542511 4.060566
-2.1452045 8.772354 4.1754875
-2.1452045 9.040505 4.405331
-2.1835117 9.11712 4.5202527
-2.221819 9.11712 4.7500963
-2.221819 9.193734 4.9416323
-2.0685902 9.232041 5.209783
-1.9153614 9.576807 5.5928555
-1.9153614 9.998187 5.5928555
-2.183512 10.189723 5.707777
-2.6431985 10.189723 5.746084
-3.1028852 9.921572 5.8226986
-3.2944214 9.653421 6.2440777
-3.1794999 9.5385 6.895301
-2.7964275 9.768343 7.4699087
-2.336741 10.113108 7.8912888
-1.991976 10.457873 8.159439
-1.838747 10.764331 8.197746
-1.9153614 10.726024 8.0445175
-2.183512 10.457872 7.6614456
-2.528277 10.036493 7.1634517
-2.873042 9.500193 6.5505357
-3.1411927 8.963891 6.167464
-3.217807 8.580818 6.0142345
-3.1028855 8.197746 6.2057705
-2.7581203 8.0445175 6.703765
-2.2218192 8.197746 7.354987
-1.6472108 8.580818 7.929596
-1.2641385 8.963891 8.159439
-1.1492168 9.193735 8.00621
-1.3790601 9.078813 7.546524
-1.7621324 8.542511 7.086837
-2.030283 8.082825 6.895301
-2.0685902 7.776367 6.9719152
-1.8387468 7.73806 7.163451
-1.4173675 8.0445175 7.4699097
-0.84275895 8.465897 7.6614456
-0.30645782 8.925584 7.8529816
0.22984335 9.38527 7.967903
0.03830722 9.232041 7.967903
-0.38307226 8.810662 7.8146744
-0.842759 8.389282 7.73806
-1.1492168 8.00621 7.776367
-1.3790601 7.699753 7.8529816
-1.340753 7.6231384 7.929596
-0.95768064 7.6614456 8.121132
-0.6895301 7.8529816 8.082825
-0.45968673 8.00621 8.0445175
-0.34476504 8.121132 8.121132
-0.30645782 8.082825 8.0445175
-0.34476504 8.0445175 8.00621
-0.45968673 7.8529816 8.00621
-0.61291564 7.699753 7.73806
-0.6512228 7.546524 7.776367
-0.72783726 7.508217 7.776367
-0.88106626 7.3549876 7.8146744
-1.0726023 7.163451 7.8529816
-1.2258313 7.0102224 7.8912888
-1.340753 6.7803793 8.0445175
-1.3024458 6.6271505 8.197746
-1.1875241 6.5888433 8.389283
-1.1109096 6.6654577 8.312669
-1.0726024 6.895301 8.197746
-1.1109096 7.0102224 7.967903
-1.2641385 6.9336076 7.699753
-1.340753 6.818686 7.584831
-1.3790601 6.780379 7.6231384
-1.3024458 6.7037644 7.584831
-1.1492169 6.8569937 7.699753
-0.842759 6.933608 7.699753
-0.53630114 7.0102224 7.699753
-0.19153613 7.086837 7.6614456
0.30645782 6.9336076 7.354988
0.8810662 6.856993 7.2400656
1.6089036 7.201759 7.3932943
1.9919758 7.5848308 7.508217
1.9153614 7.8529816 7.776367
1.3790601 7.8146744 7.8146744
0.4213795 7.240066 7.546524
-0.53630114 6.5888433 7.3549876
-1.3407528 6.167464 7.240066
-1.9153614 5.93762 7.201759
-2.3367407 5.8226986 7.1634517
-2.528277 5.7843914 7.240066
-2.566584 5.707777 7.2783732
-2.566584 5.707777 7.469909
-2.3750482 5.746084 7.6614456
-2.1452045 5.899313 7.699753
-1.8387468 6.2057705 7.73806
-1.0342951 6.6271505 7.508217
-0.6512228 6.8186865 7.431602
-0.4213795 6.933608 7.278373
-0.26815057 7.0102224 7.2017584
-0.19153613 7.163451 7.163451

