-0.19153613 7.163451 7.086837
-0.22984336 6.3973074 7.776367
-0.076614454 6.550536 7.967903
-0.03830722 6.742072 8.0445175
0.11492169 6.9719152 8.159439
0.49799395 7.3166804 7.8529816
0.6512229 7.2017584 7.431602
0.8044518 7.2400656 6.9336076
1.0342951 7.316681 6.5122285
1.2258313 7.4699097 6.3589993
1.3790601 7.699753 6.512228
1.532289 7.8529816 6.8186865
1.6472107 8.0445175 7.0102224
1.8387469 8.236053 7.2017584
2.1068976 8.580818 7.2017584
2.4133554 8.925585 7.125144
2.681506 9.002199 7.163451
2.7581205 8.925585 7.086837
2.681506 8.580819 7.086837
2.528277 8.082825 6.933608
2.4133554 7.73806 6.703765
2.3750482 7.469909 6.6654577
2.4516625 7.2400656 6.6654577
2.566584 7.2400656 6.8569937
2.7581203 7.278373 7.086837
2.987964 7.4699097 7.278373
3.2561145 7.73806 7.393295
3.4859576 7.8912888 7.393295
3.6008794 8.0445175 7.240066
3.6008794 8.00621 6.9719152
3.4859576 7.8529816 6.62715
3.2944214 7.699753 6.3589997
3.1028855 7.508217 6.1674633
2.9879637 7.393295 6.1674633
2.9496565 7.431602 6.282385
3.0262709 7.546524 6.5122285
3.1028855 7.699753 6.780379
3.2561142 7.929596 6.856993
3.4093432 8.0445175 6.856993
3.5242648 8.197746 6.588843
3.6391866 8.236053 6.2823853
3.6774938 8.197746 6.0525417
3.6774938 8.236053 5.861006
3.6391866 8.121132 5.8226986
3.6391866 8.121132 5.861006
3.6391866 8.159439 6.0525417
3.6008792 8.121132 6.2057705
3.6391864 8.121132 6.435614
3.562572 8.082825 6.588843
3.4859576 7.967903 6.397307
3.4476504 7.967903 6.3589997
3.3327289 7.967903 6.0525417
3.2944217 7.967903 5.784391
3.3327289 8.082825 5.7460837
3.4093432 8.197746 5.592855
3.5242648 8.389282 5.592855
3.6008792 8.465897 5.66947
3.562572 8.427589 5.66947
3.4476502 8.236053 5.6311626
3.2944214 8.00621 5.5545483
3.1794999 7.967903 5.439626
3.1411924 7.967903 5.363012
3.2178068 8.121132 5.363012
3.371036 8.312668 5.477934
3.4859576 8.350975 5.4396267
3.562572 8.465897 5.363012
3.4859574 8.389282 5.2480903
3.2944214 8.350975 5.056554
3.1794999 8.274361 4.9799395
3.1028852 8.274361 5.094861
3.1794996 8.389282 5.3247046
3.2944217 8.427589 5.5162406
3.371036 8.6574335 5.7843914
3.4476504 8.772355 5.8226986
3.4093432 8.887277 5.707777
3.4093432 8.963891 5.5162406
3.371036 8.963891 5.2480903
3.2561145 8.887277 5.056554
3.1411927 8.887277 4.8267107
3.064578 8.887277 4.7884035
2.9879637 8.887277 4.711789
2.9496565 9.002198 4.673482
2.9113493 9.002198 4.7500963
2.873042 9.078813 4.7884035
2.834735 9.11712 4.865018
2.719813 9.11712 4.7500963
2.566584 9.078813 4.55856
2.336741 9.002198 4.3287168
2.1068976 9.040505 4.252102
1.9153614 9.002198 4.290409
1.8004398 9.078813 4.3287163
1.7238252 9.155427 4.4436383
1.685518 9.193734 4.4436383
1.685518 9.2703495 4.5202527
1.685518 9.2703495 4.596867
1.6472108 9.232042 4.6351743
1.532289 9.11712 4.7500963
1.340753 8.963891 4.6734815
1.1109096 8.887277 4.55856
0.91937345 8.925584 4.55856
0.8810662 8.963891 4.405331
0.95768064 9.078813 4.405331
1.0726023 9.193735 4.5202527
1.1492169 9.2703495 4.5202527
1.1109096 9.346964 4.4819455
1.0726023 9.346964 4.4819455
0.95768064 9.308656 4.367024
0.91937345 9.270349 4.3287168
0.91937345 9.232041 4.4819455
0.84275895 9.193734 4.5585604
0.7661445 9.11712 4.6351748
0.6512228 8.963891 4.6351748
0.49799395 8.810662 4.4436383
0.4213795 8.619126 4.3670235
0.49799395 8.542512 4.3287163
0.5746084 8.580819 4.3670235
0.7278373 8.6574335 4.3670235
0.842759 8.810662 4.290409
0.88106626 8.925584 4.252102
0.88106626 8.925584 3.9839516
0.7661446 8.887277 3.8307226
0.5746084 8.772355 3.6391864
0.34476504 8.580819 3.409343
0.15322891 8.427589 3.3710358
0.076614454 8.312668 3.2561142
0.076614454 8.312668 3.2561142
0.15322891 8.350975 3.2944217
0.19153613 8.427589 3.2944217
0.19153613 8.504205 3.4093432
0.22984336 8.580819 3.4093432
0.19153613 8.695741 3.4476504
0.19153613 8.695741 3.3327289
0.19153613 8.772355 3.141193
0.11492168 8.695741 3.0262709
0.038307227 8.619126 2.7964277
-0.11492168 8.542511 2.7581203
-0.30645782 8.427589 2.719813
-0.4213795 8.389282 2.7964277
-0.49799398 8.389282 2.9113493
-0.5363012 8.389282 2.9496565
-0.5746084 8.427589 3.0262709
-0.61291564 8.465897 2.9496565
-0.6895301 8.427589 2.9113493
-0.6895301 8.427589 2.834735
-0.72783726 8.350975 2.7581203
-0.84275895 8.312668 2.681506
-0.8810662 8.312668 2.681506
-1.0342952 8.350975 2.681506
-1.1109096 8.42759 2.7581205
-1.1875241 8.465898 2.834735
-1.2641385 8.427589 3.0262709
-1.2258313 8.312668 3.064578
-1.1875241 8.236053 3.1028852
-1.1875241 8.197746 3.0262709
-1.1875241 8.159439 2.9496565
-1.1875241 8.121132 2.834735
-1.1875241 8.0445175 2.7964277
-1.2258313 7.967903 2.7581205
-1.3024457 7.8912888 2.719813
-1.3790601 7.8529816 2.681506
-1.4556746 7.929596 2.6048915
-1.4939818 7.929596 2.566584
-1.4556745 7.8912888 2.528277
-1.4556745 7.8529816 2.566584
-1.4173673 7.8146744 2.528277
-1.3407528 7.776367 2.528277
-1.3024457 7.967903 2.566584
-1.1875241 8.121132 2.4899697
-1.0342951 8.197746 2.4516625
-0.9959879 8.274361 2.3367407
-1.0342951 8.159439 2.2218192
-1.1875241 8.00621 2.2601264
-1.4173675 7.8146744 2.2218192
-1.6089036 7.699753 2.2984335
-1.7238252 7.6231384 2.375048
-1.7621324 7.546524 2.4899697
-1.7238252 7.584831 2.719813
-1.6472107 7.6231384 2.834735
-1.5705963 7.6231384 2.873042
-1.6089035 7.699753 2.719813
-1.6472107 7.776367 2.4133554
-1.7238252 7.776367 2.1068974
-1.838747 7.8912888 1.7621324
-1.8770542 7.8146744 1.8387469
-1.8770542 7.8529816 2.1452048
-1.8387469 7.8912888 2.528277
-1.8387469 7.8912888 2.7964275
-1.9153614 8.00621 3.064578
-2.030283 7.967903 3.0262709
-2.1452045 7.929596 2.834735
-2.2601264 7.929596 2.681506
-2.2601264 7.8912888 2.4516625
-2.2218192 7.967903 2.4516625
-2.1068974 8.0445175 2.4899697
-1.9919758 8.197746 2.5665843
-1.9153614 8.312668 2.719813
-1.8004396 8.312668 2.8730419
-1.8770542 8.350975 3.064578
-1.9919758 8.350975 3.1411927
-2.1452048 8.312668 3.2561142
-2.3750482 8.389282 3.1794999
-2.4516625 8.465898 3.1028855
-2.4899697 8.42759 3.1028855
-2.4516625 8.42759 3.0262709
-2.375048 8.350975 2.9113493
-2.3367407 8.312668 2.7198129
-2.3367407 8.274361 2.528277
-2.4516625 8.274361 2.2984338
-2.5665843 8.274361 2.2984338
-2.681506 8.274361 2.336741
-2.681506 8.197746 2.528277
-2.4516625 8.197746 3.1028855
-2.2601264 8.082825 3.4476504
-2.1068976 8.082825 3.6391866
-1.9536686 7.967903 3.7158012
-1.9153614 8.082825 3.6008794
-1.9919758 8.159439 3.2944214
-2.183512 8.197746 2.9879637
-2.3750482 8.159439 2.681506
-2.5665843 7.8912888 2.5282772
-2.6431987 7.6231384 2.6048915
-2.6048915 7.3932953 2.873042
-2.4899697 7.240066 3.2944217
-2.375048 7.240066 3.6774938
-2.3367407 7.3932953 3.8307226
-2.413355 7.6231384 3.8307226
-2.566584 7.8146744 3.6774936
-2.681506 7.8912888 3.3710358
-2.681506 7.8529816 3.2561142
-2.4899697 7.776367 3.2944214
-2.2218192 7.8146744 3.5625722
-1.8770541 7.8146744 4.0222588
-1.5705963 8.0445175 4.673482
-1.3790601 8.236053 5.133168
-1.340753 8.42759 5.24809
-1.5705962 8.619126 5.133168
-1.877054 8.619126 4.673482
-2.1452048 8.542511 4.213795
-2.2984335 8.389282 3.9839516
-2.1452048 8.350975 4.060566
-1.838747 8.389282 4.405331
-1.5705965 8.580819 4.9799395
-1.3790603 8.810662 5.66947
-1.4556746 9.002198 6.1291566
-1.7238252 9.040505 6.3589997
-2.1452045 8.963891 6.397307
-2.6048913 8.772355 6.1674633
-2.9496565 8.504204 6.0142345
-3.1794996 8.274361 5.9759274
-3.1411924 8.121132 6.1291566
-2.9496565 8.159439 6.4739213
-2.6431985 8.427589 7.0102224
-2.3750482 8.772355 7.5465236
-2.2218192 9.155427 7.776367
-2.2218192 9.500193 7.776367
-2.4516625 9.576807 7.4699097
-2.7964275 9.308657 7.086837
-3.1794999 8.810662 6.895301
-3.5242648 8.121132 6.895301
-3.4859576 7.584831 7.240066
-2.681506 7.546524 8.121132
-1.8770541 8.0445175 8.580818
-1.187524 8.580818 8.734047
-0.5746084 9.155428 8.887277
-0.30645782 9.461885 8.580818
-0.49799395 9.346964 8.082825
-0.9959879 8.810662 7.5082164
-1.685518 8.0445175 6.8953004
-2.2984338 7.2783737 6.5122285
-2.6048915 6.7803793 6.5122285
-2.5665843 6.742072 6.7803793
-2.183512 6.9719152 7.086837
-1.6089035 7.431602 7.393295
-0.9576807 8.00621 7.3549876
-0.30645782 8.619125 6.856993
-0.45968673 8.465897 6.588843
-0.842759 8.0445175 6.5505357
-1.2258313 7.584831 6.6271505
-1.4939818 7.2783737 6.8569937
-1.4556746 7.2400656 7.163452
-1.1875241 7.508217 7.4699097
-0.80445176 7.8912888 7.699753
-0.3830723 8.274361 7.699753
-0.076614454 8.580819 7.5082164
0.076614454 8.6574335 7.393295
0.038307227 8.6574335 7.240066
-0.076614454 8.580819 7.3166804
-0.30645782 8.389282 7.699753
-0.6512228 8.0445175 8.312668
-0.72783726 7.8912888 8.619126
-0.61291564 7.929596 8.695741
-0.49799395 8.00621 8.6574335
-0.34476504 8.082825 8.6574335
-0.22984335 8.197746 8.619126
-0.19153613 8.236053 8.580819
-0.19153613 8.121132 8.734048
-0.30645782 7.967903 8.848969
-0.57460845 7.584831 8.848969
-0.842759 7.1251445 8.925584
-1.1109096 6.703765 8.887277
-1.2641385 6.2823853 8.848969
-1.2258313 6.205771 8.772355
-1.1109096 6.3206925 8.580818
-0.8810662 6.5505357 8.389282
-0.6895301 6.895301 8.121132
-0.45968673 7.125144 7.8912888
-0.2681506 7.3549876 7.584831
-0.22984336 7.3549876 7.584831
-0.344765 7.1634517 7.6614456
-0.5746084 6.8569937 7.8146744
-0.7278373 6.435614 7.8912888
-0.8044518 6.090849 8.00621
-0.7278373 6.090849 8.082825
-0.4213795 6.2823853 8.082825
-0.11492168 6.588843 8.159439
0.22984335 6.895301 8.121132
0.49799395 7.0102224 8.00621
0.8044517 6.8569937 7.8912888
1.3407528 6.473922 7.584831
2.030283 6.3206925 7.3932953
2.9879637 6.5505357 7.4699097
3.9073372 7.3549876 7.8146744
4.405331 8.465898 8.312668
4.3287168 9.11712 8.772354
3.6008794 9.11712 8.925584
2.4516625 8.350975 8.69574
1.1875241 7.2400656 8.274361
2.9802322E-8 6.2440777 7.623138
-0.9576807 5.4396267 7.086837
-1.685518 5.0182467 6.6654572
-2.1835122 4.865018 6.435614
-2.4516628 4.865018 6.5888433

