-2.48997 5.056554 6.9719152
-2.2984338 5.286397 7.5465236
-1.9919758 5.516241 8.0445175
-1.6089035 5.861006 8.236053
-1.1875241 6.167464 8.159439
-0.842759 6.435614 7.8912888
0.076614454 6.742072 7.776367
0.49799395 6.9719152 7.8146744
0.80445176 7.125144 7.699753
0.842759 7.393295 7.4316025
1.1875241 7.8529816 7.2783737
0.9959879 7.8529816 7.278373
0.9576807 7.929596 7.431602
0.9576807 8.00621 7.73806
1.0342952 8.082825 8.00621
1.1109096 8.236053 8.197746
1.1875241 8.236053 8.350975
1.2258313 8.082825 8.236053
1.1109097 7.584831 7.776367
0.99598795 7.2400665 7.3932953
0.91937345 6.933608 7.125144
0.91937345 6.7803793 6.933608
1.0726023 6.7803793 6.933608
1.4173675 7.0102224 7.0868373
1.8004396 7.3549876 7.240066
2.2218192 7.6614456 7.3549876
2.528277 7.8912888 7.3166804
2.719813 7.967903 7.125144
2.7964275 7.929596 6.856993
2.7581203 7.929596 6.588843
2.7581203 8.00621 6.435614
2.681506 7.967903 6.435614
2.6431987 7.967903 6.5505357
2.5665843 7.8912888 6.818686
2.4899697 7.699753 7.0102224
2.4133554 7.6231384 7.201759
2.2984335 7.584831 7.3166804
2.2601264 7.508217 7.3166804
2.1452048 7.546524 7.2783732
2.1068976 7.584831 7.163451
2.030283 7.508217 7.086837
1.9153614 7.4699097 7.163451
1.8387468 7.393295 7.2017584
1.6855179 7.3549876 7.3166804
1.6089035 7.4699097 7.4316025
1.5705963 7.584831 7.3166804
1.4939818 7.699753 7.3549876
1.4556746 7.73806 7.163451
1.3790601 7.73806 6.8569937
1.3024458 7.776367 6.6654572
1.2641385 7.776367 6.435614
1.2258313 7.776367 6.550536
1.3024457 7.73806 6.7803793
1.37906 7.6614456 6.9719152
1.4556746 7.73806 7.086837
1.5705962 7.8912888 6.895301
1.7238252 8.121132 6.6654572
1.9153614 8.427589 6.435614
2.1452048 8.6574335 6.244078
2.2984335 8.810662 6.1291566
2.3367407 8.887277 5.93762
2.2601264 8.925584 5.7843914
2.1068974 8.887277 5.7843914
1.9536686 8.848969 5.861006
1.838747 8.848969 6.0142345
1.838747 8.848969 6.0142345
1.9536686 8.925584 5.9759274
2.1068974 9.117121 5.9759274
2.2601264 9.2703495 5.899313
2.375048 9.461885 6.0142345
2.4516625 9.5385 5.93762
2.4516625 9.500193 5.861006
2.4133554 9.461885 5.707777
2.3367407 9.346964 5.5162406
2.183512 9.232042 5.631162
1.9919758 9.11712 5.554548
1.8387469 9.002198 5.66947
1.7238252 9.002198 5.7843914
1.685518 9.078813 5.5928555
1.7621325 9.232042 5.4396267
1.8004397 9.346964 5.2097826
1.8004397 9.346964 4.903325
1.685518 9.193735 4.711789
1.532289 8.963891 4.596867
1.3407531 8.848969 4.55856
1.1492169 8.734048 4.55856
1.0342951 8.734048 4.6351743
0.9576807 8.695741 4.7500963
0.9576807 8.734048 4.7500963
0.91937345 8.734048 4.7500963
0.842759 8.734048 4.55856
0.80445176 8.810662 4.5202527
0.6512228 8.734048 4.4436383
0.53630114 8.695741 4.481946
0.42137948 8.6574335 4.520253
0.19153613 8.619126 4.3287168
0.0 8.580819 4.2521024
-0.15322891 8.580819 4.060566
-0.19153613 8.619126 3.9839516
-0.15322891 8.772355 3.9456444
-0.076614454 8.887277 3.9073372
-0.038307227 8.963891 3.86903
-0.038307227 9.078813 3.9073372
-0.038307227 9.040505 4.0222588
-0.11492168 8.963891 4.2137947
-0.22984336 8.925584 4.367024
-0.4213795 8.772355 4.4819455
-0.61291564 8.695741 4.4819455
-0.6895301 8.695741 4.4819455
-0.6512228 8.772355 4.4819455
-0.5363012 8.963891 4.2904096
-0.3830723 9.155428 4.098873
-0.22984335 9.385271 3.7924156
-0.19153613 9.461885 3.562572
-0.19153613 9.346964 3.6391864
-0.30645782 9.232041 3.7924154
-0.49799392 8.925584 4.0222588
-0.7661445 8.695741 4.1371803
-1.187524 8.312668 4.060566
-1.3024457 8.312668 3.9456444
-1.2641385 8.312668 3.86903
-1.1875241 8.389283 3.8307228
-0.9576807 8.619126 3.7541084
-0.7278373 8.810662 3.6008794
-0.45968673 9.002198 3.5625722
-0.34476504 9.193734 3.4859576
-0.34476504 9.155427 3.4093432
-0.45968673 9.040505 3.4476504
-0.7278373 8.810662 3.4093432
-0.9959879 8.504204 3.3327289
-1.3024457 8.312668 3.3327289
-1.4939818 8.159439 3.3327289
-1.4939818 8.121132 3.2561145
-1.3790603 8.274361 3.1795
-1.1875241 8.427589 2.9113493
-1.0342952 8.542511 2.4899697
-1.0342952 8.6574335 2.1452048
-1.1109096 8.580819 1.8770542
-1.1875241 8.504205 1.838747
-1.2641385 8.427589 1.9919758
-1.2641385 8.389282 2.2218192
-1.2258313 8.427589 2.4516625
-1.3024457 8.389282 2.6431987
-1.4556745 8.312668 2.7964277
-1.7238251 8.159439 2.9496565
-2.030283 7.967903 3.0262709
-2.3367407 7.8146744 3.1411924
-2.4899697 7.73806 3.1028852
-2.4899697 7.8529816 2.873042
-2.3750482 8.00621 2.6048913
-2.183512 8.197746 2.1452045
-2.1068974 8.427589 1.8770541
-2.030283 8.504205 1.7621324
-2.0685902 8.42759 1.7238252
-2.1068974 8.274361 1.9536686
-2.1452045 8.121132 2.183512
-2.183512 8.00621 2.3750482
-2.183512 8.00621 2.528277
-2.2218192 8.0445175 2.528277
-2.2984335 7.8912888 2.4133554
-2.4133554 7.699753 2.2601264
-2.528277 7.584831 2.1068974
-2.566584 7.508217 1.9153614
-2.4899697 7.6231384 1.9153614
-2.3750482 7.8146744 1.9919758
-2.2601266 7.8529816 2.1452048
-2.183512 7.8912888 2.336741
-2.2218192 7.8529816 2.4133554
-2.2984335 7.699753 2.4133554
-2.3750482 7.584831 2.4133554
-2.4516625 7.4316025 2.4133554
-2.528277 7.3166804 2.4133554
-2.6048913 7.2783732 2.3750482
-2.6048913 7.4316025 2.336741
-2.528277 7.6231384 2.183512
-2.3750482 7.8146744 2.0685902
-2.2218192 7.967903 1.9536686
-2.2218192 7.929596 1.9153614
-2.336741 7.8529816 1.9153614
-2.4516625 7.8529816 2.030283
-2.6431987 7.8146744 2.183512
-2.7964277 7.699753 2.1452048
-2.9113493 7.546524 2.2218192
-3.1411927 7.354988 2.183512
-3.2561142 7.2017584 2.183512
-3.2944214 7.2400656 2.2218192
-3.2944214 7.469909 2.1068976
-3.1028852 7.6614456 1.838747
-2.9113493 7.929596 1.5322893
-2.719813 8.082825 1.3790603
-2.528277 8.197746 1.4556746
-2.4133554 8.159439 1.7621324
-2.4516625 8.121132 2.1835117
-2.4899697 8.197746 2.4516625
-2.6048915 8.236053 2.566584
-2.719813 8.427589 2.4516625
-2.6431987 8.580819 2.2984338
-2.6048913 8.619126 2.2601264
-2.566584 8.580819 2.3750482
-2.528277 8.619126 2.681506
-2.6048915 8.6574335 2.7581203
-2.719813 8.772355 2.5665843
-2.7581203 8.925584 2.1068976
-2.7581203 9.078813 1.5705962
-2.6048915 9.155427 1.3024457
-2.336741 9.11712 1.4556746
-2.030283 9.040505 1.8770542
-1.7238252 8.963891 2.4899697
-1.532289 8.925584 3.1028855
-1.4556745 9.040505 3.4859579
-1.4939818 9.232042 3.6391869
-1.5705962 9.308657 3.4859576
-1.7238252 9.308657 3.2944217
-1.8004396 9.117121 3.2178073
-1.9536686 8.619126 3.7541082
-2.030283 8.465898 3.9839516
-2.2218192 8.42759 3.9839516
-2.4133554 8.504205 3.6391866
-2.6431987 8.542512 3.1411927
-2.834735 8.580819 2.7581203
-2.9113493 8.542512 2.4899697
-2.9113493 8.389282 2.7964277
-2.7964275 8.236053 3.2944217
-2.6048915 8.236053 4.0222588
-2.4899697 8.350975 4.673482
-2.4899697 8.580818 4.7500963
-2.6431985 8.848969 4.5202527
-2.8347347 8.848969 3.9456444
-2.9879637 8.734048 3.4476504
-3.064578 8.427589 3.1411927
-3.1028852 8.00621 3.217807
-3.064578 7.73806 3.7541084
-2.9879637 7.5465236 4.443639
-2.7964275 7.5082164 5.1331687
-2.6048913 7.73806 5.5162406
-2.4899697 8.0445175 5.5162406
-2.3367407 8.427589 5.363012
-2.2984335 8.772354 5.1714754
-2.2984335 8.810662 4.903325
-2.375048 8.619125 4.5968676
-2.566584 8.312668 4.443638
-2.719813 8.082825 4.55856
-2.7581203 8.0445175 4.9799395
-2.681506 8.0445175 5.5162406
-2.566584 8.121132 5.93762
-2.4516625 8.121132 6.282385
-2.4133554 8.082825 6.3589993
-2.4899697 8.0445175 6.282385
-2.6431985 7.929596 6.129156
-2.8347347 7.8529816 5.9759274
-2.9496565 7.776367 6.1291566
-2.8347347 7.8529816 6.435614
-2.6431985 8.082825 6.780379
-2.375048 8.350975 7.0485296
-2.0685902 8.580818 7.163451
-1.9536686 8.695741 7.240066
-1.9919758 8.542512 7.201759
-2.183512 8.197746 6.933608
-2.681506 7.584831 6.6654572
-2.6048915 7.469909 6.8569937
-2.3750482 7.5848308 7.201759
-1.9919758 7.776367 7.508217
-1.685518 8.082825 7.584831
-1.6089035 8.312668 7.546524
-1.6472107 8.389282 7.508217
-1.8004397 8.350975 7.393295
-1.9919758 8.082825 7.3549876
-2.030283 7.776367 7.508217
-1.9153613 7.546524 7.6614456
-1.7238252 7.393295 7.776367
-1.4173673 7.4699097 7.73806
-1.0726024 7.8146744 7.584831
-0.8044518 8.121132 7.4699097
-0.61291564 8.465897 7.6231384
-0.49799395 8.619126 7.929596
-0.45968673 8.619126 8.159439
-0.53630114 8.542512 8.389282
-0.6512228 8.274361 8.465898
-0.842759 8.00621 8.427589
-1.1109096 7.546524 8.350975
-1.3790601 7.163452 8.350975
-1.6089035 6.933608 8.350975
-1.7621324 6.8186865 8.542512
-1.8004397 6.8569937 8.772355
-1.6472108 6.9719152 8.848969
-1.4556746 7.1634517 8.925584
-1.1875241 7.316681 8.772355
-0.9959879 7.4316025 8.542512
-0.8810662 7.4699097 8.465898
-0.8810662 7.3166804 8.389283
-0.99598795 7.1634517 8.504205
-1.0342951 7.086837 8.734048
-1.1109096 7.0485296 8.925584
-1.0342951 7.086837 8.963891
-0.842759 7.201759 8.963891
-0.61291564 7.2783732 8.734048
-0.45968673 7.2783732 8.465897
-0.4213795 7.240066 8.121132
-0.53630114 7.04853 7.73806
-0.7661445 6.8569937 7.6614456
-0.8810662 6.6654572 7.584831
-0.9576807 6.588843 7.699753
-0.9576807 6.588843 7.73806
-0.91937345 6.62715 7.699753
-0.9576807 6.6654572 7.6614456
-0.9959879 6.5122285 7.546524
-1.0726024 6.3589997 7.508217
-1.1109096 6.129156 7.431602
-0.9959879 6.0525417 7.393295
-0.7278373 6.205771 7.699753
-0.19153614 6.435614 7.8529816
0.57460845 6.7420716 7.8912888
1.6472108 7.163451 7.8912888
2.9879637 7.73806 7.699753
4.2521024 8.848969 7.73806
4.9799395 9.615114 7.8146744
4.7884035 9.768343 7.8912888
3.86903 9.2703495 7.73806
2.4899697 7.8146744 7.469909
1.1875241 6.512228 7.086837
0.2298434 5.5545473 6.5505357
-0.45968673 4.9416323 6.167464
-0.88106626 4.865018 5.861006
-1.0726024 5.056554 5.899313
-1.0342951 5.401319 6.2823853
-0.88106626 5.861006 6.895301
-0.5363012 6.2823853 7.661445
-0.15322891 6.7803793 8.312668
0.19153613 7.1634517 8.772354
0.49799395 7.4699097 8.887277
0.61291564 7.6614456 8.734047
0.53630114 7.508217 8.389282
0.34476504 7.2783737 8.0445175
0.038307227 6.9719152 7.73806
-0.22984335 6.703765 7.393295
-0.42137948 6.4356146 7.163451
-0.6512228 6.1291566 6.933608
-0.7278373 5.9759274 6.9719152
-0.7661445 5.899313 7.0485296

