-0.61291564 6.320692 7.584831
-0.57460845 6.4739213 7.73806
-0.45968676 6.6654572 7.776367
-0.30645782 6.8569937 7.699753
0.15322891 7.1251445 7.6231384
0.49799395 7.201759 7.393295
0.7661446 7.240066 7.125144
0.9576807 7.393295 6.856993
1.1109096 7.6231384 6.7037644
1.3024457 7.8529816 6.856993
1.4556746 8.082825 7.125144
1.685518 8.312668 7.393295
1.8387469 8.504204 7.5465236
1.8770542 8.619126 7.5082164
1.9153614 8.619126 7.393295
1.8770542 8.504204 7.3166804
1.8387469 8.504204 7.3166804
1.9153614 8.695741 7.3932953
2.030283 8.772355 7.584831
2.0685902 8.734048 7.6231384
2.0685902 8.42759 7.6231384
2.0685902 8.00621 7.431602
2.1068974 7.8146744 7.163451
2.2601264 7.776367 6.8953004
2.4899697 7.929596 6.5122285
2.6431987 8.0445175 6.2823853
2.7581203 8.197746 6.1674633
2.8730419 8.389282 6.129156
3.064578 8.504204 6.3589997
3.2944214 8.734048 6.435614
3.409343 8.810662 6.3589997
3.3710358 8.734048 6.397307
3.1028855 8.427589 6.1674633
2.681506 8.00621 6.2057705
2.2601264 7.699753 6.3589993
1.9919758 7.393295 6.3973064
1.8770542 7.3549876 6.4739213
1.8770542 7.393295 6.4739213
1.9536686 7.393295 6.435614
1.9919758 7.469909 6.3206925
1.9919758 7.584831 6.2440777
2.0685902 7.699753 6.0525417
2.1452045 7.776367 5.861006
2.1835117 7.8529816 5.7843914
2.1835117 7.8529816 5.7843914
2.0685902 7.8146744 5.7843914
1.8770542 7.699753 5.7843914
1.6089035 7.546524 5.707777
1.4173673 7.3549876 5.746084
1.2641385 7.240066 5.8226986
1.2258313 7.240066 5.9759274
1.3024458 7.3549876 6.129156
1.3790601 7.584831 6.1674633
1.5705963 7.776367 6.3206925
1.8004397 8.082825 6.397307
2.030283 8.389282 6.550536
2.1835117 8.580818 6.5888433
2.1835117 8.695741 6.4356136
2.030283 8.619126 6.282385
1.7621324 8.465897 6.129156
1.4556746 8.274361 6.1674633
1.1875241 8.159439 6.2823853
1.0726023 8.121132 6.435614
1.1109096 8.159439 6.5888433
1.3024458 8.389282 6.6271505
1.6089035 8.734048 6.6271505
1.8387469 9.078814 6.3973074
2.030283 9.385271 5.93762
2.1068974 9.500193 5.4396267
1.9919758 9.423578 5.0182467
1.8004396 9.2703495 4.903325
1.532289 8.963891 5.0565543
1.3024458 8.772355 5.401319
1.1109096 8.619126 5.861006
0.9959879 8.580819 6.2823853
1.0342951 8.810663 6.435614
1.1109096 9.040506 6.2823853
1.2258313 9.2703495 5.93762
1.2641385 9.500193 5.439626
1.1875241 9.500193 5.1714754
1.0342951 9.423578 5.056554
0.8810662 9.346964 5.094861
0.80445176 9.346964 5.2097826
0.842759 9.461885 5.3247046
0.8810662 9.5385 5.5545483
0.842759 9.615114 5.66947
0.7661445 9.500193 5.861006
0.6512228 9.346963 5.93762
0.5363012 9.270349 5.9759274
0.4213795 9.11712 5.899313
0.34476504 9.078813 5.7843914
0.19153613 9.002198 5.6311626
0.076614454 8.925584 5.6311626
0.11492168 8.887277 5.746084
0.19153613 8.887277 5.9759274
0.22984336 8.925584 5.899313
0.15322891 8.887277 5.861006
-0.038307227 8.6574335 5.707777
-0.22984336 8.542512 5.477934
-0.30645782 8.42759 5.363012
-0.2681506 8.504205 5.401319
-0.11492168 8.695741 5.2863975
0.038307227 8.810662 5.24809
0.076614454 8.848969 5.24809
0.038307227 8.810662 5.1714754
0.0 8.772355 5.2097826
-0.076614454 8.6574335 5.2097826
-0.19153613 8.580819 5.1714754
-0.34476504 8.504205 5.094861
-0.5363012 8.42759 5.0182467
-0.61291564 8.389283 5.0182467
-0.61291564 8.389283 5.0182467
-0.49799395 8.389283 4.903325
-0.38307226 8.389283 4.7884035
-0.38307226 8.389283 4.55856
-0.4213795 8.350975 4.405331
-0.5363012 8.274361 4.405331
-0.6895301 8.274361 4.4819455
-0.842759 8.197746 4.6351748
-0.9959879 8.197746 4.673482
-1.1109096 8.236053 4.673482
-1.1492168 8.312668 4.481946
-1.0726023 8.427589 4.2521024
-0.91937345 8.465897 4.060566
-0.7278373 8.542512 3.8307228
-0.61291564 8.504205 3.7924156
-0.57460845 8.542512 3.7158012
-0.61291564 8.542512 3.5242648
-0.7661445 8.542512 3.562572
-0.842759 8.465898 3.562572
-0.9576807 8.389282 3.6391866
-1.0342952 8.350975 3.7541084
-1.0726024 8.159439 3.715801
-1.1492169 8.121132 3.715801
-1.1875241 8.082825 3.6008792
-1.1875241 8.082825 3.3327289
-1.1492169 8.236053 3.064578
-1.0342951 8.274361 2.719813
-0.91937345 8.312668 2.4899697
-0.9576807 8.197746 2.6815057
-1.0726023 8.00621 3.064578
-1.3407528 7.776367 3.4859576
-1.7621324 7.546524 4.060566
-2.1068974 7.3932953 4.405331
-2.3750482 7.2783732 4.5968676
-2.566584 7.240066 4.7500963
-2.6048915 7.240066 4.7500963
-2.5665843 7.240066 4.8267107
-2.4516628 7.2783732 4.8267107
-2.336741 7.3932953 4.673482
-2.2218192 7.508217 4.4819455
-2.1452048 7.6614456 4.1754875
-2.1068974 7.73806 3.7924154
-2.0685902 7.8529816 3.4859576
-2.030283 8.00621 3.2561142
-1.9919758 8.0445175 3.064578
-2.030283 8.082825 3.1411927
-2.0685902 8.0445175 3.1411927
-2.1452045 7.8912888 3.2178073
-2.1452045 7.8529816 3.3327289
-2.1068974 7.8529816 3.3327289
-2.1068974 7.73806 3.4093432
-2.0685902 7.6614456 3.217807
-2.1452045 7.584831 3.0645783
-2.2218192 7.5082164 2.834735
-2.3367407 7.5082164 2.5282772
-2.4133554 7.5082164 2.2984338
-2.4516625 7.584831 1.9919758
-2.528277 7.584831 1.838747
-2.528277 7.6231384 1.9536686
-2.5665843 7.584831 2.2218192
-2.5665843 7.508217 2.528277
-2.5282772 7.4699097 2.7964275
-2.4516625 7.4699097 2.834735
-2.4133554 7.508217 2.719813
-2.4133554 7.546524 2.566584
-2.4133554 7.73806 2.2601264
-2.4516625 7.73806 1.9536686
-2.4516625 7.73806 1.7621324
-2.4516625 7.699753 1.7238252
-2.4899697 7.508217 1.7621324
-2.566584 7.431602 1.9919757
-2.6431987 7.431602 2.2601264
-2.681506 7.393295 2.4133554
-2.681506 7.4699097 2.4899697
-2.6431987 7.546524 2.6048915
-2.6431987 7.508217 2.528277
-2.681506 7.546524 2.4516625
-2.719813 7.584831 2.4516625
-2.8347347 7.73806 2.2984338
-2.9496565 7.8529816 2.2984338
-3.064578 7.8146744 2.336741
-3.217807 7.699753 2.4516625
-3.2944217 7.546524 2.6431987
-3.2944217 7.4316025 2.7581203
-3.2944217 7.4316025 3.026271
-3.2561145 7.584831 3.217807
-3.1794999 7.8146744 3.4093432
-3.1028852 7.929596 3.4093432
-2.9879637 8.0445175 3.2944217
-2.9113493 8.082825 3.1411924
-2.9113493 8.159439 2.9879637
-2.9113493 8.274361 3.1028855
-2.9113493 8.389282 3.1794999
-2.7964275 8.465898 3.2944214
-2.6048913 8.619126 3.3710358
-2.4899697 8.695741 3.409343
-2.4516625 8.619125 3.3327286
-2.681506 8.389282 3.4093432
-2.7581203 8.350975 3.3327289
-2.719813 8.42759 3.371036
-2.566584 8.580819 3.371036
-2.375048 8.6574335 3.2561142
-2.183512 8.772355 3.2561142
-2.0685902 8.925584 3.2561142
-1.9919758 9.002198 3.1411927
-2.030283 9.002198 3.1028855
-2.1452048 8.848969 2.9113493
-2.2984335 8.580818 2.7964275
-2.4899697 8.236053 2.7581203
-2.681506 7.8912888 2.681506
-2.7964277 7.6614456 2.719813
-2.873042 7.508217 2.681506
-2.9113493 7.508217 2.6431987
-2.834735 7.699753 2.6048915
-2.719813 7.8912888 2.48997
-2.4899697 8.159439 2.3750482
-2.2218192 8.504204 2.336741
-2.030283 8.69574 2.336741
-1.9153614 8.734048 2.681506
-1.9919758 8.657433 2.987964
-2.1452045 8.427589 3.217807
-2.375048 8.312668 3.4476504
-2.6048913 8.274361 3.562572
-2.7964275 8.274361 3.7158012
-2.9879637 8.350975 3.9456444
-3.0262709 8.350975 4.1754875
-2.9496565 8.350975 4.290409
-2.834735 8.389282 4.55856
-2.681506 8.465897 4.711789
-2.6048915 8.542511 4.903325
-2.6431987 8.580819 5.094861
-2.6431987 8.580819 5.1331687
-2.6431987 8.389283 5.171476
-2.566584 8.236053 5.2480903
-2.4899697 8.159439 5.2863975
-2.4899697 8.121132 5.2863975
-2.528277 8.121132 5.363012
-2.6048915 8.197746 5.439626
-2.6048915 8.350975 5.6311626
-2.48997 8.465898 5.861006
-2.2601266 8.734048 6.090849
-1.9536687 8.963892 6.1674633
-1.6472108 9.193735 6.2057705
-1.4173675 9.385271 6.2057705
-1.2641385 9.5385 6.1674633
-1.2641385 9.500193 6.2057705
-1.4173673 9.232042 6.3206925
-1.5705963 8.925584 6.5505357
-1.7621325 8.619125 6.8186865
-1.838747 8.389282 7.1251445
-1.7238252 8.350975 7.3549876
-1.532289 8.542512 7.508217
-1.1875241 8.695741 7.508217
-0.9193734 8.925584 7.4316025
-0.68953013 9.002198 7.2783732
-0.49799395 8.925584 7.0868373
-0.45968673 8.810662 7.1251445
-0.4213795 8.542512 7.240066
-0.45968673 8.389282 7.469909
-0.5746084 8.236053 7.699753
-0.6512228 8.159439 7.8529816
-0.8044517 8.236053 7.929596
-0.9576807 8.236053 7.8912888
-1.0726024 8.274361 7.8529816
-1.1109096 8.274361 7.73806
-0.9959879 8.236053 7.6614456
-0.7278373 8.236053 7.508217
-0.4213795 8.197746 7.393295
-0.15322891 8.121132 7.393295
0.076614454 8.0445175 7.469909
0.15322891 7.967903 7.776367
0.15322891 7.8912888 8.0445175
0.11492168 7.776367 8.082825
0.0 7.6231384 7.967903
-0.076614454 7.431602 7.699753
-0.15322891 7.201759 7.4316025
-0.22984335 6.9719152 7.2783732
-0.30645782 6.8186865 7.201759
-0.30645782 6.742072 7.201759
-0.15322891 6.8186865 7.316681
0.11492167 7.086837 7.4699097
0.53630114 7.431602 7.6231384
0.9959879 7.8529816 7.6614456
1.37906 8.159439 7.584831
1.6089034 8.312668 7.393295
1.6089034 8.197746 7.163451
1.4556746 7.8912888 7.086837
1.1875241 7.5082164 7.125144
0.95768064 7.163451 7.316681
0.84275895 6.9719152 7.6231384
0.80445176 6.895301 7.8529816
0.91937345 6.933608 8.00621
1.1109096 7.086837 8.121132
1.2641385 7.201759 8.121132
1.4173673 7.393295 8.082825
1.4939818 7.508217 7.929596
1.4556746 7.508217 7.776367
1.4556746 7.508217 7.73806
1.4173675 7.393295 7.73806
1.3024458 7.3549876 7.8146744
1.2641385 7.3549876 7.8912888
1.2258313 7.278373 7.8529816
1.2258313 7.2400656 7.929596
1.3407528 7.163451 8.274361
1.532289 7.201759 8.657433
1.532289 7.240066 8.580818
1.3790601 7.240066 8.197746
1.1492169 7.0485296 7.967903
0.842759 6.7420716 7.8146744
0.5746084 6.4739213 7.73806
0.4213795 6.282385 7.8912888
0.4213795 6.2440777 8.082825
0.5363012 6.3589993 8.197746
0.7278373 6.435614 8.350975
0.9193735 6.588843 8.274361
1.0342952 6.6654572 8.0445175
1.0726024 6.6654572 7.8912888
1.1109096 6.5505357 7.6231384
1.2641385 6.3206925 7.393295
1.6472108 6.090849 7.2783732
2.336741 6.129156 7.1634517
3.1794999 6.7803793 7.3549876
3.9456446 7.6614456 7.6614456
4.367024 8.42759 7.776367
4.1754875 8.734048 7.8146744
3.4476507 8.197746 7.584831
2.4133554 7.2017584 7.4316025
1.3024457 6.2440777 7.4316025
0.3830723 5.4396257 7.4699097
-0.30645782 5.056554 7.584831
-0.6512228 4.903325 7.546524
-0.842759 4.9799395 7.469909
-0.91937345 5.171476 7.5465236

