-0.80445176 5.363012 7.73806
-0.6512229 5.6311626 8.00621
-0.34476504 5.8226986 8.350975
0.4213795 6.090849 8.121132
0.842759 6.244078 7.661445
1.3407528 6.512229 7.240066
1.9536686 6.8186865 6.9719152
2.8347347 7.1251445 6.435614
3.217807 7.201759 6.3206925
3.6008792 7.2783732 6.2057705
3.86903 7.393295 6.3589997
4.098873 7.469909 6.435614
4.1754875 7.699753 6.703765
4.1754875 7.967903 6.8186865
4.060566 8.159439 6.895301
3.8307228 8.350975 7.1634517
3.4859579 8.159439 7.2783732
3.0645783 7.8146744 7.469909
2.6048913 7.3166804 7.546524
2.1068974 6.7803793 7.431602
1.8770541 6.4739213 7.278373
1.8387469 6.3589997 7.125144
1.9536686 6.5122285 7.0485296
2.183512 6.7420716 7.0102224
2.336741 6.895301 7.0102224
2.3750482 6.9719152 7.086837
2.4133554 7.0102224 7.163451
2.4133554 7.0102224 7.2400656
2.4133554 6.8953004 7.2783732
2.4133554 6.818686 7.3166804
2.3750482 6.62715 7.3549876
2.2601264 6.397307 7.431602
2.2984335 6.435614 7.431602
2.3367407 6.5505357 7.393295
2.4516625 6.7420716 7.393295
2.5282772 6.8569937 7.3549876
2.5665843 6.895301 7.3166804
2.6048915 6.895301 7.3166804
2.6431987 6.703765 7.3549876
2.6431987 6.5505357 7.431602
2.681506 6.3589997 7.5082164
2.681506 6.2057705 7.6614456
2.681506 6.090849 7.776367
2.7581203 6.0142345 7.8529816
2.7581203 6.0142345 7.967903
2.7964275 5.9759274 8.00621
2.8347347 6.090849 8.00621
2.8347347 6.1674633 7.967903
2.873042 6.282385 8.0445175
2.873042 6.4739213 7.8912888
2.7964277 6.62715 7.776367
2.7198133 6.8569937 7.73806
2.7198133 7.0485296 7.6231384
2.7581205 7.240066 7.8529816
2.7964277 7.393295 7.967903
2.834735 7.5082164 8.159439
2.7964277 7.5465236 8.159439
2.681506 7.5465236 8.00621
2.566584 7.5082164 7.967903
2.413355 7.393295 7.8146744
2.2601264 7.240066 7.8912888
2.183512 7.0868373 7.967903
2.2218192 7.04853 7.967903
2.336741 7.1634517 7.967903
2.4516625 7.393295 7.8146744
2.5665843 7.699753 7.5082164
2.5282772 7.8912888 7.31668
2.4516625 7.929596 7.2017584
2.3367407 7.8529816 7.240066
2.2218192 7.699753 7.584831
2.1068976 7.5848308 7.8146744
2.0685904 7.5465236 8.0445175
2.1452048 7.6614456 8.197746
2.183512 7.8912888 8.0445175
2.336741 8.121132 7.929596
2.4133554 8.312668 7.73806
2.4516625 8.504205 7.431602
2.4516625 8.542512 7.201759
2.4516625 8.504205 7.1251445
2.3750482 8.389282 7.0485296
2.3750482 8.312668 7.2783737
2.2601264 8.236053 7.316681
2.1452045 8.197746 7.4316025
2.0685902 8.159439 7.3549876
1.9919758 8.197746 7.0868373
1.9919758 8.312668 6.895301
1.9536686 8.427589 6.742072
1.9536686 8.504205 6.5888433
1.8770542 8.504205 6.4356136
1.8387469 8.542512 6.320692
1.8387469 8.542512 6.282385
1.7621325 8.542512 6.320692
1.8004397 8.542512 6.5122285
1.7238252 8.504205 6.6654572
1.5705962 8.42759 6.4739213
1.4556746 8.42759 6.3206925
1.2641385 8.42759 6.0908494
1.1109097 8.42759 5.7843914
1.0726024 8.504205 5.746084
0.9959879 8.465898 5.6311626
0.9193735 8.504205 5.6311626
0.842759 8.580819 5.8226986
0.7278373 8.580819 5.93762
0.6512228 8.619126 5.899313
0.61291564 8.580819 5.746084
0.61291564 8.580819 5.4779334
0.5746084 8.619126 5.2863975
0.5363012 8.6574335 5.209783
0.45968673 8.734048 5.0565543
0.38307226 8.734048 4.9799395
0.344765 8.772355 4.903325
0.26815057 8.772355 4.9416323
0.22984336 8.734048 5.1714754
0.11492168 8.6574335 5.286397
-0.076614454 8.504205 5.286397
-0.22984336 8.42759 5.094861
-0.3830723 8.42759 4.7500963
-0.45968673 8.42759 4.443638
-0.45968673 8.504205 4.1371803
-0.45968673 8.504205 3.9456444
-0.49799398 8.465898 3.9073372
-0.49799398 8.389283 3.86903
-0.61291564 8.274361 3.86903
-0.7661446 8.197746 3.9456444
-0.88106626 8.082825 3.9073372
-1.1109096 8.00621 3.86903
-1.1875241 7.967903 3.8307228
-1.1875241 7.8912888 3.677494
-1.1109096 7.967903 3.6391866
-0.95768064 8.00621 3.5242648
-0.8810662 8.121132 3.4476504
-0.8810662 8.159439 3.5242648
-1.0342951 8.082825 3.4859576
-1.1492168 8.00621 3.6391864
-1.2641385 7.8529816 3.715801
-1.3024457 7.8529816 3.7924156
-1.2258313 7.8912888 3.7924156
-1.1109096 8.0445175 3.6391866
-0.9576807 8.159439 3.4859576
-0.7661446 8.350975 3.217807
-0.61291564 8.465897 3.0645783
-0.53630114 8.619126 3.0262709
-0.45968673 8.734048 3.064578
-0.49799398 8.695741 3.217807
-0.61291564 8.695741 3.3327286
-0.7661445 8.580819 3.3327286
-0.95768064 8.465898 3.2561142
-1.1492169 8.312668 3.1794999
-1.1875241 8.159439 3.1028852
-1.1109096 8.159439 2.9879637
-0.9576807 8.274361 2.9496565
-0.7278373 8.389282 2.9496565
-0.61291564 8.542512 2.9113493
-0.5363012 8.580819 2.9496565
-0.57460845 8.542512 2.9113493
-0.6895301 8.580819 2.873042
-0.842759 8.542512 2.873042
-1.0342951 8.542512 2.873042
-1.1875241 8.389283 2.9496565
-1.3024457 8.274361 3.026271
-1.3024457 8.197746 3.1028855
-1.2641385 8.159439 3.217807
-1.187524 8.274361 3.1411927
-1.1109096 8.427589 2.9113495
-1.0342951 8.619126 2.7581203
-1.0342951 8.695741 2.4899697
-1.0726023 8.695741 2.4516625
-1.1109097 8.580818 2.6431985
-1.2641385 8.389282 2.6815057
-1.37906 8.197746 2.7964277
-1.4939818 8.082825 2.9496565
-1.6089036 7.929596 2.9879637
-1.6089036 7.8146744 3.1411927
-1.6089036 7.699753 3.2561142
-1.5322891 7.6614456 3.217807
-1.4556746 7.776367 2.9879637
-1.4556746 7.8529816 2.7581203
-1.493982 7.967903 2.4899697
-1.6089036 7.967903 2.2984335
-1.8004397 7.8529816 2.2601264
-1.9536686 7.73806 2.1452045
-2.1068976 7.6231384 2.1452045
-2.2218192 7.546524 2.2984335
-2.2601264 7.546524 2.4516625
-2.2601264 7.508217 2.7581203
-2.183512 7.546524 2.9496565
-2.1068974 7.6614456 2.9496565
-1.9536686 7.776367 2.834735
-1.8387469 8.0445175 2.4899697
-1.7621324 8.236053 2.2601264
-1.7621324 8.312668 2.0685902
-1.838747 8.197746 2.183512
-1.9536686 8.0445175 2.375048
-2.0685902 7.929596 2.413355
-2.2218192 7.776367 2.413355
-2.375048 7.699753 2.375048
-2.4899697 7.699753 2.2984335
-2.5665843 7.73806 2.4133554
-2.5665843 7.8529816 2.566584
-2.48997 7.929596 2.873042
-2.4516625 8.0445175 3.1028855
-2.4516625 8.082825 3.2944217
-2.4899697 8.159439 3.4093432
-2.5665843 8.274361 3.371036
-2.6048915 8.389282 3.2178073
-2.6431987 8.465897 3.0645783
-2.6431987 8.465897 2.9113493
-2.6431987 8.312668 2.834735
-2.7581203 8.082825 2.987964
-2.8347347 7.8912888 3.026271
-2.9496565 7.73806 3.1794999
-3.0262709 7.699753 3.3327286
-2.9879637 7.6614456 3.217807
-3.0262709 7.776367 3.1411927
-3.064578 7.8529816 2.9879637
-3.1028852 7.8912888 2.7581203
-3.1411924 7.8912888 2.6431987
-3.064578 7.776367 2.681506
-2.9879637 7.6614456 2.9113493
-2.9879637 7.584831 3.217807
-2.9879637 7.584831 3.4859579
-2.9496565 7.73806 3.562572
-2.7964275 7.8529816 3.371036
-2.6048913 7.967903 3.2561142
-2.3367407 8.00621 3.1411924
-2.0685902 8.082825 3.2944217
-1.8770542 8.197746 3.4476504
-1.838747 8.274361 3.715801
-2.030283 8.236053 3.7924156
-2.2218192 8.197746 3.7541082
-2.3750482 8.121132 3.562572
-2.4133554 8.00621 3.3710358
-2.2601264 7.929596 3.217807
-2.030283 7.967903 3.3327286
-1.7238252 8.274361 3.7541082
-1.3407528 8.848969 4.3287163
-1.3024457 8.925584 4.3670235
-1.4173675 8.848969 4.290409
-1.6472108 8.6574335 4.2137947
-1.877054 8.312668 4.290409
-2.0685902 8.00621 4.405331
-2.1452048 7.8146744 4.5202527
-2.030283 7.8529816 4.673482
-1.7621324 8.121132 4.6351748
-1.4939818 8.504204 4.5585604
-1.2641385 8.772355 4.481946
-1.0726024 9.002198 4.5968676
-1.0342952 9.078813 4.9799395
-1.0726024 9.040505 5.554548
-1.1109096 9.002198 6.0142345
-1.3024458 8.963891 5.9759274
-1.4556746 8.963891 5.51624
-1.6472108 8.963891 4.8267107
-1.8770542 8.925584 4.098873
-2.0685902 8.695741 3.7541084
-2.2984338 8.504204 3.8307228
-2.4133554 8.274361 4.137181
-2.4516625 8.159439 4.7884035
-2.4516625 8.274361 5.5162406
-2.336741 8.389282 6.0525417
-2.221819 8.619126 6.3589997
-2.221819 8.695741 6.2823853
-2.1835117 8.695741 5.9376206
-2.2984335 8.542511 5.477934
-2.413355 8.274361 5.2480903
-2.4516625 8.121132 5.363012
-2.2984335 8.0445175 5.899313
-1.4939818 8.504204 7.431602
-0.9576807 8.887277 8.00621
-0.57460845 9.232042 8.159439
-0.6512228 9.346964 7.699753
-0.80445176 9.193735 7.0485296
-1.1109095 8.848969 6.435614
-1.4173673 8.389282 6.0142345
-1.3024457 8.082825 6.2823853
-1.0342951 7.929596 6.818686
-0.61291564 7.967903 7.431602
-0.038307235 8.312668 8.121132
0.4213795 8.734048 8.504204
0.6895301 9.193734 8.542511
0.7278373 9.461885 8.312668
0.49799395 9.346964 7.776367
0.114921674 9.040505 7.278373
-0.26815057 8.42759 6.8569937
-0.6512228 7.8529816 6.703765
-0.9959879 7.2783732 6.742072
-1.1492168 6.7420716 6.9719152
-1.0726024 6.588843 7.4316025
-0.6512228 6.7420716 7.929596
0.0 7.2017584 8.389282
0.6895301 7.967903 8.619125
1.2258313 8.619126 8.619125
1.3790603 8.963891 8.389282
1.1875241 8.887277 8.00621
0.7661446 8.389283 7.776367
0.22984338 7.776367 7.6231384
-0.15322891 7.163451 7.6614456
-0.34476507 6.818686 7.776367
-0.26815057 6.7420716 7.8529816
-0.076614454 6.856993 7.8912888
0.19153614 7.163451 7.8146744
0.45968673 7.5082164 7.8146744
0.61291564 7.776367 7.8529816
0.72783726 7.8146744 7.929596
0.80445176 7.8146744 8.0445175
0.842759 7.8146744 8.121132
0.91937345 7.8529816 8.121132
0.99598795 7.929596 8.121132
0.9576807 7.8912888 8.082825
0.8810662 7.776367 8.082825
0.7278373 7.6231384 8.082825
0.49799395 7.431602 8.121132
0.4213795 7.2017584 8.159439
0.45968673 7.086837 8.236053
0.57460845 7.0102224 8.274361
0.80445176 7.0485296 8.197746
0.9959879 7.2017584 8.197746
1.1492168 7.2783732 8.197746
1.3024457 7.3549876 8.312668
1.3790601 7.393295 8.389282
1.3024458 7.3166804 8.312668
1.1109096 7.086837 8.082825
0.842759 6.7420716 7.776367
0.57460845 6.397307 7.6614456
0.38307226 6.090849 7.6614456
0.34476504 6.0142345 7.8146744
0.34476504 6.0525417 8.082825
0.45968673 6.244078 8.236053
0.7278373 6.5505357 8.274361
0.91937345 6.742072 8.159439
1.0342951 6.8569937 8.00621
1.0726023 6.703765 7.8146744
0.842759 6.512229 7.699753
0.49799398 6.3206925 7.73806
0.22984335 6.090849 7.8146744

