0.7278373 7.6231384 6.205771
0.6512228 7.5465236 6.205771
0.57460845 7.5082164 6.2823853
0.53630114 7.8912888 6.090849
0.19153613 8.0445175 6.397307
-0.26815063 8.121132 6.62715
-0.7278373 8.274361 6.7037644
-1.1875241 8.504204 6.780379
-1.1875241 8.542511 6.7037644
-1.1492169 8.6574335 6.818686
-0.99598795 8.772355 6.933608
-0.842759 8.963892 7.1251445
-0.6512228 9.155428 7.240066
-0.45968673 9.346964 7.2783732
-0.2681506 9.461885 7.3549876
-0.076614454 9.461885 7.3549876
0.076614454 9.461885 7.2783732
0.15322891 9.461885 7.201759
0.22984335 9.461885 7.0485296
0.26815057 9.461885 6.818686
0.34476507 9.5385 6.5505357
0.4213795 9.576807 6.3206925
0.38307226 9.576807 6.1674633
0.34476504 9.5385 6.129156
0.2681506 9.423578 6.129156
0.2681506 9.346964 6.1674633
0.34476504 9.346964 6.0525417
0.45968673 9.461885 5.93762
0.6512228 9.500193 5.7843914
0.8044517 9.5385 5.554548
0.9193734 9.5385 5.5162406
1.0726023 9.423578 5.592855
1.1492169 9.461885 5.631162
1.2641385 9.385271 5.6694694
1.37906 9.346964 5.7077765
1.4939818 9.308657 5.6694694
1.6472108 9.232041 5.7843914
1.7621324 9.2703495 5.93762
1.8770542 9.232041 5.93762
1.9536686 9.346964 5.93762
2.030283 9.385271 5.899313
2.0685902 9.385271 5.8226986
2.1452048 9.423578 5.8226986
2.2984338 9.346964 5.899313
2.4133554 9.346964 5.861006
2.5665843 9.423578 5.8226986
2.681506 9.500193 5.707777
2.681506 9.500193 5.477934
2.6431987 9.500193 5.2480903
2.5665843 9.385271 5.0565543
2.4899697 9.232042 4.865018
2.4516625 9.11712 4.7500963
2.4899697 9.040505 4.7884035
2.566584 8.963891 4.7500963
2.7198129 9.002198 4.865018
2.911349 9.078813 4.903325
3.064578 9.078813 4.8267107
3.1411924 9.078813 4.7884035
3.064578 9.002198 4.5968676
2.9496565 8.887277 4.405331
2.834735 8.810662 4.2137947
2.719813 8.772355 4.0222588
2.7581203 8.810662 3.9073372
2.7964275 8.848969 3.7924156
2.873042 8.887277 3.7158012
2.9879637 8.925584 3.6391866
2.9879637 8.887277 3.562572
3.0262709 8.848969 3.4476502
3.0262709 8.848969 3.3327286
2.9496565 8.887277 3.2561142
2.9113493 8.925584 3.1794996
2.873042 9.040505 3.064578
2.834735 9.078813 3.064578
2.834735 9.11712 3.0262709
2.9113493 9.155427 2.9496565
2.9879637 9.193735 3.0262709
3.064578 9.232042 2.9113493
3.1411924 9.232042 2.7581203
3.1028852 9.232042 2.719813
3.0262709 9.155427 2.6431987
2.9496565 9.155427 2.681506
2.873042 9.155427 2.719813
2.7964277 9.11712 2.681506
2.7581205 9.11712 2.719813
2.7581205 9.11712 2.681506
2.7581205 9.11712 2.6431987
2.7581205 9.155427 2.528277
2.6815062 9.155427 2.2601264
2.4899697 9.078813 2.0685904
2.336741 9.040505 1.9919758
2.183512 9.002198 1.9536686
2.0685902 9.040505 2.030283
2.0685902 9.11712 2.030283
2.030283 9.155427 1.9536686
2.0685902 9.193734 1.8004396
2.1068974 9.155427 1.6472107
2.0685902 9.040505 1.4939818
1.9919758 8.963891 1.340753
1.9153614 8.925584 1.340753
1.8004396 8.887277 1.1492169
1.6472108 8.963891 1.1492169
1.685518 8.925584 1.1875241
1.685518 8.887277 1.0726023
1.7238252 8.887277 1.1492168
1.8387469 8.810662 1.1109096
1.8387469 8.772355 0.9576807
1.8004397 8.734048 0.842759
1.8004397 8.695741 0.7278373
1.838747 8.695741 0.68953013
1.9153614 8.810662 0.6512228
2.030283 8.925584 0.68953
2.1068974 9.002198 0.6512228
2.0685902 9.040505 0.5363012
1.9536686 8.925584 0.45968673
1.7621324 8.734048 0.4213795
1.5705963 8.695741 0.49799395
1.4939818 8.695741 0.53630114
1.4939818 8.810662 0.57460845
1.5705963 9.002198 0.57460845
1.6472108 9.078813 0.4213795
1.685518 9.155427 0.22984335
1.6472108 9.155427 0.038307227
1.5705962 9.155427 -0.15322891
1.3790601 9.002198 -0.22984335
1.1492168 8.810662 -0.15322891
0.9576807 8.6574335 0.038307227
0.7278373 8.42759 0.22984338
0.61291564 8.465898 0.4213795
0.5363012 8.465898 0.49799395
0.45968673 8.542512 0.49799395
0.4213795 8.580819 0.34476504
0.34476504 8.504205 0.07661445
0.19153613 8.504205 -0.15322891
0.038307227 8.42759 -0.4213795
-0.076614454 8.504205 -0.5363012
-0.076614454 8.504205 -0.45968673
-0.038307227 8.619126 -0.42137948
0.038307227 8.6574335 -0.30645782
0.11492168 8.6574335 -0.22984335
0.038307227 8.6574335 -0.34476504
-0.038307227 8.542512 -0.42137948
-0.11492168 8.504205 -0.45968673
-0.19153613 8.389283 -0.45968673
-0.19153613 8.389283 -0.38307226
-0.22984335 8.350975 -0.30645782
-0.38307226 8.236053 -0.38307226
-0.6129157 8.121132 -0.4596867
-0.8044518 8.0445175 -0.4596867
-0.9959879 7.967903 -0.49799395
-1.0726024 7.929596 -0.34476507
-1.1109096 8.00621 -0.19153613
-1.1492169 8.0445175 -0.11492168
-1.1492169 8.082825 0.0
-1.1492169 8.121132 0.0
-1.2258313 8.0445175 0.038307227
-1.4556746 7.8912888 0.038307227
-1.6472107 7.776367 0.11492168
-1.9153613 7.6231384 0.22984335
-2.1452045 7.6231384 0.38307226
-2.2601264 7.6231384 0.42137948
-2.3750482 7.6614456 0.3064578
-2.3750482 7.776367 0.26815057
-2.2218194 7.776367 0.19153613
-2.0302832 7.8146744 0.38307226
-1.838747 7.8529816 0.7278373
-1.7238252 7.8912888 0.9193735
-1.7238252 7.929596 1.0342952
-1.8770542 8.00621 0.9193735
-2.1068976 8.00621 0.7278373
-2.336741 7.8529816 0.5746084
-2.566584 7.699753 0.49799395
-2.719813 7.4699097 0.61291564
-2.7581203 7.3166804 0.842759
-2.719813 7.3932953 1.2641385
-2.6431985 7.584831 1.5705963
-2.4899697 7.8912888 1.7238252
-2.336741 8.236053 1.7621324
-2.2218192 8.465898 1.6089035
-2.030283 8.504205 1.532289
-1.9153614 8.504205 1.6472107
-1.8770542 8.350975 1.8004396
-1.9536686 8.236053 2.1068974
-2.183512 8.197746 2.336741
-2.4516625 8.121132 2.4516625
-2.719813 8.197746 2.4516625
-2.9113493 8.197746 2.2218192
-2.9879637 8.236053 2.1452045
-2.9496565 8.236053 2.1452045
-2.834735 8.236053 2.2218194
-2.719813 8.274361 2.4899697
-2.6431987 8.312668 2.7581205
-2.6431987 8.427589 2.834735
-2.681506 8.465897 2.834735
-2.7581205 8.542512 2.719813
-2.834735 8.619126 2.4899697
-2.873042 8.580819 2.3367407
-2.873042 8.504204 2.3367407
-2.7964275 8.427589 2.413355
-2.7581203 8.389282 2.528277
-2.7581203 8.389282 2.719813
-2.7964277 8.389282 2.7964275
-2.9496565 8.427589 2.7581203
-3.0262709 8.389282 2.8347347
-3.1028852 8.312668 2.9496565
-3.1411924 8.312668 3.1411924
-3.064578 8.312668 3.4859576
-2.9496565 8.274361 3.677494
-2.873042 8.312668 3.8307228
-2.873042 8.312668 3.9073372
-3.0262709 8.312668 3.715801
-3.217807 8.427589 3.6008792
-3.3327289 8.580818 3.4859576
-3.2944217 8.734048 3.5242648
-2.9879637 8.772355 3.8307228
-2.6048913 8.772355 4.252102
-2.183512 8.695741 4.6734815
-1.9153614 8.695741 4.9799395
-1.838747 8.887277 5.171476
-1.9536686 9.078814 5.363012
-2.2218192 9.2703495 5.363012
-2.4516625 9.2703495 5.3247046
-2.681506 9.117121 5.209783
-2.719813 8.887278 5.1331687
-2.566584 8.695741 5.2863975
-2.2601264 8.772355 5.554548
-1.8004396 8.925584 5.899313
-1.3790601 9.2703495 6.129156
-0.9959879 9.730036 6.2057705
-0.7661445 10.151415 6.090849
-0.7278373 10.381258 5.93762
-0.842759 10.381258 5.8226986
-1.0726023 10.0748005 5.7843914
-1.3790601 9.615114 5.93762
-1.5705963 9.385271 6.167464
-1.6472107 9.232042 6.2823853
-1.4556746 9.423578 6.397307
-1.0726023 9.730036 6.5122285
-0.61291564 10.036493 6.62715
-0.15322891 10.419565 6.62715
0.076614454 10.49618 6.435614
0.038307227 10.419565 6.205771
-0.30645785 10.113108 5.9759274
-0.72783726 9.653421 5.899313
-1.1492168 9.308656 6.1674633
-1.3790601 9.040505 6.473922
-1.2641385 8.963891 6.7803793
-1.0342951 9.078813 7.0485296
-0.7661445 9.193735 7.1634517
-0.5363012 9.2703495 7.2783732
-0.3830723 9.232042 7.4316025
-0.19153613 9.117121 7.508217
0.076614454 9.117121 7.6231384
0.42137948 9.232042 7.6231384
0.7278373 9.423578 7.584831
0.9193734 9.615114 7.6231384
1.0342951 9.615114 7.546524
1.0726024 9.461885 7.699753
1.1492168 9.308657 7.8529816
1.2641385 9.117121 8.00621
1.4556746 9.078813 8.159439
1.685518 9.11712 8.00621
1.9153613 9.193734 7.8529816
2.1068974 9.2703495 7.6614456
2.1835117 9.232042 7.4699097
2.2218192 9.155428 7.3932953
2.183512 8.963891 7.240066
2.1452048 8.772355 7.201759
2.183512 8.619126 7.163451
2.2601264 8.504205 7.163451
2.2984335 8.465898 7.125144
2.2984335 8.312669 7.0485296
2.2218192 8.159439 6.9719152
2.1068974 7.967903 6.895301
2.0685902 7.73806 6.8186865
2.1068974 7.6231384 6.6654577
2.1835117 7.584831 6.5505357
2.2984335 7.6231384 6.3589993
2.375048 7.6614456 6.2440777
2.4133554 7.6231384 6.1674633
2.4516625 7.584831 6.129156
2.4516625 7.546524 6.2057705
2.4516625 7.546524 6.3206925
2.4516625 7.584831 6.397307
2.4133554 7.584831 6.3206925
2.336741 7.508217 6.2440777
2.2601264 7.393295 6.090849
2.183512 7.3549876 5.9759274
2.1068976 7.3166804 6.1674633
2.0685902 7.2783732 6.282385
1.9919758 7.3166804 6.397307
1.838747 7.3166804 6.397307
1.7621324 7.3166804 6.2057705
1.7238252 7.3166804 6.090849
1.7238252 7.354988 5.93762
1.7238252 7.508217 5.861006
1.6472108 7.584831 5.8226986
1.4939818 7.584831 5.861006
1.3024457 7.5465236 5.899313

