1.1492168 7.5082164 6.0525417
0.9576807 7.431602 6.2440777
0.842759 7.3549876 6.3206925
0.68953013 7.2783732 6.5122285
0.6512228 7.967903 6.090849
0.8044518 8.00621 6.0142345
1.1492169 8.427589 6.473921
1.9919758 9.11712 7.0485296
2.2984335 9.11712 6.8186865
2.3367407 9.11712 6.8569937
2.3367407 9.002198 6.8186865
2.3367407 8.963891 6.7803793
2.2601264 8.887277 6.6271505
2.2601264 8.848969 6.473922
2.2601264 8.848969 6.244078
2.2218192 8.695741 5.93762
2.1835117 8.580819 5.7843914
2.0685902 8.465898 5.7843914
1.9153614 8.312668 5.8226986
1.8004396 8.236053 6.1291566
1.7238252 8.197746 6.3589997
1.7621324 8.236053 6.5122285
1.8387469 8.236053 6.588843
1.9536686 8.389282 6.435614
2.0685902 8.465898 6.244078
2.0685902 8.504205 6.0142345
2.0685902 8.619126 5.93762
2.0685902 8.580819 5.861006
2.030283 8.619126 5.7843914
2.0685902 8.580819 5.8226986
2.1068974 8.542512 5.707777
2.1452045 8.504205 5.631162
2.2218192 8.465898 5.592855
2.2984335 8.580819 5.363012
2.3750482 8.6574335 5.2097826
2.4133554 8.734048 5.056554
2.3750482 8.695741 4.9416323
2.336741 8.580819 4.9799395
2.2984335 8.465898 5.0948615
2.2601264 8.389283 5.1331687
2.3367407 8.389283 5.1331687
2.4133554 8.42759 5.0182467
2.48997 8.465898 4.8267107
2.5665843 8.542512 4.673482
2.6048915 8.619126 4.4819455
2.5665843 8.542512 4.443638
2.4899697 8.619126 4.3287163
2.4516625 8.619126 4.252102
2.4133554 8.6574335 4.3670235
2.4899697 8.734048 4.443638
2.681506 8.848969 4.7117887
2.873042 9.040505 4.903325
3.0262709 9.078813 4.903325
3.1028852 9.193734 4.8267107
3.1028852 9.155427 4.6351743
3.0262709 8.963891 4.443638
2.9879637 8.963891 4.290409
2.9879637 8.963891 4.1754875
2.9879637 8.925584 4.060566
2.9879637 9.040505 4.0222588
2.9879637 9.002198 3.9839516
2.9496565 9.002198 3.9456444
2.9496565 9.078813 3.9456444
2.9496565 9.11712 3.86903
2.9113493 9.193734 3.7924154
2.873042 9.155427 3.6008792
2.7964277 9.078813 3.4476504
2.719813 9.002198 3.3327289
2.681506 8.963891 3.2561145
2.681506 9.040505 3.2178073
2.681506 9.078813 3.0645783
2.719813 9.11712 2.9496565
2.7581203 9.155427 2.8347347
2.719813 9.155427 2.6431987
2.6431985 9.155427 2.528277
2.528277 9.040505 2.4899697
2.3750482 9.040505 2.413355
2.336741 8.963891 2.413355
2.336741 8.925584 2.413355
2.4899697 9.002198 2.375048
2.6431985 9.002198 2.375048
2.6431985 9.078813 2.375048
2.6431985 9.11712 2.375048
2.4899697 9.11712 2.375048
2.336741 9.078813 2.375048
2.2218192 9.002198 2.3367407
2.183512 8.963891 2.2601264
2.1452048 8.963891 2.1452048
2.183512 8.963891 2.030283
2.2601264 9.002198 2.0685902
2.2984338 9.078813 2.1068974
2.3750482 9.11712 2.1452045
2.4133554 9.193734 2.0685902
2.4516625 9.232041 1.9919758
2.4133554 9.232041 1.8770542
2.336741 9.193734 1.7621324
2.2218192 9.078813 1.838747
2.1068974 9.002198 1.8004396
2.030283 9.002198 1.9536686
1.9536686 8.925584 2.030283
1.9536686 8.848969 1.9536686
1.9153614 8.848969 1.9536686
1.9153614 8.848969 1.7621324
2.0685902 8.925584 1.6089035
2.183512 9.11712 1.5705963
2.2601264 9.155427 1.3790601
2.2601264 9.040505 1.1875241
2.1068976 9.002198 1.0342951
1.9536686 8.887277 0.84275895
1.8004396 8.848969 0.7661445
1.6855179 8.887277 0.6895301
1.6855179 8.887277 0.61291564
1.7238252 8.925584 0.49799395
1.8770541 9.002198 0.49799395
1.9919758 9.040505 0.61291564
2.030283 9.078813 0.80445176
1.9536686 9.078813 0.91937345
1.7621324 9.040505 0.80445176
1.6472107 8.925584 0.61291564
1.4939818 8.887277 0.42137948
1.340753 8.848969 0.3064578
1.2641385 8.734048 0.3064578
1.1109096 8.734048 0.344765
0.9959879 8.734048 0.22984336
0.9959879 8.734048 0.11492168
0.9959879 8.887277 -0.038307227
1.0342951 8.963891 -0.19153613
1.0726024 9.002198 -0.22984336
1.0342951 9.002198 -0.30645782
0.9193734 8.887277 -0.30645782
0.8044517 8.848969 -0.15322891
0.68953 8.772355 -0.114921674
0.6512228 8.6574335 0.076614454
0.68953 8.6574335 0.19153613
0.72783726 8.6574335 0.15322891
0.72783726 8.6574335 0.11492168
0.6895301 8.734048 0.0
0.6895301 8.6574335 -0.076614454
0.6895301 8.619126 -0.19153613
0.7661445 8.619126 -0.22984336
0.84275895 8.542512 -0.19153613
0.8810662 8.542512 -0.19153613
0.842759 8.542512 -0.19153613
0.7661445 8.542512 -0.26815057
0.6512228 8.580819 -0.4213795
0.45968673 8.580819 -0.61291564
0.22984336 8.504205 -0.7661446
0.0 8.312668 -0.91937345
-0.19153613 8.082825 -0.88106626
-0.34476507 7.929596 -0.7278373
-0.34476507 7.8912888 -0.61291564
-0.26815057 8.082825 -0.34476504
-0.15322891 8.312668 -0.2681506
0.0 8.580819 -0.22984336
0.076614454 8.734048 -0.2681506
0.038307227 8.695741 -0.34476504
-0.11492168 8.734048 -0.38307226
-0.30645782 8.619126 -0.42137948
-0.49799395 8.580819 -0.3064578
-0.6895301 8.580819 -0.19153613
-0.7661446 8.504205 0.0
-0.88106626 8.504205 0.076614454
-0.9576807 8.389283 0.11492168
-1.0342951 8.350976 0.19153613
-1.1492168 8.350976 0.15322891
-1.1875241 8.312668 0.2681506
-1.2641385 8.465898 0.3830723
-1.3024457 8.465898 0.3830723
-1.340753 8.427589 0.4213795
-1.340753 8.427589 0.4213795
-1.3790601 8.274361 0.38307226
-1.4939818 8.236053 0.4213795
-1.6472107 8.236053 0.45968676
-1.8387469 8.236053 0.49799395
-1.9153614 8.274361 0.6512229
-1.9153614 8.274361 0.8810662
-1.8004397 8.274361 1.0342951
-1.7238252 8.312668 1.2258313
-1.7621324 8.312668 1.2641385
-1.8004396 8.312668 1.1492168
-1.9919758 8.312668 1.0726024
-2.2601264 8.236053 0.842759
-2.4899697 8.159439 0.7278373
-2.681506 8.082825 0.7278373
-2.7581203 7.929596 0.842759
-2.6431987 7.8146744 1.1109096
-2.4516625 7.8146744 1.4173673
-2.2601264 7.967903 1.6472108
-2.1068974 8.312668 1.685518
-1.9919758 8.695741 1.6472108
-1.9153614 8.925584 1.4939818
-1.8387469 8.925584 1.3024457
-1.7621325 8.734047 1.2641385
-1.7621325 8.350975 1.3790603
-1.838747 8.0445175 1.6089036
-1.9919758 7.967903 1.838747
-2.1452048 8.0445175 1.9536686
-2.3367407 8.312668 1.9919758
-2.4133554 8.504204 1.8004397
-2.4133554 8.504204 1.685518
-2.3750482 8.427589 1.5705963
-2.183512 8.236053 1.4556746
-1.9919758 8.082825 1.7238252
-1.838747 8.0445175 1.9919758
-1.7621324 8.121132 2.2984338
-1.8004396 8.389282 2.528277
-1.9153614 8.69574 2.4899697
-1.9919758 8.963891 2.4133554
-1.9536686 9.040505 2.2984335
-1.8770542 8.925584 2.2984335
-1.685518 8.734048 2.4516625
-1.5322891 8.465897 2.8730419
-1.5322891 8.389282 3.3710358
-1.6089035 8.465897 3.8307226
-1.8770541 8.69574 4.098873
-2.1452045 9.002198 3.9839516
-2.336741 9.193734 3.7541084
-2.528277 9.308657 3.4859576
-2.6048915 9.155428 3.2561142
-2.719813 8.810662 3.2944214
-2.9879637 8.465898 3.6391864
-3.1794999 8.236053 4.1754875
-3.4093432 8.274361 4.8267107
-3.5242648 8.542511 5.2480903
-3.4476504 8.887277 5.5545483
-3.3327289 9.078813 5.6311626
-3.1411927 9.078813 5.5545483
-3.0262709 8.963891 5.5928555
-3.0262709 8.69574 5.5162406
-3.1794999 8.465897 5.439626
-3.4093432 8.427589 5.401319
-3.6008794 8.504204 5.363012
-3.6774938 8.6574335 5.363012
-3.5242648 8.887277 5.4779334
-3.1411924 9.117121 5.784391
-2.6048913 9.2703495 6.1674633
-2.0685902 9.461885 6.5122285
-1.7238252 9.576807 6.7420716
-1.6472108 9.576807 6.7420716
-1.8004396 9.576807 6.5505357
-1.9919758 9.500193 6.2823853
-2.0685902 9.461885 6.0525417
-1.9919758 9.461885 6.0142345
-1.7621324 9.500193 6.0525417
-1.532289 9.576807 6.205771
-1.4173675 9.5385 6.3589997
-1.4173675 9.346964 6.512229
-1.4939818 9.193735 6.742072
-1.4556746 9.040505 6.895301
-1.2641385 9.11712 7.086837
-0.9193734 9.385271 7.240066
-0.5363012 9.5385 7.3549876
-0.26815057 9.691729 7.3932953
-0.19153613 9.5385 7.4699097
-0.2681506 9.270349 7.4699097
-0.4213795 9.040505 7.393295
-0.57460845 8.887277 7.3549876
-0.49799395 8.848969 7.2017584
-0.38307226 8.963891 7.125144
-0.19153613 9.193734 7.125144
0.076614454 9.308656 7.240066
0.30645782 9.423578 7.393295
0.5746084 9.461885 7.5082164
0.842759 9.423578 7.6614456
1.0726023 9.500193 7.776367
1.2641385 9.5385 7.929596
1.4173673 9.5385 8.082825
1.4173673 9.461885 8.159439
1.3790601 9.232042 8.274361
1.3024457 8.963892 8.465897
1.2641385 8.734048 8.69574
1.3790601 8.504204 8.810662
1.493982 8.350975 8.848969
1.6089035 8.312668 8.619126
1.6472107 8.197746 8.274361
1.5705963 8.082825 7.929596
1.4173673 7.8912888 7.584831
1.2258313 7.699753 7.393295
1.0726024 7.546524 7.240066
0.99598795 7.431602 7.2783732
1.0342952 7.3549876 7.3549876
1.1109096 7.2783732 7.3549876
1.1875241 7.3549876 7.31668
1.2258313 7.3166804 7.2400656
1.1875241 7.2783732 7.086837
1.1875241 7.2783732 6.9719152
1.1875241 7.1634517 6.9719152
1.2258313 7.1634517 6.8569937
1.3407528 7.240066 6.8186865
1.4173675 7.2783732 6.895301
1.4556746 7.3549876 6.8569937
1.4939818 7.431602 6.933608
1.4939818 7.393295 6.895301
1.5322891 7.3166804 6.742072
1.6089036 7.163451 6.588843
1.685518 7.0485296 6.435614
1.8770542 6.9719152 6.4739213

