2.1452048 6.9719152 6.588843
2.4899697 6.9719152 6.7803793
2.873042 7.0485296 7.0485296
3.1411927 7.125144 7.163451
1.1109096 7.508217 7.04853
0.4596867 7.73806 7.0102224
0.61291564 8.00621 6.933608
0.57460845 8.312668 6.895301
0.53630114 8.619126 6.933608
0.68953013 8.810662 6.8569937
0.7661446 8.887277 6.895301
0.80445176 8.848969 6.933608
0.88106626 8.734048 7.0102224
0.842759 8.619126 7.0485296
0.7661445 8.542512 7.0102224
0.8044517 8.542512 6.9719152
0.842759 8.619126 6.895301
0.9959879 8.772355 6.8569937
1.2258313 8.887277 6.7037644
1.4173675 9.040505 6.588843
1.6089035 9.155427 6.4739213
1.6855179 9.155427 6.2823853
1.6855179 9.11712 6.1291566
1.5705963 8.925584 6.0142345
1.3790603 8.657433 5.899313
1.3024458 8.504204 5.899313
1.2641386 8.504204 5.8226986
1.3790603 8.580818 5.746084
1.5705963 8.810662 5.861006
1.7238252 8.925584 5.899313
1.9536686 8.963891 6.090849
2.1068974 8.963891 6.3589997
2.2601264 8.963891 6.4739213
2.4133554 8.925584 6.5505357
2.48997 8.925584 6.5505357
2.5665843 9.002198 6.4739213
2.5665843 8.963891 6.320692
2.4899697 8.887277 6.1674633
2.4516625 8.810662 6.0142345
2.4516625 8.734048 6.0142345
2.528277 8.695741 6.0525417
2.6048915 8.619126 6.2057705
2.719813 8.542512 6.435614
2.873042 8.542512 6.6654572
2.873042 8.580819 6.7420716
2.9113493 8.542512 6.7037644
2.9113493 8.504204 6.5505357
2.9113493 8.465897 6.2440777
2.9879637 8.427589 6.0525417
3.064578 8.389282 5.861006
3.1411924 8.42759 5.66947
3.2561142 8.42759 5.66947
3.4093432 8.389283 5.6311626
3.5625722 8.465898 5.5545483
3.6391866 8.504205 5.5545483
3.6774938 8.542512 5.401319
3.6774938 8.542512 5.3247046
3.6391866 8.542512 5.2863975
3.7158012 8.504205 5.2480903
3.7158012 8.504205 5.209783
3.677494 8.504205 5.056554
3.6391869 8.504205 4.8267107
3.6008792 8.542512 4.6351748
3.6008792 8.580819 4.4819455
3.677494 8.580819 4.367024
3.7541084 8.580819 4.2904096
3.7924156 8.619126 4.1754875
3.7924156 8.542512 4.1371803
3.677494 8.542512 4.0222588
3.524265 8.465898 3.9839516
3.2944214 8.274361 3.9073372
3.0645783 8.159439 3.715801
2.873042 8.0445175 3.562572
2.7581205 7.929596 3.4476504
2.7581205 8.00621 3.4093432
2.834735 8.159439 3.371036
2.9879637 8.350975 3.2561145
3.1411924 8.542511 3.1411927
3.2944217 8.6574335 3.0262709
3.4476504 8.772355 2.834735
3.562572 8.848969 2.681506
3.6391866 9.002198 2.4516625
3.6391866 9.078813 2.183512
3.5625722 9.078813 2.030283
3.4093432 9.078813 2.030283
3.2561142 9.002198 2.030283
3.1411927 9.002198 2.030283
3.1028852 9.002198 2.0685902
3.217807 9.040505 2.0685902
3.2944217 9.11712 2.0685902
3.371036 9.155427 1.9919758
3.371036 9.193734 1.9536686
3.3327289 9.155427 1.8770541
3.3327289 9.193735 1.8004396
3.3327289 9.193735 1.7621324
3.371036 9.193735 1.7621324
3.3327289 9.232042 1.6472108
3.2561142 9.232042 1.5705963
3.1794999 9.2703495 1.4939818
3.1028852 9.2703495 1.3024458
3.064578 9.2703495 1.2641385
3.0262709 9.232041 1.1875241
2.9496565 9.155427 1.0726024
2.8347347 9.11712 0.9193734
2.681506 9.002198 0.8044517
2.566584 8.925584 0.6129156
2.528277 8.925584 0.6129156
2.566584 8.925584 0.72783726
2.6815057 9.040505 0.7661445
2.7581203 9.040505 0.80445176
2.7964275 9.040505 0.57460845
2.7581203 8.963891 0.30645782
2.6048915 8.810662 0.038307227
2.4899697 8.734048 -0.15322891
2.413355 8.6574335 -0.15322891
2.413355 8.695741 -0.11492168
2.528277 8.810662 -0.076614454
2.681506 8.963891 -0.076614454
2.7964277 9.11712 -0.11492168
2.834735 9.155427 -0.22984336
2.7964277 9.11712 -0.4213795
2.7198133 9.040505 -0.45968673
2.5665843 8.925584 -0.5363012
2.48997 8.810662 -0.61291564
2.4516625 8.772355 -0.61291564
2.4133554 8.734048 -0.80445176
2.4133554 8.734048 -0.91937345
2.3750482 8.734048 -1.1109096
2.3750482 8.734048 -1.1875241
2.3750482 8.772355 -1.2641385
2.4133554 8.810662 -1.3024457
2.3750482 8.848969 -1.3024457
2.2601266 8.848969 -1.2641385
2.1068976 8.848969 -1.1492168
1.9536686 8.734048 -1.0726024
1.8387469 8.734048 -1.0342952
1.7621324 8.695741 -1.1875241
1.6855179 8.619126 -1.1875241
1.7238252 8.619126 -1.3024457
1.8004397 8.695741 -1.3790601
1.9153613 8.734048 -1.3024457
2.1068974 8.810662 -1.4556746
2.1452045 8.887277 -1.5705965
2.1452045 8.810662 -1.7238252
1.9919758 8.772355 -1.9153614
1.7238252 8.619126 -2.0685902
1.4556746 8.504205 -2.1068974
1.1492169 8.389282 -2.0685902
1.0342951 8.312668 -1.9919758
1.0726024 8.427589 -1.8770542
1.1492168 8.619125 -1.7621324
1.340753 8.810662 -1.7238252
1.4556746 9.002198 -1.9153614
1.3790601 9.078813 -2.0685902
1.2258313 9.002198 -2.2984338
1.0342951 8.887277 -2.3750482
0.7278373 8.772355 -2.2984338
0.53630114 8.695741 -2.1068976
0.30645782 8.504204 -1.8770542
0.30645782 8.465897 -1.7238252
0.38307226 8.465897 -1.7238252
0.49799392 8.580819 -1.5705962
0.61291564 8.695741 -1.685518
0.7278373 8.695741 -1.7621324
0.6512228 8.619126 -1.9153614
0.4596867 8.427589 -2.1068974
0.22984336 8.236053 -2.1452048
-0.076614454 8.121132 -2.2218192
-0.2681506 8.00621 -2.183512
-0.30645782 8.00621 -2.0685902
-0.2681506 8.0445175 -1.9153614
-0.076614454 8.159439 -1.7238252
0.11492168 8.312668 -1.6089036
0.15322891 8.389282 -1.6089036
0.076614454 8.427589 -1.838747
-0.19153611 8.312668 -2.1068976
-0.42137948 8.121132 -2.3750482
-0.61291564 8.0445175 -2.528277
-0.68953 8.0445175 -2.6048913
-0.61291564 8.121132 -2.6431987
-0.49799395 8.236053 -2.528277
-0.34476504 8.350975 -2.3367407
-0.19153613 8.350975 -2.030283
-0.076614454 8.42759 -1.7621324
-0.038307227 8.542512 -1.6472108
-0.038307227 8.580819 -1.8004396
-0.15322891 8.542511 -1.9919758
-0.30645782 8.389282 -2.1068974
-0.5363012 8.159439 -2.0685902
-0.7661446 8.00621 -1.8770542
-0.9193735 8.00621 -1.6472108
-0.99598795 8.159439 -1.4939818
-0.99598795 8.427589 -1.3790603
-0.91937345 8.69574 -1.3407528
-0.842759 8.887277 -1.3024457
-0.7661445 8.887277 -1.1875241
-0.68953 8.848969 -1.1109096
-0.68953 8.810662 -0.88106626
-0.8427589 8.772355 -0.80445176
-1.0726023 8.925584 -0.6895301
-1.3407528 8.925584 -0.61291564
-1.532289 8.810662 -0.61291564
-1.532289 8.734048 -0.45968673
-1.532289 8.542512 -0.38307226
-1.532289 8.465898 -0.30645782
-1.685518 8.542512 -0.30645782
-1.9536686 8.427589 -0.4213795
-2.183512 8.389282 -0.49799395
-2.2984338 8.312668 -0.49799395
-2.2218192 8.082825 -0.22984336
-2.030283 8.00621 0.076614454
-1.8770542 7.8529816 0.30645782
-1.8770542 7.73806 0.34476507
-2.0685904 7.6614456 0.15322891
-2.4133554 7.584831 0.076614454
-2.681506 7.5465236 0.19153613
-2.7581205 7.5465236 0.5363012
-2.6431985 7.584831 0.91937345
-2.4133554 7.6614456 0.9959879
-2.2218194 7.73806 0.842759
-2.1452048 7.8912888 0.6512229
-2.1452048 8.159439 0.2681506
-2.1452048 8.312668 0.19153613
-2.1068976 8.465898 0.22984336
-2.1068976 8.465898 0.34476504
-2.183512 8.197746 0.80445176
-2.2984335 7.967903 1.1109096
-2.528277 7.699753 1.3024457
-2.7581203 7.546524 1.4173673
-2.9879637 7.6231384 1.187524
-3.1794999 7.699753 1.2641385
-3.2944214 7.8529816 1.4173675
-3.4093432 7.929596 1.6089036
-3.3327289 7.929596 1.9919758
-3.1795 8.0445175 2.1452048
-2.9879637 8.082825 2.1452048
-2.834735 8.121132 2.1452048
-2.7964277 8.197746 2.0685902
-2.9113493 8.121132 2.0685902
-3.1028855 7.967903 2.2984335
-3.2561145 7.8146744 2.566584
-3.4476504 7.6231384 3.064578
-3.6391869 7.469909 3.4476504
-3.7924156 7.546524 3.6391866
-3.9456444 7.699753 3.677494
-3.9839516 7.929596 3.4859576
-3.86903 8.159439 3.371036
-3.715801 8.274361 3.4859576
-3.4476504 8.274361 3.6008794
-3.1794999 8.274361 3.9073372
-2.911349 8.389282 4.405331
-2.6431985 8.542512 4.8267107
-2.413355 8.772355 5.363012
-2.2984335 9.040505 5.592855
-2.3367407 9.232041 5.439626
-2.4899697 9.270349 5.1714754
-2.719813 9.232041 4.788403
-2.9113493 9.040505 4.596867
-2.9113493 8.848969 4.82671
-2.719813 8.810662 5.4013186
-2.2601264 8.887277 6.2057705
-1.7621324 9.155427 6.8569937
-1.3790603 9.38527 7.240066
-1.1875241 9.5385 7.1634517
-1.3790601 9.5385 6.6271505
-1.7621325 9.232042 6.244078
-2.183512 8.887277 5.7843914
-2.4899697 8.580818 5.7843914
-2.4133554 8.389282 6.2823853
-1.9919758 8.542511 6.895301
-1.3790603 8.887277 7.5848308
-0.7278373 9.308657 8.00621
-0.4213795 9.653421 8.0445175
-0.4213795 9.768343 7.776367
-0.6895301 9.653421 7.393295
-1.187524 9.346964 7.0102224
-1.6089034 8.963891 6.895301
-1.8770542 8.6574335 7.0102224
-1.9536686 8.542512 7.240066
-1.7238252 8.695741 7.431602
-1.4556746 8.963892 7.5848308
-1.1875241 9.193735 7.5848308
-0.9193734 9.2703495 7.699753
-0.8044517 9.346964 7.929596
-0.6512228 9.385271 8.0445175
-0.49799395 9.423578 8.121132
-0.3830723 9.461885 8.159439
-0.2681506 9.385271 7.929596
-0.15322891 9.346964 7.8529816
0.0 9.308657 8.082825
0.19153613 9.385271 8.274361
0.45968673 9.385271 8.619126
0.7661445 9.500193 8.772355
1.0342951 9.653421 8.695741
1.2258313 9.691729 8.504204
1.37906 9.730036 8.274361
1.4556745 9.615114 8.159439
1.532289 9.461885 8.0445175
1.6472107 9.385271 7.967903
1.8004397 9.308657 7.8912888
1.9536686 9.270349 7.6231384
2.0685902 9.11712 7.3932953
2.1452048 8.887277 7.125144
2.0685904 8.619126 6.9719152
1.9153614 8.197746 6.7420716
1.8004397 7.8529816 6.6654572
1.6472107 7.584831 6.895301
1.6472107 7.3166804 7.0868373
1.7238252 7.240066 7.4699097
1.8387469 7.2783732 7.699753
1.9919759 7.3932953 7.6231384
2.1068976 7.546524 7.508217
2.2218192 7.584831 7.354988
2.1835117 7.584831 7.163451
2.0685902 7.4699097 7.125144
1.9153614 7.3549876 7.086837
1.7238252 7.2400656 7.086837
1.6855179 7.163451 7.2400656
1.7238252 7.163451 7.354988
1.7621324 7.125144 7.4699097
1.8770541 7.240066 7.546524
1.8770541 7.3166804 7.3932953
1.8387469 7.2783732 7.3166804
1.7621324 7.3166804 7.240066
1.6472107 7.2017584 7.240066
1.5705963 6.895301 7.3166804
1.4939818 6.512229 7.2783732
1.4556746 5.9759274 7.240066
1.4939818 5.51624 7.2783732
1.685518 5.2480903 7.3932953
1.9919758 5.133168 7.546524
2.4516625 5.286397 7.73806
2.9496565 5.554548 7.73806
3.3327289 5.93762 7.584831
3.6774938 6.3589997 7.3166804
3.7924156 6.7037644 6.933608
3.7541084 7.0102224 6.742072
3.6391864 7.163451 6.703765
3.4093432 7.2017584 6.703765
3.2178073 7.240066 6.742072
2.9496565 7.201759 6.6654572
2.6815057 7.1634517 6.4739213
2.4516625 7.240066 6.3973064
2.183512 7.1634517 6.3589993
2.030283 7.0485296 6.4356136
1.9153614 6.933608 6.5888433
1.8387469 6.7803793 6.742072
1.8770542 6.8186865 6.895301
1.9153614 6.8569937 6.9719152
1.9536686 6.895301 7.0485296
1.9536686 6.895301 6.9719152
1.9153614 6.895301 6.895301
1.8770542 6.933608 6.780379
1.8770542 6.9719152 6.7420716
1.9153614 7.125144 6.818686
1.9919758 7.2400656 6.8953004
2.0685902 7.3549876 7.0102224
2.1452045 7.508217 7.0102224
2.2218192 7.584831 6.9719152
2.2601264 7.6614456 6.8569937
2.2601264 7.699753 6.7420716
2.1452045 7.6614456 6.780379
1.9919758 7.584831 6.818686
1.8004396 7.431602 6.856993

