1.340753 7.0485296 6.8569937
1.4556746 7.354987 6.933608
1.6089035 7.8146744 7.0102224
1.7238252 8.197746 7.086837
2.183512 8.734048 7.086837
2.336741 9.002199 7.2017584
2.528277 9.308657 7.546524
2.566584 9.308657 7.699753
2.566584 9.193734 7.699753
2.528277 8.925584 7.699753
2.528277 8.810662 7.508217
2.6048913 8.6574335 7.431602
2.719813 8.6574335 7.278373
2.9496565 8.619126 7.086837
3.1028855 8.619126 6.9719152
3.2561142 8.695741 6.7803793
3.371036 8.580819 6.6654572
3.4093432 8.580819 6.5505357
3.4859576 8.427589 6.4739213
3.4859576 8.312668 6.397307
3.562572 8.236053 6.3589997
3.6008792 8.159439 6.320692
3.6391866 8.159439 6.2057705
3.6774938 8.159439 6.090849
3.7541082 8.159439 5.861006
3.86903 8.121132 5.746084
4.0222588 8.121132 5.6311626
4.1371803 8.0445175 5.516241
4.1754875 7.967903 5.4396267
4.2137947 7.929596 5.2863975
4.2137947 7.929596 5.171476
4.2521024 7.929596 5.056554
4.2904096 7.929596 4.9416323
4.2904096 7.929596 4.903325
4.2904096 7.8912888 4.9799395
4.3287168 7.929596 4.9799395
4.443639 7.967903 5.094861
4.5585604 8.082825 5.171476
4.7500963 8.159439 5.1331687
4.903325 8.121132 5.2480903
4.9416323 8.121132 5.133168
5.0182467 8.0445175 5.056554
4.9799395 8.00621 4.865018
4.9416323 8.0445175 4.6351748
4.903325 8.082825 4.55856
4.7884035 8.121132 4.405331
4.711789 8.121132 4.290409
4.6351748 8.159439 4.290409
4.596867 8.197746 4.252102
4.596867 8.236053 4.3287163
4.596867 8.236053 4.4436383
4.55856 8.236053 4.4436383
4.55856 8.197746 4.405331
4.596867 8.159439 4.367024
4.596867 8.236053 4.252102
4.6351743 8.274361 4.2137947
4.6351743 8.312668 4.290409
4.596867 8.350975 4.1754875
4.481945 8.274361 4.1371803
4.3287163 8.236053 3.9456444
4.1371803 8.159439 3.677494
3.9073372 8.0445175 3.6008797
3.7924156 7.967903 3.4476504
3.715801 7.8912888 3.4476504
3.7924154 7.967903 3.4859576
3.9456444 8.159439 3.371036
4.098873 8.389282 3.3327289
4.2904096 8.580819 3.1794996
4.367024 8.734048 2.9496565
4.405331 8.695741 2.719813
4.3670235 8.6574335 2.5665843
4.2137947 8.580819 2.48997
4.098873 8.504205 2.4133554
3.9456444 8.504205 2.4899697
3.8307228 8.542512 2.566584
3.7541084 8.542512 2.6815057
3.6391869 8.580819 2.7964275
3.6008792 8.695741 2.8347347
3.6008792 8.695741 2.7581203
3.677494 8.810662 2.566584
3.7541084 8.772355 2.413355
3.7541084 8.772355 2.2601264
3.7541084 8.848969 2.2601264
3.715801 8.848969 2.2218192
3.6774938 8.887277 2.183512
3.6774938 8.925584 2.1452048
3.6391866 8.848969 1.9919758
3.562572 8.810662 1.8770542
3.4859576 8.848969 1.7621325
3.4093432 8.848969 1.7238252
3.4093432 8.848969 1.6855179
3.371036 8.887277 1.6089035
3.3327286 8.887277 1.6089035
3.3327286 8.810662 1.4173675
3.2561142 8.772355 1.2641385
3.217807 8.734048 1.1492169
3.1794999 8.734048 1.0342952
3.1028852 8.734048 1.0726024
3.064578 8.772355 1.1492168
3.064578 8.772355 1.3024457
3.1028852 8.772355 1.4173673
3.1411924 8.848969 1.3790601
3.1028852 8.887277 1.1875241
3.0262709 8.848969 1.0726024
2.873042 8.772355 0.88106626
2.681506 8.695741 0.84275895
2.6048915 8.580819 0.88106626
2.5665843 8.580819 0.6895301
2.5665843 8.580819 0.6512228
2.6048915 8.580819 0.7278373
2.6048915 8.6574335 0.7278373
2.5665843 8.695741 0.8044517
2.4133554 8.734048 0.49799395
2.2984338 8.734048 0.38307226
2.2218194 8.695741 0.30645782
2.0685904 8.619126 0.30645782
2.030283 8.619126 0.30645782
1.9919758 8.580819 0.19153613
1.9919758 8.6574335 0.15322891
2.030283 8.772355 0.11492168
2.0685902 8.810662 0.076614454
2.1068976 8.887277 0.26815057
2.030283 8.848969 0.15322891
1.9536686 8.734048 0.114921674
1.7238252 8.734048 0.0
1.3024457 8.695741 -0.11492168
1.1492168 8.695741 -0.15322891
1.1492168 8.6574335 0.0
1.1492168 8.6574335 0.0
1.1875241 8.734048 0.0
1.2641385 8.887277 0.0
1.3024457 9.002198 -0.15322891
1.3024457 9.078813 -0.26815057
1.3024457 9.040505 -0.26815057
1.187524 8.963891 -0.26815057
0.9959879 8.887277 -0.19153613
0.7661446 8.810662 -0.076614454
0.5746084 8.734048 -0.038307227
0.4213795 8.580819 0.038307227
0.34476507 8.504205 0.076614454
0.34476507 8.389282 0.15322891
0.30645782 8.427589 0.22984335
0.34476504 8.542511 0.07661445
0.34476504 8.619125 -0.11492168
0.34476504 8.734048 -0.30645782
0.3830723 8.734048 -0.4213795
0.3830723 8.695741 -0.4213795
0.3830723 8.695741 -0.45968673
0.34476504 8.6574335 -0.49799395
0.2681506 8.695741 -0.6895301
0.19153613 8.734048 -0.7278373
0.15322891 8.6574335 -0.61291564
0.15322891 8.695741 -0.61291564
0.11492168 8.695741 -0.45968673
0.11492168 8.734048 -0.4213795
0.076614454 8.887277 -0.49799395
-0.038307227 8.925584 -0.4213795
-0.15322891 8.848969 -0.5363012
-0.30645782 8.772355 -0.49799395
-0.4213795 8.695741 -0.4213795
-0.49799398 8.619126 -0.4213795
-0.49799398 8.695741 -0.30645782
-0.45968676 8.772355 -0.22984336
-0.45968676 8.848969 -0.19153613
-0.45968676 9.002198 -0.19153613
-0.5746084 9.078813 -0.2681506
-0.842759 9.078813 -0.34476507
-1.1492169 8.963891 -0.4596867
-1.4173675 8.772355 -0.4596867
-1.5705963 8.542512 -0.30645782
-1.5705963 8.389282 -0.19153613
-1.4556746 8.389282 0.038307227
-1.340753 8.465897 0.22984335
-1.2258313 8.580819 0.3064578
-1.1109096 8.734048 0.344765
-1.0726024 8.848969 0.26815057
-0.9959879 8.810662 0.15322891
-0.9576807 8.734048 0.11492168
-0.9576807 8.504205 0.15322891
-0.91937345 8.274361 0.2681506
-0.99598795 8.197746 0.4213795
-1.1109096 8.159439 0.45968676
-1.2641385 8.197746 0.4213795
-1.4173673 8.197746 0.30645782
-1.532289 8.082825 0.22984336
-1.5705963 7.699753 0.26815057
-1.6089036 7.354988 0.38307226
-1.7238252 7.125145 0.61291564
-1.877054 7.086838 0.8810662
-2.0685902 7.4316025 0.9959879
-2.1068974 7.8146744 1.0726024
-1.9536686 8.082825 1.1109096
-1.6472108 8.312668 1.0342952
-1.3024458 8.504204 1.1875241
-0.9959879 8.69574 1.4556746
-0.8810662 8.810662 1.7621324
-0.9193735 8.848969 1.9919758
-1.0726024 8.810662 1.9919758
-1.340753 8.810662 1.9536685
-1.532289 8.963891 1.685518
-1.6472108 9.002198 1.5705962
-1.685518 9.040505 1.4939818
-1.6089035 9.002198 1.340753
-1.5322891 8.848969 1.4173673
-1.3790601 8.887277 1.4556746
-1.3024458 9.002198 1.685518
-1.3024458 9.193735 1.685518
-1.3024458 9.385271 1.5322891
-1.340753 9.423578 1.4556746
-1.3024457 9.308657 1.340753
-1.3790601 9.078813 1.5705962
-1.4556746 8.887277 1.9919758
-1.685518 8.772355 2.3750482
-2.0302832 8.734048 2.528277
-2.2218194 8.734048 2.6048915
-2.3750482 8.6574335 2.6048915
-2.2984338 8.619126 2.5665843
-1.9919758 8.619126 2.873042
-1.6472107 8.6574335 3.217807
-1.3790601 8.810662 3.562572
-1.4173673 9.002198 3.715801
-1.685518 9.078813 3.6391866
-2.1452048 8.963891 3.4093432
-2.6048913 8.772355 3.1028852
-2.911349 8.427589 2.9496565
-3.0262709 7.967903 2.9496565
-2.9496565 7.73806 3.1028855
-2.7581203 7.73806 3.5242648
-2.528277 7.8529816 4.0222588
-2.336741 8.236053 4.405331
-2.2218192 8.580818 4.6351748
-2.0685902 8.810662 4.6351748
-1.9153614 8.925584 4.711789
-1.838747 8.925584 4.711789
-1.8004397 8.925584 4.865018
-1.9153614 8.772355 5.094861
-2.1452048 8.734048 5.094861
-2.4133554 8.695741 5.094861
-2.5665843 8.695741 5.0182467
-2.6431987 8.772355 5.0182467
-2.5282772 8.772355 5.171476
-2.2601266 8.887277 5.477934
-2.0685904 8.963891 5.899313
-1.8387469 9.040505 6.090849
-1.5705963 9.155427 6.2440777
-1.2258313 9.232041 6.2440777
-0.80445176 9.346964 6.1674633
-0.3830723 9.461885 6.129156
-0.038307227 9.576807 6.090849
0.15322891 9.653421 6.1674633
0.15322891 9.653421 6.0525417
0.0 9.615114 6.129156
-0.2681506 9.500193 6.167464
-0.57460845 9.308657 6.167464
-0.7278373 9.078813 6.3206925
-0.80445176 8.925584 6.3589997
-0.80445176 8.810662 6.4739213
-0.72783726 8.772355 6.588843
-0.68953 8.810662 6.742072
-0.6512228 8.848969 6.933608
-0.6512228 8.963891 7.0485296
-0.68953 9.078813 7.0102224
-0.72783726 9.11712 6.8569937
-0.7661445 9.11712 6.588843
-0.84275895 9.078813 6.4356136
-1.0342951 8.887277 6.5505357
-1.3024458 8.619126 6.933608
-1.5322891 8.427589 7.6614456
-1.5322891 8.274361 8.42759
-1.2641386 8.465897 9.117121
-0.8044518 8.8489685 9.5385
-0.3830723 9.078814 9.576807
-0.15322891 9.2703495 9.2703495
-0.15322891 9.155428 8.695741
-0.34476504 8.810662 8.197746
-0.53630114 8.504204 7.8912888
-0.5746084 8.274361 7.8146744
-0.38307226 8.197746 8.0445175
0.03830725 8.274361 8.236053
0.61291564 8.465897 8.465897
1.0726023 8.504205 8.542512
1.340753 8.465898 8.274362
1.2258313 8.312668 8.082825
0.842759 7.929596 7.699753
0.4213795 7.469909 7.469909
0.076614454 7.086837 7.5082164
0.038307227 6.895301 7.5848308
0.22984336 6.895301 7.73806
0.5746084 7.125144 7.8912888
0.8810662 7.2400656 7.967903
1.1109096 7.2783732 7.929596
1.1875241 7.240066 7.8529816
1.1875241 7.1251445 7.8529816
1.3024458 7.1251445 7.8912888
1.4556746 7.1634517 7.929596
1.7238252 7.2783732 8.0445175
1.9536686 7.508217 8.0445175
1.9919759 7.6231384 7.967903
1.838747 7.6231384 7.8912888
1.4939818 7.508217 7.776367
1.0726023 7.1634517 7.546524
0.7278373 6.7803793 7.4699097
0.61291564 6.4739213 7.4316025
0.7278373 6.3589997 7.4699097
1.3024457 6.5505357 7.73806
2.3367407 7.1251445 8.159439
3.4859576 7.9295964 8.580818
4.405331 8.657434 8.734047
4.6351748 8.963892 8.465897
4.137181 8.810663 7.929596
3.2178073 8.197747 7.3932953
2.2218192 7.4316025 7.125144
1.4556746 6.7803793 7.125144
0.842759 6.282385 7.278373
0.42137948 6.0142345 7.431602
0.19153613 5.899313 7.469909
0.0 5.93762 7.584831
-0.076614454 5.9759274 7.508217
-0.15322891 6.0525417 7.354988
-0.22984336 6.0525417 7.086837
-0.30645782 6.0525417 6.742072
-0.30645782 6.244078 6.473922
-0.22984335 6.4356146 6.2823853
-0.076614454 6.703765 6.3206925

