0.80445176 7.1634517 6.933608
0.7278373 7.3166804 7.010223
0.6512229 7.584831 7.04853
0.57460845 7.8146744 7.010223
0.53630114 8.197746 7.3932953
0.6512228 8.389283 7.546524
0.7278373 8.389283 7.699753
0.6895301 8.389283 7.8529816
0.53630114 8.236053 7.73806
0.34476504 8.00621 7.6231384
0.11492168 7.73806 7.469909
-0.038307227 7.546524 7.3549876
0.0 7.4316025 7.4699097
0.11492168 7.3549876 7.508217
0.3830723 7.4316025 7.6231384
0.7278373 7.546524 7.6231384
1.0342951 7.6231384 7.508217
1.3407528 7.699753 7.546524
1.5705962 7.73806 7.4699097
1.7238252 7.699753 7.4316025
1.8387469 7.699753 7.4699097
1.9536686 7.73806 7.431602
2.0685902 7.6614456 7.431602
2.2601264 7.73806 7.393295
2.4133554 7.776367 7.4699097
2.6048915 7.776367 7.4699097
2.7581205 7.8912888 7.4316025
2.873042 7.929596 7.4316025
3.0262709 7.967903 7.3549876
3.1411927 8.082825 7.3166804
3.2944214 8.121132 7.3166804
3.4476504 8.121132 7.3166804
3.562572 8.236053 7.2783732
3.6391866 8.236053 7.201759
3.6774938 8.236053 7.1634517
3.6774938 8.197746 7.125144
3.6391866 8.121132 7.0485296
3.6391866 8.082825 7.086837
3.6774938 8.082825 7.0102224
3.7924154 8.197746 6.9719152
3.9839516 8.350975 6.8569937
4.1754875 8.465898 6.6654577
4.3287168 8.580819 6.512229
4.367024 8.619126 6.3589997
4.3287163 8.465897 6.2440777
4.2137947 8.350975 6.090849
4.060566 8.159439 6.0142345
3.9073372 7.967903 5.93762
3.86903 7.967903 5.899313
3.86903 7.967903 5.93762
3.9839516 8.0445175 5.9759274
4.1371803 8.121132 5.9759274
4.2137947 8.121132 6.090849
4.2137947 8.0445175 6.0142345
4.098873 7.929596 5.93762
3.9839516 7.8529816 5.93762
3.86903 7.73806 5.746084
3.8307228 7.699753 5.7843914
3.9073372 7.776367 5.707777
4.1371803 7.8529816 5.4396267
4.4436383 8.082825 5.3630123
4.7884035 8.312668 5.286397
5.133168 8.504205 5.286397
5.363012 8.619126 5.324704
5.516241 8.580819 5.1714754
5.5545483 8.580819 4.903325
5.5545483 8.42759 4.673482
5.477934 8.389283 4.4819455
5.401319 8.42759 4.405331
5.363012 8.350975 4.290409
5.2863975 8.389282 4.1371803
5.2097826 8.312668 4.0222588
5.094861 8.121132 3.9073372
5.056554 8.082825 4.0222588
5.056554 8.121132 4.098873
5.056554 8.159439 4.1754875
5.094861 8.197746 4.1371803
5.0182467 8.197746 3.86903
4.865018 8.0445175 3.6391864
4.7117887 7.929596 3.409343
4.596867 7.8912888 3.3710358
4.55856 7.8529816 3.4859576
4.596867 7.967903 3.6774938
4.6351743 8.121132 3.9456444
4.55856 8.274361 3.9839516
4.405331 8.350975 3.9073372
4.1754875 8.350975 3.754108
3.9839516 8.312668 3.4859574
3.9073372 8.236053 3.3710358
3.9456444 8.274361 3.2561142
4.060566 8.312668 3.1411924
4.2137947 8.350975 2.9496565
4.3287163 8.504205 2.7198129
4.367024 8.580819 2.4899697
4.367024 8.695741 2.1068974
4.3287168 8.810662 1.7621324
4.2904096 8.848969 1.532289
4.252102 8.925584 1.3407528
4.1754875 8.848969 1.3407528
4.098873 8.772355 1.37906
3.9839516 8.695741 1.4173675
3.9456444 8.6574335 1.3407528
3.9456444 8.734048 1.3024457
3.9839516 8.810662 1.2641385
4.0222588 8.887277 1.0726024
3.9839516 8.810662 1.0726024
3.9839516 8.734048 0.8810662
3.9456444 8.734048 0.80445176
3.9073372 8.734048 0.88106626
3.9839516 8.848969 0.84275895
3.9839516 8.963891 0.8810662
3.9073372 8.963891 0.842759
3.86903 8.963891 0.8044517
3.7924156 8.963891 0.842759
3.677494 8.925584 0.8810662
3.6391869 8.925584 0.9959879
3.562572 8.848969 1.0726024
3.371036 8.734048 1.0342952
3.2561145 8.6574335 0.9959879
3.1028855 8.542512 0.91937345
2.9496565 8.580819 0.7661445
2.9113493 8.6574335 0.6895301
2.834735 8.695741 0.5746084
2.7964277 8.848969 0.4596867
2.7581205 8.848969 0.30645782
2.6048915 8.772355 0.15322891
2.4516625 8.695741 0.076614454
2.2601264 8.580819 0.038307227
2.1068974 8.504205 0.076614454
1.9919758 8.465898 0.076614454
1.8770542 8.504205 0.076614454
1.838747 8.42759 0.076614454
1.8004397 8.465898 0.0
1.7621324 8.580819 0.0
1.7621324 8.580819 -0.076614454
1.7238252 8.6574335 -0.22984336
1.685518 8.6574335 -0.2681506
1.6472108 8.580819 -0.34476504
1.5705962 8.619126 -0.4213795
1.4173673 8.580819 -0.4213795
1.2641385 8.619126 -0.45968673
1.1109096 8.542511 -0.5363012
0.9576807 8.389282 -0.5746084
0.842759 8.350975 -0.5746084
0.7278373 8.159439 -0.5363012
0.61291564 8.159439 -0.4213795
0.45968673 8.236053 -0.30645782
0.34476504 8.312668 -0.34476504
0.30645782 8.427589 -0.53630114
0.22984335 8.465898 -0.7278373
0.2681506 8.504205 -0.842759
0.2681506 8.504205 -0.80445176
0.19153613 8.580819 -0.6512228
0.19153613 8.6574335 -0.5363012
0.15322891 8.695741 -0.4213795
0.11492168 8.734048 -0.38307226
0.076614454 8.6574335 -0.38307226
0.0 8.619126 -0.38307226
-0.11492168 8.542512 -0.4596867
-0.15322891 8.465898 -0.49799395
-0.22984335 8.542512 -0.5363012
-0.3064578 8.580819 -0.61291564
-0.3064578 8.6574335 -0.7661445
-0.344765 8.734048 -0.95768064
-0.38307226 8.695741 -1.1109096
-0.38307226 8.6574335 -1.1875241
-0.4213795 8.542512 -1.1875241
-0.49799395 8.465898 -1.1492169
-0.61291564 8.42759 -1.1109096
-0.7661445 8.274361 -1.1875241
-0.9576807 8.159439 -1.0342951
-1.1492168 8.082825 -0.80445176
-1.4173673 8.00621 -0.4596867
-1.6089035 8.082825 -0.49799392
-1.7238252 8.00621 -0.7661445
-1.8004397 8.00621 -0.95768064
-1.8770542 7.8146744 -0.95768064
-1.9153614 7.584831 -0.95768064
-2.030283 7.4699097 -0.7661445
-2.1452045 7.3549876 -0.6512228
-2.2984335 7.4316025 -0.7278373
-2.3750482 7.546524 -1.0342951
-2.4133554 7.546524 -0.99598795
-2.3750482 7.393295 -0.7661445
-2.4133554 7.431602 -0.49799395
-2.4516625 7.431602 -0.19153613
-2.566584 7.4699097 -0.11492168
-2.719813 7.6231384 -0.15322891
-2.7964277 7.6231384 -0.19153613
-2.7964277 7.6231384 -0.15322891
-2.6431987 7.584831 -0.15322891
-2.5282772 7.6614456 0.0
-2.4133554 7.8146744 0.15322891
-2.4899697 7.967903 0.11492168
-2.566584 7.929596 0.0
-2.6815057 8.00621 -0.15322891
-2.7964275 8.0445175 -0.114921674
-2.8347347 8.159439 0.038307227
-2.7964275 8.312668 0.22984336
-2.719813 8.389283 0.4213795
-2.6048913 8.389283 0.49799395
-2.566584 8.312668 0.7661445
-2.566584 8.274361 0.9959879
-2.6431985 8.236053 1.187524
-2.8347347 8.312668 1.2641385
-2.9879637 8.427589 1.1492168
-3.1794999 8.504205 1.0342951
-3.371036 8.465898 1.1109096
-3.4476504 8.274361 1.2641385
-3.4476504 8.082825 1.4939818
-3.4093432 8.0445175 1.6855179
-3.2944217 8.159439 1.7238252
-3.217807 8.465897 1.7621324
-3.2561142 8.6574335 1.685518
-3.2944214 8.772355 1.6472108
-3.3710358 8.695741 1.8004396
-3.3710358 8.350975 2.1068974
-3.3327286 7.967903 2.4899697
-3.3327286 7.73806 2.8730419
-3.2561142 7.776367 3.064578
-3.3327289 8.0445175 3.0262709
-3.4859576 8.389282 2.9113493
-3.6008792 8.504205 2.6048915
-3.7158012 8.312669 2.3750482
-3.677494 8.0445175 2.2601264
-3.4859576 7.73806 2.3367407
-3.3327289 7.546524 2.528277
-3.2944217 7.584831 2.7964275
-3.4093432 7.699753 2.9879637
-3.6391864 7.8912888 2.9496565
-3.8307228 8.00621 2.9113493
-3.86903 8.0445175 2.7581203
-3.7541084 8.00621 2.719813
-3.5242648 7.8912888 2.834735
-3.2178073 7.8529816 3.1411927
-2.873042 8.00621 3.6008794
-2.681506 8.197746 3.9456444
-2.528277 8.542511 4.098873
-2.4133554 8.734048 3.9839516
-2.48997 8.772355 3.7541084
-2.4516625 8.734048 3.6008794
-2.528277 8.619126 3.6391866
-2.7198133 8.465897 3.9456444
-2.6815057 8.427589 4.405331
-2.6048913 8.427589 4.903325
-2.3750482 8.542511 5.3247046
-1.9536686 8.887277 5.516241
-1.5705962 9.155428 5.516241
-1.187524 9.500193 5.286398
-0.9576807 9.653421 5.094861
-1.0726024 9.615114 4.9799395
-1.4939818 9.346964 5.0182467
-2.0685902 8.925584 5.363012
-2.5665843 8.542512 5.746084
-2.719813 8.236053 6.2823853
-2.4899697 8.274361 6.62715
-1.9919758 8.427589 6.8186865
-1.4173675 8.657433 6.933608
-0.9959879 8.887277 6.895301
-0.842759 8.963891 6.9719152
-0.9576807 8.963891 7.1634517
-1.1875241 8.810662 7.240066
-1.340753 8.619125 7.4316025
-1.340753 8.504204 7.546524
-1.1875241 8.465897 7.73806
-0.91937345 8.542511 8.0445175
-0.6895301 8.734048 8.350976
-0.45968673 8.963891 8.734048
-0.2681506 9.232042 9.002199
-0.076614454 9.346964 9.232042
0.22984335 9.461885 9.2703495
0.53630114 9.5385 9.2703495
0.8810662 9.576807 8.963891
1.0342952 9.691729 8.619125
0.9959879 9.691729 8.312668
0.842759 9.5385 8.121132
0.6512228 9.423578 8.312668
0.68953013 9.308657 8.6574335
0.9193734 9.346964 9.040505
1.3024457 9.423578 9.193734
1.685518 9.500193 9.002198
1.9153614 9.576807 8.6574335
1.9153614 9.423578 8.427589
1.7238252 9.040506 8.312668
1.340753 8.619126 8.350975
1.0726024 8.236053 8.619126
0.9193734 8.00621 8.848969
1.1109096 8.00621 8.810662
1.2641385 7.929596 8.580818
1.3024457 7.776367 8.312668
1.2258313 7.4316025 8.0445175
1.1109096 7.0868373 7.929596
0.9576807 6.856993 7.967903
0.99598795 6.6654572 8.0445175
1.0342952 6.62715 8.159439
0.99598795 6.62715 8.159439
0.91937345 6.588843 8.00621
0.6895301 6.5505357 7.8912888
0.49799395 6.5122285 7.8529816
0.4213795 6.550536 8.00621
0.4213795 6.5888433 8.121132
0.5363012 6.703765 8.121132
0.7278373 6.895301 8.082825
0.8810662 6.9719152 7.929596
1.0342951 7.125144 7.8146744
1.1109096 7.163451 7.8146744
1.0726024 7.125144 7.8146744
1.0342952 7.0485296 7.8912888
0.99598795 6.933608 8.082825
1.0342952 6.8186865 8.197746
1.1109096 6.742072 8.236053
1.1875241 6.742072 8.159439
1.1492169 6.512229 7.8912888
1.1492169 6.282386 7.6614456
1.1492169 6.0525417 7.3166804
1.340753 5.861006 7.1634517
1.9536686 5.93762 7.354988
2.8347347 6.3206925 7.6614456
3.7924154 6.8186865 8.0445175
4.405331 7.201759 8.121132
4.405331 7.393295 7.8146744
3.86903 7.240066 7.3549876
3.1028852 6.7803793 6.9719152
2.2984335 6.397307 6.7803793
1.6472108 6.090849 6.8569937
1.1492169 5.93762 6.9719152
0.7278373 5.93762 7.163451
0.5363012 5.93762 7.2400656
0.45968676 6.090849 7.2400656
0.4213795 6.205771 7.354988
0.45968673 6.244078 7.2783737
0.45968673 6.3589997 7.316681
0.49799398 6.4739213 7.316681
0.5746084 6.5122285 7.201759
0.6895301 6.6654572 7.354988
0.842759 6.7803793 7.4699097
0.9959879 6.895301 7.4699097
1.1875241 7.0102224 7.546524

