1.1109096 8.925584 3.3327286
1.1492169 9.155427 3.2561142
1.3024458 9.346964 3.2561142
1.4939818 9.423578 3.2944214
1.685518 9.2703495 3.3710358
1.685518 9.232042 3.3327286
1.6472108 9.040505 3.4476504
1.6089036 9.040505 3.5242648
1.5705962 9.040505 3.562572
1.5705962 9.002198 3.6391866
1.6089035 9.002198 3.6774938
1.7238252 9.078813 3.7924154
1.8770541 9.193734 3.9456444
1.9919758 9.385271 3.9839516
1.9153614 9.653421 3.7924156
1.685518 9.615114 3.6008794
1.2641385 9.232041 3.4093432
1.1109096 9.11712 3.4859576
1.1109096 9.040505 3.4093432
1.1492168 9.040505 3.3327289
1.2258313 9.078813 3.3327289
1.3790601 9.193734 3.1411924
1.5322891 9.461885 3.1794996
1.5322891 9.576807 3.0262709
1.4939818 9.5385 2.9113493
1.4173673 9.500193 2.834735
1.4173673 9.461885 2.834735
1.4556745 9.423578 2.9113493
1.4173673 9.385271 3.1028855
1.340753 9.385271 3.217807
1.2258313 9.308657 3.217807
1.0726024 9.308657 3.2561142
1.0726024 9.232042 3.1411927
1.1492168 9.193735 3.064578
1.3024457 9.193735 3.0262709
1.532289 9.155427 2.9879637
1.6089036 9.346963 3.0262709
1.6089036 9.4618845 3.0262709
1.4939818 9.5385 2.9879637
1.3407528 9.576807 2.873042
1.2258313 9.461885 2.7581205
1.1875241 9.308657 2.7198133
1.1492169 9.232042 2.7964277
1.1109096 9.155427 2.7964277
1.1492168 9.232041 2.7964277
1.1492168 9.38527 2.719813
1.1875241 9.5385 2.5282772
1.2258313 9.691729 2.4516625
1.3024457 9.653421 2.413355
1.3407528 9.653421 2.528277
1.3407528 9.5385 2.6815057
1.2641385 9.423578 2.7581203
1.0726023 9.346964 2.7964277
0.91937345 9.193734 2.7581205
0.842759 9.232041 2.7581205
0.842759 9.2703495 2.7581205
0.9959879 9.346964 2.7581205
1.0726024 9.500193 2.6431987
1.1109096 9.500193 2.4133554
1.1109096 9.5385 2.3367407
0.9959879 9.500193 2.2218192
0.9959879 9.346964 2.0685902
1.0342951 9.385271 2.1452045
1.1109096 9.461885 2.1068974
1.2641385 9.576807 2.1452045
1.37906 9.768343 2.3367407
1.4173675 9.730036 2.3750482
1.4939818 9.768343 2.3750482
1.4939818 9.768343 2.2984338
1.4939818 9.615114 2.2601264
1.4939818 9.576807 2.3367407
1.4173675 9.423578 2.528277
1.3407528 9.308657 2.873042
1.3024457 9.346964 3.0645783
1.3407528 9.500193 3.1028855
1.4556746 9.615114 3.1028855
1.532289 9.691729 2.9879637
1.532289 9.691729 2.9113493
1.4939818 9.500193 2.7581203
1.4556746 9.232041 2.566584
1.5322891 9.232041 2.4899697
1.6472108 9.232041 2.528277
1.8004397 9.232041 2.681506
1.9919758 9.155427 2.8730419
1.9919758 9.232041 2.8730419
1.8770542 9.346964 2.566584
1.7621324 9.461885 2.4133554
1.838747 9.576807 2.4516625
1.9919758 9.730036 2.4516625
2.0685902 9.921572 2.5282772
2.2218192 9.959879 2.5665843
2.2218192 9.959879 2.5665843
2.183512 9.921572 2.6048915
2.1452045 9.768343 2.681506
2.030283 9.691729 2.7581203
1.9536686 9.615114 2.719813
1.8770542 9.5385 2.566584
1.8387469 9.576807 2.2984335
1.8387469 9.576807 2.1452048
1.8770542 9.576807 1.9919758
1.9153614 9.576807 1.838747
2.030283 9.653421 1.9153614
2.0685902 9.80665 1.9153614
2.0685902 9.844957 2.030283
2.0685902 9.768343 2.030283
1.9153614 9.576807 1.9536686
1.8387469 9.346963 1.8004396
1.7238252 9.193734 1.6089036
1.6472108 9.232042 1.7621324
1.685518 9.346964 1.9919758
1.7621324 9.500193 2.0685902
1.838747 9.730036 2.1068974
1.838747 9.844957 1.8770541
1.7621324 9.80665 1.493982
1.5705962 9.615114 1.4173673
1.4939818 9.500193 1.6089035
1.3790601 9.500193 2.2601264
1.3790601 9.730036 2.4899697
1.3024457 9.730036 2.3750482
1.2258313 9.615114 2.2984335
1.1875241 9.500193 2.183512
1.1492169 9.308656 2.1068974
1.1109096 9.155427 2.1835117
1.1109096 9.155427 2.1452045
1.0726024 9.11712 2.2601264
1.0342951 9.11712 2.2984335
0.842759 9.2703495 2.2984335
0.6895301 9.385271 2.2601264
0.45968673 9.385271 2.1835117
-0.11492168 9.155427 2.2601264
-0.38307226 9.078813 2.4133554
-0.53630114 9.002198 2.834735
-0.6512228 9.002198 3.2944217
-0.6512228 8.887277 3.5242648
-0.57460845 8.810662 3.6774936
-0.42137948 8.848969 3.4476504
-0.22984336 8.848969 3.1028852
-0.11492168 9.193735 2.9879637
-0.076614454 9.308657 2.7964275
-0.19153613 9.346964 3.1028855
-0.38307226 9.346964 3.4093432
-0.49799395 9.002198 3.4093432
-0.61291564 8.887277 2.6431987
-0.57460845 8.925584 2.0685902
-0.5363012 9.117121 1.5705962
-0.5746084 9.2703495 1.5705962
-0.34476504 9.423578 1.8004397
-0.22984336 9.691729 2.0685904
-0.22984336 9.883265 2.5665843
-0.22984336 9.80665 2.9113493
-0.30645782 9.844957 2.9496565
-0.49799395 9.844957 2.7581203
-0.7278373 10.036493 2.4133554
-1.0342951 10.036493 2.3367407
-1.3790601 10.036493 2.3367407
-1.6472107 10.0748005 2.4133554
-1.8387469 10.228029 2.6431987
-1.9536686 10.6877165 2.873042
-2.030283 11.032482 3.2561142
-2.0685902 11.262325 3.7924154
-2.1452045 11.300632 4.252102
-2.2984335 11.109096 4.673482

