-2.4133554 10.91756 4.903325
2.183512 9.5385 4.520253
1.9919758 9.308656 4.098873
1.5705962 8.810662 3.9073372
1.4173673 8.848969 3.5242648
1.4939818 8.810662 3.4093432
1.4556745 8.772355 3.371036
1.4556745 8.772355 3.2944217
1.4939818 8.734048 3.371036
1.5705962 8.772355 3.5242648
1.6089036 8.734048 3.4859576
1.6472108 8.887277 3.2561142
1.685518 9.002198 3.1411927
1.7621324 9.193734 3.1028852
1.8770542 9.346964 3.1028852
1.9536686 9.461885 2.9879637
1.9919758 9.500193 2.9113493
2.030283 9.615114 2.834735
1.9919758 9.653421 2.7198133
1.9536686 9.653421 2.6815062
1.9536686 9.615114 2.566584
1.9536686 9.576807 2.75812
1.9536686 9.615114 2.9496562
1.8770542 9.500193 3.1794999
1.7238252 9.2703495 3.4476502
1.685518 9.155427 3.6008792
1.6472108 9.193734 3.6391864
1.6089036 9.193734 3.562572
1.5705962 9.2703495 3.4859576
1.5705962 9.346964 3.371036
1.6472108 9.385271 3.2561145
1.685518 9.500193 3.2561145
1.7621324 9.423578 3.2944217
1.7621324 9.385271 3.2561142
1.685518 9.308657 3.2561142
1.4939818 9.232042 3.217807
1.1875241 9.155428 3.1028852
0.95768064 9.078813 2.8730419
0.88106626 9.11712 2.7581203
0.95768064 9.155427 2.6431985
1.2641385 9.308657 2.6048913
1.5705963 9.423578 2.7964275
1.7238252 9.423578 2.9496565
1.7238252 9.385271 3.0262709
1.5705962 9.346964 3.1411924
1.37906 9.346964 3.1411924
1.3024457 9.346964 3.0262709
1.3407528 9.423578 2.8730419
1.3790603 9.232041 2.2984335
0.9959879 8.925584 2.0685902
0.80445176 8.810662 2.183512
0.53630114 8.810662 2.4516625
0.38307226 8.848969 2.75812
0.2681506 8.848969 2.911349
0.22984335 8.734048 2.911349
0.2681506 8.734048 3.1411927
0.38307226 8.734048 3.2944214
0.53630114 8.848969 3.4859576
0.6512228 9.078813 3.7924156
0.80445176 9.308656 3.715801
1.1109096 9.691729 3.3327286
1.2641385 9.768343 3.0645783
1.3024457 9.730036 2.9879637
1.3024457 9.691729 3.0645783
1.2641385 9.691729 3.1795
1.3024457 9.615114 3.371036
1.340753 9.653421 3.4476504
1.4173673 9.653421 3.4093432
1.4939818 9.691729 3.2561142
1.6472108 9.768343 2.9879637
1.6472108 9.730036 2.9496565
1.685518 9.691729 2.9496565
1.6472108 9.653421 2.873042
1.6472108 9.653421 2.8347347
1.6472108 9.653421 2.7964275
1.6089036 9.461885 2.8347347
1.6472108 9.078813 2.873042
1.532289 9.078814 2.9113493
1.4556746 9.2703495 2.7964275
1.532289 9.730036 2.336741
1.7238252 9.844957 2.030283
1.9153614 9.883265 1.8387469
2.0685902 9.998186 1.8770542
1.9536686 9.959879 2.183512
1.7621324 9.959879 2.5665843
1.6089035 9.80665 2.834735
1.4939818 9.691729 3.2561142
1.532289 9.768343 3.562572
1.6089036 9.844957 3.715801
1.685518 9.998186 3.6008794
1.7238252 10.113108 3.217807
1.6472107 10.151415 2.719813
1.5705963 9.998186 2.2984335
1.3790601 9.959879 2.2601264
1.3024458 9.959879 2.4516625
1.3024458 9.959879 2.834735
1.340753 10.113108 3.064578
1.3790601 10.189722 3.2178068
1.2258313 10.036493 3.064578
1.1109096 9.921572 2.9496565
0.9959879 9.730036 2.8347347
1.0342952 9.691729 2.9113493
1.1492168 9.691729 2.9496565
1.2641385 9.691729 2.834735
1.3024457 9.576807 2.834735
1.2641385 9.5385 2.834735
1.1875241 9.5385 2.873042
0.9959879 9.500193 2.873042
1.0726024 9.385271 2.719813
1.1875241 9.155428 2.6048915
1.3024457 8.925585 2.6431987
1.1492168 8.810662 2.719813
0.9959879 8.734048 2.7964275
0.80445176 8.772355 2.719813
0.7661445 8.848969 2.566584
0.8810662 8.887277 2.4899697
1.0342951 9.002198 2.3750482
1.0726024 9.11712 2.4899697
0.9959879 9.155427 2.3750482
0.9959879 9.155427 2.336741
0.9576807 9.155427 2.4899697
0.9576807 9.040505 2.6815057
0.842759 8.963891 2.9113493
0.6895301 8.925584 3.0262709
0.4213795 8.772355 2.9879637
0.19153613 8.619125 2.7581203
0.15322891 8.465897 2.7581203
0.038307227 8.274361 2.719813
0.19153613 8.427589 2.7964277
0.4213795 8.772355 2.834735
0.80445176 9.193735 2.9113493
1.1109096 9.615114 3.0262709
1.340753 9.959879 3.1794999
1.4173675 10.189722 3.2561142
1.340753 10.189722 3.2561142
1.2258313 10.0748005 3.1028855
1.0726024 9.80665 2.8347347
0.9576807 9.653421 2.8730419
0.9193735 9.730036 3.2944217
0.9193735 9.959879 3.6774938
0.9576807 9.921572 3.7924156
0.9576807 9.883265 3.7158012
0.9193734 9.844957 3.5242648
0.8044518 9.768343 3.2178073
0.57460845 9.883265 2.834735
0.38307226 9.959879 2.681506
0.26815057 9.959879 2.681506
0.076614454 9.883265 2.7964275
-0.1532289 9.653421 2.9879637
-0.49799395 9.423577 3.1028852
-0.68953013 9.155427 3.217807
-0.842759 8.925584 3.1794996
-0.8810662 8.734048 3.1411924
-0.842759 8.6574335 2.9879637
-1.0726024 8.734048 2.719813
-1.1875241 8.848969 2.528277
-1.3790603 9.040505 2.3750482
-1.5322891 9.11712 2.3750482
-1.5705963 9.078813 2.6048913
-1.7238252 8.925584 2.719813
-1.9153613 8.848969 2.7964277
-2.1452045 8.772355 2.873042
-2.4133554 8.734048 2.834735
-2.566584 8.734048 2.9496565
-2.6048913 8.734048 3.1794999
-2.681506 8.695741 3.217807
-2.681506 8.6574335 3.3327289
-2.719813 8.734048 3.217807
-2.719813 8.848969 3.1794999

