-2.834735 8.963891 3.1411927
2.030283 9.155428 4.7500963
1.8770542 8.504205 4.1371803
1.8387469 8.504205 3.7541084
2.2601264 8.963891 3.9073372
2.3750482 9.11712 3.8307228
2.4133554 9.040505 4.098873
2.336741 8.963891 4.1754875
2.1835117 8.887277 4.1371803
1.9919758 8.925584 4.098873
1.8004396 9.002198 3.9073372
1.6472108 9.002198 3.8307226
1.532289 9.002198 3.5242648
1.4939818 9.002198 3.2561142
1.4556745 8.848969 3.2561142
1.4556745 8.695741 3.2561142
1.3790601 8.580819 3.5242648
1.2641385 8.542512 3.715801
1.2258313 8.504205 3.86903
1.2258313 8.580819 3.7924156
1.2641385 8.772355 3.562572
1.4173675 9.002199 3.562572
1.685518 9.346964 3.4859576
1.9919758 9.653421 3.4859576
2.2601264 9.80665 3.6008792
2.4516625 9.730036 3.6008792
2.4899697 9.615114 3.7541084
2.3750482 9.346964 3.86903
2.1835122 9.155428 3.9456444
1.991976 9.002198 3.9073372
1.7621324 8.963891 3.6008794
1.6472108 8.963891 3.4859576
1.7238252 9.11712 3.4093432
1.877054 9.385271 3.4093432
2.0685902 9.576807 3.4859576
2.1452045 9.80665 3.4476504
2.0685902 9.80665 3.2944217
1.9153614 9.691729 3.026271
1.685518 9.5385 3.026271
1.532289 9.385271 3.026271
1.4939818 9.193735 3.2178073
1.4173673 9.11712 3.4476504
1.4939818 9.078813 3.5242648
1.5705963 9.11712 3.6008792
1.6089035 9.232042 3.4476504
1.685518 9.461885 3.2944214
1.7238252 9.615114 3.1028855
1.8004398 9.80665 2.9113493
1.838747 9.959879 2.7964277
1.8770542 9.883265 2.7964277
1.8770542 9.844957 2.9113493
1.7621325 9.691729 3.0645783
1.685518 9.461885 3.2944214
1.5705963 9.385271 3.4093432
1.4556746 9.232042 3.371036
1.4556746 9.117121 3.371036
1.4556746 9.078814 3.2561145
1.4939818 9.002198 3.2561145
1.4556745 9.002198 3.1795
1.3790601 9.11712 2.9496565
1.340753 9.232042 2.7964277
1.4556746 9.346964 2.7198133
1.5705963 9.423578 2.7198133
1.5705963 9.423578 2.834735
1.6089035 9.308657 3.0645783
1.4939818 9.078814 3.371036
1.340753 9.002198 3.4859576
1.2258313 8.963891 3.524265
1.1109096 8.963891 3.371036
1.1109096 9.11712 3.1028852
1.1492168 9.11712 2.8730419
1.1875241 9.11712 2.6815057
1.2641385 9.155427 2.4899697
1.3024457 9.232041 2.4133554
1.340753 9.38527 2.4899697
1.4173673 9.5385 2.6815057
1.4556745 9.653421 2.8730419
1.532289 9.730036 3.064578
1.5705963 9.768343 3.2944214
1.5705963 9.768343 3.4476504
1.5322891 9.768343 3.6391866
1.4173673 9.730036 3.7924156
1.3024458 9.653421 3.7924156
1.1875241 9.423578 3.7541084
1.0726024 9.308656 3.677494
0.9959879 9.193734 3.562572
0.9576807 9.155427 3.4859576
0.9576807 9.346964 3.4093432
0.9959879 9.5385 3.3327286
1.1109096 9.730036 3.2561142
1.2258313 9.844957 3.0645783
1.2641385 9.844957 2.873042
1.3024457 9.653421 2.7198133
1.1875241 9.423578 2.6815062
1.0342951 9.270349 2.7198133
0.80445176 9.078813 2.7198133
0.61291564 8.963891 2.6815062
0.5746084 8.925584 2.566584
0.6512229 8.848969 2.566584
0.9576807 9.002198 2.6815057
1.3024458 9.2703495 2.9496565
1.5705963 9.5385 3.1411924
1.685518 9.730036 3.2178068
1.5705963 9.730036 3.2178068
1.3790601 9.730036 3.064578
1.340753 9.500193 2.9879637
1.340753 9.346964 2.9879637
1.2641385 9.232042 2.9879637
1.1875241 9.040505 2.9496565
0.95768064 9.002198 3.0262709
0.7661445 8.887277 3.1028855
0.6895301 8.734048 3.1794999
0.6895301 8.734048 3.3327289
0.7661445 8.734048 3.3327289
0.88106626 8.925584 3.2561145
1.1109097 9.2703495 3.064578
1.3024458 9.576807 2.873042
1.4556746 9.844957 2.681506
1.6089035 9.998186 2.48997
1.8004397 9.998186 2.2984338
1.8004397 9.768343 2.1068976
1.8004397 9.576807 1.9536686
1.7238252 9.385271 2.030283
1.532289 9.2703495 2.1452048
1.532289 9.346964 2.2984338
1.5705963 9.461885 2.4516625
1.685518 9.653421 2.3750482
1.8387469 9.80665 2.3750482
1.9536686 9.921572 2.3367407
2.0685902 9.921572 2.221819
2.1452045 9.80665 2.1835117
2.183512 9.615114 2.2218192
2.183512 9.500193 2.2601264
2.2218192 9.500193 2.3750482
2.2218192 9.5385 2.4133554
2.2984338 9.691729 2.4516625
2.3367407 9.768343 2.5665843
2.3367407 9.730036 2.5665843
2.2218192 9.691729 2.4516625
2.1068974 9.5385 2.2984335
2.030283 9.423578 2.2984335
1.9919758 9.308657 2.3367407
1.9919758 9.117121 2.566584
1.9919758 9.002198 2.7964275
1.9153614 9.040505 2.8347347
1.8004397 9.078813 2.9879637
1.7621325 9.308657 2.9496565
1.7238252 9.500193 2.834735
1.7238252 9.615114 2.681506
1.6089036 9.653421 2.4133554
1.3790603 9.461885 2.336741
1.1875241 9.232041 2.3750482
0.91937345 8.925584 2.5282772
0.7278373 8.848969 2.7581205
0.57460845 8.887277 2.873042
0.3830723 9.002198 2.9113493
0.3064578 9.232041 3.0645783
0.2681506 9.423577 3.0262709
0.2681506 9.576807 2.9496565
0.2681506 9.730036 2.873042
0.22984335 9.80665 2.6431987
0.15322891 9.80665 2.5665843
0.038307227 9.768343 2.5282772
-0.038307227 9.730036 2.5665843
-0.19153613 9.653421 2.6048915
-0.26815057 9.500193 2.7581205
-0.45968673 9.308657 3.0645783
-0.61291564 9.11712 3.371036
-0.7278373 9.040505 3.7924156
-0.8810662 9.078813 3.9839516
-1.0342951 9.193735 3.9839516
-1.3024458 9.2703495 4.0222588
-1.532289 9.308657 3.9839516
-1.7621324 9.155428 4.098873
-1.8770542 9.040505 4.1371803
-1.9536686 9.040505 4.1754875
-2.0685902 9.002198 4.2904096

