1.9919758 8.810662 5.0948615
2.2984338 8.42759 5.3247046
2.1068976 8.159439 4.6351748
2.1068976 8.312668 4.2904096
1.8004398 8.389282 4.060566
1.7621324 8.504204 4.1371803
1.9536686 8.848969 4.213795
2.0685902 9.040505 4.060566
2.1452048 9.193734 3.86903
2.1068974 9.346963 3.562572
2.0685902 9.385271 3.2944217
1.9919758 9.5385 3.1411927
1.8770542 9.615114 3.064578
1.8004397 9.691729 3.064578
1.6472108 9.768343 3.1794999
1.5322891 9.730036 3.2944217
1.1875241 9.500193 3.6391869
1.0342951 9.385271 3.677494
0.842759 9.270349 3.6391869
0.7278373 9.155427 3.4093432
0.7278373 9.346964 2.9879637
0.842759 9.5385 2.834735
0.9576807 9.768343 2.9113493
0.9576807 10.036493 3.0645783
0.61291564 10.113108 3.4476504
0.38307226 10.036493 3.562572
0.2681506 9.80665 3.6391869
0.11492168 9.615114 3.6008797
-0.038307227 9.385271 3.1794999
-0.15322891 9.346964 2.9113493
-0.11492168 9.461885 2.681506
-0.038307227 9.5385 2.6048915
0.076614454 9.691729 2.6431987
0.19153613 9.80665 2.9113495
0.19153613 9.768343 3.2561145
0.076614454 9.615114 3.5625722
-0.11492168 9.385271 3.7541084
-0.38307226 9.155427 3.6391866
-0.4596867 9.078813 3.4476504
-0.38307226 9.040505 3.1794999
-0.26815057 9.155427 2.9879637
-0.038307227 9.270349 2.681506
0.15322891 9.346964 2.4899697
0.34476504 9.423578 2.528277
0.53630114 9.423578 2.6431987
0.61291564 9.461885 2.9496565
0.61291564 9.423578 3.1028855
0.57460845 9.385271 3.0645783
0.49799395 9.346964 3.026271
0.45968673 9.232042 2.873042
0.38307226 9.193734 2.7581203
0.34476504 9.232042 2.6431985
0.42137948 9.155428 2.4133554
0.45968673 9.078814 2.336741
0.5746084 9.078814 2.336741
0.61291564 8.925584 2.3750482
0.53630114 8.810662 2.3750482
0.57460845 8.848969 2.336741
0.6512228 8.848969 2.2984338
0.80445176 8.925584 2.336741
1.0342951 9.11712 2.3750482
1.1875241 9.155427 2.4133554
1.1875241 9.11712 2.4516625
1.0726023 9.11712 2.4516625
0.8810662 9.040505 2.566584
0.7278373 9.040505 2.6048915
0.6512228 9.155427 2.5665843
0.6512228 9.2703495 2.4516625
0.72783726 9.423578 2.183512
0.80445176 9.615114 1.9153614
0.95768064 9.691729 1.8387468
1.1109096 9.80665 1.9536686
1.1875241 9.883265 2.2601264
1.3024457 9.921572 2.7581203
1.340753 10.0748005 3.2944214
1.2641385 10.266337 3.5242648
1.3024457 10.419566 3.6391864
1.2641385 10.649409 3.4476504
1.187524 10.572795 2.9879637
1.2258313 10.457872 2.6431985
1.1109097 10.228029 2.2984335
0.99598795 9.921572 2.1452045
1.0342951 9.921572 2.2984335
1.0342951 9.921572 2.3750482
1.1492168 10.113108 2.6048913
1.2641385 10.228029 2.873042
1.2641385 10.189722 2.9496565
1.2258313 10.113108 3.1411924
1.1492169 9.959879 3.1028852
1.1109096 9.80665 3.064578
1.1109096 9.615114 2.9496565
1.1109096 9.346963 2.719813
1.0726024 9.11712 2.6431985
1.1109096 8.963891 2.528277
1.1492168 8.925584 2.4516625
1.2258313 9.002198 2.4899697
1.340753 9.078813 2.3750482
1.4173675 9.193734 2.2218192
1.493982 9.308657 2.0685902
1.6472108 9.423578 2.0685902
1.7621324 9.423578 2.336741
1.8004396 9.2703495 2.528277
1.685518 9.040506 2.7581205
1.4939818 8.734048 2.834735
1.3407528 8.542512 2.834735
1.2641385 8.504205 2.9113493
1.3024457 8.580819 2.9496565
1.340753 8.810663 2.7964275
1.340753 9.078814 2.3367407
1.340753 9.232042 1.8004396
1.340753 9.308657 1.3407531
1.340753 9.308657 1.2258313
1.340753 9.308657 1.4939818
1.340753 9.500193 1.7238252
1.3024457 9.80665 1.9919758
1.2258313 9.959879 2.0685902
1.1492168 9.883265 2.1068976
0.9193734 9.5385 2.2984335
0.61291564 9.040506 2.528277
0.34476504 8.619126 2.7581203
0.19153613 8.542512 2.719813
0.22984336 8.6574335 2.566584
0.45968673 8.848969 2.2984335
0.7278373 8.963891 2.0685902
0.842759 9.002198 2.1068974
0.8044518 8.963891 2.4133554
0.68953013 8.887277 2.873042
0.49799395 8.810662 3.371036
0.34476507 8.734048 3.7924154
0.26815057 8.695741 3.9839516
0.19153613 8.580819 3.86903
0.2681506 8.619126 3.7158012
0.30645782 8.542512 3.6391869
0.3830723 8.542512 3.7158012
0.49799395 8.580819 3.6008794
0.7661446 8.963891 3.562572
1.1492168 9.538499 3.5242648
1.4939818 10.151415 3.6391864
1.6472107 10.457872 3.8690298
1.4556746 10.381258 3.9839516
1.0342951 9.998186 4.1371803
0.4596867 9.423578 4.2137947
-0.19153616 8.925584 4.2137947
-0.7278373 8.542511 4.1754875
-1.2258313 8.236053 4.252102
-1.6472108 8.197746 4.3287163
-2.1068974 8.350975 4.5968676
-2.2218192 8.619126 4.5585604
-2.2218192 8.772355 4.367024
-2.2601264 8.925584 4.1371803
-2.375048 8.925584 3.86903
-2.6048913 8.848969 3.562572
-2.8730419 8.810662 3.2944217
-3.1794996 8.848969 3.1411927
-3.2944217 9.078813 3.1028852
-3.2178068 9.38527 3.1411927
-3.2561145 9.959879 3.3710358
-3.1411927 10.496181 3.4476504
-3.2561142 10.955867 3.4476504
-3.4859579 11.300632 3.2178073
-3.5625722 11.224018 2.873042

