-3.677494 10.879253 2.7964275
2.336741 8.159439 5.4779334
2.183512 8.350975 4.6734815
2.183512 8.734048 4.6351743
2.030283 8.810662 4.4436383
1.8004397 9.002198 4.367024
1.685518 8.925584 4.3287168
1.685518 8.963891 4.2521024
1.8004397 9.040505 4.0222588
1.8770542 9.270349 3.7541084
1.9536686 9.346964 3.4093432
1.9536686 9.346964 3.1028855
1.8387469 9.308657 2.9496565
1.685518 9.11712 2.9113493
1.4939818 9.040505 2.9879637
1.3024457 8.963891 3.064578
1.1875241 8.925584 3.1794999
1.2258313 8.963891 3.2561142
1.2641385 8.963891 3.371036
1.3790601 9.078814 3.524265
1.4556746 9.193735 3.524265
1.3790601 9.232042 3.4859579
1.3407528 9.308657 3.371036
1.2641385 9.232042 3.1794999
1.2641385 9.232042 3.1794999
1.2258313 9.232042 3.2561142
1.1492169 9.155427 3.1794999
0.9959879 9.193734 3.2944217
0.842759 9.155427 3.2944217
0.7278373 9.11712 3.2561145
0.61291564 9.11712 3.371036
0.49799395 9.11712 3.3327286
0.34476504 9.11712 3.2561142
0.22984335 9.11712 3.1028855
0.15322891 9.155427 2.8730419
0.19153613 9.232042 2.6815057
0.26815057 9.385271 2.6431985
0.38307226 9.5385 2.7198129
0.49799395 9.653421 2.9496565
0.49799395 9.691729 3.2561145
0.4596867 9.615114 3.4093432
0.38307226 9.500193 3.5242648
0.30645782 9.500193 3.5242648
0.38307226 9.423578 3.3327286
0.49799392 9.346964 3.2561142
0.53630114 9.385271 3.1411927
0.61291564 9.308657 2.9879637
0.61291564 9.385271 3.064578
0.61291564 9.423578 3.1028852
0.68953 9.423578 3.1411927
0.7278373 9.385271 3.217807
0.7661445 9.270349 3.217807
0.6512228 9.193734 3.1794999
0.4596867 9.078813 3.1028852
0.26815057 9.002198 2.9496562
0.038307227 8.810662 2.8347347
0.15322891 8.925584 2.9496565
0.30645782 8.963891 3.1411927
0.38307226 9.155428 3.1411927
0.38307226 9.2703495 3.1411927
0.26815057 9.2703495 2.9496565
0.15322891 9.2703495 2.873042
0.19153613 9.2703495 2.873042
0.30645782 9.308657 2.9879637
0.49799395 9.346964 3.2561142
0.61291564 9.5385 3.409343
0.61291564 9.653421 3.4859574
0.49799395 9.730036 3.2944214
0.3830723 9.768343 2.9496562
0.34476504 9.653421 2.719813
0.4213795 9.423578 2.4899697
0.57460845 9.040505 2.719813
0.49799398 9.117121 3.0645783
0.5746084 9.346964 2.9496565
0.8810662 9.80665 2.4516625
1.0342951 9.959879 2.030283
1.0342951 9.921572 1.7238252
0.9193734 9.883265 1.532289
0.5363012 9.4618845 1.9153614
0.45968676 9.270349 2.4133554
0.5363012 9.193734 2.834735
0.5363012 9.232042 3.2944214
0.5746084 9.155428 3.3327289
0.38307226 9.11712 3.1795
0.34476504 9.11712 3.1028852
0.22984336 9.232042 3.1028852
0.22984336 9.385271 3.2178073
0.344765 9.385271 3.2944217
0.38307226 9.308657 3.1795
0.38307226 9.232041 2.987964
0.30645782 9.193734 2.7964277
0.26815057 9.38527 2.6431987
0.38307226 9.653421 2.834735
0.91937345 10.228029 3.217807
1.1109097 10.304644 3.3327286
1.1492169 10.381259 3.1411924
1.1109097 10.304645 2.6815057
1.1109097 10.22803 2.528277
1.1109097 10.113108 2.4516625
1.1492169 10.0748005 2.4516625
1.2258313 10.0748005 2.4133554
1.37906 9.998186 2.3750482
1.4556745 9.959879 2.2984335
1.5705963 9.959879 2.2218192
1.6089035 9.959879 2.1452045
1.6089035 9.844957 2.221819
1.4939818 9.730036 2.3750482
1.4173673 9.615114 2.4899697
1.340753 9.615114 2.566584
1.3024458 9.615114 2.6048915
1.4556746 9.691729 2.48997
1.5705963 9.653421 2.4516625
1.5705963 9.615114 2.2984335
1.6089035 9.615114 2.2601264
1.6472107 9.844957 2.2601264
1.8004397 9.883265 2.4516625
1.9153614 9.998186 2.528277
1.9536686 9.921572 2.5665843
1.7621324 9.691729 2.528277
1.6089035 9.576807 2.4133554
1.4939818 9.615114 2.4133554
1.3790601 9.730036 2.336741
1.2641385 9.80665 2.2601264
1.2258313 9.768343 2.183512
1.1109097 9.653421 2.2601264
0.91937345 9.423578 2.4516625
0.7278373 9.193735 2.5665843
0.5363012 8.963891 2.7964277
0.38307226 8.772355 2.834735
0.34476504 8.772355 2.681506
0.5363012 9.232042 2.2984335
0.6512228 9.576807 1.9919758
0.8044518 9.80665 1.9536686
0.88106626 9.921572 2.1068976
0.842759 9.844957 2.2601266
0.7661445 9.730036 2.48997
0.5746084 9.500193 2.6048915
0.38307226 9.155428 2.6048915
0.19153613 8.848969 2.6048915
0.076614454 8.465897 2.6048915
0.038307227 7.967903 2.6048915
0.038307227 7.623138 2.4516625
0.2681506 7.73806 2.336741
0.6512228 8.121132 2.2601264
1.1875241 9.002198 2.1068974
1.685518 9.959879 2.1452045
2.030283 10.534488 2.1068974
2.1452045 10.802638 2.030283
2.030283 10.6877165 2.030283
1.685518 10.228029 1.8387469
1.1875241 9.65342 1.685518
0.72783726 9.11712 1.4173675
0.344765 8.619125 1.1875241
0.19153613 8.389282 1.1492168
0.15322891 8.389282 1.1875241
0.22984335 8.580818 1.6855179
0.34476504 8.734048 2.1835117
0.49799395 8.772355 2.7964277
0.61291564 8.772355 3.4093432
0.61291564 8.734048 3.715801
0.53630114 8.848969 3.8307226
0.26815057 9.040505 3.6008792
-0.11492169 9.232042 3.1411924
-0.45968673 9.385271 2.566584
-0.7661446 9.500193 2.2601264
-0.91937345 9.500193 2.183512
-0.9959879 9.346963 2.4516625
-1.1875241 9.11712 2.8730419
-1.4939818 8.772354 3.217807
-1.7238252 8.657433 3.6774938
-1.8770542 8.8489685 4.0222588
-1.8770542 9.193735 4.1371803
-1.7621325 9.691729 4.060566
-1.7238252 10.228029 3.86903
-1.5705962 10.6877165 3.5242648
-1.5705962 11.109096 3.2944214
-1.7621324 11.415554 3.1411927
-2.1068974 11.377247 2.8730419
-2.6815057 11.070789 2.7964275

