-3.064578 10.611101 2.987964
2.4516625 9.193735 4.367024
2.987964 8.848969 4.9799395
2.9113493 8.69574 5.4396257
2.7581203 9.11712 5.094861
2.5282772 9.040505 4.4053316
2.4899697 9.002198 4.367024
2.3750482 8.925584 4.405331
2.183512 8.810662 4.4819455
1.9919758 8.772355 4.5202527
1.8387469 8.772355 4.4436383
1.7238252 8.810662 4.290409
1.7238252 8.848969 4.2137947
1.6472108 8.925584 4.2137947
1.5705963 8.963891 4.252102
1.5705963 8.963891 4.4436383
1.4939818 8.887277 4.4436383
1.4173673 8.772355 4.4436383
1.3024457 8.734048 4.4819455
1.2258313 8.734048 4.4436383
1.1109096 8.734048 4.3670235
1.0342952 8.734048 4.290409
1.0342952 8.6574335 4.2137947
0.9959879 8.6574335 4.252102
1.0726024 8.810662 4.290409
1.1109096 8.963891 4.1754875
1.1492169 9.002198 3.9839516
1.1109097 8.963891 3.6391864
0.99598795 8.848969 3.4859576
0.842759 8.734048 3.4476504
0.6512229 8.695741 3.4476504
0.49799395 8.695741 3.4859576
0.4213795 8.734048 3.6008792
0.45968673 8.810662 3.7924156
0.4213795 8.963891 4.0222588
0.38307226 9.002198 4.252102
0.30645782 9.002198 4.252102
0.11492168 8.925584 4.060566
0.076614454 8.925584 3.7541082
0.11492168 9.002198 3.409343
0.19153613 9.11712 3.1411927
0.34476504 9.2703495 2.9496565
0.45968673 9.308657 2.834735
0.57460845 9.385271 2.9113493
0.6512228 9.461885 2.9496565
0.68953 9.615114 3.1411927
0.6512228 9.653421 3.2561142
0.53630114 9.653421 3.409343
0.3830723 9.461885 3.6391866
0.30645782 9.232042 3.7924154
0.34476504 9.193735 4.0222588
0.42137948 9.155428 4.098873
0.49799398 9.385271 4.098873
0.57460845 9.500193 3.9839516
0.5363012 9.500193 3.8307228
0.5363012 9.5385 3.7158012
0.6512228 9.423578 3.6391864
0.68953 9.423578 3.6391864
0.6512228 9.423578 3.562572
0.57460845 9.461885 3.4093432
0.49799395 9.346964 3.2944217
0.53630114 9.308656 3.217807
0.61291564 9.308656 3.2561142
0.6895301 9.346963 3.2944214
0.7661445 9.346963 3.2944214
0.6895301 9.308656 3.2561142
0.5746084 9.078813 3.1794999
0.4213795 8.963891 3.1794999
0.30645782 8.925584 3.2944214
0.34476504 8.925584 3.4476504
0.38307226 9.040505 3.524265
0.42137948 9.040505 3.6008794
0.42137948 9.155427 3.562572
0.38307226 9.232042 3.4859576
0.38307226 9.308657 3.4093432
0.45968676 9.385271 3.4093432
0.49799398 9.308657 3.4093432
0.45968673 9.308657 3.4859576
0.4213795 9.346964 3.562572
0.49799395 9.385271 3.7541084
0.6895301 9.423578 3.9839516
0.80445176 9.5385 4.060566
0.8810662 9.691729 4.0222588
0.9193735 9.691729 4.1371803
0.9193735 9.691729 4.060566
0.8810662 9.576807 3.8307228
0.7661445 9.500193 3.6008794
0.68953 9.500193 3.2561142
0.61291564 9.423578 3.0645783
0.5363012 9.346964 2.9113493
0.45968676 9.232041 2.7964277
0.34476507 9.155427 2.719813
0.34476507 9.078813 2.5282772
0.4213795 9.078813 2.6048915
0.53630114 9.078813 2.834735
0.6895301 9.002198 3.1411924
0.7661445 9.002198 3.4093432
0.6895301 9.078813 3.4093432
0.61291564 9.193735 3.1411924
0.49799398 9.423578 2.4516625
0.6512229 9.461885 2.4516625
1.0342951 9.385271 2.9879637
0.99598795 9.2703495 3.2944217
0.61291564 9.078813 3.2561142
0.49799395 9.040505 3.064578
0.5746084 9.193734 2.9879637
0.80445176 9.308657 2.9879637
0.9959879 9.423578 2.9879637
1.1492168 9.615114 3.1411924
1.2258313 9.691729 3.1794999
1.2258313 9.80665 3.1411927
1.1875241 9.883265 3.026271
1.1492169 9.921572 2.7964275
1.1492169 9.883265 2.528277
1.1492169 9.844957 2.4899697
1.1875241 9.80665 2.528277
1.1109096 9.730036 2.7581203
1.1109096 9.653421 3.0645783
1.0342951 9.5385 3.2561142
0.91937345 9.385271 3.2944214
0.842759 9.2703495 3.217807
0.7278373 9.232041 2.8730419
0.6512228 9.232041 2.3750482
0.6895301 9.423578 1.9536686
0.8044518 9.615114 1.6472107
0.8810662 9.691729 1.7621324
0.9959879 9.768343 1.9919758
0.9959879 9.691729 2.3367407
1.0342952 9.653421 2.681506
1.1492168 9.730036 2.7581203
1.2258313 9.844957 2.7964277
1.3024457 9.959879 2.7581205
1.3407528 9.959879 2.4133554
1.3407528 9.959879 2.2984338
1.3407528 9.959879 2.2601264
1.3790601 9.844957 2.3750482
1.4556746 9.615114 2.8347347
1.5322891 9.5385 2.873042
1.6089036 9.5385 2.7581205
1.685518 9.576807 2.6431987
1.8004398 9.615114 2.48997
1.8770542 9.576807 2.4516625
1.9919758 9.730036 2.4516625
2.1452048 9.921572 2.4516625
2.183512 10.0748005 2.566584
2.1452048 9.730036 2.566584
1.9536686 9.461885 2.528277
1.8004397 9.232041 2.2984338
1.685518 9.193734 2.1835117
1.6472108 9.2703495 2.0685902
1.7238252 9.2703495 1.9919758
1.838747 9.2703495 1.9536686
1.9153614 9.308657 1.8770541
1.9919758 9.385271 1.8770541
1.9919758 9.5385 1.8770541
1.9536686 9.615114 2.0685902
1.8387469 9.500193 2.2984335
1.7238252 9.270349 2.4516625
1.532289 9.002198 2.6431987
1.4173673 8.772355 2.719813
1.4173673 8.734048 2.7581203
1.4173673 8.925585 2.6431985
1.3790601 9.155428 2.1068976
1.1875241 9.117121 1.7238252
0.91937345 8.925584 1.6089036
0.6895301 8.848969 1.7238252
0.6895301 8.848969 2.1452048
0.6895301 9.002198 2.719813
0.80445176 9.232042 3.2561142
0.8810662 9.308657 3.6008794
0.80445176 9.232042 3.715801
0.7661445 9.155428 3.6008794
0.72783726 9.002198 3.2944217
0.72783726 9.002198 2.9879637
0.84275895 9.232041 2.9113493
0.8810662 9.385271 2.834735
0.842759 9.461885 2.873042
0.68953013 9.5385 2.873042
0.49799395 9.500193 2.681506
0.34476504 9.346964 2.6048915
0.22984335 9.232041 2.6048915
0.15322891 9.078813 2.5665843
0.076614454 8.925584 2.5282772
0.0 8.848969 2.4516625
-0.11492168 8.810662 2.3750482
-0.22984336 8.887277 2.4899697
-0.4213795 9.040505 2.6815057
-0.5746084 9.385271 2.7581205
-0.6895301 9.959879 2.681506
-0.72783726 10.534488 2.528277
-0.6512228 11.032481 2.4133554
-0.61291564 11.224018 2.566584
-0.61291564 11.109097 2.9496565
-0.88106626 10.726024 3.4476504
-1.3407528 10.266337 4.0222588
-1.838747 9.959879 4.4436383
-2.4133554 9.691729 4.865018
-2.873042 9.5385 5.094861
-3.1794999 9.423578 5.056554
-3.3327286 9.423578 4.8267107
-3.5242648 9.615114 4.596867
-3.4859576 9.959879 4.5202527
-3.5242648 10.228029 4.55856
-3.9073372 10.304644 4.903325
-4.2904096 10.0748005 5.056554
-4.903325 9.653421 5.0182467
-5.4779334 9.2703495 4.9416323
-5.861006 9.078814 4.5968676

