-6.0142345 9.155428 4.2904096
-5.93762 9.768343 3.8307228
-5.746084 10.266336 3.6774938
1.7238252 8.772355 3.5242648
1.9919758 8.619125 3.3327289
2.183512 8.925584 3.4859576
2.1068976 8.963891 3.371036
2.4133554 9.5385 2.566584
2.3750482 9.691729 2.1452048
2.336741 9.653421 1.9919758
2.2218192 9.5385 2.0685902
2.0685902 9.308657 2.2984338
1.8387468 9.11712 2.7198129
1.6089035 9.002198 3.1794996
1.4939818 8.848969 3.562572
1.3790601 8.925584 3.8307228
1.4556745 9.002198 3.4859576
1.4556745 9.155427 3.1028852
1.5322891 9.155427 2.6815062
1.5322891 9.232041 2.4133554
1.3790603 9.193734 2.528277
1.3024457 9.193734 2.9496562
1.2641385 9.155427 3.3710358
1.2258313 9.270349 3.6008794
1.3024457 9.500193 3.1794999
1.3790601 9.653421 2.7581203
1.5322891 9.768343 2.4899697
1.7238252 9.844957 2.4133554
1.9919758 10.036493 2.4516625
1.8770542 10.036493 2.3750482
1.685518 9.998186 2.2218192
1.4173675 9.768343 2.1068974
0.9959879 9.346964 2.1068974
0.8810662 9.11712 2.1835117
0.8044518 9.155427 2.2601264
0.8044518 9.308656 2.4516623
0.9193735 9.691729 2.8347347
0.9959879 9.80665 2.8730419
0.9959879 9.80665 2.7964275
0.9959879 9.730036 2.719813
0.68953013 9.461885 2.6431987
0.49799395 9.155427 2.719813
0.30645782 9.002198 2.719813
0.38307226 9.040506 2.8347347
0.88106626 9.500193 3.064578
1.2641385 9.80665 3.1411927
1.4173673 9.998186 3.1795
1.3790601 10.036493 3.1411924
0.91937345 9.576807 3.4093432
0.6512229 9.193734 3.4093432
0.6512229 9.002198 3.4859576
0.842759 9.002198 3.3327289
0.91937345 9.193735 3.1411927
0.8810662 9.155428 2.834735
0.842759 9.117121 2.7964275
0.842759 9.040506 2.834735
0.9193735 9.002198 3.064578
0.9193735 9.078813 3.371036
0.842759 9.155427 3.371036
0.68953013 9.232041 3.2561145
0.57460845 9.232041 3.026271
0.61291564 9.385271 2.7964277
0.7661445 9.5385 2.7964277
1.0342951 9.576807 2.873042
1.1875241 9.653421 2.9113493
1.1492169 9.576807 2.9879637
1.0342951 9.461885 3.026271
0.91937345 9.461885 3.1411927
0.9959879 9.576807 3.3327289
1.1109096 9.653421 3.141193
1.1875241 9.615114 2.873042
1.2258313 9.576807 2.6048913
1.3024457 9.653421 2.3367407
1.37906 9.730036 2.375048
1.4939818 9.768343 2.528277
1.5705962 9.730036 2.6048915
1.5705962 9.653421 2.834735
1.4173673 9.500193 2.9496565
1.2258313 9.308657 3.0262709
1.0726024 9.193734 2.9113493
1.1492169 9.346964 2.336741
1.4173675 9.653421 2.2218192
1.6472108 9.883265 2.183512
1.8004398 9.998186 2.336741
1.7621325 9.998186 2.6815062
1.6855179 9.844957 2.7964277
1.5322891 9.691729 3.064578
1.340753 9.461885 3.2178073
1.1492169 9.11712 3.026271
0.91937345 8.925584 2.9496565
0.7278373 8.848969 2.5665843
0.7278373 8.887277 2.1452048
0.8044518 9.117121 1.9536686
0.9576807 9.385271 1.7621324
1.1875241 9.576807 1.8770541
1.3790601 9.883265 2.2218192
1.4556746 10.113108 2.4899697
1.4173673 10.189722 2.6048913
0.9959879 10.036493 2.2601264
0.7661445 9.883265 1.9919758
0.45968673 9.5385 2.0685904
0.34476504 9.385271 2.2984338
0.26815057 9.346964 2.4516625
0.344765 9.385271 2.566584
0.57460845 9.5385 2.6048913
0.88106626 9.730036 2.6431985
1.1875241 9.80665 2.681506
1.4173675 9.844957 2.5665843
1.5322891 9.921572 2.4899697
1.6472108 9.921572 2.336741
1.685518 9.959879 2.0685902
1.5322891 9.883265 2.1452048
1.3024458 9.653421 2.2218194
1.1492169 9.423577 2.643199
1.1109097 9.193734 3.141193
1.1875241 9.040505 3.562572
1.3407528 9.002198 3.7541084
1.6089036 9.002198 3.217807
1.7238252 9.155427 2.566584
1.9153614 9.500193 2.1452048
2.1068974 9.768343 1.6472108
2.221819 9.80665 1.4556746
2.1835117 9.691729 1.4173675
1.8770541 9.385271 1.4556746
1.4939818 9.040505 1.7238252
1.1875241 8.772354 1.9153613
1.0342952 8.69574 2.0685902
1.1109096 8.69574 2.183512
1.2258313 8.96389 2.2601264
1.3790601 9.423578 2.1068974
1.4173673 9.461885 2.1068974
1.532289 9.346963 2.2601264
1.5705963 9.38527 2.6048915
1.5705963 9.500192 3.0262709
1.4556746 9.691729 3.4093432
1.1492168 9.844957 3.6008794
0.8044517 9.883265 3.5242648
0.34476507 9.653421 3.3327289
-0.076614454 9.385271 3.026271
-0.34476504 9.078813 2.681506
-0.4213795 8.887277 2.3367407
-0.34476504 8.848969 2.0685902
-0.15322891 8.810662 1.9153614
-0.038307227 8.963891 1.9153614
-0.11492168 9.193734 2.1452048
-0.22984338 9.4618845 2.4133554
-0.5363012 9.768343 2.6815057
-0.8044518 9.883265 2.8730419
-0.9959879 9.768343 3.2561142
-1.3024457 9.5385 3.6774938
-1.3790601 9.5385 3.5242648
-1.3790601 9.615114 2.834735
-1.340753 9.80665 2.4133554
-1.340753 9.921572 2.336741
-1.4939818 9.998186 2.719813
-1.8004396 10.0748005 3.4476504
-2.1452045 9.921572 3.8307226
-2.4899697 9.730036 3.9073372
-2.7964275 9.576807 3.8307228
-3.064578 9.461885 3.7158012
-3.3327286 9.423578 3.677494
-3.6008792 9.5385 3.7541084
-3.9073372 9.615114 3.7541084
-4.213795 9.730036 3.6774938
-4.4819455 9.844957 3.7541084
-4.673482 9.844957 3.8307228
-4.8267107 9.921572 3.9839516
-4.9416323 9.959879 4.2137947
-5.094861 9.883265 4.4436383
-5.24809 9.844957 4.5968676
-5.2863975 9.768343 4.520253
-5.2863975 9.691729 4.5585604
-5.2480903 9.844957 4.520253
-5.209783 9.998186 4.4436383
-5.2863975 10.189722 4.367024
-5.4013195 10.266336 4.0222588
-5.516241 10.036493 3.4859576
-5.439626 9.80665 2.681506
-5.5162406 9.500193 2.1068974
-5.7077765 9.2703495 1.6472107
-6.0908494 9.078813 1.8004397
-6.5505357 8.963891 2.7581203

