-5.094861 9.576807 4.520253
-5.056554 9.5385 4.4436383
2.2218192 9.308657 4.3287168
1.9919758 9.2703495 3.371036
1.8387468 9.2703495 3.0262709
1.3407528 8.963891 2.9113493
1.1109096 9.078813 3.2561145
1.0726023 9.078813 3.1411924
1.0726023 9.193735 2.9879637
1.1875241 9.423578 2.873042
1.4173675 9.576807 2.873042
1.6089036 9.691729 2.9113493
1.7621325 9.768343 3.1028852
1.6472108 9.691729 3.1028852
1.4173675 9.346963 2.873042
1.4173675 9.270349 2.719813
1.5322891 9.308656 2.4133554
1.685518 9.385271 2.2218192
1.9153614 9.5385 2.030283
2.0685902 9.691729 1.9153614
2.2218192 9.921572 1.9153614
2.183512 9.998186 2.0685902
2.030283 9.921572 2.2984338
1.8387468 9.883265 2.566584
1.685518 9.730036 2.7964277
1.4939818 9.423578 2.7964277
1.4556746 9.193735 2.6815057
1.4939818 8.963891 2.566584
1.6089035 8.887277 2.4516625
1.8004396 9.078814 2.528277
2.030283 9.346964 2.6048915
2.0685902 9.615114 2.4516625
1.9919758 9.768343 2.4133554
1.8387469 9.768343 2.2218192
1.6855179 9.768343 2.1452048
1.6089035 9.691729 2.2601264
1.5705963 9.653421 2.4516625
1.4939818 9.653421 2.566584
1.3407528 9.576807 2.6431985
1.1109096 9.346964 2.6048913
0.61291564 8.963891 2.4133554
0.4213795 8.848969 2.336741
0.34476507 9.002198 2.4133554
0.34476507 9.232042 2.528277
0.49799395 9.576807 2.681506
0.57460845 9.653421 2.834735
0.49799395 9.500193 3.1411924
0.26815057 9.461885 3.3327289
0.19153613 9.461885 3.3327289
0.15322891 9.576807 3.2561142
0.038307227 9.500193 3.1794999
-0.038307227 9.500193 2.9879637
-0.11492168 9.576807 2.834735
-0.22984336 9.576807 2.6431987
-0.19153613 9.615114 2.4899697
-0.15322891 9.653421 2.4516625
-0.11492168 9.653421 2.528277
0.038307227 9.576807 2.834735
0.19153613 9.576807 3.1795
0.30645782 9.5385 3.5242648
0.34476507 9.5385 3.677494
0.30645782 9.500193 3.6391869
0.22984335 9.5385 3.4859576
0.11492168 9.615114 3.3327289
0.11492168 9.653421 2.9879637
0.19153613 9.691729 2.9879637
0.34476507 9.730036 2.9113493
0.49799395 9.768343 3.0262709
0.5746084 9.653421 3.2561145
0.61291564 9.461885 3.2944217
0.6512228 9.308657 3.2944217
0.7661445 9.193734 3.1411927
0.91937345 9.232041 2.9879637
0.9959879 9.423578 2.834735
0.9576807 9.423578 2.834735
0.842759 9.2703495 2.7964277
0.8810662 9.2703495 2.9496565
1.0342951 9.385271 2.9879637
1.1875241 9.5385 3.1411927
1.3407528 9.730036 3.1794999
1.2258313 9.691729 3.1411927
1.0726023 9.576807 2.9496565
0.88106626 9.385271 2.681506
0.68953013 9.11712 2.6431987
0.53630114 9.002198 2.528277
0.45968673 9.002198 2.6048915
0.49799395 9.117121 2.834735
0.61291564 9.385271 3.1411927
0.7661445 9.615114 3.3327286
0.91937345 9.768343 3.4476504
0.9959879 9.883265 3.4093432
1.0342951 9.921572 3.0645783
0.9959879 9.80665 2.834735
0.8810662 9.691729 2.681506
0.7661445 9.500193 2.5665843
0.61291564 9.385271 2.681506
0.5746084 9.385271 2.7581203
0.61291564 9.346964 2.7581203
0.842759 9.461885 2.4899697
0.9576807 9.500193 2.528277
1.0342952 9.500193 2.7581203
1.0342952 9.423578 2.9879637
0.9576807 9.500193 3.1411927
0.8810662 9.5385 3.064578
0.80445176 9.615114 2.873042
0.84275895 9.691729 2.7964275
0.8044517 9.500193 2.6431985
0.7661445 9.2703495 2.528277
0.7278373 9.040505 2.4133554
0.57460845 8.848969 2.3367407
0.5363012 8.734048 2.2984335
0.49799398 8.6574335 2.2984335
0.49799398 8.695741 2.1452048
0.49799398 8.695741 1.9153614
0.49799398 8.695741 1.7621325
0.49799398 8.6574335 1.6855179
0.49799398 8.542512 1.6089035
0.49799398 8.504205 1.6855179
0.45968676 8.542512 2.030283
0.45968676 8.6574335 2.3750482
0.38307226 8.963891 2.873042
0.38307226 9.155428 3.2944217
0.38307226 9.346964 3.4859579
0.34476507 9.423578 3.4476504
0.26815057 9.308657 3.4093432
0.15322891 9.117121 3.1794999
0.038307227 8.925584 2.873042
0.0 8.925584 2.834735
0.19153613 9.040505 2.873042
0.38307226 9.346964 3.0262709
0.61291564 9.691729 3.371036
0.72783726 9.921572 3.4859576
0.6512228 9.959879 3.4476504
0.49799395 9.883265 3.3327289
0.4213795 9.691729 3.1794999
0.3830723 9.461885 3.1794999
0.34476504 9.385271 3.1411927
0.38307226 9.461885 3.1794999
0.38307226 9.844957 2.9879637
0.38307226 9.998186 2.8730419
0.4596867 9.883265 2.7964275
0.53630114 9.653421 2.681506
0.53630114 9.500193 2.6431987
0.57460845 9.385271 2.4899697
0.61291564 9.576807 2.2218192
0.6895301 9.80665 2.030283
0.7278373 10.0748005 1.8770542
0.7661445 10.304644 1.8770542
0.6895301 10.419565 1.9153614
0.49799395 10.572795 1.8004397
0.34476504 10.611102 1.8004397
0.19153613 10.534488 1.8387469
0.076614454 10.381258 1.9919758
-0.038307227 10.266336 2.336741
-0.22984336 10.304644 2.7198133
-0.34476507 10.457872 3.217807
-0.49799395 10.649408 3.6008794
-0.7661445 10.802638 3.9073372
-1.0342952 10.726024 3.9073372
-1.3790601 10.611102 3.562572
-1.8770541 10.419566 3.2944214
-2.2218192 10.189722 3.1411924
-2.5665843 10.0748005 3.1794996
-2.9496565 9.844957 3.3327289
-3.2561142 9.768343 3.4476504
-3.5242648 9.768343 3.5242648
-3.7541084 9.844957 3.8307228
-3.86903 9.921572 4.367024
-3.9073372 9.844957 5.094861
-4.1371803 9.768343 5.7077765
-4.405331 9.576807 6.129156
-4.6351748 9.500193 6.2440777

