1.3024458 9.155427 4.5968676
1.9153614 9.11712 4.405331
2.1068976 8.734048 3.8690298
2.2984338 9.040506 3.715801
2.4516625 9.385271 3.2561142
2.4899697 9.461885 3.217807
2.4516625 9.461885 3.0262709
2.2984335 9.423578 2.681506
2.2601264 9.423578 2.5282772
2.2601264 9.500193 2.5665843
2.2601264 9.576807 2.528277
2.2984335 9.576807 2.4133554
2.2984335 9.615114 2.3750482
2.2601264 9.615114 2.336741
2.183512 9.5385 2.2218192
2.030283 9.5385 2.1068976
1.7238252 9.423578 1.8770542
1.5705962 9.423578 1.8004398
1.532289 9.346964 1.838747
1.4939818 9.385271 1.7621324
1.5705963 9.500193 1.838747
1.5705963 9.615114 1.838747
1.5322891 9.615114 1.838747
1.4173673 9.500193 1.9536686
1.1109096 9.078813 2.183512
1.0342952 8.887277 2.6048915
1.0726024 9.040505 2.7964277
1.1492169 9.232042 2.873042
1.1492169 9.500193 2.9496565
1.2258313 9.730036 2.6431987
1.2258313 9.653421 2.2218192
1.3790601 9.500193 2.0685902
1.4173673 9.461885 2.2218192
1.4173675 9.385271 2.2218192
1.2641385 9.461885 2.183512
1.1875241 9.461885 2.1452048
1.1109097 9.5385 2.3367407
1.1875241 9.423578 2.6048913
1.2258313 9.2703495 3.0262709
1.1109095 9.193734 3.1794999
0.7278373 9.232041 2.8730419
0.61291564 9.193734 2.4899697
0.7661446 9.270349 2.4133554
1.0342951 9.500193 2.336741
1.1875241 9.730036 2.2984335
1.2641385 9.921572 2.375048
1.340753 9.998186 2.375048
1.340753 9.998186 2.3367407
1.1875241 9.921572 2.3750482
1.0726023 9.653421 2.3750482
0.91937345 9.5385 2.4516625
0.88106626 9.500193 2.566584
0.9576807 9.461885 2.6431987
0.9576807 9.615114 2.5665843
0.9959879 9.768343 2.3750482
0.9959879 9.844957 2.2984335
1.0342951 9.883265 2.2984335
1.1109097 9.844957 2.4516625
1.1492169 9.730036 2.719813
1.0726024 9.576807 2.834735
0.9193735 9.500193 2.7964277
0.8044517 9.423578 2.7964277
0.7278373 9.308657 2.873042
0.7278373 9.193735 3.026271
0.6895301 9.002198 3.1794999
0.6512228 8.925584 3.2561142
0.61291564 9.002198 3.1794999
0.5746084 9.155428 2.8347347
0.6512228 9.385271 2.6048913
0.72783726 9.576807 2.3367407
0.80445176 9.615114 2.183512
0.91937345 9.653421 2.2601264
0.9959879 9.615114 2.4516625
1.0342951 9.500193 2.6815057
1.0726024 9.461885 3.1028852
1.0726024 9.385271 3.3327286
1.0342952 9.308657 3.3710358
0.9959879 9.308657 3.3327286
0.9576807 9.2703495 3.064578
0.91937345 9.2703495 2.9113493
0.842759 9.385271 2.681506
0.7278373 9.576807 2.4133554
0.61291564 9.691729 2.183512
0.57460845 9.80665 2.1068974
0.57460845 9.80665 2.1452045
0.57460845 9.691729 2.4133554
0.61291564 9.768343 2.7581205
0.5363012 9.768343 2.9879637
0.49799398 9.80665 3.0645783
0.5363012 9.883265 3.1411927
0.5363012 9.844957 2.9879637
0.5746084 9.80665 2.873042
0.6895301 9.883265 2.9496565
0.8044518 9.921572 2.8347347
0.9193735 10.036493 2.7581203
1.0726024 10.189722 2.6431985
1.1109096 10.0748005 2.528277
1.1875241 9.998186 2.528277
1.2641385 9.80665 2.719813
1.3024457 9.615114 2.9496565
1.3790601 9.615114 2.9879637
1.4173675 9.576807 2.873042
1.4556746 9.576807 2.6048915
1.4173673 9.5385 2.2984335
1.37906 9.500193 2.1452048
1.37906 9.461885 2.183512
1.4173675 9.423578 2.183512
1.4939818 9.385271 2.2218192
1.5705963 9.308656 2.2218192
1.532289 9.270349 2.1452048
1.4939818 9.308656 2.183512
1.4556746 9.346964 2.183512
1.4556746 9.423578 2.2218192
1.4939818 9.423578 2.2218192
1.532289 9.500193 2.2984335
1.5705963 9.576807 2.528277
1.5322891 9.615114 2.681506
1.4939818 9.691729 2.7581203
1.4173673 9.615114 2.681506
1.3790601 9.615114 2.528277
1.3790601 9.615114 2.2984338
1.4173675 9.615114 2.2601264
1.4939818 9.576807 2.4133554
1.3790601 9.193734 2.7581203
1.1875241 8.925584 3.064578
0.9576807 8.810662 3.1411927
0.842759 8.772355 3.1028855
0.9576807 9.11712 2.2601264
1.1109096 9.193734 1.8004397
1.2641385 9.346964 1.6472108
1.4173673 9.385271 1.7238252
1.4173673 9.308657 2.030283
1.4173673 9.308657 2.336741
1.3407528 9.232041 2.566584
1.2641385 9.155427 2.681506
1.1492168 8.925584 2.6431987
0.9959879 8.69574 2.6048915
0.80445176 8.427589 2.4133554
0.7278373 8.274361 2.2601264
0.842759 8.312668 2.0685902
1.1875241 8.6574335 2.030283
2.1068976 9.768343 2.4899697
2.4133554 10.304644 2.873042
2.4133554 10.381258 2.9113493
2.2218194 10.228029 2.8730419
1.8770542 9.883265 2.528277
1.532289 9.423578 2.1452048
1.2258313 9.078814 2.1452048
0.9959879 8.810663 2.2601264
0.842759 8.542512 2.566584
0.8044517 8.465898 2.9879637
0.842759 8.580819 3.2944214
0.9959879 8.848969 3.3327286
1.6089036 9.576807 2.6815057
1.8387469 9.959879 2.030283
1.9919758 10.228029 1.5705962
1.9153613 10.381258 1.3790601
1.6855179 10.228029 1.6089036
1.3790601 9.883265 2.2984338
0.95768064 9.346964 2.9879637
0.5746084 8.925584 3.4859576
0.26815057 8.695741 3.6391866
0.038307227 8.504205 3.2561142
-0.076614454 8.695741 2.719813
-0.076614454 8.887278 2.030283
0.0 9.308657 1.5705963
0.19153613 9.883265 1.4173675
0.2681506 10.266336 1.5705963
0.22984338 10.457872 2.1068974
0.0 10.381258 2.719813
-0.45968673 10.0748005 3.2944214
-0.91937345 9.691729 3.6008794
-1.340753 9.423577 3.7541084
-1.7621324 9.078813 3.6391866
-2.1068976 8.963891 3.3327289
-2.336741 8.925584 3.0645783
-2.5282772 9.040506 2.9113493
-2.6048915 9.385271 3.0262709
-2.5665843 9.615114 3.524265
-2.6048915 9.844957 4.0222588
-2.719813 9.959879 4.443639
-2.9496565 9.959879 4.443639
-3.3327286 9.844957 4.0222588
-3.715801 9.691729 3.6774938
-4.060566 9.500193 3.371036
-4.290409 9.346964 3.4476504
-4.367024 9.385271 3.9073372
-4.405331 9.576807 4.405331
-4.3287168 9.959879 4.9799395
-4.1371803 10.189722 5.401319
-4.1371803 10.151415 5.516241
-4.2137947 9.921572 5.516241
-4.4436383 9.500192 5.3630123
-4.7884035 9.232041 5.2480903

