-4.9799395 9.11712 5.3630123
-5.0182467 9.11712 5.707777
1.9919758 9.193734 3.562572
1.1875241 9.040505 3.256114
0.842759 9.2703495 2.8347347
0.842759 9.385271 2.8347347
1.0342952 9.461885 2.8347347
1.0342952 9.5385 2.7581203
1.1492169 9.653421 2.6815057
1.2258313 9.691729 2.566584
1.2258313 9.768343 2.566584
1.2258313 9.730036 2.566584
1.1109096 9.653421 2.566584
0.9576807 9.653421 2.6048913
0.8044518 9.653421 2.566584
0.6512229 9.730036 2.4899697
0.6512228 9.768343 2.6431987
0.7278373 9.768343 2.6048915
0.842759 9.768343 2.6048915
0.91937345 9.844957 2.566584
0.7661446 9.730036 2.2218192
0.57460845 9.576807 2.1068974
0.5363012 9.576807 2.183512
0.61291564 9.615114 2.4516625
0.68953 9.615114 2.4899697
0.68953 9.500193 2.4516625
0.6512228 9.385271 2.3750482
0.61291564 9.308657 2.4516625
0.61291564 9.2703495 2.5665843
0.57460845 9.576807 2.6431987
0.57460845 9.80665 2.4899697
0.6895301 9.883265 2.2218192
0.7661446 9.844957 2.183512
0.842759 9.691729 2.2984335
0.88106626 9.653421 2.2984335
0.88106626 9.615114 2.4133554
0.80445176 9.653421 2.3750482
0.7278373 9.730036 2.3750482
0.7278373 9.768343 2.2984335
0.6512228 9.691729 2.183512
0.49799395 9.346964 1.7238252
0.4213795 9.193735 1.532289
0.49799395 9.193735 1.6472107
0.61291564 9.2703495 1.9919758
0.88106626 9.500193 2.5665843
0.842759 9.500193 2.5665843
0.7278373 9.423578 2.4133554
0.5746084 9.346964 2.1068976
0.45968676 9.193735 1.9536686
0.45968676 9.040505 1.9919758
0.5363012 9.002198 1.9919758
0.842759 9.232042 2.2984335
1.1109096 9.615114 2.3367407
1.2258313 9.730036 2.2601264
1.2641385 9.730036 2.030283
1.3024457 9.653421 1.8770542
1.3790601 9.5385 1.7621325
1.4173673 9.423578 1.9536686
1.4556745 9.385271 2.2984338
1.4556745 9.385271 2.6431987
1.3790601 9.346964 2.9113493
1.2641385 9.308656 2.9496565
1.2641385 9.308656 2.7581203
1.2641385 9.308656 2.528277
1.3790601 9.385271 2.2218192
1.532289 9.500193 1.8770541
1.6472108 9.653421 1.5322891
1.8004398 9.883265 1.3024458
1.9153614 10.0748005 1.1875241
2.030283 10.151415 1.1875241
2.0685902 10.0748005 1.3024457
2.030283 9.921572 1.5322891
1.838747 9.730036 1.6089035
1.5705963 9.653421 1.685518
1.340753 9.576807 1.8004396
1.1109096 9.5385 1.7238252
1.0342951 9.500193 1.838747
1.0342951 9.423578 1.838747
1.0726024 9.461885 1.838747
1.187524 9.461885 1.838747
1.3024457 9.576807 1.838747
1.3790601 9.768343 1.9536686
1.4556746 9.844957 1.9153614
1.4556746 9.844957 1.8387468
1.3790601 9.844957 1.8387468
1.3790601 9.768343 1.8004396
1.340753 9.615114 1.9919758
1.2258313 9.576807 2.2601264
1.1492168 9.500193 2.3367407
1.0342951 9.385271 2.413355
0.88106626 9.385271 2.2984335
0.88106626 9.385271 2.1452045
0.88106626 9.346964 2.030283
0.9193735 9.308657 1.9153614
0.9959879 9.2703495 1.9153614
1.0342952 9.232041 1.9536686
1.0726024 9.270349 2.183512
1.0726024 9.385271 2.4133554
1.0342951 9.461885 2.5665843
1.0726024 9.691729 2.5282772
1.1109096 9.883265 2.183512
1.2258313 9.998186 1.838747
1.4173673 10.189722 1.4939818
1.5322891 10.266336 1.340753
1.6472107 10.266336 1.3790601
1.6472107 10.342951 1.6472107
1.6089035 10.266336 2.0685902
1.5322891 10.113108 2.566584
1.340753 9.959879 2.834735
1.0342951 9.576807 2.6048913
0.88106626 9.2703495 2.260126
0.88106626 9.193735 2.221819
0.91937345 9.232042 2.375048
1.0342952 9.346964 2.413355
1.1492169 9.461885 2.3367407
1.2641386 9.461885 2.2984335
1.3024458 9.5385 2.2601264
1.3024458 9.461885 2.2601264
1.2641385 9.385271 2.3367407
1.1875241 9.346963 2.4133554
1.1492169 9.193734 2.3750482
1.1109096 9.193734 2.336741
1.1492168 9.2703495 2.3750482
1.2258313 9.385271 2.4133554
1.3790603 9.461885 2.4516625
1.4939818 9.461885 2.336741
1.5322891 9.461885 2.1068976
1.5705963 9.500193 1.9153614
1.5705963 9.461885 1.9536686
1.6472107 9.346964 2.1068974
1.7238252 9.2703495 2.3367407
1.7621324 9.155428 2.4133554
1.838747 9.2703495 2.2984338
1.8770542 9.461885 2.2601264
1.8770542 9.5385 2.3750482
1.8770542 9.615114 2.6431987
1.8004396 9.615114 2.8730419
1.7238252 9.653421 2.8347347
1.685518 9.730036 2.6048913
1.685518 9.653421 2.375048
1.6089036 9.615114 2.3367407
1.532289 9.423578 2.6048913
1.3790603 9.232042 2.7964275
1.1109096 9.155427 2.834735
0.9193734 9.002198 2.7581205
0.7278373 8.887277 2.566584
0.57460845 8.848969 2.4516625
0.57460845 8.925585 2.375048
0.61291564 9.040506 2.2218192
0.68953013 9.346964 2.0685902
0.842759 9.500193 1.9919758
0.88106626 9.576807 1.9536686
0.84275895 9.615114 1.9536686
0.7661446 9.461885 1.9919758
0.53630114 9.385271 1.8770541
0.34476504 9.308657 1.7621324
0.15322891 9.117121 1.6855179
-0.076614454 8.925585 1.6472107
-0.22984336 8.810663 1.6855179
-0.34476504 8.734048 1.8004396
-0.4213795 8.848969 1.8770542
-0.4213795 9.11712 1.9153614
-0.45968673 9.308657 2.1452048
-0.7278373 9.730036 2.5665843
-0.9959879 9.883265 2.873042
-1.2641385 10.0748005 3.0645783
-1.4556746 10.113108 3.2944217
-1.7621324 10.189722 3.4476504
-1.9919758 10.189722 3.4859576
-2.2601264 10.113108 3.6774938
-2.6048913 9.998186 3.86903
-2.9879637 9.921572 4.252102
-3.4476504 9.883265 4.8267107
-3.7924154 9.80665 5.2097826
-4.060566 9.691729 5.4779334
-4.290409 9.423578 5.516241
-4.5202527 9.11712 5.1331687
-4.9416323 8.963891 4.6351748
-5.363012 9.040506 4.175488
-5.7843914 9.2703495 3.86903
-6.0908494 9.461885 3.86903
-6.3206925 9.615114 3.86903
-6.435614 9.615114 3.86903
-6.5122285 9.500193 3.715801

