0.842759 7.776367 5.2863975
2.528277 9.998186 3.6008792
2.2601264 9.040505 3.6008792
1.9919758 8.619126 3.8307228
1.9919758 8.695741 3.6391866
1.9536686 8.542512 3.6774938
1.9919758 8.772356 3.6391864
2.1452048 9.040506 3.5242648
2.3367407 9.346964 3.5242648
2.528277 9.576807 3.562572
2.566584 9.653421 3.371036
2.336741 9.5385 2.873042
2.030283 9.423578 2.6048915
1.7621324 9.232042 2.6048915
1.5322891 9.193735 2.681506
1.3790601 9.078813 2.834735
1.3024457 9.040505 3.0645783
1.187524 9.040505 3.2178073
1.0726024 8.963891 3.3327289
1.1875241 9.193735 2.9496565
1.2641385 9.385271 2.873042
1.4173673 9.615114 2.873042
1.4939818 9.5385 3.1028852
1.5322891 9.500193 3.2944214
1.4556746 9.346964 3.4476504
1.3024457 9.193734 3.4093432
1.3024457 9.193734 3.3327289
1.4173675 9.346964 3.064578
1.5322891 9.461885 2.9113493
1.6089035 9.576807 2.7964275
1.685518 9.653421 2.681506
1.685518 9.80665 2.7198133
1.6089036 9.730036 2.681506
1.4173675 9.461885 2.7581203
1.3024457 9.2703495 2.834735
1.2258313 9.11712 3.0645783
1.1875241 9.040505 3.1794999
1.1492169 9.078813 3.217807
1.1492169 9.078813 3.064578
1.1492169 9.270349 2.8730419
1.1492169 9.385271 2.6048915
1.3024458 9.500193 2.4133554
1.4173675 9.615114 2.336741
1.6089036 9.691729 2.3750482
1.685518 9.730036 2.6048913
1.532289 9.653421 2.834735
1.3407528 9.423578 3.064578
1.0726024 9.193735 3.2944217
0.9193735 9.002199 3.4476504
0.88106626 8.963891 3.4476504
0.9576807 9.078813 3.4476504
1.1109096 9.193734 3.141193
1.187524 9.308657 2.873042
1.2641385 9.385271 2.6431985
1.3024457 9.461885 2.4516625
1.37906 9.5385 2.528277
1.4173675 9.5385 2.528277
1.4173675 9.5385 2.4899697
1.3790603 9.576807 2.4516625
1.2641385 9.576807 2.3367407
1.2641385 9.5385 2.2601264
1.3024458 9.5385 2.2601264
1.3024458 9.461885 2.375048
1.3024458 9.461885 2.566584
1.2641385 9.500193 2.719813
1.2641385 9.5385 2.9496565
1.2641385 9.5385 2.9496565
1.3024457 9.5385 2.8730419
1.3024457 9.500193 2.6431987
1.2258313 9.461885 2.1068976
1.2258313 9.576807 1.6089035
1.1875241 9.615114 1.2258313
1.2258313 9.730036 1.0342951
1.3790603 9.883265 0.9959879
1.4939818 9.921572 1.340753
1.532289 9.998186 1.6472108
1.4939818 9.959879 2.2218192
1.2641385 9.768343 2.834735
0.95768064 9.5385 3.141193
0.6895301 9.308657 3.2944217
0.49799395 9.193735 3.1795
0.49799395 9.155427 3.1028855
0.6512229 9.270349 2.8730419
0.80445176 9.4618845 2.6048913
0.91937345 9.691729 2.336741
1.0726024 9.921572 2.1452048
1.1109096 9.959879 2.1068974
1.1492169 9.80665 2.2601264
1.1109096 9.461885 2.4899697
0.9193735 9.040505 2.6431987
0.6512228 8.734048 2.681506
0.49799395 8.465897 2.4516625
0.45968673 8.465897 2.2218192
0.49799395 8.619125 2.030283
0.7661446 8.848969 2.030283
1.0726023 9.232041 2.2601264
1.3024457 9.500193 2.4133554
1.4556746 9.691729 2.4516625
1.4173675 9.80665 2.4899697
1.340753 9.730036 2.4516625
1.3024458 9.653421 2.566584
1.3024458 9.576807 2.7964275
1.4173675 9.500193 3.0262709
1.4173675 9.461885 3.2561142
1.340753 9.423578 3.3327286
1.2258313 9.385271 3.1794999
1.1492168 9.385271 2.9113493
1.1492168 9.423578 2.7581203
1.2641385 9.500193 2.6431987
1.4939818 9.461885 2.681506
1.5705963 9.461885 2.681506
1.5705963 9.385271 2.6048915
1.4939818 9.232041 2.6431987
1.3024457 9.11712 2.6048915
1.2258313 8.925584 2.4516625
1.1875241 8.925584 2.336741
1.1492168 8.963891 2.1452048
1.2258313 9.117121 1.9536686
1.1875241 9.308657 2.183512
1.1109096 9.308657 2.3750482
1.1875241 9.308657 2.4516625
1.1875241 9.270349 2.4899697
1.340753 9.346963 2.2218192
1.6089035 9.4618845 1.9919758
1.7621325 9.500193 1.8387469
1.8770542 9.5385 1.685518
1.9153614 9.385271 1.4939818
1.9153614 9.385271 1.340753
1.9536686 9.500193 1.3024458
2.1068974 9.691729 1.4173675
2.336741 9.921572 1.685518
2.4899697 10.0748005 1.9153614
2.6048913 10.0748005 2.1068974
2.528277 9.921572 2.183512
2.2218192 9.730036 2.183512
1.9153614 9.385271 2.2218192
1.6089036 9.078814 2.2984335
1.4173675 8.772355 2.566584
1.3790601 8.580819 2.9113493
1.4556746 8.619126 3.1028852
1.5322891 8.734048 3.1028852
1.7238252 9.002199 2.8347347
1.9919758 9.193735 2.375048
2.2601264 9.385271 1.9536686
2.528277 9.5385 1.6089036
2.6048913 9.576807 1.4939818
2.6048913 9.615114 1.7238252
2.4899697 9.423578 2.1068976
2.2601266 9.232042 2.528277
2.030283 9.2703495 2.8347347
1.8004396 9.2703495 3.0262709
1.6472107 9.461885 2.8730419
1.6472107 9.615114 2.4516625
1.6472107 9.653421 1.9153614
1.5705963 9.615114 1.3790603
1.4173675 9.576807 1.0342951
1.3024458 9.653421 1.1109096
1.3407531 9.768343 1.4556746
1.4556746 10.0748005 1.8004396
1.6089036 10.266336 2.1068976
1.7238252 10.381258 2.1452048
1.7238252 10.419566 1.9919759
1.685518 10.304644 1.7238252
1.6089036 10.189722 1.4939818
1.4556746 10.0748005 1.4173673
1.2641385 9.80665 1.532289
1.0342951 9.576807 1.685518
0.8044518 9.346964 1.9153613
0.61291564 9.193735 2.1068974
0.49799398 9.078813 2.1835117
0.45968673 9.155427 2.2218192
0.45968673 9.346963 2.2218192
0.5363012 9.500193 2.3367407
0.61291564 9.653421 2.2984335
0.6895301 9.730036 2.183512
0.7661445 9.653421 1.9536686
0.80445176 9.691729 1.5705962
0.7661445 9.768343 1.2641385
0.6512228 9.5385 1.0726024
0.4213795 9.308657 1.0342951
0.0 8.925585 0.91937345
-0.2681506 8.6574335 0.9959879
-0.4213795 8.734048 1.1492168
-0.49799395 8.848969 1.3024457
-0.5363012 9.002198 1.685518
-0.6512229 8.925584 1.9919758
-0.91937345 8.772355 2.2601266
-1.0726024 8.810662 2.4133554
-1.0726024 9.002198 2.4133554
-0.9959879 9.385271 2.2601264
-0.8044518 9.691729 2.030283
-0.7278373 9.921572 1.9536686
-0.842759 9.998186 1.8387469
-1.1109096 10.036493 1.9153614
-1.532289 9.959879 2.183512
-2.1452048 9.5385 2.4899697
-2.719813 8.963892 2.873042
-3.2561142 8.504205 3.2561145
-3.4093432 8.580819 3.5242648
-3.217807 9.193734 3.5625722
-2.7964277 9.959879 3.4093432
-2.3750482 10.649409 3.217807
-2.2984335 10.994174 2.9879637
-2.4133554 10.955867 2.9496565
-2.681506 10.91756 3.2944214
-2.9496565 11.798626 3.217807
-2.7964275 11.990163 4.1754875
-2.911349 11.722012 4.596867
-3.2561142 11.109096 4.788403
-3.6774938 9.5385 5.5162406
-4.290409 8.734048 5.363012
-4.4819455 8.887277 5.439626
-4.2137947 9.193735 5.094861

