-4.098873 9.346964 4.4819455
-3.9839516 9.232042 3.9456444
2.4516625 7.73806 5.4013186
1.5322891 8.389282 4.098873
1.6089036 8.695741 3.9073372
1.7238252 9.2703495 3.86903
1.7621324 9.346964 3.8307228
1.7621324 9.2703495 3.8307228
1.7238252 9.193734 3.7541082
1.685518 9.232041 3.4476504
1.5705965 9.308656 3.3327286
1.4556746 9.270349 3.2944214
1.3407528 9.308657 3.4093432
1.3024457 9.155428 3.5242648
1.2258313 9.078814 3.562572
1.1875241 9.002199 3.6391866
1.2258313 8.848969 3.715801
1.2641385 8.963891 3.86903
1.6472107 9.155427 4.2137947
1.8387468 9.385271 4.290409
1.9536686 9.500193 4.2137947
1.9919758 9.615114 3.9839516
1.8770542 9.576807 3.6391864
1.7621324 9.5385 3.2561142
1.685518 9.461885 2.9496565
1.6472108 9.385271 2.9113495
1.6472108 9.2703495 3.6008794
1.5705962 9.2703495 3.9839516
1.4173673 9.11712 4.2904096
1.340753 9.078813 4.1371803
1.340753 9.078813 3.9073372
1.4173673 9.078813 3.7158008
1.4173673 9.232041 3.4093432
1.3790601 9.270349 3.4476504
1.3024457 9.308657 3.4476504
1.2258313 9.308657 3.6008792
1.0726024 9.078813 3.715801
1.0342951 8.963891 3.715801
1.0726023 8.887277 3.562572
1.1109097 8.925584 3.4476504
1.3407528 9.2703495 3.4859576
1.4173673 9.423578 3.562572
1.4556745 9.500193 3.7158012
1.4173673 9.423578 3.9073372
1.3024457 9.193734 4.098873
1.2258313 9.11712 3.9839516
1.1875241 9.002198 3.6774938
1.0726024 9.002198 3.371036
1.0342952 9.002198 3.0262709
1.0726024 9.078813 2.7964277
1.1875241 9.270349 2.7198133
1.3790601 9.461885 2.873042
1.532289 9.653421 3.1795
1.5705965 9.615114 3.4859576
1.4173675 9.461885 3.6008794
1.2641385 9.232042 3.4859576
1.1109096 8.963891 3.217807
1.0726024 8.887277 2.9113493
1.187524 9.002198 2.681506
1.3024457 9.193735 2.6048915
1.4173673 9.461885 2.6048915
1.532289 9.576807 2.681506
1.5705963 9.691729 2.9113493
1.532289 9.653421 3.0645783
1.4556746 9.500193 3.371036
1.3024457 9.2703495 3.5242648
1.1492169 9.002198 3.5242648
1.0726023 8.887277 3.562572
1.0726023 9.002199 3.6008792
1.1492169 9.193735 3.6008792
1.2258313 9.346964 3.562572
1.2641385 9.423578 3.4093432
1.2641385 9.308657 3.0645783
1.2258313 9.232042 2.987964
1.2641385 9.155427 3.026271
1.3407528 9.11712 3.1028855
1.3790601 9.11712 3.3327289
1.3790601 9.232041 3.371036
1.3024458 9.38527 3.2561145
1.1109096 9.38527 3.0262709
0.99598795 9.461885 2.6048915
0.842759 9.385271 2.2984335
0.842759 9.346964 2.1452048
0.9193735 9.423578 2.2984335
0.88106626 9.346964 2.566584
0.842759 9.346964 2.873042
0.6512228 9.270349 3.1794999
0.49799395 9.193734 3.2944214
0.4213795 9.078813 3.5242648
0.4213795 8.963891 3.4859576
0.4213795 8.925584 3.4093432
0.38307226 8.810662 3.217807
0.344765 8.887277 2.9496565
0.344765 8.963891 2.9113493
0.344765 8.963891 2.7964277
0.38307226 9.155427 2.9496565
0.4213795 9.232042 3.064578
0.49799395 9.385271 3.0262709
0.5746084 9.5385 3.1794999
0.61291564 9.576807 3.217807
0.6895301 9.615114 3.1794999
0.5746084 9.423578 3.1794999
0.45968673 9.193735 3.1794999
0.34476504 8.925585 3.1794999
0.22984336 8.848969 3.3327289
0.344765 9.002198 3.5625722
0.5746084 9.270349 3.677494
0.8810662 9.691729 3.6008794
1.1875241 10.036493 3.2561142
1.5705963 10.572795 2.1452045
1.5705963 10.496181 1.7621324
1.5322891 10.266336 1.685518
1.340753 9.921572 1.9536685
1.0342951 9.117121 3.2561145
0.9576807 8.887277 3.7541084
1.0342952 8.848969 3.7924156
1.1109096 9.002198 3.4859576
1.2641385 9.461885 2.566584
1.2641385 9.5385 2.3750482
1.2258313 9.500193 2.4516625
1.1492169 9.346964 2.6431985
1.2258313 9.308657 2.9879637
1.3024457 9.2703495 3.1794996
1.3790601 9.2703495 3.1794996
1.4173673 9.346964 3.0262709
1.3024457 9.346964 2.6048915
1.2641385 9.5385 2.2984338
1.3024457 9.653421 2.2601266
1.4173675 9.80665 2.4516625
1.5322891 9.959879 2.7581205
1.5322891 9.883265 3.0645783
1.4556745 9.730036 3.2944214
1.3024457 9.5385 3.2944214
1.187524 9.346963 3.217807
1.1109096 9.232041 2.9496567
1.1109096 9.232041 2.6431987
1.1109096 9.11712 2.2984335
1.1875241 9.11712 2.0685902
1.3024458 9.308656 2.0685902
1.4173675 9.4618845 2.1452048
1.4173675 9.730036 2.4516625
1.2258313 9.730036 2.7581203
0.9193734 9.461885 3.064578
0.5363012 9.193734 3.4476504
0.30645782 8.887277 3.6774938
0.22984336 8.772355 3.8307228
0.30645782 8.810662 3.9073372
0.4596867 8.925584 3.8307228
0.5746084 9.117121 3.677494
0.61291564 9.193735 3.4093435
0.61291564 9.232042 3.1028855
0.6512228 9.2703495 2.7964275
0.7278373 9.2703495 2.6431987
0.80445176 9.423578 2.719813
0.7661445 9.653421 2.7581203
0.53630114 9.768343 2.7964275
0.26815057 9.80665 2.873042
-0.076614454 9.576807 2.9496565
-0.45968673 9.11712 3.217807
-0.842759 8.504205 3.4859576
-1.187524 8.00621 3.5625722
-1.3407528 7.6614456 3.5625722
-1.2258313 7.546524 3.4859576
-0.6895301 7.8146744 3.2561142
0.07661444 8.542512 3.064578
0.842759 9.615114 2.8347347
1.340753 10.572795 2.4133554
1.2641385 11.109097 2.030283
0.68953013 10.955867 1.685518
-0.11492166 10.342951 1.5705963
-0.9576807 9.5385 1.7621325
-1.6089035 8.810662 2.1452048
-2.030283 8.236053 2.681506
-2.2984335 7.776367 3.1411927
-2.3750482 7.431602 3.4859576
-2.2601264 7.431602 3.4859576
-1.9919758 7.967903 3.2944217
-1.532289 8.887277 3.026271
-1.1492168 10.113108 2.6431987
-0.842759 11.147403 2.4133554
-0.7278373 11.722012 2.1452048
-0.8810662 11.87524 1.8770541
-1.1109097 11.683704 1.8387469
-1.532289 11.3006315 2.1452045
-2.030283 10.726024 2.834735
-2.681506 10.151415 3.86903
-3.1411927 9.461885 4.7884035
-3.5242648 8.887277 5.899313
-3.715801 8.504204 6.4739213
-3.8307228 8.389282 6.742072
-4.098873 8.695741 6.8569937
-4.3287168 9.155427 6.512229

