-4.5968676 9.576807 6.359
-4.673482 9.730036 6.167464
-4.673482 9.615114 6.397307
1.4556746 9.040505 4.405331
1.532289 9.232042 4.0222588
1.6089036 9.308657 4.1371803
1.5705963 9.461885 3.6774938
1.6089035 9.730036 3.3710358
1.5705963 9.615114 3.2561142
1.532289 9.5385 3.217807
1.532289 9.500193 3.2944217
1.4939818 9.423578 3.4476504
1.4173673 9.423578 3.5625725
1.3407528 9.423578 3.5625725
1.2258313 9.385271 3.5625725
1.2258313 9.423578 3.4093432
1.340753 9.461885 3.2178073
1.3024457 9.500193 3.064578
1.2641385 9.423578 3.0262709
1.4556746 9.346964 3.371036
1.6472108 9.2703495 3.6391864
1.7238252 9.308657 3.86903
1.685518 9.385271 3.8307228
1.4556746 9.500193 3.3327286
1.3790601 9.461885 2.987964
1.3790601 9.308657 2.834735
1.3790601 9.11712 2.873042
1.3790601 8.848969 3.064578
1.4173673 8.887277 3.2561142
1.4556745 9.002199 3.4093432
1.4556745 9.117121 3.4859576
1.3790601 9.2703495 3.1028855
1.3024457 9.308657 2.7964277
1.2258313 9.308657 2.7198133
1.1875241 9.2703495 2.6048913
1.1875241 9.078813 2.8730419
1.2258313 9.11712 2.8730419
1.3024458 9.155427 3.1028855
1.4173673 9.193734 3.1028855
1.37906 9.193734 3.0262709
1.1875241 9.11712 2.8347347
1.0342951 9.040505 2.7964275
0.91937345 9.002198 2.7964275
0.80445176 9.002198 2.873042
0.8810662 9.11712 3.064578
0.91937345 9.155427 3.1411927
1.0342951 9.155427 3.1411927
1.1875241 9.155427 3.1794999
1.2258313 9.155427 2.9879637
1.2641385 9.2703495 2.7964275
1.2641385 9.423578 2.528277
1.2641385 9.615114 2.3367407
1.3024457 9.730036 2.375048
1.3407528 9.768343 2.4516625
1.4173673 9.768343 2.6431987
1.4556746 9.576807 2.6431987
1.4556746 9.385271 2.6048915
1.4556746 9.2703495 2.681506
1.340753 9.155427 2.6431987
1.2258313 9.232041 2.681506
1.1875241 9.38527 2.6048915
1.1875241 9.576807 2.3750482
1.2641386 9.691729 2.0685902
1.4173675 9.730036 1.8387469
1.4173675 9.691729 1.6472107
1.3790601 9.615114 1.685518
1.3407528 9.653421 1.9536686
1.2258313 9.730036 2.1835117
1.1875241 9.844957 2.4516625
1.1109097 9.768343 2.6431985
1.0342952 9.653421 2.9113493
0.91937345 9.423578 3.064578
0.88106626 9.155428 3.1028852
0.842759 9.002199 3.1028852
0.80445176 8.887277 2.7964275
0.84275895 8.963891 2.4899697
0.91937345 9.11712 2.3367407
1.0342951 9.423578 2.1835117
1.1875241 9.5385 2.375048
1.3024457 9.576807 2.681506
1.3024457 9.500193 2.8730419
1.3024457 9.308657 3.1028852
1.2258313 9.308657 3.2561142
1.1492169 9.346964 3.4476504
1.1492169 9.576807 3.5625722
1.1109096 9.768343 3.6008794
1.1109096 9.844957 3.3327289
1.0726024 9.80665 2.8730423
1.0342951 9.653421 2.5665843
1.0726024 9.5385 2.2984338
1.1492168 9.615114 2.2601266
1.2641385 9.768343 2.4899697
1.340753 9.921572 2.7964277
1.340753 10.0748005 2.9879637
1.2641385 10.113108 3.1028855
1.1875241 10.113108 2.9879637
1.0726024 9.998186 2.7581203
0.9193734 9.844957 2.6431987
0.7661445 9.5385 2.6048915
0.5746084 9.232042 2.6048915
0.45968673 9.078813 2.5665843
0.45968673 9.002198 2.5665843
0.61291564 9.117121 2.7581205
0.842759 9.461885 2.9113493
1.1492168 9.998186 2.9113493
1.4173675 10.534487 2.7964277
1.5322891 10.994174 2.3750482
1.5322891 10.994174 2.1068976
1.3790603 10.649409 2.1068976
1.1109096 10.189722 2.183512
0.842759 9.653421 2.4516625
0.6512229 9.346964 2.6815057
0.5746084 9.155427 3.026271
0.5746084 9.078813 3.2561142
0.6512228 9.078813 3.2944214
0.80445176 9.11712 3.217807
0.91937345 9.11712 2.8347347
1.1109097 9.155427 2.3750482
1.3024458 9.232042 2.030283
1.4556746 9.346964 1.7621324
1.4939818 9.385271 1.8004396
1.3407528 9.040505 2.1452045
1.0342951 8.734048 2.2984338
0.842759 8.504204 2.1835117
0.68953013 8.465897 2.1068974
0.61291564 8.542511 2.030283
0.7661446 8.69574 2.1452048
0.91937345 8.810662 2.2984335
1.0342951 8.695741 2.3367407
1.0726024 8.504204 2.2218192
1.3024458 8.274361 1.8004396
1.6089035 8.657433 1.838747
1.9919758 9.11712 1.838747
2.1835117 9.653421 1.8004398
2.1452045 9.959879 1.838747
2.030283 10.0748005 2.0685902
1.7621325 9.959879 2.566584
1.493982 9.691729 3.217807
1.1875241 9.385271 3.7541082
0.7278373 8.963892 3.86903
0.3830723 8.504205 3.7924156
0.11492168 8.121132 3.4093432
0.076614454 7.967903 2.873042
0.30645782 8.197746 2.4899697
0.57460845 8.734048 2.1068976
0.9193735 9.385271 1.9919758
1.1109096 9.844957 2.0685902
1.0726024 10.036493 2.3367407
0.9576807 10.113108 2.873042
0.7278373 9.921572 3.4476504
0.53630114 9.691729 3.715801
0.34476504 9.346964 3.715801
0.19153613 9.002198 3.4859576
0.11492168 8.772355 3.217807
0.076614454 8.580819 3.1794999
0.11492168 8.619126 3.4093432
0.15322891 8.84897 3.7541084
0.22984335 9.193735 4.0222588
0.34476504 9.691729 4.1754875
0.4213795 10.0748005 4.290409
0.3830723 10.228029 4.1754875
0.15322891 10.113108 4.1754875
-0.19153613 9.768343 4.2521024
-0.6512228 9.308657 4.213795
-1.1109096 8.887277 4.4053316
-1.4939818 8.695741 4.252102
-1.8004397 8.695741 4.1754875
-1.8770542 8.848969 3.9839518
-1.8004397 9.117121 3.86903
-1.6472107 9.423578 4.060566
-1.4556745 9.653421 4.2137947
-1.3024457 9.80665 4.1371803
-1.2641385 9.959879 3.7924154
-1.2641385 10.113108 3.2561142
-1.340753 10.419565 2.7581203
-1.5322891 10.840944 2.566584
-1.685518 11.3006315 2.566584
-1.9536686 11.683704 3.026271
-2.2984338 11.760319 3.715801
-2.566584 11.60709 4.6351748
-2.8730419 10.917561 5.554548
-3.1411927 9.921572 6.3589997
-3.2944214 8.925585 6.933608

