-3.4476502 8.121132 7.1634517
2.2601266 9.423577 4.405331
1.685518 8.96389 4.213795
1.3407528 9.002199 3.677494
1.532289 9.385271 3.0262709
1.37906 9.5385 2.7964275
1.4556745 9.653421 2.566584
1.4939818 9.730036 2.3750482
1.4173673 9.615114 2.4899697
1.3790601 9.5385 2.6815057
1.3024458 9.500193 3.0262709
1.3024458 9.500193 3.2944217
1.2641385 9.5385 3.4476504
1.2641385 9.5385 3.4093432
1.2258313 9.5385 3.4476504
1.2641386 9.500193 3.4093432
1.3790603 9.500193 3.4476504
1.5705963 9.5385 3.3327289
1.6089035 9.500193 3.2178073
1.6472107 9.423577 3.1794999
1.532289 9.270349 3.1794999
1.5705963 9.385271 3.2944214
1.5705963 9.461885 3.4093432
1.5705963 9.461885 3.5242648
1.5322891 9.500193 3.4859576
1.4173673 9.346964 3.4476504
1.2641385 9.232041 3.3327286
1.1492168 9.078813 3.217807
1.1109096 8.963891 3.1794996
1.1109096 9.11712 3.1411924
1.1875241 9.2703495 3.0262709
1.3024457 9.576807 2.8347347
1.2641385 9.768343 2.719813
1.2258313 9.730036 2.719813
1.1492168 9.691729 2.681506
0.9576807 9.576807 2.7581203
0.8810662 9.423578 2.7581203
0.842759 9.2703495 2.6431987
0.842759 9.193734 2.6431987
0.88106626 9.270349 2.6431987
1.0342951 9.38527 2.6048915
1.1109096 9.653421 2.4899697
1.2258313 9.80665 2.413355
1.3790601 9.80665 2.2984335
1.4173673 9.844957 2.1835117
1.4556746 9.768343 2.221819
1.3790601 9.653421 2.2984335
1.2641385 9.500193 2.3750482
1.0342951 9.346964 2.5665843
0.842759 9.193735 2.6431987
0.7661446 9.232042 2.6048913
0.7661446 9.2703495 2.528277
0.91937345 9.346964 2.4133554
1.1875241 9.5385 2.336741
1.4173675 9.576807 2.2601264
1.5705965 9.653421 2.2218192
1.6089036 9.691729 2.183512
1.4939818 9.576807 2.183512
1.4173673 9.500193 2.2984338
1.4173673 9.500193 2.4516625
1.4173673 9.461885 2.6048915
1.4939818 9.500193 2.6048915
1.4939818 9.5385 2.3750482
1.340753 9.5385 2.183512
1.2258313 9.576807 1.9919758
1.1875241 9.615114 1.9153614
1.1875241 9.615114 2.1068974
1.2258313 9.576807 2.2984338
1.3024458 9.576807 2.4899697
1.2641385 9.5385 2.6431985
1.1875241 9.5385 2.6431985
1.1492169 9.461885 2.566584
1.0726024 9.385271 2.6048913
0.9576807 9.346964 2.6431985
0.7661445 9.232042 2.6048913
0.6895301 9.232042 2.4516625
0.6895301 9.2703495 2.2984335
0.7278373 9.423578 2.183512
0.9576807 9.653421 2.030283
1.1109096 9.691729 2.2601264
1.1875241 9.653421 2.6815057
1.1109096 9.576807 3.0262709
0.7661445 9.346964 3.3327289
0.5746084 9.270349 3.1411927
0.5746084 9.193734 2.9879637
0.6895301 9.193734 2.834735
1.0726023 9.423578 2.9113495
1.2258313 9.500193 2.834735
1.2641385 9.576807 2.7581203
1.1875241 9.691729 2.336741
1.1875241 9.691729 2.1068976
1.1875241 9.768343 1.9919758
1.2258313 9.691729 2.1452048
1.3024457 9.576807 2.4516625
1.2641385 9.500193 2.7581203
1.1492168 9.308657 3.0262709
1.0342951 9.193735 2.9879637
0.9576807 9.002199 2.9113493
1.1109096 8.848969 2.681506
1.3790603 8.963891 2.6048915
1.3790603 9.040505 2.4899697
1.2641385 9.078813 2.030283
1.1875241 9.078813 2.030283
1.1875241 9.155428 2.1452048
1.1875241 9.2703495 2.2601264
1.3024457 9.385271 2.4516625
1.340753 9.500193 2.4516625
1.4173675 9.576807 2.5665843
1.5705963 9.768343 2.7964275
1.685518 9.768343 3.0645783
1.8004397 9.768343 3.2561145
1.7621325 9.691729 3.2561145
1.6472108 9.653421 2.9496565
1.4939818 9.691729 2.6431985
1.3024457 9.730036 2.375048
1.2258313 9.768343 2.2218192
1.2258313 9.80665 2.183512
1.2641385 9.883265 2.3750482
1.4556746 9.921572 2.6431987
1.8770542 10.304644 3.141193
2.030283 10.419565 3.064578
1.9153614 10.419565 2.7964275
1.5322891 10.189722 2.566584
0.80445176 9.461885 2.3367407
0.6512228 9.2703495 2.3367407
0.72783726 9.117121 2.4133554
0.84275895 9.117121 2.4899697
0.9959879 9.155428 2.6431987
1.1492168 9.232042 2.6815062
1.340753 9.385271 2.643199
1.493982 9.423578 2.4899697
1.5322891 9.500193 2.3750482
1.5322891 9.461885 2.3750482
1.4556746 9.308657 2.4133554
1.2641385 9.117121 2.4899697
1.1492168 8.925585 2.4516625
1.0726024 8.772355 2.336741
1.0726024 8.734048 2.1452048
1.1492168 8.695741 2.1068974
1.2258313 8.6574335 2.183512
1.187524 8.580819 2.2601264
1.0726024 8.504205 2.2601264
1.0342951 8.504205 2.221819
1.1109096 8.580819 2.1068974
1.3790601 8.734048 1.9919758
1.6472107 9.002198 2.030283
1.8387469 9.270349 1.9919759
1.8387469 9.423578 2.1452048
1.5705963 9.423578 2.3750482
1.2258313 9.232042 2.6048913
0.6895301 8.963891 2.7581203
0.6895301 8.963891 2.9113493
0.8044518 9.155427 2.9496565
0.99598795 9.232041 3.1795
1.1492169 9.385271 3.4476504
1.3024458 9.5385 3.3710358
1.3790601 9.730036 3.1411927
1.3790601 10.036493 2.8347347
1.2258313 10.228029 2.681506
0.5746084 10.151415 3.217807
0.11492168 9.80665 3.715801
-0.34476504 9.423578 4.0988736
-0.6512228 9.155427 4.367024
-0.7661446 9.155427 4.367024
-0.6895301 9.346963 4.252102
-0.45968673 9.615114 4.2137947
-0.2681506 9.653421 4.1754875
-0.19153613 9.576807 4.2137947
-0.22984335 9.500193 4.2904096
-0.38307226 9.2703495 4.2904096
-0.6895301 9.11712 4.2521024
-0.95768064 9.040505 4.2904096
-1.3024457 9.002198 4.2137947
-1.6472108 9.155428 3.9456441
-1.8387469 9.423578 3.7158008
-2.030283 9.653421 3.3327286
-2.1452048 9.768343 2.9879637
-2.2218192 9.80665 2.834735
-2.3750482 9.844957 2.7964277
-2.4899697 9.959879 2.681506
-2.7964275 10.113108 2.5665843
-3.2561142 10.266336 2.4133554
-3.6008792 10.381259 2.2984338
-3.86903 10.342952 2.4899697

