-3.9073372 10.266337 3.0262709
-3.86903 10.228029 3.6774936
-3.9456444 10.113108 4.367024
-4.1371803 10.036493 4.903325
1.685518 9.002198 4.6351743
1.8004396 9.308656 3.7541082
1.685518 9.346963 3.4476504
1.6472108 9.5385 2.719813
1.8770542 9.768343 2.681506
1.7238252 9.653421 2.5282772
1.7238252 9.615114 2.4133554
1.9536686 9.653421 2.5665843
2.0685902 9.844957 2.719813
2.183512 9.998186 3.217807
1.9919759 9.921572 3.4476504
1.6472107 9.730036 3.562572
1.340753 9.461885 3.6391864
0.9959879 9.232042 3.562572
0.80445176 9.11712 3.4476504
0.7661445 9.078813 3.2944214
0.7661445 9.11712 2.987964
0.80445176 9.2703495 2.6431987
0.91937345 9.346964 2.4899697
1.1492169 9.385271 2.4516625
1.3024457 9.461885 2.4899697
1.4173675 9.5385 2.75812
1.3790601 9.576807 2.8730419
1.1492168 9.500193 2.8730419
0.8810662 9.423578 2.8347347
0.68953013 9.308657 2.7581203
0.57460845 9.2703495 2.7581203
0.6512228 9.308657 2.7581203
0.842759 9.346964 2.834735
0.9576807 9.461885 2.9113493
1.0342952 9.461885 2.9496565
0.9959879 9.500193 2.9879637
0.7661445 9.461885 2.9496565
0.5746084 9.308657 2.834735
0.344765 9.308657 2.6815062
0.19153613 9.232042 2.6048913
0.19153613 9.193735 2.643199
0.22984336 9.2703495 2.7198133
0.34476504 9.2703495 2.873042
0.3830723 9.385271 2.9879637
0.45968673 9.500193 3.064578
0.5363012 9.576807 3.1794999
0.57460845 9.730036 3.2944217
0.61291564 9.691729 3.3327289
0.53630114 9.5385 3.3327289
0.38307226 9.385271 3.1411924
0.26815057 9.155427 2.9113493
0.22984335 9.078813 2.873042
0.26815057 9.078813 2.834735
0.38307226 9.11712 3.1411927
0.53630114 9.232042 3.4859576
0.6895301 9.308657 3.715801
0.7661446 9.308657 3.9839516
0.7661446 9.232042 3.9456444
0.7278373 9.078813 3.86903
0.61291564 9.002198 3.6774938
0.57460845 8.963891 3.524265
0.61291564 8.963891 3.524265
0.6512228 9.002198 3.5625722
0.80445176 9.078813 3.5625722
0.9576807 9.270349 3.371036
1.0342951 9.423578 3.2944217
1.1492169 9.576807 3.1411927
1.1492169 9.5385 3.1794999
1.0726023 9.461885 3.217807
0.9959879 9.423578 3.0262709
0.8810662 9.308657 2.7581203
0.8810662 9.346964 2.528277
0.9576807 9.346964 2.336741
1.1492169 9.385271 2.2601264
1.340753 9.576807 2.3750482
1.4173673 9.691729 2.4133554
1.4173673 9.768343 2.5282772
1.2258313 9.768343 2.5665843
0.95768064 9.5385 2.681506
0.80445176 9.232042 2.8347347
0.6512228 9.078813 3.026271
0.6512228 9.040505 3.2561142
0.68953 9.193735 3.1794999
0.68953 9.500193 2.987964
0.7661445 9.768343 2.719813
0.8044518 9.921572 2.4899697
0.9576807 9.998186 2.4516625
0.9959879 9.959879 2.4899697
0.9576807 9.844957 2.6048915
0.842759 9.730036 2.7581203
0.6512229 9.615114 2.8730419
0.49799395 9.461885 3.0262709
0.3830723 9.385271 3.1411927
0.3830723 9.346964 3.064578
0.3830723 9.385271 2.8730419
0.45968673 9.5385 2.566584
0.61291564 9.615114 2.2984335
0.6512228 9.653421 2.2218192
0.68953 9.653421 2.2984335
0.68953 9.615114 2.4899697
0.6512228 9.615114 2.681506
0.68953 9.691729 2.681506
0.84275895 9.691729 2.6431985
0.95768064 9.730036 2.528277
1.0726024 9.768343 2.2984335
1.1492169 9.730036 2.260126
1.0726024 9.768343 2.1835117
1.0342952 9.730036 2.1835117
0.9959879 9.615114 2.2218192
1.0342951 9.615114 2.1452048
1.1109096 9.500193 1.9536686
1.2258313 9.461885 1.8387469
1.3024457 9.461885 1.8004397
1.3407528 9.385271 1.7621325
1.4173673 9.346964 1.9153614
1.4939818 9.193735 2.030283
1.6089035 9.078813 2.1068974
1.6855179 8.925584 2.2218192
1.7238252 8.925584 2.183512
1.7238252 9.078813 1.9536686
1.685518 9.193734 1.6089035
1.6472108 9.308656 1.1875241
1.5705963 9.270349 1.0342951
1.4173675 9.078813 1.0726023
1.3024458 8.887277 1.2641385
1.1875241 8.734048 1.6089034
1.1492169 8.6574335 1.7621324
1.1875241 8.810662 1.8770542
1.2258313 8.963891 1.9536686
1.37906 9.155428 1.9919758
1.4939818 9.423578 2.030283
1.5705965 9.576807 1.8770542
1.6089036 9.80665 1.6089035
1.5705962 10.151415 1.2641385
1.4939818 10.151415 0.9193734
1.3790601 9.998186 0.68953
1.2258313 9.730036 0.68953
1.0726024 9.346964 0.8044517
0.91937345 9.193734 1.1492168
0.91937345 9.155427 1.6089035
0.91937345 9.232041 1.8387468
0.91937345 9.308657 1.9536686
0.9576807 9.346964 1.8004397
0.88106626 9.385271 1.493982
0.88106626 9.308657 1.3024458
0.8044518 9.117121 1.2641385
0.8044518 8.963891 1.3790601
0.9193735 8.848969 1.5705963
1.1109096 8.963891 1.7621324
1.3790603 9.2703495 1.8387469
1.493982 9.615114 1.8004396
1.493982 9.883265 1.8004396
1.3024458 9.959879 1.838747
0.9193735 9.768343 1.9536686
0.6129157 9.423577 2.2218192
0.30645782 9.078813 2.4133554
0.11492168 8.734048 2.4133554
0.22984335 8.580819 2.336741
0.4213795 8.695741 2.0685904
0.6895301 9.002198 1.9536686
0.9959879 9.38527 2.336741
1.1875241 9.768343 2.7198133
1.340753 9.883265 3.2178073
1.4173673 9.883265 3.3327289
1.3024457 9.730036 2.9113493
1.0342951 9.5385 2.4133554
0.6129156 9.423578 1.7238252
0.15322891 9.117121 1.1492168
-0.19153613 8.887277 0.842759
-0.34476504 8.810662 0.7661446
-0.38307226 8.963892 1.1109096
-0.344765 9.308657 1.685518
-0.38307226 9.768343 2.3367407
-0.5363012 10.113108 2.681506
-0.80445176 10.304645 2.834735
-1.1492169 10.419566 2.9113493
-1.5322891 10.304645 2.834735
-1.8770541 10.0748005 2.9496565
-2.2218192 9.844957 3.1028852
-2.6048915 9.80665 3.371036
-2.9879637 10.151415 3.6391864
-3.371036 10.8792515 3.9073372
-3.5242648 11.568782 4.0222588
-3.7541084 12.181698 3.9839516
-3.86903 12.373234 3.9073372
-3.9456444 12.105083 3.9839516

