2.834735 9.117121 4.4436383
2.9879637 9.232042 3.907337
2.9879637 9.232042 3.7541082
3.0262709 9.461885 3.409343
3.064578 9.576807 3.064578
2.873042 9.423578 3.0262709
2.681506 9.2703495 2.9879637
2.5665843 9.155427 2.834735
2.4899697 9.11712 2.7198133
2.4899697 9.193735 2.4899697
2.566584 9.308657 2.528277
2.6048913 9.346964 2.6048913
2.681506 9.308657 2.7581203
2.7198133 9.155427 3.2944214
2.7581205 9.078813 3.5625722
2.7198133 9.002198 3.7158012
2.681506 8.963891 3.6008794
2.5665843 8.963891 3.026271
2.5665843 9.078814 2.7964277
2.6048915 9.232042 2.681506
2.5282772 9.385271 2.6048915
2.4899697 9.385271 2.6431987
2.4133554 9.346964 2.566584
2.3367407 9.155428 2.6431985
2.2601264 9.002198 2.7198133
2.0685902 8.772355 2.873042
1.9153614 8.6574335 3.141193
1.8770542 8.734048 3.2944217
1.9153614 8.848969 3.562572
2.1452048 9.2703495 3.524265
2.2601264 9.615114 2.873042
2.3750482 9.730036 2.4133554
2.4516625 9.691729 2.2218192
2.4133554 9.576807 2.0685902
2.3750482 9.423578 2.2984335
2.2601264 9.308657 2.528277
2.0685902 9.232041 2.8347347
1.9536686 9.270349 3.217807
1.9153614 9.308657 3.2561142
1.9153614 9.346964 3.1794999
1.8387469 9.346964 3.064578
1.8387469 9.2703495 2.8347347
1.8004397 9.2703495 2.6431985
1.8387469 9.385271 2.528277
1.8387469 9.5385 2.6431985
1.8387469 9.423578 2.9113493
1.8004397 9.385271 2.9879637
1.6472108 9.040506 3.0262709
1.6472107 8.772355 2.9879637
1.7621324 8.848969 2.9113493
1.8770542 9.040505 2.6431987
1.7238252 9.193734 2.6048913
1.6089036 9.193734 2.7581203
1.5322891 9.2703495 2.9496565
1.4173675 9.346964 2.9879637
1.3790601 9.346964 3.0262709
1.340753 9.308657 2.873042
1.340753 9.155427 2.6048915
1.3024457 9.040505 2.4133554
1.2641385 9.002198 2.2218192
1.2258313 9.078813 2.1068976
1.1875241 9.308657 2.1452048
1.2258313 9.461885 2.2984335
1.3024457 9.653421 2.681506
1.340753 9.653421 2.7581205
1.340753 9.615114 2.6431985
1.4173675 9.500193 2.4899697
1.3790601 9.423578 2.6048913
1.2641385 9.346964 2.681506
1.1492168 9.308657 2.719813
1.0726024 9.308657 2.6431987
1.1492168 9.423578 2.4133554
1.4173675 9.615114 2.336741
1.7238252 9.80665 2.2601266
1.9536686 9.998186 2.1452045
2.0685902 10.0748005 2.1068974
2.030283 9.998186 2.0685902
1.9153614 9.883265 2.2601264
1.7621324 9.768343 2.7964275
1.6472108 9.730036 3.4476504
1.6089036 9.653421 3.9073372
1.532289 9.615114 3.9456444
1.4939818 9.5385 3.562572
1.4173675 9.423578 2.873042
1.3024457 9.308657 2.3750482
1.37906 9.308657 2.1068976
1.4939818 9.423578 2.2984335
1.685518 9.5385 2.7198129
1.9536686 9.768343 3.1411924
2.1068974 9.921572 3.4859576
2.1452045 10.036493 3.4093432
2.1068974 10.113108 3.0645783
1.9153613 9.998186 2.4516625
1.685518 9.844957 1.8004397
1.4556746 9.576807 1.2641385
1.2258313 9.461885 1.1492168
1.1109096 9.576807 1.3790601
1.0342952 9.768343 1.877054
0.9959879 9.998186 2.4516625
0.8810662 10.0748005 2.719813
0.6512229 9.959879 2.7964277
0.34476504 9.653421 2.681506
0.038307227 9.346964 2.5665843
-0.19153613 9.117121 2.4899697
-0.34476504 8.963891 2.336741
-0.3830723 8.925584 2.2601266
-0.34476504 8.963891 2.1835117
-0.19153613 8.963891 2.1068974
-0.19153613 9.040505 2.1835117
-0.15322891 9.155427 2.4899697
-0.076614454 9.232041 2.8347347
-0.11492168 9.155427 3.1794996
0.0 9.040505 3.4859576
0.038307227 8.695741 3.4859576
0.038307227 8.350975 3.2944217
0.15322891 8.312668 2.9496565
0.30645782 8.427589 2.375048
0.7278373 8.810662 1.6089036
1.187524 9.346963 1.0726023
1.4556745 9.768343 0.8810662
1.6089034 9.959879 1.3024457
1.37906 9.883265 1.9536686
0.95768064 9.461885 2.336741
0.344765 8.619126 1.9919758
0.26815057 8.465898 1.532289
0.38307226 8.389282 1.1492168
0.6129157 8.542511 0.7661445
0.7661446 8.734047 0.6512228
0.91937345 9.078814 0.8044517
1.0342951 9.653421 1.1492168
1.0726024 10.036493 1.6472107
1.1492169 10.189722 2.0685902
1.0342951 10.151415 2.2218192
0.8044518 9.80665 1.9919758
0.49799395 9.385271 1.7238252
0.11492168 9.002198 1.6089036
-0.11492168 8.734048 1.685518
-0.2681506 8.772355 2.0685902
-0.34476504 8.887277 2.528277
-0.19153613 9.040505 2.528277
0.0 9.308656 2.4133554
0.2681506 9.768342 2.2984335
0.6129157 10.228029 2.030283
0.842759 10.6877165 2.1835117
0.9959879 10.91756 2.3750482
0.9959879 10.764331 2.6815057
0.7278373 10.611102 2.7964272
0.38307226 10.496181 2.8347347
-0.038307235 10.228029 2.681506
-0.34476507 9.998186 2.4516625
-0.49799395 9.80665 2.336741
-0.5363012 9.653421 2.0685902
-0.45968673 9.80665 1.9536686
-0.4213795 10.151415 1.5705963
-0.30645782 10.49618 1.1875241
-0.19153613 10.764331 0.88106626
-0.22984335 10.91756 0.7278373
-0.30645782 10.91756 0.7661446
-0.34476507 10.764331 1.0726024
-0.49799398 10.572794 1.5705963
-0.8810662 10.457872 1.9919758
-1.685518 10.304644 2.6048913
-2.873042 10.228029 3.1411924

