-4.098873 10.151415 3.7158008
1.9153614 9.883265 4.443638
1.6472108 9.423578 4.290409
1.6472108 9.346964 4.2137947
1.9536686 9.5385 4.060566
2.1452048 9.921572 3.6008794
2.1068976 9.959879 3.2561142
2.1452048 9.921572 3.026271
2.4516625 10.113108 2.6048915
2.6048915 10.189722 2.528277
2.681506 10.266336 2.6048915
2.6048915 10.189722 2.7581205
2.4516625 10.036493 3.0262709
2.2601264 9.921572 3.1411924
2.0685902 9.730036 3.1794996
2.030283 9.615114 3.1794996
1.9919758 9.615114 2.9113493
2.0685902 9.653421 2.7198129
2.030283 9.730036 2.6048913
2.030283 9.691729 2.6431987
2.030283 9.5385 2.6048915
1.8004396 9.346964 2.7964275
1.7238252 9.232042 2.75812
1.6089036 9.346964 2.7964277
1.6089036 9.385271 2.6815057
1.8004396 9.500193 2.681506
1.8770541 9.461885 2.528277
1.8770541 9.423578 2.5665843
1.8004396 9.308657 2.4899697
1.7238252 9.232041 2.566584
1.685518 9.155427 2.7198129
1.5705963 9.193734 2.834735
1.4173675 9.11712 2.7964275
1.2641385 9.002198 2.6431985
1.3407528 9.040505 2.6048913
1.4173673 9.11712 2.7581203
1.4173673 9.2703495 2.719813
1.1875241 9.2703495 2.6048913
1.1492169 9.385271 2.4516625
1.2641386 9.423578 2.4516625
1.5322891 9.5385 2.4899697
1.9536686 9.730036 2.3750482
1.9536686 9.768343 2.2218192
1.5705963 9.768343 2.030283
1.2641385 9.576807 2.1835117
1.2258313 9.308657 2.336741
1.2258313 9.11712 2.4899697
1.1875241 9.078813 2.5665843
1.1492169 9.193734 2.5282772
1.1492169 9.270349 2.2601264
1.4556745 9.5385 1.6089035
1.5705963 9.730036 1.4556746
1.7238252 9.768343 1.532289
1.7238252 9.80665 1.8004396
1.5705963 9.730036 1.8770542
1.3790601 9.5385 2.1452048
1.1109096 9.346964 2.336741
1.0342951 9.155427 2.2984338
1.0726023 9.078813 2.2984338
1.2258313 9.11712 2.1452048
1.4939818 9.193734 2.183512
1.6472108 9.2703495 2.4133554
1.7238252 9.346964 2.6431987
1.7621325 9.346964 2.9496565
1.7238252 9.385271 2.9879637
1.6089035 9.308657 2.9496565
1.493982 9.193735 2.9113493
1.340753 9.155427 2.6431987
1.2641386 9.11712 2.4516625
1.2258313 9.232042 2.183512
1.3024457 9.308657 1.8770542
1.4939818 9.423578 1.8770542
1.6472108 9.500193 1.9153614
1.8770542 9.500193 2.183512
1.9919758 9.5385 2.566584
1.9919758 9.576807 2.7964275
1.8770542 9.691729 2.873042
1.7238252 9.80665 2.719813
1.6089035 9.883265 2.2984335
1.532289 9.844957 1.7621324
1.4173673 9.691729 1.340753
1.3790601 9.576807 1.1492168
1.3024458 9.500193 1.340753
1.2641385 9.576807 1.7621325
1.340753 9.730036 2.2601264
1.340753 9.844957 2.681506
1.340753 9.921572 2.9113493
1.2641386 9.883265 2.9496565
1.1875241 9.768343 2.681506
1.0726024 9.653421 2.336741
0.9959879 9.615114 1.9536686
0.9959879 9.5385 1.685518
0.9959879 9.5385 1.7621324
1.0726023 9.653421 1.9536686
1.1109097 9.653421 2.336741
1.1109097 9.691729 2.7198129
1.1492169 9.768343 3.0262709
1.1109096 9.730036 3.1411927
1.0342951 9.730036 2.987964
0.9193734 9.691729 2.528277
0.7278373 9.461885 2.030283
0.5363012 9.270349 1.5705963
0.38307226 9.002198 1.340753
0.34476507 8.810662 1.6089035
0.38307226 8.810662 1.8770541
0.5363012 8.887278 2.336741
0.8044518 9.117121 2.8347347
1.0342951 9.423578 3.1028855
1.2258313 9.691729 3.1794999
1.340753 9.883265 3.1028855
1.340753 9.921572 2.719813
1.2641386 9.921572 2.2601264
1.1109096 9.959879 2.0685904
0.842759 9.844957 1.838747
0.5363012 9.691729 1.8004396
0.22984336 9.423578 1.9919758
0.0 9.078814 2.2984338
-0.19153613 8.734048 2.9113493
-0.19153613 8.619126 3.5242648
-0.15322891 8.6574335 3.7924154
-0.038307227 8.810662 3.6774938
0.30645782 9.232042 2.9496565
0.6512229 9.653421 2.0685902
1.0342951 9.959879 1.3407528
1.340753 10.113108 0.80445176
1.4173675 9.998186 0.842759
1.3407528 9.768343 1.0726024
1.1109096 9.423578 1.4556746
0.80445176 9.078814 1.9153614
0.5363012 8.810662 2.2601264
0.3064578 8.504204 2.566584
0.15322891 8.350975 2.7964275
0.19153613 8.427589 2.9879637
0.4213795 8.772354 3.0262709
0.8044518 9.2703495 2.9879637
1.340753 9.844957 2.8347347
1.7621324 10.228029 2.6431985
2.030283 10.381259 2.4133554
2.1452048 10.381259 2.1452045
2.0685902 10.22803 2.030283
1.8387468 10.036493 1.8770541
1.4556745 9.730036 1.9919758
0.9959879 9.346964 2.1452045
0.57460845 8.963891 2.4133554
0.34476504 8.580819 2.6815057
0.49799395 8.580819 2.8347347
0.842759 9.078813 2.9113493
1.3407531 9.691729 2.719813
1.9919758 10.381258 2.528277
2.4899697 10.764331 2.183512
2.9113493 10.764331 1.8770542
3.1411927 10.611102 1.7621324
3.0262709 10.381258 1.6472108
2.681506 10.304644 1.7238252
2.030283 10.0748005 2.030283
1.340753 9.844957 2.336741
0.8044517 9.653421 2.7581205
0.38307223 9.423578 3.1028857
0.34476504 9.423578 3.141193
0.7278373 9.691729 2.4899697
1.0726023 9.80665 2.0685902
1.3024457 10.036493 1.685518
1.4173673 10.419565 1.532289
1.3024457 10.649408 1.6472108
1.0726024 10.764331 1.8387469
0.61291564 10.534488 1.9919758
-0.34476504 9.615114 1.9536686
-0.80445176 9.270349 1.9536686
-1.2258313 9.078813 2.1452045
-1.6089034 8.925584 2.3750482
-1.877054 8.887277 2.6815057
-2.1068974 8.887277 2.8730419
-2.1068974 8.963891 2.9879637
-2.1068974 9.270349 3.0262709
-2.2218192 9.691729 3.0262709
-2.4516625 10.113109 2.9879637
-2.681506 10.419566 3.1028855
-2.9496565 10.419566 3.3710358

