-3.1794999 10.151415 3.7924154
2.1068976 9.500193 4.405331
2.0302832 9.385271 3.715801
1.7621325 9.2703495 3.1794999
1.7238252 9.308657 2.3750482
1.4173673 9.040505 2.2601266
1.532289 9.117121 2.5665843
1.685518 9.346964 2.7964275
1.8770542 9.5385 2.834735
1.9536686 9.691729 2.6048915
1.9153614 9.730036 2.2601266
1.8770542 9.691729 1.8770542
1.8387469 9.691729 1.5705965
1.8004397 9.691729 1.4173675
1.8387469 9.730036 1.5705963
1.8004397 9.691729 1.8770542
1.8004397 9.615114 2.2218192
1.6472107 9.308657 2.873042
1.6089035 9.117121 3.0262709
1.4556745 8.963892 3.0645783
1.4173673 8.887277 2.9113493
1.4173673 9.11712 2.0685902
1.5322891 9.2703495 1.6472106
1.6472108 9.423578 1.3024457
1.838747 9.461885 1.340753
2.1452048 9.423578 1.8387469
2.1452048 9.308656 2.2601264
2.030283 9.193734 2.4516625
1.7621324 9.11712 2.5665843
1.1875241 8.963891 2.681506
1.1109096 8.887277 2.5282772
1.1875241 8.963891 2.336741
1.4173675 9.193735 2.0685904
1.8387469 9.576807 1.7238252
1.9919758 9.653421 1.6472108
2.0685902 9.576807 1.5705963
2.030283 9.461885 1.5705963
1.8770542 9.423578 1.6089035
1.4939818 9.346964 1.685518
1.0342951 9.155427 1.7621324
0.42137948 8.695741 1.4556746
0.842759 8.580819 1.2258313
1.3024457 9.002199 1.3790603
1.8770542 9.921572 1.7621325
1.8387469 10.151415 1.9153614
1.7238252 10.113108 1.9536686
1.6472107 9.883265 1.8770541
1.3407528 9.5385 1.9153614
0.95768064 9.346964 1.9919758
0.95768064 9.461885 1.9536686
1.4556746 9.615114 1.9919758
1.7621324 9.768343 1.9919758
1.9153613 9.883265 2.030283
1.8770541 10.036493 2.030283
1.685518 9.921572 2.1452048
1.3407528 9.768343 2.2984338
1.0342951 9.5385 2.4133554
0.91937345 9.308657 2.5665843
0.8810662 9.232041 2.4516625
0.9959879 9.308656 2.2218192
1.1109096 9.423577 2.0685902
1.1109096 9.576807 1.9153614
1.0342951 9.768343 1.8770541
0.99598795 9.80665 2.183512
0.84275895 9.80665 2.9113493
0.7661445 9.730036 3.1411927
0.61291564 9.691729 2.9496565
0.45968673 9.615114 2.4899697
0.38307226 9.730036 1.685518
0.38307226 9.768343 1.685518
0.45968676 9.80665 1.9536687
0.49799395 9.883265 2.3750482
0.61291564 9.844957 2.911349
0.61291564 9.883265 2.911349
0.68953013 9.844957 2.6431987
0.7661446 9.768343 2.4133554
0.88106626 9.80665 2.2218192
0.9193735 9.80665 2.2218192
0.9193735 9.844957 1.9919758
0.9576807 9.883265 1.8387469
0.9959879 9.883265 1.685518
1.0726023 9.959879 1.8004397
1.1875241 9.959879 1.9153614
1.2641385 9.959879 2.0685902
1.37906 9.998186 2.0685902
1.4556745 9.921572 2.1452048
1.532289 9.883265 2.1068974
1.6472107 9.80665 1.9536686
1.6855179 9.691729 1.8004396
1.6855179 9.576807 1.6089035
1.6855179 9.500193 1.4173675
1.5322891 9.385271 1.3024458
1.2641385 9.308657 1.6472107
1.187524 9.232042 1.9919759
1.1492168 9.385271 2.3750482
1.1492168 9.461885 2.2601266
1.0342952 9.615114 1.7238251
0.9959879 9.5385 1.2641385
0.9959879 9.653421 1.3790601
1.0726023 9.768343 1.685518
1.1109097 10.036493 2.6048915
1.0726024 10.0748005 3.0645783
0.9576807 9.80665 3.1028855
0.842759 9.500193 2.8347347
0.80445176 8.963891 1.6089036
0.91937345 9.193735 1.1492169
1.0726023 9.5385 1.1492169
1.1875241 9.80665 1.3790601
1.1875241 9.921572 1.685518
1.1492168 9.768343 2.0685904
1.0342951 9.576807 2.2984338
0.8810662 9.385271 2.48997
0.68953013 9.155428 2.48997
0.45968676 8.772355 2.2601264
0.7278373 8.887277 1.9919758
1.0342951 8.925584 1.9919758
1.6089036 9.002198 2.030283
1.6472108 9.040505 1.9919758
1.3790601 9.2703495 1.8770542
0.9576807 9.308657 1.9536686
0.53630114 9.346964 2.1068976
0.2681506 9.308657 2.336741
0.30645782 9.155427 2.528277
0.4596867 9.11712 2.4516625
0.61291564 9.040505 2.2601266
0.72783726 9.002198 1.8004397
0.72783726 8.963891 1.3790603
0.6895301 9.040505 1.1109097
0.53630114 8.963891 1.4939818
0.19153613 8.887277 2.2601264
-0.30645782 8.963891 3.064578
-0.6895301 9.11712 3.715801
-0.7278373 9.423577 3.4476504
-0.45968673 9.883265 2.7964277
0.0 10.266337 2.1068976
0.30645782 10.534488 1.3407531
0.22984336 10.764331 1.1875241
-0.34476504 10.764331 1.4939818
-1.3024457 10.764331 2.030283
-2.528277 10.764331 3.1795
-3.7541082 10.802638 4.367024
-4.673482 10.994174 5.209783
-5.209783 11.109096 5.707777
-5.3247046 11.147403 5.5928555
-5.2480903 11.032481 4.9799395
-5.133168 10.840945 4.3287168
-4.9799395 10.840945 4.0222588
-4.9416323 10.879252 3.9839516

