-4.865018 10.955867 4.060566
-4.7884035 10.955867 4.2137947
2.3750482 9.040506 4.0222588
2.9113493 9.232042 3.715801
2.9879637 9.2703495 3.1794999
3.064578 9.576807 3.1028855
2.9496565 9.730036 2.9496565
3.1028852 9.883265 2.9113493
3.1411924 9.921572 2.719813
3.0262709 9.768343 2.528277
2.7964275 9.423578 2.030283
2.6048913 9.2703495 1.9919758
2.413355 9.232042 2.030283
2.2218192 9.2703495 2.2218192
2.030283 9.2703495 2.4899697
1.8770542 9.2703495 2.681506
1.685518 9.078813 2.681506
1.8004398 9.193734 2.5282772
1.9536686 9.576807 2.0685904
2.030283 9.730036 1.8387469
1.9536686 9.768343 1.8004397
1.9919758 9.768343 1.9536686
1.9536686 9.691729 2.336741
1.685518 9.461885 2.566584
1.2641385 9.040505 2.9113493
1.1109097 8.848969 2.873042
1.2258313 8.848969 2.873042
1.4173675 8.925584 2.834735
1.5705963 9.117121 2.834735
1.7621325 9.423578 2.873042
1.8770542 9.653421 2.834735
1.8770542 9.768343 2.834735
1.8004397 9.730036 2.6431987
1.685518 9.576807 2.4899697
1.4556746 9.461885 2.4516625
1.3024457 9.232042 2.3750482
1.2641385 9.078813 2.4516625
1.1492168 8.963891 2.528277
1.1109096 8.887277 2.528277
1.0342951 9.002198 2.528277
0.9959879 9.193735 2.6431985
1.0726023 9.423578 2.6048913
1.3024457 9.576807 2.6048913
1.4173675 9.653421 2.6431987
1.4173675 9.615114 2.5665843
1.2641385 9.576807 2.4516628
0.95768064 9.5385 2.2601266
0.7661445 9.423578 1.9919758
0.6512228 9.500193 1.8387469
0.7278373 9.500193 1.8004396
0.95768064 9.5385 1.9153613
1.1492169 9.691729 2.183512
1.3024458 9.730036 2.4133554
1.3024458 9.691729 2.6048915
1.1492168 9.576807 2.7581203
0.9193734 9.346964 2.7964275
0.7278373 9.155427 2.8347347
0.6512228 9.040505 2.873042
0.7278373 9.078813 2.9496565
0.8810662 9.232042 3.0262709
0.9576807 9.385271 2.9879637
0.9193735 9.385271 3.0262709
0.8044518 9.308657 2.9113493
0.6895301 9.2703495 2.834735
0.6512228 9.040505 2.7198133
0.80445176 9.155428 2.6815062
0.95768064 9.2703495 2.7198133
1.1109096 9.308657 2.7198133
1.1492168 9.5385 2.681506
1.0726024 9.576807 2.528277
1.0726024 9.80665 2.2984335
1.1875241 9.883265 2.3750482
1.3790603 9.959879 2.4899697
1.5322891 9.959879 2.6431987
1.5322891 9.844957 2.681506
1.4173675 9.615114 2.719813
1.1492169 9.308657 2.681506
0.8810662 8.963891 2.528277
0.6895301 8.772355 2.528277
0.6512228 8.772355 2.6048913
0.7661446 8.925584 2.7964275
1.0726024 9.461885 3.4476504
1.1109096 9.730036 3.4476504
0.9959879 9.768343 3.2561145
0.9193735 9.653421 2.873042
0.8044518 9.500193 2.528277
0.6512228 9.040505 2.1068974
0.61291564 9.040505 1.9153614
0.61291564 9.040505 1.8770541
0.6512228 9.11712 1.9919758
0.7661445 9.308657 2.2601264
0.8044518 9.385271 2.6431985
0.88106626 9.423578 2.8730419
0.99598795 9.423578 2.9496565
1.0342952 9.308657 2.7581203
1.1109097 9.270349 2.681506
1.1875241 9.308656 2.5665843
1.3024457 9.385271 2.2984338
1.3024457 9.385271 2.2218192
1.1875241 9.232042 2.3367407
1.0726023 9.040505 2.375048
0.7661445 8.772355 2.413355
0.7661445 8.695741 2.375048
0.842759 8.619126 2.4899697
1.0342951 8.6574335 2.566584
1.532289 9.040505 2.566584
1.8387468 9.500192 2.566584
2.030283 9.768343 2.6431985
2.221819 10.0748005 2.681506
2.221819 10.189722 2.7964277
1.9919758 10.113108 2.7581205
1.685518 9.998186 2.7198133
1.3024457 9.730036 2.7581205
0.99598783 9.385271 2.681506
0.80445176 9.078813 2.7581205
0.72783726 9.078813 2.9113493
0.7661445 9.308657 3.217807
0.842759 9.653421 3.6008794
0.9576807 9.959879 4.1371803
0.9576807 9.998186 4.5585604
0.842759 9.883265 4.673482
0.61291564 9.691729 4.8267107
0.2681506 9.461885 4.7500963
-0.038307227 9.308657 4.6351743
-0.30645782 9.078813 4.4436383
-0.57460845 8.925584 4.0222588
-0.7278373 8.925584 3.4859576
-0.842759 9.040505 2.9879637
-0.842759 9.423578 2.7581203
-0.68953013 9.691729 2.6048915
-0.6512228 9.844957 2.7964275
-0.6512228 10.151415 3.1794999
-0.7278373 10.151415 3.3327289
-0.91937345 10.0748005 3.4093432
-1.2258313 9.730036 3.2178073
-1.4173675 9.461885 3.1411927
-1.685518 9.308657 3.1794999
-1.8387468 9.193734 3.2944214
-1.8770542 9.11712 3.2561142
-1.8387469 9.346964 3.2561142
-1.7238252 9.691729 3.3710358
-1.5705963 10.189722 3.217807
-1.4939818 10.649408 3.217807
-1.4939818 10.840945 3.217807
-1.5705963 10.91756 3.1411924
-1.7238252 10.764331 3.1794999
-1.8770541 10.534488 3.1794999
-2.030283 10.304644 3.1794999
-2.183512 9.883265 3.217807
-2.2984338 9.80665 3.1794999
-2.2984338 9.768343 3.0645783
-2.4133554 9.959879 2.873042
-2.4516625 10.036493 2.7964277
-2.6048913 10.036493 2.7581205
-2.9113493 9.921572 2.9113493
-3.1795 9.576807 3.064578
-3.5242648 9.346964 3.1411927
-3.9456444 9.193734 3.217807

