-4.0222588 9.193734 3.0645783
2.183512 9.232042 4.367024
2.1068976 9.308657 3.9456444
1.7621324 9.155428 3.7924156
1.340753 9.040505 3.2561145
1.3024457 9.155427 2.873042
1.4556745 9.155427 2.834735
1.6855179 9.270349 2.7964277
1.9919758 9.500193 3.026271
2.2601264 9.768343 3.1795
2.4133554 9.883265 3.3327289
2.4899697 10.036493 3.2944217
2.4516625 10.0748005 3.141193
2.3367407 9.998186 2.987964
2.2601264 10.036493 2.9113493
2.2601264 9.921572 3.0645783
2.2984338 9.80665 3.2561142
2.3750482 9.768343 3.4093432
2.4516625 9.615114 3.4476504
2.4516625 9.500193 3.3327289
2.3750482 9.346964 3.1028852
2.2984335 9.2703495 2.9113493
2.2601264 9.232042 2.7581205
2.2601264 9.385271 2.6431987
2.48997 9.691729 2.4133554
2.5282772 9.80665 2.3367407
2.48997 9.730036 2.375048
2.336741 9.576807 2.7198129
1.9153614 9.078813 3.2944217
1.5705963 8.963891 3.4859576
0.8810662 8.542512 3.409343
0.7278373 8.389282 3.2944214
0.7278373 8.312668 3.1794999
0.9576807 8.427589 2.9879637
1.4939818 9.193735 2.719813
1.685518 9.423578 2.336741
1.7621324 9.576807 1.9919758
1.6855179 9.5385 1.6089035
1.6089035 9.5385 1.5322891
1.532289 9.5385 1.7238253
1.4939818 9.615114 2.0685904
1.3790603 9.461885 2.4133554
1.0342952 9.2703495 2.9113493
0.842759 9.155427 2.9496565
0.8044517 9.2703495 2.873042
0.842759 9.500193 2.719813
1.1875241 9.844957 2.2601264
1.2258313 9.921572 2.0685904
1.2258313 9.921572 1.9536686
1.1109097 9.883265 2.1068976
0.9576807 9.730036 2.681506
0.80445176 9.5385 2.9879637
0.7278373 9.308657 2.9879637
0.6512228 9.2703495 2.873042
0.68953 9.385271 2.336741
0.7661445 9.576807 2.1835117
0.8810662 9.653421 1.9536685
1.0726024 9.653421 1.8387469
1.3024457 9.80665 2.030283
1.4939818 9.844957 2.2601264
1.5705963 9.80665 2.6048913
1.493982 9.80665 2.7964275
1.340753 9.691729 2.719813
1.1875241 9.615114 2.4133554
1.0342951 9.5385 2.183512
0.95768064 9.423578 1.9919758
0.99598795 9.385271 1.8004397
1.1109096 9.423578 1.9536686
1.532289 9.576807 2.4133554
1.685518 9.615114 2.9496567
1.685518 9.576807 3.3327289
1.532289 9.423578 3.4476504
0.9576807 9.040505 3.3710358
0.68953013 8.848969 3.064578
0.57460845 8.695741 2.9496565
0.61291564 8.619126 2.873042
0.7661445 8.734048 2.873042
0.9576807 8.887277 2.834735
1.2258313 9.155428 2.681506
1.532289 9.500193 2.566584
1.4556746 9.461885 2.528277
1.2258313 9.346963 2.719813
1.0342951 9.11712 2.681506
0.9959879 9.040505 2.987964
1.1492168 9.078813 3.1028857
1.3024457 9.308656 3.141193
1.4556746 9.4618845 2.9879637
1.6089035 9.653421 2.6431985
1.7238252 9.768343 2.030283
1.8004397 9.768343 1.4173675
1.8770542 9.844957 1.0342951
1.9536686 9.80665 0.842759
1.9919758 9.844957 1.0726024
1.9919758 9.80665 1.6472108
1.8770541 9.576807 2.2601264
1.8770541 9.500193 2.2601264
1.9153614 9.5385 2.030283
1.9536686 9.576807 1.8004397
1.9153614 9.691729 1.4173673
1.8770542 9.576807 1.2258313
1.838747 9.500193 1.1492168
1.6472108 9.2703495 1.3790601
1.4939818 9.040505 1.685518
1.3024457 8.925584 2.1068974
1.0726024 8.848969 2.413355
1.0342951 9.193735 2.4516625
1.0342951 9.461885 2.4133554
1.1109096 9.691729 2.2601266
1.1109096 9.844957 2.0685902
1.0726024 9.768343 1.8770542
1.1109096 9.730036 1.7238252
1.1109096 9.653421 1.8387468
1.2258313 9.844957 2.221819
1.1492169 9.844957 2.4133554
1.0726023 9.768343 2.528277
0.91937345 9.5385 2.566584
0.7661445 9.155427 2.6048915
0.7278373 8.810662 2.4133554
0.8810662 8.42759 2.0685904
1.1875241 8.580819 1.9536686
1.5705963 8.848969 1.8387468
1.9919759 9.423577 1.3790603
2.4899697 10.419566 -0.03830722
2.4133554 10.764331 -0.45968673
2.1452045 10.534488 -0.1532289
1.6089035 10.189722 0.61291564
0.95768064 9.730036 1.4939818
0.38307226 9.117121 2.2984335
-0.07661445 8.734048 2.681506
-0.22984335 8.504204 2.7581205
-0.114921674 8.542511 2.7964277
0.19153613 8.734047 2.834735
0.61291564 9.040505 2.9113493
0.842759 9.500193 2.719813
0.99598795 9.768343 2.3750482
0.9576807 9.921572 1.9919758
0.5746084 9.730036 1.7621325
0.22984335 9.461885 2.0685904
-0.22984338 9.232042 2.5282772
-0.6512229 9.002198 3.1411927
-0.9959879 8.772355 3.6008794
-1.340753 8.734048 3.715801
-1.7621325 8.925584 2.911349
-1.8004397 9.11712 2.566584
-1.7621324 9.346964 2.6048913
-1.685518 9.5385 3.0262709
-1.6472108 9.730036 3.4859576
-1.8770542 9.998186 3.9073372
-1.9919758 10.113108 3.6774938
-1.7621324 10.611101 2.7964277
-1.4939818 10.994174 2.2218192
-1.2641386 11.377247 1.9153615
-1.1109096 11.683704 2.030283
-1.0726024 11.798626 2.719813
-1.1875241 11.798626 3.4476504
-1.3790601 11.492168 3.9839516
-1.7621324 11.070788 4.1754875
-2.336741 10.457872 4.060566
-2.873042 9.844957 3.9456444
-3.2944217 9.5385 3.6391866
-3.4093432 9.653421 2.9113493
-3.4476504 9.998186 2.4516625
-3.6391866 10.228029 2.2218192
-3.8690298 10.304644 2.0685902

