-3.9456444 10.151415 2.183512
-3.8307228 9.80665 2.6048915
2.1452048 9.423578 3.2178073
2.566584 9.5385 3.1795
2.681506 9.423578 2.9496565
2.5665843 9.423578 2.834735
2.681506 9.346964 2.528277
2.681506 9.308657 2.6431985
2.6048913 9.232041 2.7964275
2.4899697 9.193734 2.7581203
2.375048 9.155427 2.7964275
2.2601264 9.155427 2.7581203
2.183512 9.346964 2.9113493
2.2218192 9.500193 2.9496565
2.183512 9.576807 2.9496565
2.1452048 9.576807 2.7581205
2.1068976 9.5385 2.528277
2.1452048 9.500193 2.4516625
2.2218192 9.423578 2.4899697
2.2218192 9.346964 2.528277
2.1835117 9.232042 2.5665843
2.0685902 9.193734 2.681506
1.9919758 9.2703495 2.719813
1.9919758 9.385271 2.7581203
2.1068976 9.615114 2.681506
2.4516628 9.80665 2.2984335
2.5282772 9.768343 2.1068974
2.4516628 9.615114 2.030283
2.2601266 9.423578 1.9919758
1.9919759 9.232041 2.0685902
1.7621324 9.002198 2.2601264
1.6472107 8.810662 2.528277
1.5705963 8.695741 2.987964
1.5705963 8.887277 2.681506
1.6472107 9.155427 2.336741
1.9919758 9.576807 2.0685902
2.0685902 9.653421 2.030283
2.030283 9.576807 2.0685902
1.8004396 9.500193 2.221819
1.532289 9.346964 2.2984338
1.3407528 9.308657 2.4899697
1.2258313 9.308657 2.6431985
1.2258313 9.308657 2.719813
1.2258313 9.308657 2.719813
1.2641385 9.232042 2.6048915
1.2641385 9.2703495 2.4899697
1.2641385 9.232041 2.375048
1.2258313 9.193734 2.1068974
1.0726023 9.308657 2.030283
1.0342951 9.346964 1.9536686
1.0342951 9.385271 1.9536686
1.1109095 9.461885 2.1452045
1.2641385 9.461885 2.2218192
1.3407528 9.5385 2.1452045
1.3790601 9.653421 2.0685902
1.3024458 9.730036 2.030283
1.1875241 9.691729 1.9919758
0.9959879 9.423578 2.183512
0.84275895 9.193734 2.2984338
0.7661446 9.11712 2.4133554
0.80445176 9.11712 2.4899697
0.95768064 9.193734 2.4899697
1.0342951 9.270349 2.4516625
1.1875241 9.308656 2.336741
1.2641385 9.4618845 2.2984335
1.3407528 9.653421 2.2218192
1.4556745 9.844957 2.2601266
1.4173673 9.844957 2.2601266
1.340753 9.730036 2.1068974
1.1109096 9.576807 1.8770541
0.8810662 9.385271 1.6089035
0.7278373 9.232042 1.5322891
0.61291564 9.040505 1.6089035
0.6512228 8.925584 1.685518
0.6895301 8.810662 1.7621324
0.7661445 8.734048 1.685518
0.84275895 8.848969 1.6089036
0.91937345 8.925584 1.4939818
0.9959879 9.040505 1.340753
1.1109096 9.38527 1.3024457
1.187524 9.65342 1.340753
1.2641385 9.959879 1.4556746
1.340753 10.266337 1.7238252
1.3024458 10.304645 1.9536686
1.2258313 10.151416 2.183512
0.9959879 9.844957 2.4516625
0.7278373 9.4618845 2.6048915
0.49799395 9.193734 2.5665843
0.38307226 9.155427 2.48997
0.4596867 9.2703495 2.4133554
0.61291564 9.423578 2.4516625
0.8044518 9.615114 2.681506
0.91937345 9.691729 2.7964275
0.9576807 9.844957 2.9113493
0.9959879 10.036493 2.834735
0.9959879 10.0748005 2.681506
0.9959879 10.036493 2.6048915
0.8810662 9.768343 2.6048915
0.49799395 9.38527 2.6431987
-0.038307235 8.925584 2.681506
-0.49799395 8.504204 2.681506
-0.7278373 8.197746 2.4899697
-0.61291564 8.236053 2.2218192
-0.15322891 8.6574335 1.9153614
0.34476504 9.38527 1.532289
0.842759 10.0748005 1.4556746
1.2258313 10.534488 1.4556746
1.2641385 10.764331 1.5322893
0.9959879 10.572795 1.7621324
-0.11492168 10.036493 1.9153614
-0.6512229 9.653421 2.1452048
-0.9576807 9.423578 2.336741
-1.1109096 9.078814 2.2601264
-0.9959879 9.078814 2.1068974
-0.7278373 9.308657 1.685518
-0.3830723 9.461885 1.3024458
-0.038307227 9.883265 1.340753
0.11492168 10.0748005 1.6089035
0.11492168 10.0748005 2.030283
-0.07661445 10.0748005 2.2218194
-0.4213795 9.921572 2.1835122
-0.7661445 9.844957 2.0302832
-1.1492169 9.653421 1.9153614
-1.4556746 9.500193 1.9536686
-1.7238252 9.308657 2.2218192
-2.2218194 8.810662 2.681506
-2.4133554 8.695741 2.7964277
-2.528277 8.6574335 2.6431987
-2.528277 8.695741 2.4133554
-2.4516625 8.963891 2.2218192
-2.2218194 9.308656 2.0685902
-1.9919759 9.80665 1.9919758
-1.7621324 10.91756 1.9153614
-1.9153614 11.300632 1.9536686
-2.183512 11.453861 2.2218192
-2.6048913 11.453861 2.681506
-3.1028852 11.300632 3.0645783
-3.4476504 11.070788 3.4093432
-3.8307228 10.840945 3.6008794
-4.060566 10.611102 3.715801

