-3.9839516 10.457873 4.098873
1.6472108 8.772355 4.098873
2.2601264 9.346963 3.3327286
2.4133554 9.270349 3.2944214
2.7581203 9.653421 3.3327289
2.9496565 9.921572 3.4093432
2.7581203 9.959879 3.371036
2.566584 10.0748005 3.2561145
2.413355 10.151415 3.1028855
2.413355 10.151415 2.9879637
2.528277 10.151415 2.873042
2.6431987 10.113108 2.7581203
2.7581205 10.0748005 2.566584
2.7964277 9.998186 2.336741
2.7581203 9.959879 2.1068974
2.681506 9.921572 2.030283
2.6048913 9.844957 2.183512
2.528277 9.80665 2.3750482
2.3750482 9.80665 2.5282772
2.183512 9.653421 2.4899697
2.030283 9.500193 2.336741
1.9536686 9.2703495 2.336741
1.8770541 9.040506 2.336741
1.8770542 8.887277 2.1068976
1.9919758 8.963891 2.030283
2.1452048 9.193734 2.030283
2.336741 9.5385 1.9919758
2.3750482 9.998186 1.7621324
2.2601264 10.036493 1.4939818
2.1068974 9.844957 1.2641385
1.9536686 9.615114 1.2641385
1.7621325 9.117121 1.8004397
1.7238252 9.078814 2.183512
1.685518 9.155428 2.336741
1.6472108 9.346964 2.4133554
1.532289 9.653421 2.0685902
1.532289 9.653421 1.9153614
1.4939818 9.576807 1.7621324
1.4173673 9.423578 1.8004398
1.2641385 9.346964 2.0685902
1.2641385 9.423578 2.3367407
1.3407528 9.5385 2.4516625
1.4939818 9.653421 2.5665843
1.6472108 9.730036 2.2601264
1.5705963 9.653421 1.9536686
1.340753 9.5385 1.6472107
1.1492168 9.500193 1.340753
1.0342951 9.500193 1.3024458
1.1109096 9.576807 1.532289
1.1875241 9.5385 1.877054
1.1109096 9.346964 2.183512
0.5746084 8.925584 2.336741
0.26815057 8.657433 2.183512
0.11492168 8.580818 2.1452048
0.22984335 8.580818 2.030283
0.49799395 8.69574 2.0685902
0.8810662 9.002198 2.2601264
1.2258313 9.270349 2.2984335
1.4556746 9.576807 2.1068976
1.4556746 9.576807 1.7621324
1.4939818 9.500193 1.4173675
1.4939818 9.461885 1.1492169
1.5705963 9.385271 0.9959879
1.532289 9.346964 1.0342951
1.4173673 9.423578 1.1492168
1.3790601 9.423578 1.3790601
1.3790601 9.461885 1.6089035
1.4173673 9.500193 1.7621324
1.4556746 9.423578 1.9536686
1.4556746 9.385271 2.0685902
1.4173675 9.461885 2.030283
1.340753 9.5385 2.030283
1.340753 9.576807 2.030283
1.3024457 9.576807 2.030283
1.2641385 9.423578 2.1068974
1.2641385 9.308657 2.2601264
1.2641385 9.2703495 2.3750482
1.3024457 9.193734 2.566584
1.2641385 9.232042 2.719813
1.1492168 9.193735 2.5665843
0.9576807 9.193735 2.2218192
0.7661445 9.2703495 1.8004396
0.6512228 9.193734 1.3024457
0.68953 9.193734 0.95768064
0.7661445 9.2703495 0.7661446
0.9193734 9.385271 0.57460845
1.0726023 9.5385 0.8044518
1.1492169 9.768343 1.1492169
1.1492169 9.80665 1.532289
0.99598795 9.653421 1.9536686
0.7278374 9.538499 2.030283
0.45968673 9.232041 1.9919758
0.30645782 9.11712 2.0685902
0.2681506 9.155427 2.1452045
0.45968673 9.155427 2.183512
0.7278373 9.385271 2.2218192
1.0342951 9.5385 2.0685902
1.340753 9.691729 1.8770542
1.5705963 9.959879 1.685518
1.7238252 10.151415 1.685518
1.6472108 10.342951 1.8770541
1.4556746 10.381258 2.0685902
1.1875241 10.266336 2.336741
0.842759 9.921572 2.4899697
0.6895301 9.653421 2.4899697
0.57460845 9.423578 2.528277
0.57460845 9.308657 2.3750482
0.7278373 9.2703495 2.1068976
0.99598795 9.2703495 1.9153614
1.4173675 9.385271 1.8004397
1.8004396 9.500193 1.9153614
2.183512 9.730036 2.2218192
2.4516625 9.921572 2.4899697
2.6048913 10.113108 2.6431985
2.566584 10.228029 2.6431985
2.4516625 10.228029 2.566584
2.183512 9.998186 2.4516625
1.9153614 9.730036 2.3367407
1.6089036 9.461885 2.1452045
1.4173675 9.385271 1.9153613
1.3790603 9.461885 1.6855179
1.3790603 9.500193 1.6089035
1.6472108 9.5385 1.8004396
1.7621324 9.461885 2.1452048
1.7238252 9.346964 2.3367407
1.532289 9.2703495 2.2984335
1.2258313 9.155427 2.183512
1.0342951 8.887276 1.8387469
0.91937345 8.657433 1.6472108
0.95768064 8.427589 1.5705963
1.0726023 8.542511 1.5705963
1.1109097 9.193735 1.4939818
1.1875241 10.113108 1.4939818
1.3024457 10.840946 1.4939818
1.3024457 11.070789 1.4556746
1.1109096 10.76433 1.6472108
0.7661445 10.0748005 1.7238252
0.076614454 9.385271 1.838747
-0.5746084 8.887277 2.0685904
-1.0726024 8.6574335 2.2984338
-1.4173673 8.542512 2.6431987
-1.5705962 8.963892 2.7581205
-1.7238252 9.040506 2.7581205
-1.9153614 9.040506 2.9113493
-2.2218192 9.193735 3.2178073
-2.566584 9.232042 3.4093432
-2.719813 9.500193 3.2944214
-2.8347347 9.883265 2.7964275
-2.8730419 10.151415 2.183512
-2.8730419 10.342952 1.9153614
-2.9496565 10.381259 1.9153614
-3.064578 10.419566 2.4516625
-3.217807 10.572795 3.217807
-3.3327289 10.764331 3.86903
-3.4476504 11.070789 4.481946
-3.5242648 11.262325 4.7500963
-3.6008792 11.147404 4.8267107
-3.7541082 10.879253 4.8267107
-4.060566 10.49618 4.865018
-4.367024 10.151415 4.9416323
-4.4819455 9.959879 5.094861
-4.3287168 10.151415 5.209783
-3.86903 10.572795 5.2863975
-3.3327289 11.032481 4.9416327
-2.9113493 11.415554 4.443639

