-2.7198133 11.453861 3.7924159
1.1109096 9.078812 3.6391866
1.532289 8.96389 2.9879637
1.6089034 9.155428 2.9113493
2.030283 9.615114 2.873042
2.183512 9.768343 2.6048913
2.183512 9.730036 2.681506
2.2218192 9.691729 2.7198133
2.2218192 9.653421 2.7964277
2.1068976 9.615114 2.9496565
2.0685904 9.576807 2.9496565
2.0685904 9.500193 2.9879637
2.183512 9.423578 3.1028855
2.336741 9.461885 3.2178073
2.3750482 9.5385 3.2944217
2.3750482 9.5385 3.2944217
2.2218192 9.576807 3.2178068
2.1068974 9.461885 3.0262709
2.0685902 9.2703495 2.6048913
2.1452048 9.2703495 2.4899697
2.2218192 9.308657 2.375048
2.2218192 9.385271 2.2601264
2.183512 9.576807 2.1068974
2.183512 9.653421 2.1068974
2.2218192 9.691729 2.2601264
2.2601264 9.576807 2.2984335
2.1068974 9.270349 2.4133554
1.9153614 9.002198 2.4133554
1.6472108 8.925584 2.2984338
1.4556746 8.925584 2.183512
1.4556745 9.308657 2.1068974
1.6855179 9.576807 2.2218192
1.9919758 9.768343 2.4133554
2.1452048 9.883265 2.4516625
2.030283 9.80665 2.336741
1.7238252 9.615114 2.2218194
1.1109096 9.308656 2.1452048
0.8810662 9.193734 2.1452048
0.80445176 9.232041 2.2218192
1.0342951 9.308657 2.528277
1.4939818 9.615114 2.9879634
1.6472108 9.730036 3.064578
1.5705963 9.730036 2.9496565
1.4939818 9.653421 2.7581203
1.3790601 9.461885 2.5282772
1.3407528 9.346964 2.48997
1.2258313 9.232042 2.5665843
1.0726023 9.193734 2.5282772
0.91937345 9.193734 2.3750482
0.842759 9.346964 2.2601264
0.91937345 9.423578 2.2218192
1.0342951 9.5385 2.2984335
1.2258313 9.615114 2.4516625
1.340753 9.615114 2.528277
1.3024458 9.653421 2.528277
1.1109096 9.5385 2.566584
0.7661445 9.461885 2.4899697
0.45968673 9.346964 2.4133554
0.26815057 9.193734 2.2218192
0.344765 9.232042 2.1068974
0.5746084 9.232042 2.1068974
0.8810662 9.346964 2.1452045
1.1875241 9.461885 2.2984335
1.3790601 9.576807 2.4899697
1.3790601 9.730036 2.6431985
1.2258313 9.768343 2.719813
0.99598783 9.844957 2.681506
0.7661446 9.730036 2.4899697
0.61291564 9.5385 2.2601264
0.6512229 9.346963 2.183512
0.7278373 9.155427 2.183512
0.80445176 9.078813 2.2984335
0.9576807 9.078813 2.6815057
0.9959879 9.155428 2.8730419
0.9959879 9.385271 3.1028855
0.9193734 9.615114 3.0645783
0.7661445 9.768343 2.6048915
0.5746084 9.844957 2.1068976
0.38307226 9.691729 1.4556746
0.26815057 9.500193 0.9959879
0.30645782 9.461885 0.8810662
0.45968673 9.5385 1.0726024
0.6895301 9.768343 1.6472108
0.9576807 9.959879 2.2984335
0.99598795 9.921572 2.7581203
0.842759 9.80665 2.9113493
0.6512228 9.576807 2.75812
0.344765 9.461885 2.566584
0.19153613 9.461885 2.3750482
0.11492168 9.423578 2.3367407
0.038307227 9.461885 2.6431985
0.076614454 9.423578 3.0262709
0.11492168 9.308657 3.3710358
0.19153613 9.270349 3.6008792
0.22984336 9.270349 3.4476504
0.22984336 9.346963 3.1028855
0.19153613 9.500193 2.873042
0.22984336 9.5385 2.873042
0.2681506 9.500193 2.9496565
0.2681506 9.423578 3.064578
0.30645782 9.2703495 3.0262709
0.19153613 9.232041 2.7964275
0.038307227 9.155427 2.4133554
-0.038307227 9.078813 2.1068974
-0.11492168 9.078813 2.183512
-0.11492168 8.925584 2.4516625
-0.038307227 8.925584 2.9879637
0.038307227 9.002198 3.4476504
0.076614454 9.193735 3.6008797
0.22984336 9.500193 3.4476507
0.34476504 9.653421 3.0645783
0.45968673 9.768343 2.528277
0.6512228 9.768343 2.1452048
0.7661445 9.768343 2.1452048
0.9576807 9.730036 2.3367407
1.1109096 9.730036 2.7581203
1.1875241 9.653421 3.064578
1.1875241 9.576807 2.911349
1.1109096 9.653421 2.4899697
0.9959879 9.653421 1.877054
0.8810662 9.768343 1.5705962
0.7661445 9.691729 1.685518
0.7661445 9.500193 2.183512
0.8810662 9.385271 2.719813
1.0342951 9.155427 2.873042
1.2641385 8.963891 2.681506
1.3790601 8.734048 1.9919758
1.4556746 8.465897 1.2641386
1.4939818 8.504204 0.49799395
1.5705963 8.810661 0.11492168
1.6472108 9.193735 0.30645782
1.6089035 9.5385 0.95768064
1.3790601 9.5385 1.9153614
0.95768064 9.308656 2.9496565
0.49799395 9.002198 3.6008792
7.4505806E-9 8.619125 3.754108
-0.3830723 8.465897 3.4859576
-0.49799395 8.465897 2.7964275
-0.38307226 8.695741 2.1068976
-0.076614454 9.270349 1.5705965
0.45968676 9.768343 1.4556746
0.7278373 10.22803 1.685518
0.6895301 10.534488 2.183512
0.38307226 10.6877165 2.9113493
-0.22984338 10.802638 3.6391866
-0.91937345 10.726023 4.1754875
-1.5705962 10.457872 4.6351748
-2.2218192 9.883265 4.673482
-2.7964277 9.2703495 4.3287163
-3.2178073 8.772355 3.8307226
-3.4476504 8.389282 3.217807
-3.4476504 8.236053 2.9113495
-3.3327289 8.236053 2.7964277
-3.0645783 8.504204 2.834735
-2.681506 9.117121 2.9113493
-2.2218192 9.921572 2.873042
-1.7621324 10.726025 2.7964277
-1.532289 11.33894 2.9496565
-1.7238252 11.60709 2.9496565
-2.4899697 11.415554 2.9879637
-3.4093432 10.994174 3.2561145
-4.1371803 10.49618 3.5242648
-4.4819455 9.921572 4.213795

