-4.2904096 9.461885 5.1714754
1.7621324 9.653421 3.371036
2.183512 9.730036 3.4476504
2.2218192 9.615114 3.1028852
2.2218192 9.844957 2.4899697
2.2218192 9.80665 2.1068974
2.2984335 9.80665 2.183512
2.3367407 9.844957 2.2601264
2.3750482 9.844957 2.336741
2.3750482 9.768343 2.4899697
2.260126 9.691729 2.4899697
2.1835117 9.653421 2.528277
2.1452045 9.615114 2.5665843
2.183512 9.615114 2.681506
2.2218192 9.615114 2.834735
2.2601264 9.500193 2.9113493
2.1452048 9.346963 2.9113493
1.9536686 9.193734 2.834735
1.838747 9.040505 2.6048915
1.8004397 8.963891 2.4516625
1.8387469 8.963891 2.2984335
1.9919758 9.002198 2.1068974
2.2218192 9.040505 2.1068974
2.2984335 9.11712 2.1068974
2.3367407 9.193735 2.221819
2.2984335 9.193735 2.4133554
2.183512 9.308657 2.528277
2.1068976 9.385271 2.566584
1.9919758 9.423578 2.681506
1.8004396 9.500193 2.7581203
1.6089036 9.461885 2.7581203
1.4556746 9.461885 2.7581203
1.3790601 9.5385 2.566584
1.4556746 9.576807 2.336741
1.5322891 9.730036 2.1068976
1.7238253 9.883265 1.9919758
1.9536686 9.959879 1.9919758
1.9919758 10.036493 2.030283
1.9536686 9.998186 2.1452048
1.7238252 9.883265 2.183512
1.3790603 9.653421 2.030283
1.1492168 9.461885 1.8770541
0.9959879 9.308656 1.8004397
1.0342951 9.232041 1.8004397
1.1875241 9.385271 1.9919758
1.340753 9.576807 2.2601264
1.4173673 9.768343 2.375048
1.3790601 9.883265 2.375048
1.2258313 9.80665 2.375048
0.9959879 9.5385 2.3367407
0.7661446 9.193735 2.528277
0.49799395 8.84897 2.7964275
0.30645782 8.619126 3.0262709
0.22984335 8.6574335 3.1794996
0.26815057 8.772355 3.1794996
0.45968673 9.040505 3.1411924
0.7661445 9.385271 3.064578
1.0342951 9.653421 3.0262709
1.3024458 9.921572 3.0262709
1.4173675 10.113108 2.8730419
1.3790603 10.036493 2.75812
1.1875241 9.844957 2.566584
0.91937345 9.576807 2.4133554
0.6512229 9.155428 2.4899697
0.4213795 8.848969 2.6048915
0.4213795 8.695741 2.7964275
0.53630114 8.734048 3.0262709
0.80445176 8.963891 3.1028855
1.1492169 9.308657 3.1794999
1.3407528 9.615114 3.1794999
1.4173675 9.768343 3.0262709
1.3407528 9.844957 2.9496565
1.1492168 9.80665 2.719813
1.0726024 9.730036 2.4899697
1.0342952 9.691729 2.2984335
1.0342952 9.691729 2.1068974
1.1492169 9.768343 2.1452045
1.2258313 9.883265 2.336741
1.3024458 9.921572 2.7198129
1.3790601 9.921572 3.1028852
1.3024457 9.844957 3.2561142
1.1492168 9.653421 3.1794999
0.9959879 9.500193 2.7964275
0.8044517 9.2703495 2.4133554
0.72783726 9.11712 2.2984338
0.7661446 9.11712 2.4133554
0.88106626 9.193734 2.7581203
1.0342951 9.308657 3.1411927
1.1109096 9.423578 3.1794999
1.1109096 9.500193 3.1028855
1.0342951 9.461885 2.7581203
0.9193734 9.423578 2.3750482
0.7661445 9.270349 2.183512
0.61291564 9.11712 1.9919758
0.5363012 9.193734 2.030283
0.5363012 9.2703495 2.1068974
0.61291564 9.423578 2.1068974
0.72783726 9.500193 2.1452048
0.72783726 9.385271 2.375048
0.61291564 9.193734 2.681506
0.5746084 9.193734 2.719813
0.5363012 9.193734 2.528277
0.5363012 9.308657 2.2984335
0.6895301 9.5385 1.8770541
0.84275895 9.730036 1.8387469
0.95768064 9.80665 2.2218192
0.95768064 9.730036 2.6048913
0.91937345 9.691729 2.9496562
0.84275895 9.576807 2.9879634
0.6895301 9.461885 2.4899697
0.6895301 9.461885 1.9536685
0.7278373 9.423578 1.4556746
0.7661445 9.423578 1.2258313
0.84275895 9.461885 1.4173675
0.8044517 9.346964 1.838747
0.7278373 9.193735 2.2601264
0.68953 9.193735 2.528277
0.68953 9.155428 2.4899697
0.7661445 9.232042 2.2601264
0.80445176 9.2703495 1.9153614
0.7278373 9.155427 1.4939818
0.9576807 9.653421 1.532289
1.1109096 10.036493 1.8387468
1.0342951 10.113108 2.183512
0.7661445 10.113108 2.6431987
0.3830723 9.615114 2.7581205
0.076614454 9.040505 2.6048915
-0.076614454 8.619125 2.1452048
-0.076614454 8.427589 1.6472108
-0.038307227 8.542511 1.3024457
0.11492168 8.925584 1.1492168
0.22984336 9.423578 1.8004396
0.038307227 9.883265 3.3327289
-0.38307226 9.844957 4.060566
-0.9959879 9.691729 4.2137947
-1.532289 9.615114 4.060566
-1.8770542 9.576807 3.6008792
-2.0685902 9.500193 3.0262709
-2.0685902 9.461885 2.6048913
-2.0685902 9.232042 2.2984335
-2.0685902 9.232042 2.2601264
-1.9536686 9.2703495 2.1068976
-1.685518 9.576807 1.8004398
-1.3790601 9.998186 1.4173675
-0.9959879 10.572794 1.3024458
-0.68953013 11.109097 1.340753
-0.6512229 11.33894 1.7238252
-0.7661446 11.300632 2.2218194
-1.0726024 10.955867 2.6048913
-1.5705963 10.572794 2.834735
-2.1452048 10.304644 2.7581203
-2.7581203 10.0748005 2.4899697
-3.3710358 9.959879 2.0685902
-3.7541082 9.80665 1.9153614
-3.9456444 9.691729 1.9919759
-3.9456444 9.653421 2.2984338
-3.86903 9.80665 2.7198129
-3.8307228 10.0748005 3.1794996
-3.7924156 10.342952 3.6008792
-3.8307228 10.611102 3.7924154
-3.7541084 10.802638 3.7924154
-3.6391866 10.91756 3.4859576
-3.6008794 10.91756 2.9879637
-3.562572 10.802638 2.566584

