-3.677494 10.496181 2.2984335
-3.9456444 9.921572 2.1452048
-4.252102 9.232041 2.0685904
1.685518 9.653421 3.371036
1.532289 9.232041 3.4093432
1.9153613 9.193734 3.8307228
1.6472107 9.193734 3.715801
1.7621324 9.308657 3.6008792
1.9536686 9.461885 3.5242648
2.183512 9.730036 3.6008792
2.6431985 10.151415 3.6391864
2.7964275 10.342951 3.715801
2.873042 10.304644 3.715801
2.873042 10.266336 3.7541084
2.6815062 10.113108 3.7541084
2.566584 10.036493 3.7541084
2.4133554 9.921572 3.7541084
2.2218194 9.921572 3.7541084
1.9153614 9.844957 3.5242648
1.8387469 9.80665 3.2561145
1.8387469 9.768343 2.9879637
1.685518 9.691729 2.834735
1.4173675 9.576807 2.7581203
1.2641385 9.461885 2.7581203
1.3024457 9.385271 2.7581203
1.3024457 9.385271 2.9113493
1.3790601 9.500193 3.1411927
1.3024457 9.576807 3.2561142
1.1875241 9.423578 3.2944214
0.9193734 9.2703495 3.2561142
0.61291564 9.078813 3.2561142
0.61291564 9.11712 3.1411924
0.7661445 9.232041 3.1794996
0.9193734 9.385271 3.1794996
1.0342951 9.500193 3.0262709
1.0342951 9.576807 2.834735
0.9576807 9.500193 2.528277
0.7661446 9.11712 2.221819
0.6895301 8.848969 2.566584
0.72783726 8.925584 2.7581205
0.80445176 9.193734 3.1411924
0.8810662 9.2703495 3.2178073
0.9576807 9.308657 3.2561145
1.0342951 9.346964 3.0645783
1.0342951 9.346964 2.834735
1.0342951 9.308657 2.528277
1.0342951 9.232042 2.2601264
1.0342951 9.232042 2.1452048
1.1875241 9.2703495 2.2218192
1.3790603 9.423578 2.3367407
1.4939818 9.5385 2.4516625
1.5322891 9.615114 2.4133554
1.4173675 9.653421 2.3750482
1.2641385 9.576807 2.3750482
1.1875241 9.500193 2.4899697
1.1875241 9.461885 2.681506
1.2258313 9.423578 2.834735
1.3024457 9.385271 2.834735
1.3024457 9.423578 2.7198133
1.2258313 9.461885 2.6048915
1.1492168 9.576807 2.336741
1.0342951 9.691729 2.1068974
0.9959879 9.691729 1.9153613
1.0726024 9.768343 1.7621324
1.2641386 9.768343 1.9536686
1.5322891 9.768343 2.2601266
1.7621325 9.768343 2.6431987
1.838747 9.691729 2.9496565
1.7621324 9.5385 2.9879637
1.6089036 9.385271 2.7581203
1.4556746 9.385271 2.2601264
1.4173673 9.346964 1.8387469
1.532289 9.500193 1.4556746
1.7238252 9.730036 1.3790601
2.030283 9.883265 1.6472107
2.2984338 9.959879 2.1452045
2.4516628 9.883265 2.6431985
2.48997 9.768343 3.064578
2.4133554 9.653421 3.371036
2.2218192 9.5385 3.371036
1.9919758 9.385271 3.3327289
1.685518 9.117121 3.0262709
1.2641385 8.810663 2.566584
0.84275895 8.542512 2.0685902
0.45968673 8.350975 1.6089035
0.22984335 8.274361 1.493982
0.11492168 8.312668 1.685518
0.22984336 8.427589 2.1452048
0.38307226 8.657433 2.6431987
0.45968673 8.887277 3.0645783
0.5363012 9.11712 3.1028855
0.49799398 9.423578 2.834735
0.49799398 9.615114 2.6048915
0.45968673 9.653421 2.3750482
0.4213795 9.615114 2.2601264
0.38307226 9.500193 2.2218192
0.30645782 9.423578 2.1068976
0.344765 9.500193 1.8387469
0.4213795 9.5385 1.6472107
0.49799395 9.653421 1.6089035
0.68953013 9.883265 1.685518
0.9193734 10.189722 1.9536687
1.187524 10.649408 2.2218192
1.4173673 10.955867 2.3750482
1.5322891 11.070788 2.3750482
1.4556745 10.91756 2.2218192
1.1109095 10.49618 2.1068974
0.72783726 9.959879 2.030283
0.30645782 9.385271 2.1068976
-0.076614454 9.002198 2.2984335
-0.15322891 8.810662 2.4516625
-0.038307227 8.887278 2.4133554
0.22984336 9.193735 2.2218192
0.6512229 9.576807 1.9153614
0.9959879 10.036493 1.5705962
1.2641385 10.304645 1.4939818
1.340753 10.342952 1.5705965
1.1875241 10.113109 1.8770542
0.842759 9.653421 2.336741
0.34476504 9.155427 2.528277
-0.19153613 8.619126 2.566584
-0.61291564 8.0445175 2.3750482
-0.842759 7.546524 2.0685902
-0.8810662 7.125144 1.8387469
-0.61291564 7.0485296 1.6089035
-0.19153614 7.3932953 1.3024457
0.42137948 8.274362 0.91937345
1.0726023 9.576807 0.6512229
1.6089035 10.764331 0.49799395
2.030283 11.722012 0.5746084
2.0685902 12.143391 0.7661445
1.8004396 11.798626 1.1875241
1.2641385 11.070788 1.7238252
0.57460845 10.0748005 2.2218192
-0.19153614 8.848969 2.873042
-0.8810662 8.00621 3.3327289
-1.3024458 7.584831 3.6391866
-1.4173675 7.546524 3.715801
-1.1875241 7.8529816 3.3327286
-0.842759 8.350975 2.7198129
-0.5746084 9.346963 2.221819
-0.45968673 10.342951 1.7621325
-0.49799395 11.070788 1.4939818
-0.61291564 11.453861 1.532289
-0.842759 11.185711 1.5705962
-1.1492168 10.726024 1.7238252
-1.4939818 10.304644 1.9536686
-1.8387468 10.0748005 2.183512
-2.1068974 9.80665 2.2984338
-2.4133554 9.730036 2.4133554
-2.8347347 9.883265 2.719813
-2.9879637 10.113108 2.834735
-3.0262709 10.266336 2.834735
-2.9879637 10.419565 2.7964277
-2.9496565 10.611102 2.4516625

