-2.9113493 10.649409 2.2984335
-3.0262709 10.611102 2.3367407
-3.3327286 10.419566 2.6431985
1.685518 9.308657 3.9839516
2.0685902 9.117121 3.7924156
2.0685902 9.2703495 3.3327289
2.375048 9.5385 2.9113493
2.4516625 9.576807 2.5665843
2.6431987 9.615114 2.4899697
2.7964275 9.576807 2.528277
2.873042 9.500193 2.4899697
2.834735 9.461885 2.4133554
2.6431987 9.385271 2.2218192
2.4133554 9.346964 2.0685904
2.2218192 9.385271 1.9919758
2.1452045 9.346964 1.9536686
2.1835117 9.308657 2.1452045
2.336741 9.385271 2.2218194
2.4899697 9.461885 2.2601266
2.3367407 9.461885 2.1452045
2.2218192 9.308657 2.1068974
1.9919759 9.155427 2.1835117
1.9153614 9.040505 2.1835117
1.8004397 9.002198 2.1452045
1.7238252 8.925584 2.1835117
1.685518 9.078813 2.1452045
1.8770542 9.270349 2.183512
2.030283 9.423578 2.2984335
2.2218192 9.615114 2.4899697
2.375048 9.883265 2.566584
2.413355 9.998186 2.528277
2.2601264 9.883265 2.375048
1.9919758 9.691729 2.1452045
1.7621324 9.5385 2.030283
1.6089036 9.461885 1.9536686
1.685518 9.576807 2.030283
1.8004396 9.730036 2.2601264
1.8770542 9.730036 2.6431985
1.8770542 9.653421 2.9496565
1.685518 9.500193 3.2178073
1.4173675 9.346964 3.1411924
1.0726023 9.193734 2.873042
0.80445176 9.11712 2.6048913
0.6895301 9.193735 2.2218192
0.6895301 9.155428 1.9153614
0.88106626 9.155428 1.685518
1.1109096 9.193735 1.532289
1.3790601 9.232042 1.6472106
1.6472108 9.423578 2.030283
1.7238252 9.576807 2.4133554
1.685518 9.576807 2.8347347
1.4556746 9.4618845 2.9496565
1.1875241 9.270349 2.834735
1.0726024 9.078813 2.681506
0.9959879 8.925584 2.3750482
1.0342951 8.734048 2.1452048
1.0726024 8.619126 2.1068974
1.1109096 8.619126 2.1452048
1.1875241 8.772355 2.2601264
1.3024458 9.040506 2.4516625
1.4173673 9.308657 2.4516625
1.4173673 9.423578 2.4133554
1.340753 9.423578 2.2601264
1.1875241 9.308656 1.9919758
0.9959879 9.193734 1.6472107
0.9193735 9.232041 1.4173673
0.88106626 9.346964 1.4939818
0.9576807 9.5385 1.8387469
1.1492169 9.768343 2.528277
1.3024457 9.959879 3.064578
1.3024457 10.0748005 3.1411927
1.1109096 10.113108 2.9113493
0.80445176 9.959879 2.3750482
0.4213795 9.730036 1.8770541
0.15322891 9.500193 1.685518
-0.038307227 9.346964 1.6089036
-0.19153613 9.308657 1.7621324
-0.22984336 9.423578 1.991976
-0.19153613 9.653421 2.183512
0.038307227 9.80665 2.4899697
0.34476504 9.921572 2.7964275
0.61291564 9.921572 3.0645783
0.7661445 9.691729 3.1411927
0.7661445 9.500192 3.2561145
0.68953 9.232041 2.9879637
0.61291564 9.078813 2.6431985
0.68953013 9.155427 2.183512
0.8810662 9.308657 1.532289
1.1109096 9.615114 1.1875241
1.4173675 9.80665 0.8810662
1.6089035 9.959879 1.0342951
1.6089035 9.921572 1.4173675
1.5322891 9.768343 1.8387468
1.340753 9.500193 2.336741
1.1109096 9.117121 2.719813
0.9576807 8.810662 2.7581205
0.84275895 8.6574335 2.6815057
0.72783726 8.580819 2.528277
0.72783726 8.542512 2.2218192
0.8044517 8.695741 1.9919758
0.9576807 9.002198 1.9153613
1.1109096 9.4618845 1.8770541
1.187524 9.998186 1.9536685
1.1492168 10.342952 2.1452045
0.9576807 10.381259 2.183512
0.6895301 10.266337 2.0685902
0.49799395 10.113108 1.9536686
0.344765 9.844957 1.8004398
0.26815057 9.5385 1.6089036
0.30645782 9.308657 1.532289
0.19153613 9.078814 1.4173675
0.038307227 9.002198 1.2641385
-0.076614454 9.078813 1.2258313
-0.11492168 9.308656 1.3024457
-0.038307227 9.653421 1.3790601
0.11492168 10.036494 1.340753
0.26815057 10.457873 1.2258313
0.30645782 10.726024 1.0726024
0.344765 10.726024 0.80445176
0.11492166 10.457872 0.7661445
-0.22984336 9.921572 0.95768064
-0.57460845 9.193735 1.3407528
-0.9959879 8.734047 2.0685902
-1.1492169 8.657433 2.7964275
-1.1492169 8.963891 3.371036
-1.1492169 9.691728 3.5625722
-1.0726023 10.304644 3.2561145
-1.0342951 10.764331 2.7198133
-1.187524 10.91756 2.0685902
-1.2641385 10.649409 1.493982
-1.2641385 10.457872 1.5705963
-1.2258313 10.342951 2.030283
-1.0726024 10.151415 2.6048913
-0.9959879 10.113108 3.1795
-1.0726024 9.921572 3.2561145
-1.340753 9.576807 2.834735
-1.685518 9.346964 2.3750482
-2.0685902 9.078813 1.8004398
-2.336741 8.963891 1.4173675
-2.4133554 9.117121 1.4939818
-2.3750482 9.461885 1.6472108
-2.2984335 9.959879 2.0685902
-2.3367407 10.381258 2.566584
-2.528277 10.611102 2.7581203
-2.834735 10.496181 2.7581203
-3.3327289 10.22803 2.566584
-3.9839518 9.883265 2.0685902
-4.6351748 9.461885 1.6089034
-5.018247 9.2703495 1.340753

