-4.903325 9.2703495 1.4556746
-4.367024 9.576807 2.030283
-3.5242648 10.036494 2.8347347
1.685518 9.423578 4.1754875
2.1068976 9.423578 3.8690298
2.0685902 9.385271 3.409343
2.1835117 9.385271 3.1411924
2.336741 9.653421 3.1794999
2.2218192 9.385271 3.1411927
2.0685902 9.078813 2.987964
1.9536686 8.887277 2.719813
1.8770542 8.657433 2.4133554
1.8387469 8.619125 2.2218192
1.8770541 8.772354 2.0685902
2.0685902 9.078814 2.030283
2.2984338 9.5385 2.030283
2.566584 9.959879 1.9536686
2.719813 10.22803 1.9153614
2.681506 10.189723 1.8387469
2.5282772 10.074801 1.8387469
2.336741 9.844957 1.9919758
2.1452048 9.500193 2.183512
2.030283 9.346964 2.3367407
2.0685902 9.2703495 2.4133554
2.1452045 9.308657 2.336741
2.4133554 9.5385 2.336741
2.6815057 9.768343 2.3750482
2.8347347 9.998186 2.5282772
2.9113493 10.113108 2.719813
2.7964277 10.036493 2.7581203
2.566584 9.883265 2.873042
2.2984338 9.576807 2.834735
2.0685902 9.308657 2.681506
1.9536686 9.193734 2.528277
1.9536686 9.193734 2.3367407
2.0685902 9.270349 1.9919758
2.2218192 9.461885 1.685518
2.3750482 9.576807 1.3024457
2.528277 9.653421 1.0342951
2.6048915 9.615114 1.1109096
2.6431987 9.500193 1.4173673
2.4899697 9.346964 1.9153614
2.2984338 9.232042 2.2601264
2.1068976 9.2703495 2.3750482
1.8387469 9.232041 2.2601266
1.7621324 9.270349 1.8770542
1.685518 9.193734 1.4173675
1.7238252 9.11712 1.0342951
1.8770542 9.155427 0.7278373
2.1068976 9.346964 0.6895301
2.4133554 9.653421 0.9193734
2.5665843 9.921572 1.1875241
2.5665843 10.0748005 1.4939818
2.4133554 9.998186 1.7621324
2.1068976 9.844957 1.8387469
1.8387469 9.730036 1.9919758
1.685518 9.5385 2.030283
1.5705963 9.423577 2.0685902
1.4939818 9.308656 1.9919758
1.4556745 9.193734 1.685518
1.4939818 9.193734 1.4556746
1.6472108 9.346964 1.3790601
1.9153614 9.5385 1.5322891
2.1068976 9.691729 1.8004397
2.1068976 9.768343 2.0685904
1.838747 9.615114 2.2218194
1.3790603 9.346964 2.3750482
0.8810662 9.002198 2.4899697
0.49799395 8.6574335 2.528277
0.30645782 8.465898 2.6048915
0.30645782 8.42759 2.5665843
0.61291564 8.619126 2.4899697
0.95768064 9.040505 2.5665843
1.340753 9.500193 2.4899697
1.6472108 9.998186 2.4133554
1.7238252 10.266336 2.2218192
1.7238252 10.304644 1.9536685
1.532289 10.0748005 1.7238251
1.2641385 9.691729 1.532289
1.0726024 9.346964 1.6089035
0.9576807 9.117121 1.6472107
1.0342952 8.963891 1.8004396
1.1875241 8.925584 1.9536686
1.3024458 9.002198 2.030283
1.4173673 9.155427 2.1452048
1.532289 9.5385 2.0685904
1.685518 9.883265 1.9919758
1.8387469 10.151415 1.9153614
1.9153614 10.266336 1.5322891
1.8770542 10.189722 1.1492169
1.8004396 9.921572 0.30645782
1.9153614 9.615114 0.38307226
1.9536686 9.5385 0.6895301
1.8387469 9.385271 1.4556746
1.685518 9.346964 1.685518
1.5705963 9.2703495 1.7621325
1.4173673 9.155427 1.5705963
1.3790601 9.155428 0.9193735
1.3790601 9.193735 0.5363012
1.4173673 9.117121 0.4213795
1.340753 9.002199 0.4213795
1.2258313 8.772355 0.57460845
1.0342951 8.619126 0.9193734
0.9576807 8.542512 1.2641385
1.0342951 8.695741 1.7238252
1.2641385 9.040506 2.0685902
1.6472108 9.346964 2.2984338
1.9536686 9.768343 2.336741
2.1068976 9.959879 2.0685902
2.1452048 10.113108 1.6472108
2.183512 10.228029 1.1875241
2.1452048 10.304645 0.95768064
2.1452048 10.304645 0.9959879
2.0685904 10.151415 1.1492168
1.9153614 9.959879 1.4173675
1.8770542 9.768343 1.6089035
2.0685902 9.768343 1.9919758
2.1452045 9.768343 2.1452045
2.1452045 9.80665 2.2218192
2.030283 9.80665 2.2601264
1.9536686 9.80665 2.2601264
1.9536686 9.844957 2.2601264
1.9536686 9.80665 2.2601264
1.9153614 9.691729 2.3367407
1.8004397 9.576807 2.4516625
1.6089035 9.500193 2.5282772
1.3024457 9.423578 2.5282772
1.1109096 9.346964 2.2218192
0.91937345 9.346964 1.7621325
0.7278373 9.385271 1.5322891
0.6895301 9.461885 1.4556746
0.61291564 9.576807 1.7621324
0.6512229 9.653421 2.2218192
0.9193735 9.844957 2.6431987
0.99598795 9.921572 2.6431987
0.9576807 10.036493 2.4516625
0.7661445 9.998186 2.336741
0.6512228 9.883265 2.3750482
0.49799395 9.730036 2.4133554
0.34476504 9.461885 2.528277
0.19153613 9.232042 2.566584
0.0 8.925584 2.3750482
-0.15322891 8.695741 2.0685902
-0.22984335 8.619126 1.9153614
-0.2681506 8.580819 1.685518
-0.22984335 8.6574335 1.5705963
-0.15322891 8.887277 1.4556746
0.0 9.155428 1.1875241
0.22984336 9.423578 0.99598783
0.45968673 9.768343 0.91937345
0.61291564 10.036493 1.1109096
0.5363012 10.189723 1.4939818
0.34476504 10.189723 1.9536686
0.15322891 10.074801 2.2984335
0.038307227 9.730036 2.4899697
0.11492168 9.346963 2.528277
0.22984336 9.078813 2.4133554
0.2681506 9.002198 2.1068974
0.30645782 9.232042 1.7238252
0.30645782 9.576807 1.4556746
0.34476504 10.036493 1.3024458
0.49799395 10.266336 1.5705963
0.5746084 10.381258 2.0685902
0.5746084 10.381258 2.6048913
0.49799395 10.189722 3.1028852
0.30645782 9.959879 3.371036
0.076614454 9.691729 3.4859576
-0.22984335 9.5385 3.4859576
-0.49799395 9.461885 3.4859576
-0.7661445 9.423578 3.5242648
-1.0726023 9.308657 3.5242648
-1.3024457 9.193734 3.562572
-1.4173675 9.155427 3.5242648
-1.4173675 9.308656 3.5242648
-1.3790603 9.461885 3.4476504
-1.3024458 9.500193 3.371036
-1.3024458 9.615114 3.2944217

