-1.4173675 9.653421 3.1794996
-1.6089035 9.998186 3.2944217
1.340753 9.423578 3.2561142
1.9536686 9.232042 3.562572
2.2984335 9.308657 3.1794999
2.1835117 9.308657 3.2944217
2.4133554 9.615114 3.1411927
2.4516625 9.80665 2.873042
2.4133554 9.730036 2.9496565
2.3367407 9.730036 2.9496565
2.183512 9.576807 2.834735
2.030283 9.385271 2.719813
1.9153614 9.308657 2.6431987
1.8004396 9.232042 2.681506
1.7621324 9.232042 2.873042
1.8004396 9.346964 3.026271
1.838747 9.423578 3.217807
1.8770542 9.385271 3.2944214
1.8770542 9.308657 3.3327286
1.685518 9.11712 3.3327286
1.4556746 8.963891 3.1411927
1.3024457 9.002199 3.026271
1.2641385 9.155428 2.7964277
1.6089034 9.653421 2.528277
1.8387468 9.768343 2.4899697
1.9536686 9.883265 2.528277
2.030283 9.921572 2.6048915
1.9153614 9.883265 2.681506
1.7238252 9.691729 2.7964275
1.5322891 9.308657 2.873042
1.3024458 9.040505 2.9496565
1.2258313 8.848969 2.9113493
1.2641385 8.848969 2.719813
1.3407528 9.040505 2.6048915
1.4939818 9.270349 2.4516625
1.6089035 9.500193 2.375048
1.685518 9.691729 2.4516625
1.7238252 9.768343 2.4516625
1.685518 9.653421 2.4899697
1.5705963 9.461885 2.4516625
1.4173675 9.232041 2.4133554
1.2258313 9.002198 2.3750482
0.95768064 8.848969 2.2601266
0.84275895 8.887277 2.183512
0.8044517 9.078814 2.1452048
0.842759 9.346964 2.183512
1.0726024 9.653421 2.4899697
1.2258313 9.691729 2.8347347
1.1875241 9.653421 3.0262709
1.1109096 9.5385 3.1794999
0.842759 9.2703495 3.1411924
0.53630114 9.117121 3.064578
0.3064578 8.810662 2.9496565
0.076614454 8.542511 2.834735
0.0 8.504204 2.7581203
0.038307227 8.542511 2.873042
0.22984335 8.69574 3.1794999
0.5363012 8.925584 3.4093432
0.8810662 9.11712 3.6008792
1.1109096 9.2703495 3.7541082
1.2641385 9.423578 3.7924154
1.3024457 9.576807 3.6774938
1.1875241 9.576807 3.371036
1.0726024 9.576807 2.7964275
0.8810662 9.500193 2.2984335
0.7278373 9.2703495 2.030283
0.68953 9.193734 2.1452048
0.7661445 9.078813 2.6048913
0.91937345 9.117121 3.1411924
1.2258313 9.346964 3.562572
1.532289 9.5385 3.9456444
1.685518 9.730036 4.0222588
1.7621325 9.844957 3.715801
1.5705963 9.730036 3.371036
1.3024457 9.576807 2.834735
1.1109096 9.5385 2.5282772
0.9959879 9.461885 2.5282772
1.0726024 9.423578 2.6431987
1.1109096 9.730036 2.873042
1.1492168 9.998186 2.7964275
1.1109096 10.266337 2.6048913
0.9959879 10.457873 2.3367407
0.9193735 10.304645 2.1068974
0.842759 10.0748005 2.0685902
0.80445176 9.844957 2.183512
0.6512228 9.768343 2.4899697
0.53630114 9.576807 2.7581203
0.34476504 9.346964 3.0262709
0.15322891 9.155427 3.1411924
0.11492168 8.963891 3.1028852
0.038307227 8.887277 2.9879637
0.0 8.887277 2.681506
-0.038307227 8.887277 2.4516625
-0.19153613 8.887277 2.3750482
-0.34476504 8.925584 2.3750482
-0.3830723 8.925584 2.681506
-0.4213795 8.925584 2.9879637
-0.4213795 8.887277 3.1411924
-0.4213795 8.772355 3.1411924
-0.49799395 8.619126 2.9113493
-0.61291564 8.580819 2.566584
-0.6895301 8.6574335 2.1452045
-0.6512228 8.887277 1.9536686
-0.53630114 9.155428 1.8770541
-0.45968673 9.232042 1.9919758
-0.4213795 9.232042 2.2601266
-0.53630114 9.11712 2.6048913
-0.7661445 9.040505 2.7964277
-0.8810662 9.040505 2.6431987
-0.9193735 9.193734 2.4516625
-0.842759 9.38527 1.7238252
-0.6512229 9.691729 1.0726024
-0.3830723 10.151415 0.6512229
-0.11492168 10.49618 0.30645782
0.076614454 10.802638 0.26815057
0.15322891 11.032481 0.7278373
0.0 10.840944 1.4556746
-0.34476507 10.342951 2.2601264
-0.842759 9.80665 3.1028855
-1.4173673 9.193735 3.4093432
-1.8387468 8.887277 3.2944217
-2.0685902 8.848969 3.026271
-2.030283 8.887277 2.5282772
-1.8770542 9.11712 2.0685904
-1.7238252 9.2703495 1.8770542
-1.493982 9.423578 1.5705963
-1.2641385 9.691729 1.6472108
-1.0342951 9.768343 1.8770542
-0.9193734 9.80665 2.0685904
-1.0726024 9.730036 2.2984335
-1.3790601 9.461885 2.4516625
-1.8387469 9.193735 2.4899697
-2.183512 8.963891 2.4899697
-2.2984338 8.887277 2.7964275
-2.2601266 8.925584 3.1028855
-2.030283 9.232041 3.2561142
-1.8004397 9.768343 3.3710358
-1.6472107 10.381258 3.4476504
-1.6089035 10.840945 3.3710358
-1.7238252 10.994175 3.4093432
-1.9919758 10.917561 3.4859576
-2.2984338 10.534488 3.5242648
-2.5665843 10.151416 3.7158008
-2.681506 9.80665 3.9073372
-2.719813 9.500193 4.1371803
-2.6431987 9.346964 4.2904096
-2.5665843 9.308657 4.367024
-2.5665843 9.308657 4.405331
-2.5665843 9.308657 4.1754875
-2.681506 9.2703495 3.6774936
-2.7964277 9.232042 3.0262709
-2.873042 9.078814 2.4516625
-2.7581203 8.963891 2.1452048
-2.566584 9.078813 1.9536686
-2.3750482 9.270349 2.1068976
-2.1452048 9.5385 2.4899697
-2.183512 9.691729 2.7581203
-2.2984338 9.691729 3.2561142
-2.3750482 9.653421 3.6774938
-2.4516625 9.653421 3.9839513
-2.375048 9.730036 4.1754875
-2.2601264 9.844957 4.252102
-2.183512 9.768343 4.3287163
-2.1452048 9.615114 4.290409
-2.2218194 9.423577 4.3670235
-2.4899697 9.155427 4.2137947
-2.873042 8.963891 3.8307228
-3.2561145 8.772355 3.2178068

