-3.7158012 8.350976 2.566584
2.4516625 8.580819 3.3710358
1.7621324 9.117121 2.681506
1.4173675 9.615114 2.6048913
1.3407528 9.653421 3.1028852
1.532289 9.615114 3.4476504
1.685518 9.500193 3.4859576
1.8770541 9.423578 3.4476504
2.2984338 9.270349 3.2561142
2.4899697 9.232041 3.2944214
2.6815057 9.308657 3.4476504
2.7964275 9.385271 3.562572
2.873042 9.385271 3.5242648
2.873042 9.308657 3.3327289
2.834735 9.193734 3.3327289
2.7964275 9.270349 3.4476504
2.6431987 9.346964 3.2561145
2.528277 9.461885 3.2178073
2.3367407 9.423578 3.1028852
1.9919758 9.423578 3.1411924
1.8770542 9.423578 2.9113493
1.8770542 9.5385 2.6431985
1.8770542 9.5385 2.4133554
1.7238252 9.576807 2.183512
1.6472107 9.5385 2.1452048
1.6089035 9.500193 2.1452048
1.6472107 9.461885 2.0685904
1.5705963 9.308657 1.7238252
1.4556745 9.308657 1.532289
1.3024457 9.346964 1.4939818
1.187524 9.385271 1.6089034
1.0726024 9.346964 1.877054
0.9576807 9.385271 2.030283
0.8044518 9.308657 1.9919758
0.61291564 9.232041 1.6855179
0.5363012 9.270349 1.3024457
0.5363012 9.193734 1.1109096
0.84275895 9.11712 1.2641385
1.3407528 9.193735 1.6089034
1.685518 9.155428 1.9536686
1.9536686 9.193735 1.9536686
1.8770542 9.2703495 1.7238252
1.6089036 9.155427 1.493982
1.3024457 9.155427 1.3024457
0.9959879 9.155427 1.4173673
0.8810662 9.11712 1.5322891
0.8810662 9.193734 1.5322891
0.9959879 9.232041 1.6089035
1.1109097 9.232041 1.4173675
0.99598795 9.346964 1.3024458
0.68953013 9.346964 1.2641385
0.30645782 9.308657 0.9959879
0.0 9.232041 0.95768064
-0.076614454 9.155427 0.95768064
-0.038307227 9.11712 1.1492168
0.038307227 9.078813 1.4556746
0.11492168 9.11712 1.7238252
0.15322891 9.11712 1.8770541
0.22984336 9.232042 1.8387469
0.30645782 9.385271 1.8387469
0.2681506 9.461885 1.7621325
0.15322891 9.5385 1.7621325
0.076614454 9.615114 1.6472108
0.11492168 9.653421 1.4173675
0.34476504 9.653421 1.2258313
0.7278373 9.768343 0.9959879
0.9576807 9.768343 1.1109096
1.1109096 9.691729 1.4173675
1.0726024 9.768343 1.7621325
0.842759 9.768343 2.1068976
0.61291564 9.768343 2.1452048
0.38307226 9.883265 2.030283
0.22984335 9.883265 1.8387468
0.2681506 9.883265 1.532289
0.49799395 9.959879 1.3407528
0.68953013 9.959879 1.3024457
0.7661445 9.959879 1.4173675
0.7661445 9.921572 1.5705962
0.6895301 9.921572 1.8004396
0.7278373 9.883265 2.1068974
0.88106626 9.921572 2.4516625
0.9576807 9.921572 2.4516625
0.7278373 9.768343 2.0685902
0.49799395 9.730036 1.7621325
0.22984335 9.768343 1.9536686
0.076614454 9.80665 2.2218192
0.19153613 9.921572 2.4899697
0.34476504 9.998186 2.6048915
0.6512229 10.036493 2.5665843
0.91937345 10.113108 2.3750482
1.0726023 10.113108 2.1068976
1.0726023 10.0748005 1.9919758
0.9959879 9.998186 1.8770542
0.8810662 9.921572 1.9536686
0.72783726 9.844957 2.030283
0.72783726 9.768343 2.0685904
0.6512228 9.730036 1.9153614
0.5746084 9.730036 1.685518
0.5746084 9.730036 1.4556746
0.5363012 9.80665 1.2641385
0.6512229 9.80665 1.3407528
0.91937345 9.80665 1.4173673
1.1492168 9.768343 1.5705963
1.4939818 9.768343 1.6855179
1.3790601 9.691729 1.4939818
1.2641385 9.615114 1.1875241
1.1492168 9.500193 0.53630114
1.1109097 9.385271 0.19153613
1.0342951 9.500193 0.57460845
0.84275895 9.691729 1.8770541
0.6512228 9.768343 2.183512
0.5746084 9.730036 2.030283
0.3830723 9.80665 1.7238252
0.22984336 9.768343 1.4939818
0.076614454 9.691729 1.4173673
-0.15322891 9.653421 1.3790601
-0.5363012 9.5385 1.3790601
-1.1109095 9.5385 1.187524
-2.030283 9.730036 0.84275895
-1.9919758 9.691729 0.99598783
-1.6472108 9.576807 1.532289
-1.2258313 9.461885 2.1835117
-0.61291564 9.308657 3.3327289
-0.57460845 9.385271 3.371036
-0.8810662 9.346964 3.1794999
-1.4173673 9.308657 2.681506
-2.2601264 9.193735 1.6089036
-2.2218192 9.11712 1.340753
-2.0302832 9.040505 1.532289
-1.7238252 9.040505 2.030283
-1.532289 9.155427 2.7964277
-1.4939818 9.232042 3.3327289
-1.4173673 9.385271 3.6391866
-1.3790601 9.461885 3.6774938
-1.532289 9.615114 3.3327289
-2.2601266 10.151415 2.6815057
-2.9496565 10.496181 2.2601264
-3.4093432 10.764331 1.9919758
-3.5625722 10.955867 1.7621324
-3.1028855 10.994174 1.8004397
-2.681506 10.840945 2.1835117
-2.4516625 10.649409 2.6815057
-2.3367407 10.496181 3.064578
-2.4899697 10.304645 3.3327289
-2.719813 10.113108 3.4093432
-2.834735 9.921572 3.3327286
-2.719813 9.80665 3.3710358
-2.3750482 9.691729 3.217807
-1.9153614 9.423577 2.873042
-1.9919758 9.193734 2.834735
-2.2601264 9.040505 3.1028855
-2.528277 8.925584 3.4093432
-2.719813 8.734048 3.7541084
-2.528277 8.734048 3.3327289
-2.375048 8.695741 2.873042

