-2.3367407 8.772355 2.4899697
-2.4899697 8.772355 2.375048
-2.7581203 8.734048 2.681506
2.2218194 8.772355 4.405331
2.3750482 8.963891 4.405331
2.2984338 9.2703495 4.4436383
1.9153614 9.461885 3.715801
1.7238252 9.80665 3.7924156
1.8004397 9.691729 3.9073372
1.9153614 9.691729 4.060566
2.030283 9.691729 3.9456444
2.2601264 9.653421 3.8307228
2.3367407 9.576807 3.6391869
2.4133554 9.500193 3.4859579
2.4899697 9.423578 3.3327286
2.5665843 9.232042 3.217807
2.528277 9.155427 3.4476504
2.528277 9.11712 3.5242648
2.566584 9.11712 3.4859576
2.566584 9.078813 3.371036
2.6431987 9.078813 3.2944217
2.681506 9.078813 3.2561145
2.719813 9.040505 3.2561145
2.7581203 9.078813 3.371036
2.7964275 9.040505 3.2561142
2.834735 8.963891 3.1028855
2.9496565 9.002198 2.9879637
3.064578 9.002198 3.0262709
3.1794996 9.002198 3.2944214
3.064578 8.772355 3.6391866
2.7581205 8.695741 3.5242648
2.1068976 8.887277 3.064578
2.2601266 9.078813 3.1028855
2.48997 9.002198 3.2178073
2.336741 8.6574335 3.141193
1.9536686 8.580819 2.9879637
1.5705962 8.619126 2.9113493
1.3024457 8.6574335 2.873042
1.4556746 8.963891 2.4899697
1.7238252 9.002198 2.1068974
1.9536686 9.078813 1.8770541
2.030283 9.002198 1.9153614
1.9536686 8.848969 2.183512
1.7238252 8.772355 2.6431987
1.4556746 8.734048 2.9496565
1.1492169 8.887277 3.064578
0.91937345 9.078814 2.9879637
0.7278373 9.308657 2.681506
0.5746084 9.461885 2.528277
0.68953013 9.500193 2.7198129
0.88106626 9.385271 3.064578
1.0342951 9.2703495 3.2944217
0.99598795 9.193734 3.371036
0.7278373 9.11712 3.2944217
0.49799395 9.155428 3.1411927
0.4596867 9.308657 3.0262709
0.7278373 9.423578 2.9496565
1.1492169 9.615114 2.873042
1.4939818 9.653421 2.834735
1.6089036 9.615114 2.9496565
1.3790603 9.615114 2.9879637
0.9959879 9.500193 2.9879637
0.6512228 9.5385 2.8730419
0.4596867 9.576807 2.6048913
0.5746084 9.653421 2.2984335
0.91937345 9.653421 2.3367407
1.3024458 9.691729 2.4899697
1.6472108 9.653421 2.8347347
1.7238252 9.615114 3.2944214
1.5705963 9.615114 3.217807
1.3024457 9.423578 3.1411927
0.95768064 9.423578 2.7964277
0.7661446 9.346964 2.3750482
0.80445176 9.346964 2.336741
0.91937345 9.461885 2.3750482
1.1109096 9.461885 2.4899697
1.37906 9.461885 2.7964275
1.4939818 9.385271 2.9113493
1.6089036 9.308656 2.873042
1.7238252 9.155427 2.7964277
1.7621324 9.040505 2.4899697
1.7238252 9.040505 2.3750482
1.6089034 9.002198 2.4516625
1.3407528 9.040505 2.7198133
0.9959879 9.078813 2.9496565
0.7661445 9.040505 3.0645783
0.6895301 9.040505 3.026271
0.842759 8.963891 2.9879637
1.1492168 8.963891 3.1411927
1.340753 8.963891 3.4093432
1.3790601 8.963891 3.7924156
1.1109096 9.11712 3.86903
0.68953013 9.193734 3.86903
0.4213795 9.2703495 3.7158008
0.30645782 9.346964 3.4476502
0.38307226 9.232042 3.3327286
0.6512228 9.155428 3.3327286
0.842759 9.078814 3.5242648
0.7278374 8.963891 3.6008792
0.45968673 8.963891 3.6391864
-0.22984338 9.040505 3.2561145
-1.0726024 9.155428 2.3750482
-1.8004396 9.308657 1.3024457
-2.183512 9.500193 0.30645785
-1.9536686 9.5385 -0.26815057
-1.3407528 9.576807 -0.11492166
-0.38307223 9.576807 0.68953013
0.30645782 9.500193 2.0685902
0.53630114 9.615114 3.4476504
0.34476504 9.615114 4.3287168
-0.22984338 9.615114 4.7500963
-0.7278373 9.653421 4.1371803
-1.1109095 9.653421 3.1028852
-1.3407528 9.730036 2.2218192
-1.4556746 9.844957 1.6089036
-1.6089036 9.998186 1.6472108
-1.8770542 10.036493 2.1068976
-2.1068976 10.113108 2.6048915
-2.2218192 10.189722 2.834735
-2.2218192 10.266336 2.873042
-1.9919758 10.342951 2.719813
-1.8770542 10.342951 2.4899697
-1.9919758 10.342951 2.4899697
-2.2984335 10.304644 2.4516625
-2.7964275 10.266336 2.3750482
-3.1028855 10.304644 2.0685904
-3.1411927 10.304644 1.6089036
-2.873042 10.381258 1.1492169
-2.4133554 10.457872 0.95768064
-2.030283 10.49618 1.1492169
-1.8004397 10.457872 1.6472108
-1.8004397 10.304644 2.1452048
-1.8004397 10.0748005 2.4516625
-1.7238252 9.883265 2.6048915
-1.532289 9.768343 2.4516625
-1.2641385 9.576807 2.4133554
-1.1492168 9.500193 2.2601264
-1.0726024 9.385271 1.9536686
-1.0726024 9.346964 1.7238252
-1.187524 9.385271 1.3407528
-1.187524 9.346964 0.91937345
-1.187524 9.193735 0.7278373
-1.1492168 9.040505 0.57460845
-1.1109096 8.963891 0.68953013
-1.2258313 8.963891 1.0726024
-1.5705963 9.232041 1.4939818
-2.0685902 9.423578 1.8770542
-2.4899697 9.576807 2.030283
-2.8347347 9.730036 1.9153614
-2.9879637 9.691729 1.7621324
-3.064578 9.615114 1.685518
-2.9879637 9.5385 1.8770541
-2.566584 9.576807 2.2984335
-2.0685902 9.653421 2.7581205
-1.5705962 9.844957 3.1795
-1.3407528 9.883265 3.2561145
-1.5705962 9.730036 3.1028852
-1.9919758 9.615114 2.6431985
-2.2984338 9.5385 1.9153613
-2.3750482 9.576807 1.3790601
-2.3750482 9.730036 1.0726024
-2.2984335 9.80665 1.187524
-2.375048 9.844957 1.4173673
-2.566584 9.844957 1.5705963
-2.681506 9.730036 1.7621324
-2.9496565 9.5385 1.8770541
-3.217807 9.346963 2.2218192
-3.5242648 9.308656 2.6048913
-3.9073372 9.193734 2.911349
-4.098873 9.2703495 3.1028852
-4.098873 9.2703495 2.8347347
-3.9073372 9.2703495 2.3750482
-3.6391866 9.385271 1.7621324
-3.371036 9.346963 1.1492168
-3.1028855 9.270349 0.7278373
-3.1411927 9.270349 0.7278373
-3.371036 9.232041 1.0342951
-3.715801 9.346964 1.532289

