-4.252102 9.5385 2.2601264
-4.6351748 9.500193 2.8347347
-4.673482 9.5385 3.1028852
-4.5585604 9.5385 3.0262709
3.2178073 8.082825 4.55856
3.2944217 8.312668 4.060566
3.6008794 8.542512 4.098873
4.2521024 8.465898 4.5202527
4.2904096 8.504205 4.5202527
4.4819455 8.42759 4.5585604
4.4819455 8.236053 4.6351748
4.4053307 8.197746 4.7500963
4.290409 8.159439 4.6351748
4.098873 8.121132 4.4436383
3.9839516 8.159439 4.252102
3.9456444 8.197746 3.9456444
3.86903 8.121132 3.9839516
3.8307228 8.121132 4.098873
3.7924156 8.159439 4.0222588
3.6774938 8.0445175 3.9839516
3.562572 8.082825 3.86903
3.4859576 8.121132 3.7541082
3.2561145 8.236053 3.9073372
2.9496567 8.197746 3.7924156
2.6048915 8.159439 3.524265
2.2218192 8.0445175 2.987964
2.2601264 8.082825 2.7581205
2.528277 8.159439 2.9113493
2.7964275 8.274361 3.0645783
2.6431987 8.542511 3.562572
2.2984338 8.657433 3.677494
1.9536686 8.695741 3.6391869
1.685518 8.695741 3.4093432
1.2641385 8.580819 3.1794999
1.1109096 8.580819 3.0262709
0.99598795 8.580819 3.1411927
1.0726024 8.619126 3.371036
1.6472107 8.848969 4.0222588
2.0685902 9.002198 4.5585604
2.2218192 9.002198 4.7500963
2.2601264 8.695741 4.481946
2.2601264 8.542512 4.2904096
2.1068974 8.542512 4.060566
1.9536686 8.504205 3.86903
1.9153614 8.695741 3.9073372
2.183512 8.619126 4.060566
2.6048913 8.619126 4.4436383
2.8347347 8.734048 4.7500963
2.6431985 8.810662 4.9416323
2.0685902 8.848969 4.903325
1.2641385 8.963891 4.5968676
0.49799395 9.040505 4.098873
-7.4505806E-9 9.193735 3.7924156
-0.22984336 9.461885 3.5242648
-0.2681506 9.691729 3.4859576
-0.076614454 9.730036 3.6774936
0.22984335 9.691729 3.86903
0.38307226 9.730036 4.0222588
-0.07661447 9.653421 3.9839516
-0.61291564 9.730036 3.7924156
-1.0342952 9.691729 3.6008792
-1.340753 9.653421 3.3327289
-1.4173675 9.691729 3.0262709
-1.2641385 9.768343 2.7581205
-0.91937345 9.768343 2.6815057
0.344765 9.730036 2.834735
1.0726023 9.461885 3.2944217
0.9959879 9.346964 3.4859576
0.42137948 9.078813 3.86903
0.11492168 9.078813 3.9456444
0.15322891 9.11712 3.7158012
0.38307226 9.232041 2.873042
0.5746084 9.11712 2.4133554
0.5746084 9.040505 2.3750482
0.49799398 8.772355 2.9879637
0.6512229 8.734048 3.2561142
0.8810662 8.810662 3.3327286
0.9576807 8.848969 3.1411927
0.9193735 9.002198 2.9113493
0.6895301 9.193734 2.4899697
0.30645782 9.2703495 2.2601264
0.038307227 9.385271 2.2601264
-0.19153613 9.500193 2.2601264
-0.3064578 9.576807 2.6048913
-0.19153611 9.730036 2.9113493
0.07661445 9.80665 3.1795
0.49799395 9.883265 3.4859576
0.91937345 9.883265 3.7924156
0.91937345 9.883265 4.1371803
0.5746084 9.80665 4.1371803
0.076614454 9.844957 3.9073372
-0.4213795 9.768343 3.4093432
-0.7278373 9.844957 2.2601266
-0.5363012 9.80665 1.6472108
-0.19153614 9.844957 1.4556746
0.076614454 9.959879 1.3790603
0.19153613 10.0748005 1.9919758
0.11492168 10.0748005 2.1068974
0.038307227 9.921572 2.1452045
-0.076614454 9.730036 2.0685902
-0.15322891 9.653421 1.9536686
-0.15322891 9.5385 1.7238252
-0.076614454 9.346964 1.4939818
0.11492168 9.232042 1.3024457
0.34476504 9.002199 1.0726024
0.5746084 8.810662 0.9576807
0.8044518 8.772355 0.91937345
0.9576807 8.6574335 0.91937345
1.0342952 8.772355 1.0342951
1.0342952 9.078814 1.3024458
0.9193735 9.385271 1.7238253
0.57460845 9.80665 2.3367407
0.0 10.151415 3.0262709
-1.1875241 10.534488 4.0222588
-1.340753 10.726024 4.060566
-1.1109096 10.802638 3.7924156
-0.6895301 10.955867 3.2944214
-0.30645782 10.955867 2.6815057
-0.11492168 10.840945 2.2601264
-0.22984335 10.649409 2.1068974
-0.7661445 10.151415 2.3750482
-0.8810662 9.959879 2.6431985
-0.8044518 9.80665 2.7581203
-0.61291564 9.576807 2.681506
-0.49799395 9.385271 2.4899697
-0.5746084 9.11712 1.9919758
-0.7278373 8.772355 1.3024457
-0.8044517 8.695741 1.0726024
-0.842759 8.6574335 1.1109097
-1.187524 8.734048 1.2641385
-2.1068974 8.887277 1.4939818
-2.528277 9.078813 1.6089035
-2.7198129 9.155427 1.6472107
-2.8347347 9.385271 1.8004396
-2.9496565 9.461885 1.8387468
-3.217807 9.615114 1.9536686
-3.562572 9.883265 2.030283
-3.4859576 9.998186 2.0685902
-3.1795 10.036493 2.183512
-2.9879637 10.0748005 2.3750482
-2.834735 10.151415 2.6431987
-2.834735 10.113108 2.9879637
-2.873042 10.113108 3.0262709
-2.7581205 10.151415 2.7581203
-2.7581205 10.266336 2.566584
-2.9113493 10.342951 2.528277
-3.2944214 10.381258 2.528277
-3.754108 10.457873 2.566584
-4.1754875 10.419566 2.4899697
-4.3670235 10.419566 2.4133554
-4.3670235 10.266336 2.2601264
-4.252102 10.036493 2.1452045
-4.0222588 9.80665 2.030283
-3.715801 9.5385 1.9536686
-3.2561142 9.385271 2.1068976
-2.719813 9.346964 2.336741
-2.375048 9.423578 2.6431987
-2.375048 9.5385 2.834735
-2.7581203 9.691729 2.9496565
-3.371036 9.768343 2.834735
-3.9073372 9.768343 2.7198129
-4.2521024 9.80665 2.6431985
-4.367024 9.844957 2.566584
-4.2904096 9.844957 2.528277

