-4.1371803 9.80665 2.4516625
1.8770541 9.040505 3.562572
1.7238252 9.193734 3.3327289
1.8387469 9.385271 3.9456444
2.2601264 9.500193 3.9839516
2.5665843 9.5385 4.2137947
2.681506 9.576807 4.098873
2.873042 9.653421 4.1371803
2.873042 9.653421 4.1371803
2.7581205 9.615114 4.060566
2.5665843 9.615114 3.7924154
2.4516625 9.5385 3.5625722
2.4516625 9.461885 3.4093432
2.528277 9.423578 3.1794999
2.681506 9.2703495 3.1411927
2.7964277 9.155428 3.0262709
2.834735 9.040505 3.0645783
2.7581203 8.963891 2.9496565
2.566584 8.963891 2.834735
2.336741 9.11712 2.6431987
1.9919758 9.193734 2.336741
1.685518 9.232041 2.183512
1.3407531 9.308657 2.183512
0.9959879 9.117121 2.4516625
0.7661446 9.002199 2.7964277
0.49799395 8.963892 3.2561145
0.34476504 8.887277 3.5625722
0.15322891 9.040505 3.6008794
0.0 9.193734 3.2561145
-0.076614454 9.308657 2.6815062
-0.076614454 9.423578 1.9153614
0.038307227 9.461885 1.3790603
0.11492168 9.346964 1.2258313
0.22984335 9.2703495 1.3790603
0.22984335 9.193734 1.8770542
0.11492168 9.11712 2.2601264
-0.07661445 9.155427 2.4133554
-0.30645782 9.232041 2.4516625
-0.49799395 9.346964 2.1068974
-0.57460845 9.500193 1.8387469
-0.53630114 9.691729 1.8004397
-0.49799395 9.653421 1.7621325
-0.45968673 9.576807 1.9153614
-0.4213795 9.461885 2.1068974
-0.3830723 9.308657 2.2218192
-0.30645782 9.308657 2.4516625
-0.19153613 9.346964 2.7581203
-0.076614454 9.461885 2.911349
0.038307227 9.576807 2.9496565
0.22984336 9.576807 2.8347347
0.30645782 9.5385 2.6431985
0.22984336 9.461885 2.4516625
0.11492168 9.461885 2.2984335
-0.114921674 9.500193 2.221819
-0.22984335 9.576807 2.1452045
-0.19153613 9.653421 2.2218192
-0.076614454 9.691729 2.4516625
0.15322891 9.691729 2.6431987
0.49799395 9.653421 2.7964277
0.80445176 9.576807 2.834735
0.95768064 9.423578 2.681506
0.842759 9.308657 2.4899697
0.57460845 9.2703495 2.2218192
0.3064578 9.308657 1.9919758
0.19153613 9.461885 1.8770542
0.2681506 9.653421 1.8770542
0.38307226 9.730036 1.9536686
0.6512228 9.691729 2.0685902
0.9959879 9.653421 2.183512
1.2258313 9.653421 2.2218192
1.340753 9.691729 2.183512
1.340753 9.80665 1.9536686
1.340753 9.844957 1.7621324
1.4556746 9.844957 1.685518
1.6089036 9.883265 1.8004396
1.7238252 9.80665 2.0685902
1.6472108 9.80665 2.4899697
1.532289 9.730036 2.873042
1.4173675 9.615114 3.2178073
1.3024457 9.615114 3.3327289
1.3407528 9.653421 3.064578
1.4556746 9.730036 2.6048915
1.5705962 9.80665 2.1452048
1.685518 9.844957 2.0685904
1.6089036 9.768343 2.3750482
1.3790603 9.730036 2.9113493
1.2258313 9.653421 3.3327289
1.1109096 9.615114 3.4476504
1.0342952 9.615114 3.1028852
1.0342952 9.500193 2.4133554
1.1875241 9.500193 1.7621324
1.340753 9.461885 1.2258313
1.4556746 9.346964 1.0726024
1.4173675 9.2703495 1.340753
1.1109096 9.155427 1.8770541
0.7661445 9.040505 2.4133554
0.49799395 9.040505 2.681506
0.38307226 9.155427 2.6048913
0.3064578 9.232042 2.183512
0.2681506 9.232042 1.685518
0.3064578 9.155428 1.340753
0.34476504 9.078814 1.0726024
0.45968673 9.040505 1.1109096
0.5363012 9.078813 1.1875241
0.49799395 9.11712 1.1109095
0.4213795 9.11712 1.1492168
0.2681506 9.155428 0.9193734
0.11492168 9.193735 0.6512228
0.076614454 9.232042 0.7278373
0.11492168 9.2703495 0.9576807
0.30645782 9.193734 1.4939818
0.49799395 9.155427 2.2601264
0.6512228 9.232041 2.834735
0.6895301 9.2703495 3.0645783
0.49799395 9.423578 2.9879637
0.22984335 9.5385 2.6815062
0.0 9.615114 2.4133554
0.0 9.768343 2.4133554
0.15322891 9.883265 2.719813
0.49799398 9.998186 3.1411927
0.8044518 10.113108 3.5625722
0.9193735 10.151415 3.7924156
0.9193735 10.151415 3.6391866
0.8044518 10.151415 3.4093432
0.6512228 10.0748005 3.0262709
0.3830723 9.998186 2.6431987
0.07661447 9.921572 2.336741
-0.22984336 9.80665 2.030283
-0.53630114 9.730036 1.6472108
-0.53630114 9.768343 1.3024458
-0.42137948 9.768343 0.9959879
-0.22984335 9.921572 0.6512228
-0.038307227 9.959879 0.57460845
-0.038307227 9.921572 0.57460845
-0.038307227 9.844957 0.7278373
-0.11492168 9.615114 1.0726024
-0.11492168 9.500193 1.4556746
0.038307227 9.423578 1.8770542
0.26815057 9.385271 2.1068976
0.49799395 9.346964 2.1452048
0.7278373 9.308657 2.0685902
0.7661446 9.2703495 1.8004396
0.6129157 9.11712 1.5705962
0.42137948 9.078813 1.4556746
0.076614454 9.040505 1.3024457
-0.19153613 9.002198 1.1492168
-0.2681506 9.155428 1.0342951
-0.2681506 9.5385 0.91937345
-0.19153613 9.80665 1.1109096
-0.30645782 9.998186 1.340753
-0.5746084 10.151415 1.4173675
-1.0342952 10.189722 1.3024457
-1.6472107 10.151415 1.0342951
-2.336741 10.151415 0.61291564
-2.873042 10.151415 0.30645782
-3.1795 10.151415 0.45968673
-3.1795 10.151415 0.7661445
-2.7581205 10.228029 1.4939818
-2.183512 10.304644 2.2218192
-1.7238252 10.304644 2.7964275
-1.6089036 10.419566 3.3327286
-1.838747 10.381258 3.4476504
-2.2218192 10.304644 3.4093432
-2.5282772 10.189722 3.064578
-2.6048915 10.0748005 2.528277
-2.528277 9.959879 2.0685902
-2.4516625 9.921572 1.7238252
-2.4899697 10.0748005 1.7621324
-2.6048913 10.0748005 1.8770541
-2.681506 10.189722 2.183512
-2.6048915 10.151415 2.4899697
-2.336741 10.036493 2.5665843
-1.9919758 9.921572 2.5665843
-1.685518 9.883265 2.4516625
-1.5705963 9.883265 2.183512
-1.685518 9.844957 1.7238252
-2.030283 9.844957 1.3407528
-2.528277 9.768343 0.95768064
-3.1028852 9.615114 0.6895301
-3.5242648 9.5385 0.6512228
-3.6391869 9.5385 0.6895301
-3.4859579 9.653421 0.842759
-3.1028855 9.883265 1.0726023
-2.8347347 9.959879 1.187524
-2.681506 10.036493 1.1492168
-2.719813 9.959879 0.88106614
-2.7964275 9.921572 0.6895301
-2.9113493 10.036493 0.6129156
-3.1794999 9.959879 0.84275895
-3.4859576 9.883265 1.3407528
-3.7924154 9.883265 1.9919758

