-4.060566 9.768343 2.6815057
2.7964277 8.772355 4.673482
2.9879637 8.772355 4.2904096
3.371036 8.619126 4.0222588
3.7158008 8.542511 3.3327289
4.1371803 8.427589 3.1028855
3.9456444 8.542511 2.873042
3.8307228 8.619125 2.8347347
3.6391864 8.810662 2.8347347
3.4476504 8.963891 2.7581203
3.2561142 8.963891 2.6048915
3.1794996 8.963891 2.6048915
3.1411924 8.963891 2.413355
3.1028852 9.002198 2.413355
3.1028852 9.040505 2.2601264
2.9879637 9.002198 2.2218192
2.6431987 8.963891 2.4133554
2.2601264 8.848969 2.6815062
2.1068974 8.925584 2.6431987
1.9153614 9.040505 2.2601264
1.8387469 9.002198 2.1452045
1.8387469 8.887277 2.2601264
1.8387469 8.619125 2.6048915
1.8004396 8.427589 3.1411927
1.532289 8.350975 3.1794999
1.3024457 8.465898 3.064578
1.1109096 8.580819 2.7581203
1.4173675 8.810662 2.4133554
1.6089035 8.810662 2.4133554
1.685518 8.810662 2.6431987
1.5322891 8.848969 2.9496567
0.80445176 8.963891 3.2944217
0.4213795 9.078813 3.2944217
0.076614454 9.193735 3.064578
-0.19153613 9.423578 2.7964275
-0.57460845 9.768343 2.2601264
-0.61291564 9.844957 2.183512
-0.5363012 9.844957 2.2218194
-0.38307226 9.768343 2.336741
0.22984336 9.5385 2.6048913
0.57460845 9.461885 2.6048913
0.8810662 9.385271 2.528277
0.9959879 9.461885 2.528277
0.6512229 9.5385 2.719813
0.22984338 9.576807 2.873042
-0.038307227 9.461885 2.7964275
-0.15322891 9.385271 2.719813
0.07661445 9.346964 2.5665843
0.49799395 9.385271 2.6431987
0.6512228 9.5385 3.1028855
0.57460845 9.653421 3.6391866
0.22984338 9.576807 4.098873
-0.15322891 9.576807 4.252102
-0.11492168 9.576807 3.9073372
0.22984335 9.653421 3.371036
0.80445176 9.844957 2.7581203
1.3790601 9.80665 2.4516625
1.685518 9.768343 2.3367407
1.7621324 9.691729 2.6431985
1.685518 9.576807 3.1411924
1.5322891 9.5385 3.371036
1.340753 9.461885 3.4859576
1.1875241 9.423578 3.217807
1.0726024 9.423578 2.681506
0.99598795 9.461885 2.183512
1.0342952 9.461885 2.0685902
1.1875241 9.461885 2.1452048
1.3790603 9.461885 2.528277
1.6089036 9.5385 3.0262709
1.7238252 9.5385 3.2178073
1.5705962 9.500193 3.0262709
1.2258313 9.5385 2.566584
0.7278373 9.461885 1.9536686
0.30645782 9.500193 1.3024457
0.11492168 9.5385 1.1875241
0.11492168 9.461885 1.4173675
0.26815057 9.385271 1.9153613
0.4596867 9.346964 2.4899697
0.5746084 9.385271 2.6815057
0.45968673 9.423578 2.413355
0.22984335 9.576807 1.8387469
0.0 9.653421 1.340753
-0.038307227 9.615114 1.2641385
0.15322891 9.576807 1.7621324
0.45968673 9.385271 2.6048913
0.7278373 9.2703495 3.6391864
0.9193734 9.117121 4.5202527
1.1875241 9.002198 4.9416323
1.3790603 9.040505 5.056554
1.532289 9.11712 4.6351748
1.340753 9.232042 3.9073372
0.91937345 9.346964 3.1028855
0.53630114 9.423578 2.48997
0.22984336 9.385271 2.2984338
0.2681506 9.423578 2.336741
0.49799395 9.500193 2.6048915
0.7278373 9.5385 2.719813
0.9576807 9.576807 2.6048915
1.0342952 9.576807 2.4899697
0.99598795 9.576807 2.4899697
0.8810662 9.461885 2.719813
0.7278373 9.385271 3.1794999
0.7278373 9.308657 3.6774938
0.7661446 9.232042 3.86903
0.842759 9.308657 3.86903
0.7661446 9.346964 3.6391866
0.6895301 9.385271 3.1028855
0.7661445 9.385271 2.6431987
0.95768064 9.423578 2.2601264
1.1492169 9.423578 2.2218192
1.1492169 9.385271 2.4899697
0.842759 9.346963 2.9113493
0.2681506 9.232041 3.2561145
-0.11492169 9.270349 3.1411924
-0.34476507 9.346964 2.6431985
-0.34476507 9.461885 2.030283
-0.038307227 9.615114 1.3790601
0.26815057 9.691729 0.9576807
0.45968673 9.80665 1.1109096
0.45968673 9.844957 1.4556746
0.19153613 9.883265 2.0685902
-0.11492168 9.844957 2.873042
-0.2681506 9.80665 3.5242648
-0.2681506 9.730036 3.8307228
-0.038307227 9.576807 3.9073372
0.30645782 9.461885 3.6391866
0.61291564 9.2703495 2.9113493
0.9959879 9.232042 2.3367407
1.2641385 9.232042 1.8004397
1.2641385 9.308657 1.7238252
0.8810662 9.461885 2.1452045
0.11492169 9.500193 2.7964275
-0.6512228 9.615114 3.4476504
-1.2258313 9.691729 3.562572
-1.4173673 9.730036 3.2944214
-1.2258313 9.80665 2.6048913
-1.0342951 9.80665 1.7621324
-0.91937345 9.80665 1.2258313
-0.88106626 9.768343 0.84275895
-1.0342952 9.730036 0.6512228
-1.1492169 9.768343 0.7278373
-1.2258313 9.730036 0.9576807
-1.2258313 9.730036 1.4556746
-1.0726023 9.730036 2.0685902
-0.80445176 9.691729 2.6431987
-0.49799395 9.691729 2.9496565
-0.30645782 9.730036 3.064578
-0.2681506 9.730036 3.064578
-0.38307226 9.653421 2.9113493
-0.45968673 9.653421 2.6431987
-0.45968673 9.730036 2.4899697
-0.4213795 9.844957 2.3750482
-0.5363012 9.998186 2.336741
-0.80445176 10.113108 2.528277
-1.2641386 10.0748005 2.336741
-1.9153614 9.998186 1.8770542
-2.030283 9.921572 1.532289
-1.9153614 9.921572 1.532289
-1.8770542 9.959879 1.6089035
-2.0685902 10.036493 1.8387468
-2.4133554 10.151415 1.9919758
-2.719813 10.189722 2.1068974
-3.0262709 10.151415 2.1835117
-3.1411927 10.151415 2.2218192
-3.064578 10.113108 2.3367407
-3.1028852 10.113108 2.4133554
-3.1028852 10.189722 2.4516625
-3.1411927 10.228029 2.4516625
-3.2561142 10.266336 2.6048913
-3.4093432 10.228029 2.6431985
-3.6008794 10.036493 2.681506
-3.7924154 9.768343 2.834735
-3.9073372 9.461885 2.7964277
-3.9456444 9.193735 3.026271
-3.9456444 9.002198 3.2561145
-3.9073372 8.925584 3.371036

