-3.86903 8.963891 3.562572
-3.7541084 9.002198 3.6391864
2.719813 8.504204 4.2904096
3.371036 8.734048 3.9456444
3.7158012 8.848969 3.6391864
3.86903 8.887277 3.2561142
4.0222588 8.848969 2.9879637
3.9839516 8.887277 2.8347347
4.0222588 8.848969 2.7964275
4.1371803 8.848969 2.528277
4.1754875 8.887277 2.4516625
3.7924154 8.848969 2.528277
3.371036 8.887277 2.528277
2.873042 8.887277 2.4516625
2.4133554 8.963891 2.183512
2.2601264 9.002198 1.838747
2.4516625 8.963891 1.838747
2.7581203 8.925584 1.8770542
2.834735 9.002198 1.8004396
2.6048915 9.193735 1.4939818
2.183512 9.232042 1.4939818
1.838747 9.155428 1.7238252
1.4173675 9.040505 1.9919758
0.91937345 8.925584 2.2218192
0.7278373 8.887277 2.1068974
0.7278373 8.772355 2.1068974
0.7278373 8.695741 2.2984335
1.0726024 8.772355 3.0262709
1.2258313 8.963892 3.217807
1.3790601 9.078814 3.1028855
1.3790601 9.232042 2.7964275
0.9959879 9.423578 2.4516625
0.61291564 9.500193 2.528277
0.30645782 9.423578 2.719813
0.11492168 9.423578 2.9113493
0.53630114 9.576807 2.6431985
0.9576807 9.730036 2.566584
1.1109096 9.768343 2.528277
1.0726024 9.844957 2.528277
0.842759 9.80665 2.6431985
0.57460845 9.768343 2.4899697
0.53630114 9.80665 2.2218194
0.7278373 9.730036 1.7238252
0.8810662 9.5385 1.6089035
1.0342951 9.500193 1.7238252
1.6472108 9.461885 2.6431985
2.1068974 9.385271 3.064578
2.566584 9.270349 3.4476504
2.9879637 9.11712 3.4859576
3.3327286 9.002198 3.1411927
2.9113493 9.040505 2.6815062
2.681506 9.078813 2.566584
2.2984335 8.963891 2.4899697
2.2218192 9.040505 1.8004396
2.3750482 9.193735 1.4939818
2.2601264 9.5385 2.030283
1.7621325 9.5385 2.6815057
1.0342951 9.500193 3.2561142
0.5363012 9.576807 3.4859576
0.38307226 9.615114 3.1794999
0.61291564 9.730036 2.528277
0.91937345 9.883265 2.030283
1.0726024 9.80665 1.7621324
1.1109096 9.730036 1.9153614
1.1109096 9.691729 2.2601264
1.1875241 9.576807 2.6048913
1.3790601 9.500193 2.911349
1.532289 9.461885 3.0262709
1.4939818 9.423578 2.9496562
1.187524 9.500193 2.566584
1.1492168 9.423578 2.3750482
1.2258313 9.461885 2.3750482
1.1875241 9.423578 2.6048913
0.842759 9.423578 3.1028855
0.49799395 9.346964 3.064578
0.38307226 9.385271 2.336741
0.91937345 9.308657 1.838747
1.2641385 9.232042 1.838747
1.4173673 9.193734 1.9919758
1.3407528 9.193734 2.2218192
0.7278373 9.270349 2.2601264
0.34476504 9.308657 2.0685902
0.2681506 9.385271 1.8770541
0.3830723 9.5385 1.8004397
0.68953013 9.615114 1.9153613
0.88106626 9.653421 2.2218192
1.0342951 9.653421 2.3750482
0.99598795 9.615114 2.4133554
1.0342951 9.500193 2.2601266
1.1109096 9.576807 2.0302832
1.0726024 9.615114 2.0302832
0.9576807 9.576807 2.2601264
0.8044517 9.615114 2.566584
0.6512228 9.576807 2.7964275
0.49799395 9.5385 2.9879637
0.3830723 9.500193 2.7964275
0.3830723 9.500193 2.4516625
0.4213795 9.500193 1.4939818
0.5363012 9.576807 1.2258313
0.49799398 9.615114 1.2641386
0.45968676 9.615114 1.4173675
0.19153613 9.653421 1.685518
-0.076614454 9.615114 1.7238252
-0.19153613 9.576807 1.9536686
-0.19153613 9.615114 2.2601266
-0.3064578 9.5385 2.3750482
-0.3064578 9.461885 2.4899697
-0.42137948 9.38527 2.375048
-0.49799395 9.270349 2.2601264
-0.22984336 9.308656 2.4516625
0.076614454 9.346964 2.6048913
0.38307226 9.385271 2.9113493
0.5746084 9.423578 3.1795
0.7661445 9.385271 3.2178073
0.842759 9.346964 3.064578
0.7661445 9.308656 2.834735
0.34476507 9.270349 2.566584
-0.7661446 9.232041 2.6431985
-1.1109096 9.308657 2.7964275
-1.0342951 9.423578 2.8730419
-0.68953013 9.5385 2.7964275
-0.5363012 9.691729 2.4516625
-0.61291564 9.768343 2.0685902
-0.9576807 9.691729 1.7238252
-1.6089035 9.768343 1.4939818
-2.030283 9.768343 1.6089035
-2.183512 9.80665 1.7621324
-2.183512 9.921572 1.9153614
-1.9919758 9.959879 1.8004396
-1.7621324 10.036493 1.4173675
-1.4939818 9.959879 0.8810662
-1.1875241 9.80665 0.30645782
-0.91937345 9.500193 0.0
-0.7661445 9.155428 0.11492168
-0.8044517 8.925584 0.6512229
-0.9959879 9.040505 1.3790603
-1.4173673 9.38527 2.1452048
-2.0685902 9.80665 2.5665843
-3.562572 10.381259 2.4516625
-3.86903 10.381259 2.2601266
-3.6008792 10.457873 2.2601266
-2.8347347 10.457873 2.4899697
-1.877054 10.611102 3.1795
-1.2641385 10.879253 3.9456444
-1.1875241 11.032482 4.7500963
-1.5705962 11.109097 5.2863975
-2.4133554 11.032482 5.2863975
-3.2944214 10.840945 5.094861
-3.9456441 10.534488 4.55856
-4.3287163 10.304644 3.9073372
-4.4053307 10.151415 3.5625722
-4.3287163 9.998186 3.2561142
-4.3287163 9.998186 3.217807
-4.4053307 9.998186 3.2944214
-4.5202527 9.921572 3.1411927
-4.4053307 9.730036 2.8347347
-3.9073372 9.078813 1.7238253
-3.4859576 8.772355 1.1492168
-3.2178073 8.695741 0.8044518
-2.834735 8.848969 0.61291564
-3.1411927 9.155427 1.340753
-3.5625722 9.2703495 1.8770542
-3.7541084 9.2703495 2.2601266
-3.86903 9.308657 2.3750482
-3.6774938 9.346964 2.2601266
-3.371036 9.385271 2.1068976
-3.217807 9.5385 1.8004397
-3.3327286 9.576807 1.4556746
-3.7924154 9.653421 1.2641385
-4.4819455 9.653421 1.1492168
-5.2480903 9.5385 1.4173675

