-5.784391 9.308657 2.0685902
3.5625722 8.504205 3.9839516
3.4859579 8.695741 4.0222588
3.1794999 8.925584 3.7541082
3.217807 9.078813 3.4859576
3.1411927 9.193734 3.2561142
3.1411927 9.11712 3.064578
3.2561142 9.078813 3.1028852
3.371036 9.002198 3.1794996
3.5242648 8.810662 3.2178068
3.6008792 8.772355 3.1794996
3.4859576 8.734048 3.1028852
3.2178068 8.695741 2.873042
2.3750482 8.734048 2.2984338
1.9919758 8.6574335 2.1452045
1.7238252 8.350975 2.2218192
1.8387468 8.121132 2.413355
2.0685902 8.082825 2.528277
2.2984335 8.197746 2.528277
2.336741 8.734048 2.2984335
1.838747 9.040505 2.3367407
1.5705962 9.232041 2.681506
1.4939818 9.308657 3.4859576
1.4556746 9.308657 3.7924154
1.3024457 9.2703495 3.8307226
0.9959879 9.346964 3.8690298
0.57460845 9.691729 3.6774938
0.6512229 9.80665 3.6391866
0.9576807 9.844957 3.6008794
1.4556746 9.768343 3.5242648
2.336741 9.576807 2.9496567
2.4133554 9.423578 2.8347347
2.1452048 9.385271 2.7581203
1.7238253 9.423578 2.8347347
0.9576807 9.653421 3.1411927
0.9576807 9.615114 3.217807
1.2258313 9.461885 3.1411927
1.8004396 9.308657 2.873042
2.8347347 9.11712 2.0685904
3.0262709 9.155427 2.0302832
2.7964275 9.11712 2.3750482
2.3750482 9.078813 2.7581205
1.3790601 9.232042 2.834735
0.9576807 9.2703495 2.2218192
0.7661445 9.308657 1.6472107
0.8044517 9.308657 1.3024457
0.95768064 9.308657 1.4939818
1.3024457 9.423578 1.9919758
1.6089036 9.5385 2.4899697
1.6089036 9.5385 2.8730419
1.340753 9.500193 2.8347347
0.5746084 9.2703495 2.3367407
0.42137948 9.2703495 1.9919758
0.6512228 9.423578 1.9153614
0.9959879 9.5385 1.9536686
1.2641385 9.5385 2.1452048
1.4556746 9.576807 2.4899697
1.4556746 9.500193 2.7581203
1.3024457 9.461885 2.7581203
0.9959879 9.5385 2.528277
0.7661445 9.576807 1.9919758
0.6895301 9.653421 1.4939818
0.6895301 9.730036 1.2258313
0.84275895 9.80665 1.1875241
0.9959879 9.844957 1.3790601
1.1109096 9.80665 1.685518
1.1492169 9.730036 1.9919758
1.1109096 9.5385 2.1452048
0.7661445 9.5385 2.030283
0.61291564 9.576807 1.7621324
0.5363012 9.730036 1.4939818
0.61291564 9.653421 1.4556746
0.9959879 9.5385 1.6089036
1.2258313 9.423578 1.8770542
1.3790601 9.461885 1.9919758
1.3790601 9.5385 2.1452045
0.9959879 9.5385 2.221819
0.8044517 9.500193 1.9153613
0.72783726 9.500193 1.4939818
0.72783726 9.500193 1.1109095
0.7278373 9.576807 0.91937345
0.57460845 9.576807 1.2641385
0.38307226 9.653421 1.7238252
0.22984335 9.730036 2.0685904
0.30645782 9.768343 2.183512
0.57460845 9.768343 2.183512
0.9576807 9.730036 2.183512
1.3024458 9.730036 2.1452048
1.4173675 9.730036 2.0685904
1.3024457 9.691729 1.7621324
0.9959879 9.691729 1.4939818
0.6512228 9.615114 1.2641385
0.49799395 9.576807 1.0726024
0.49799395 9.500193 1.0342952
0.6512229 9.500193 1.1875241
0.8810662 9.500193 1.4173675
1.0342951 9.461885 1.685518
0.9959879 9.461885 1.7621324
0.8044518 9.423578 1.5705962
0.3830723 9.385271 1.2641385
-0.07661445 9.346964 0.95768064
-0.42137948 9.385271 0.80445176
-0.61291564 9.346964 0.80445176
-0.22984335 9.385271 1.0726024
0.0 9.461885 1.2258313
0.076614454 9.5385 1.187524
-0.07661445 9.576807 1.1109096
-0.53630114 9.5385 1.0342951
-1.0342951 9.423578 1.1492168
-1.4556746 9.308657 1.4173673
-1.5705963 9.232042 1.6089035
-1.3024458 9.308657 1.7238252
-0.80445176 9.385271 1.6089035
-0.30645782 9.5385 1.5322891
-0.076614454 9.768343 1.4556746
-0.2681506 9.730036 1.3790603
-0.53630114 9.768343 1.6089034
-0.8044518 9.730036 1.7621324
-0.842759 9.730036 1.9919758
-0.61291564 9.921572 2.183512
-0.4213795 9.998186 2.0685902
-0.30645782 10.036493 1.8004396
-0.34476504 9.998186 1.2641385
-0.45968673 9.653421 0.3830723
-0.4213795 9.615114 0.2681506
-0.5363012 9.576807 0.38307226
-0.68953013 9.5385 0.80445176
-0.99598795 9.5385 1.3407528
-1.2641385 9.423578 1.877054
-1.3407528 9.346964 2.3367407
-1.3024457 9.2703495 2.528277
-1.0726024 9.193734 2.3750482
-0.8044517 9.2703495 1.9919758
-0.53630114 9.385271 1.6089035
-0.42137948 9.653421 1.1109096
-0.49799392 9.844957 0.61291564
-0.7661445 9.844957 0.2681506
-1.0726023 9.883265 0.15322891
-1.187524 9.883265 0.11492168
-1.187524 10.113108 0.34476507
-1.1109096 10.457872 0.61291564
-1.0342951 10.649408 0.6512229
-1.2258313 10.802638 0.6129157
-1.532289 10.764331 0.38307226
-1.7238252 10.6877165 0.038307227
-1.8770542 10.649409 -0.30645782
-1.838747 10.534487 -0.4213795
-1.7621324 10.419565 -0.03830722
-1.8004396 10.381258 0.57460845
-1.9919758 10.457873 1.340753
-2.2601264 10.419566 2.1068976
-2.873042 10.0748005 3.217807
-3.0645783 9.921572 3.217807
-3.217807 9.921572 3.1028855
-3.2561142 10.0748005 2.7581203
-3.217807 10.151415 2.4516625
-3.2561145 10.266336 2.3750482
-3.2178068 10.266336 2.4516625
-3.1794996 10.113108 2.6815057
-3.1028852 10.0748005 2.873042
-3.064578 9.959879 3.064578
-3.217807 9.768343 3.2561142
-3.6008792 9.615114 3.4476504
-3.907337 9.461885 3.6008794
-4.0222588 9.193735 3.6391869
-3.9073372 9.155427 3.4093432
-3.562572 9.11712 2.9879637
-3.2561145 9.040505 2.6048913
-3.0645783 9.078813 2.1068974
-3.0645783 9.002198 1.8004397
-3.371036 8.963891 1.4939818
-3.5242648 9.002198 1.5705962
-3.4859576 9.078813 1.685518
-3.2944217 9.155427 1.8004396
-3.1411924 9.308657 1.6472108
-3.1411924 9.346964 1.532289
-3.3327289 9.461885 1.37906

