-3.7158008 9.461885 1.4173675
-4.098873 9.423578 1.685518
2.2218192 9.308657 3.217807
2.4133554 9.423578 3.1028855
2.4899697 9.423578 2.7581203
2.6048913 9.423578 2.719813
2.4899697 9.308657 2.7581203
2.566584 9.308657 2.7964275
2.75812 9.155428 2.7964275
3.1794999 9.193735 2.8347347
3.217807 9.232042 3.0262709
3.0645783 9.346964 3.1794999
2.719813 9.461885 3.4476504
2.3750482 9.423578 3.562572
2.0685902 9.308657 3.5242648
1.8770542 9.232042 3.4859576
1.8004397 9.117121 3.2561145
1.7621324 9.078813 3.1411927
1.685518 9.193734 3.1028855
1.5705965 9.38527 3.064578
1.4556746 9.5385 2.9496562
1.3407528 9.653421 2.75812
1.3024457 9.691729 2.566584
1.3407528 9.576807 2.4516625
1.3407528 9.461885 2.528277
1.3024457 9.346963 2.566584
1.2258313 9.11712 2.6048913
1.0726024 9.002198 2.528277
1.0342951 8.925584 2.528277
0.9959879 8.925584 2.5665843
0.9193735 9.002198 2.4133554
0.842759 9.078813 2.183512
0.61291564 9.11712 1.8770542
0.49799395 9.078813 1.6472108
0.45968673 9.11712 1.6472108
0.53630114 9.078813 1.8387468
0.80445176 9.11712 2.1068976
1.0342951 9.232042 2.4133554
1.1875241 9.232042 2.681506
1.3024457 9.308657 2.9113493
1.3024457 9.346964 2.9496565
1.1109096 9.346964 2.7964275
0.7661445 9.346964 2.566584
0.2681506 9.308657 2.2601264
-0.19153613 9.346964 1.9153614
-0.4213795 9.346964 1.7621324
-0.30645782 9.461885 1.7621324
0.0 9.461885 1.9919758
0.38307226 9.461885 2.336741
0.7278373 9.423578 2.6431987
0.9193735 9.346964 2.873042
0.9959879 9.385271 2.9113493
0.9193734 9.2703495 2.7964275
0.84275895 9.232041 2.7581203
0.7661446 9.193734 2.681506
0.80445176 9.155427 2.7581203
0.9959879 9.232041 2.9113493
1.2258313 9.2703495 3.1411927
1.4556746 9.346964 3.4476504
1.5705962 9.461885 3.6391866
1.532289 9.5385 3.7924156
1.3024457 9.653421 3.7158012
1.0726023 9.730036 3.4093432
0.80445176 9.844957 2.9496565
0.61291564 9.921572 2.7198133
0.5363012 9.959879 2.6048915
0.45968673 9.921572 2.873042
0.45968673 9.844957 3.3327289
0.45968673 9.80665 3.6774938
0.4213795 9.844957 3.7924156
0.34476507 9.998186 3.2944217
0.22984336 10.113108 2.681506
0.11492168 10.189722 1.9153614
0.038307227 10.228029 1.3790603
-0.038307227 10.113108 1.4173675
-0.11492168 10.036493 1.7238252
-0.11492168 9.883265 2.719813
-0.076614454 9.80665 2.9496565
0.038307227 9.768343 2.8347347
0.11492168 9.730036 2.413355
0.34476504 9.730036 1.4939818
0.4213795 9.691729 1.4173675
0.49799395 9.653421 1.685518
0.49799395 9.615114 1.9536686
0.5363012 9.5385 1.9919758
0.5363012 9.500193 1.7238252
0.61291564 9.576807 1.4556746
0.6895301 9.576807 1.3407528
0.72783726 9.5385 1.8387468
0.68953 9.385271 2.528277
0.61291564 9.308657 3.2561145
0.57460845 9.2703495 3.7924154
0.49799395 9.308657 3.8307226
0.4213795 9.346964 3.4476502
0.38307226 9.500193 2.6815057
0.34476507 9.615114 1.685518
0.34476507 9.615114 0.842759
0.45968673 9.653421 0.30645782
0.5746084 9.5385 0.15322891
0.6512228 9.423578 0.6512228
0.61291564 9.385271 1.37906
0.3830723 9.2703495 2.1452045
0.076614454 9.2703495 2.6431987
-0.22984338 9.232042 2.6431987
-0.4213795 9.2703495 2.183512
-0.45968676 9.423578 1.493982
-0.34476507 9.461885 1.0726024
-0.22984336 9.5385 1.0342951
-0.22984336 9.500193 1.4939818
-0.38307226 9.423578 2.2218192
-0.7278373 9.385271 2.834735
-0.9959879 9.308657 3.2178073
-1.0342951 9.346964 3.0262709
-0.88106614 9.385271 2.4516625
-0.5363012 9.500193 1.685518
-0.22984336 9.653421 0.8810662
-0.11492168 9.730036 0.57460845
-0.19153613 9.730036 0.6895301
-0.45968673 9.576807 1.2258313
-0.76614463 9.500193 1.8770541
-0.9959879 9.423578 2.2984335
-1.0342951 9.500193 2.375048
-0.95768064 9.615114 2.2218192
-0.88106626 9.653421 1.8770542
-0.88106626 9.615114 1.6089035
-1.1492169 9.385271 1.4556746
-1.1875241 9.346964 1.4556746
-1.1875241 9.385271 1.3790603
-1.1492168 9.461885 1.0726024
-1.0726024 9.576807 0.9193734
-1.1109096 9.653421 1.0342951
-1.3024458 9.653421 1.3024458
-1.4556746 9.615114 1.7238252
-1.5705962 9.653421 2.2218192
-1.6089036 9.615114 2.4133554
-1.4173675 9.730036 2.566584
-1.2641385 9.844957 2.6431985
-1.187524 9.959879 2.528277
-1.3024457 9.998186 2.1835117
-1.5705962 9.959879 1.6472107
-1.7621324 9.883265 1.1109096
-1.838747 9.80665 0.6512229
-1.6472108 9.883265 0.5746084
-1.4173673 9.959879 0.84275895
-1.3024457 10.0748005 1.2641385
-1.340753 10.113108 1.7238252
-1.5705963 10.036493 2.1068976
-1.8770541 9.921572 2.1068976
-2.183512 9.768343 1.9536687
-2.3750482 9.615114 1.685518
-2.4516625 9.5385 1.5322891
-2.3750482 9.5385 1.4939818
-1.9919758 9.768343 1.7621324
-1.7238252 9.883265 1.8770541
-1.5322891 9.959879 2.030283
-1.3790603 9.921572 1.9919759
-1.2258313 9.844957 1.8004397
-1.2641385 9.768343 1.493982
-1.4173675 9.691729 1.1875241
-1.8387469 9.653421 1.1109096
-2.528277 9.653421 1.2258313
-3.217807 9.691729 1.4173673
-3.7541082 9.653421 1.685518
-3.9073372 9.691729 1.8004397
-3.754108 9.691729 1.6472107
-3.4859576 9.5385 1.4556746
-3.256114 9.423578 1.3024458
-3.2944214 9.270349 1.1875241
-3.4859576 9.155427 1.4173675
-3.9456444 9.11712 1.7238252
-4.4436383 9.11712 1.9919758
-4.7884035 9.002198 2.183512
-5.0182467 8.963891 1.9153614
-4.9799395 8.925584 1.5705963
-4.7884035 9.040505 1.3024458
-4.6351743 9.346964 1.1492169

