-4.55856 9.576807 1.3024457
-4.6351743 9.883265 1.4556746
2.566584 9.346964 1.8004397
2.9496562 9.2703495 2.5282772
2.9879637 9.11712 3.2561145
3.064578 9.11712 3.4859576
3.4859576 9.002198 3.86903
3.4859576 9.117121 4.0222588
3.4476502 9.308657 3.9456444
3.2561142 9.461885 3.6774936
2.9496562 9.576807 3.3327289
2.566584 9.615114 2.9113493
2.2218192 9.576807 2.6431985
1.9919758 9.500193 2.566584
1.8387469 9.423578 2.6431985
1.685518 9.423578 2.6431985
1.532289 9.500193 2.681506
1.3024457 9.576807 2.6048915
1.0342951 9.653421 2.4899697
0.84275895 9.768343 2.3750482
0.72783726 9.768343 2.2218192
0.6895301 9.768343 2.1068974
0.72783726 9.653421 1.9919758
0.6895301 9.461885 2.1452048
0.6512228 9.385271 2.2984338
0.6512228 9.308657 2.4516628
0.6512228 9.346964 2.5665843
0.7278373 9.423578 2.4516625
0.80445176 9.461885 2.3367407
0.80445176 9.346964 2.183512
0.9959879 9.193735 2.030283
1.1109096 9.193735 1.9919758
1.1875241 9.346964 2.1068974
1.1109096 9.385271 2.2218192
0.9193734 9.385271 2.3750482
0.6512228 9.423578 2.5282772
0.49799395 9.385271 2.4516628
0.6895301 9.423578 2.2218192
1.0342951 9.346964 2.1452048
1.4173675 9.346964 2.1452048
2.030283 9.232042 2.336741
2.1068974 9.155427 2.4899697
2.1068974 9.078813 2.7581203
2.0685902 9.078813 3.026271
1.9536686 9.078813 3.1794999
1.7238252 9.155428 2.9496565
1.3790601 9.078814 2.4516625
1.0726024 9.117121 1.8770541
0.8810662 9.117121 1.4556746
1.0342951 9.117121 1.3790603
1.3407528 9.232042 1.6089036
1.685518 9.155428 2.0685902
1.8770542 9.078814 2.566584
1.9153614 8.925584 2.9879637
1.6472108 8.734048 3.064578
1.5322891 8.695741 2.7581205
1.3024458 8.6574335 2.4899697
1.0726024 8.6574335 2.375048
0.5363012 8.772355 2.6048913
0.38307226 8.887277 2.719813
0.344765 9.002198 2.7964275
0.49799395 9.11712 2.9496565
0.842759 9.078813 2.873042
0.9959879 9.002198 2.7581203
1.0342952 8.925584 2.719813
1.0342952 8.963891 2.719813
0.80445176 9.155427 3.0645783
0.61291564 9.270349 3.2944214
0.49799395 9.346964 3.524265
0.30645782 9.461885 3.524265
0.11492168 9.5385 3.026271
-0.07661445 9.615114 2.4899697
-0.30645782 9.691729 1.8770541
-0.38307226 9.653421 1.6089035
-0.38307226 9.576807 1.8004397
-0.38307226 9.576807 2.2984335
-0.30645782 9.500193 2.7964277
-0.22984335 9.500193 3.2944217
-0.22984335 9.615114 3.3327289
-0.3064578 9.615114 2.9879637
-0.4596867 9.691729 2.528277
-0.5746084 9.768343 1.9153614
-0.45968673 9.844957 1.8387469
-0.07661446 9.921572 2.2218192
0.3064578 9.844957 2.8347347
0.6512228 9.883265 3.4476504
0.7661445 9.80665 3.4859576
0.61291564 9.730036 3.1411927
0.38307226 9.768343 2.528277
0.15322891 9.653421 1.8770542
0.0 9.615114 1.7238252
0.11492168 9.615114 1.838747
0.2681506 9.615114 2.2601264
0.2681506 9.615114 2.6431987
0.19153613 9.615114 2.528277
-0.07661445 9.653421 2.1452048
-0.22984335 9.844957 1.4556746
-0.30645782 10.113108 0.61291564
-0.38307226 10.113108 0.7278373
-0.5363012 10.036493 1.2641385
-0.6895301 9.921572 1.9919758
-0.61291564 9.844957 2.528277
-0.42137948 9.883265 2.873042
-0.19153613 9.844957 2.8347347
0.038307227 9.921572 2.6048913
0.076614454 9.844957 2.336741
0.0 9.768343 2.2218192
-0.076614454 9.691729 2.2218192
-0.11492168 9.5385 2.528277
-0.076614454 9.500193 2.9496565
0.15322891 9.500193 3.4476504
0.49799395 9.423578 3.7924156
0.7278373 9.500193 3.7541082
0.8044518 9.500193 3.562572
0.6512229 9.461885 3.064578
0.15322891 9.500193 2.7581203
-0.6512228 9.576807 2.7198133
-0.7661446 9.691729 2.873042
-0.57460845 9.768343 3.0645783
-0.30645782 9.844957 3.217807
0.15322891 9.844957 3.1028855
0.49799395 9.768343 2.911349
0.6895301 9.730036 2.6048913
0.7278373 9.615114 2.2218192
0.49799395 9.5385 1.9919758
0.2681506 9.5385 1.6089036
0.11492168 9.5385 1.3790601
0.038307227 9.653421 1.187524
0.11492168 9.691729 0.9959879
0.076614454 9.615114 1.187524
-0.076614454 9.461885 1.3024457
-0.34476504 9.193734 1.3407528
-0.5746084 8.925584 1.2641385
-0.5363012 8.772355 0.8810662
-0.26815057 8.887277 0.45968673
0.11492169 9.078814 0.30645782
0.45968673 9.385271 0.34476504
0.49799395 9.653421 0.7661446
0.114921674 9.730036 1.4173675
-0.5363012 9.730036 2.030283
-1.340753 9.691729 2.3750482
-2.1452048 9.653421 2.4899697
-2.6431987 9.691729 2.2218192
-2.681506 9.80665 1.6089035
-2.1068976 10.036493 0.7661445
-1.6089036 10.113108 0.5746084
-1.340753 10.304644 0.6895301
-1.4173673 10.457872 0.7661445
-1.9153614 10.457872 1.0342951
-2.719813 10.342951 1.4173675
-3.562572 10.151415 1.838747
-4.0222588 9.921572 2.2601264
-4.1371803 9.959879 2.4133554
-4.060566 10.0748005 2.3750482
-3.9839516 10.113108 2.2984335
-4.098873 10.266336 2.183512
-4.3287168 10.113108 2.3367407
-4.4819455 9.959879 2.566584
-4.5202527 9.921572 2.7581203
-4.367024 9.883265 2.9879637
-4.252102 9.921572 2.9879637
-4.3287168 9.998186 2.7964275
-4.673482 9.844957 1.838747
-4.8267107 9.768343 1.2258313
-4.7884035 9.691729 0.61291564
-4.6734815 9.768343 0.15322891
-4.6351743 9.959879 -0.076614454
-4.6351743 10.113108 -0.11492168
-4.673482 10.342951 -0.076614454
-4.711789 10.457873 0.11492168
-4.865018 10.457873 0.45968673

