2.183512 9.040505 4.137181
2.1068976 9.040505 4.5585604
2.1068976 9.040505 4.520253
1.9536686 9.078813 4.5585604
1.7621324 9.11712 4.443639
1.6472108 9.078813 4.443639
1.5705963 9.040505 4.213795
1.5705963 9.193734 3.9456444
1.5322891 9.193734 3.7158012
1.4556746 9.2703495 3.4859576
1.6089035 9.423578 3.371036
1.6089035 9.385271 3.1795
1.4556746 9.385271 2.9496565
1.2641385 9.308657 2.6431985
1.1492168 9.155427 2.3367407
1.2641385 9.078813 2.2601264
1.4939818 9.040505 2.2601264
1.7621325 8.963891 2.2984335
1.8004398 8.925584 2.2984335
1.838747 8.925584 2.2984335
1.8770542 8.963891 2.375048
1.9536686 9.11712 2.4133554
1.9536686 9.193734 2.2601264
1.7238252 9.11712 1.9919758
1.6089036 9.078813 1.8770541
1.7621324 9.078813 1.9919758
2.030283 9.040505 2.336741
2.3750482 9.040505 2.6048913
2.4516625 9.117121 2.528277
2.1068976 9.002198 2.2984335
1.685518 9.040505 2.2218192
1.3407528 9.11712 2.336741
1.3024457 9.11712 2.5665843
1.532289 9.2703495 2.7581205
1.8387468 9.423578 2.7581205
2.2984335 9.5385 2.6048915
2.2984335 9.5385 2.4516625
2.1068974 9.423578 2.375048
1.6855179 9.385271 2.4133554
0.80445176 9.308657 2.6048913
0.5363012 9.423578 2.681506
0.45968676 9.500193 2.7964277
0.45968676 9.576807 2.719813
0.6895301 9.768343 2.4899697
0.80445176 9.883265 2.2218192
0.80445176 9.883265 2.1835117
0.7278373 9.768343 2.375048
0.34476507 9.615114 3.1028855
0.26815057 9.615114 3.2944217
0.30645782 9.691729 3.1411927
0.38307226 9.768343 2.7964275
0.5746084 9.80665 2.528277
0.6512228 9.883265 2.2601264
0.68953 9.921572 2.1452045
0.5746084 9.959879 2.1452045
0.4213795 9.921572 2.0685902
0.45968673 9.844957 1.8387469
0.7278373 9.653421 1.6089035
0.9193734 9.5385 1.532289
0.9959879 9.576807 1.532289
0.9193735 9.576807 1.4556745
0.34476504 9.653421 1.4556745
-0.038307227 9.653421 1.4173675
-0.038307227 9.615114 1.4939818
0.076614454 9.5385 1.4173673
0.038307227 9.500193 1.3407528
-0.11492168 9.5385 1.1492168
-0.3830723 9.615114 0.9959879
-0.49799398 9.653421 0.9959879
-0.45968673 9.653421 1.1492168
-0.30645782 9.576807 1.2258313
-0.114921674 9.653421 1.2641385
0.038307227 9.730036 1.1875241
0.076614454 9.768343 1.1109096
-0.076614454 9.844957 1.0342951
-0.2681506 9.844957 0.9959879
-0.4213795 9.768343 1.0342952
-0.3830723 9.615114 1.1875241
-0.19153614 9.500193 1.2641385
0.076614454 9.461885 1.340753
0.19153613 9.461885 1.3790601
-0.076614454 9.385271 1.3407528
-0.34476504 9.2703495 1.4173673
-0.45968673 9.193734 1.4173673
-0.49799398 9.11712 1.4556746
-0.19153613 9.155427 1.5705962
-0.038307227 9.193734 1.8770542
0.038307227 9.2703495 2.030283
-0.11492168 9.346964 2.1452048
-0.45968673 9.385271 2.1068974
-0.57460845 9.423578 2.1068974
-0.5363012 9.500193 2.030283
-0.5746084 9.615114 1.9153614
-0.6895301 9.730036 1.7238252
-0.9576807 9.844957 1.6472108
-1.3024458 9.883265 1.6089036
-1.5322891 9.883265 1.685518
-1.6089035 9.844957 1.6472108
-1.4173673 9.844957 1.6089036
-1.0726023 9.80665 1.6089036
-0.7278373 9.80665 1.6089036
-0.5363012 9.80665 1.685518
-0.5363012 9.730036 1.7238252
-0.68953013 9.691729 1.7621324
-0.9576807 9.615114 1.7621324
-1.2258313 9.5385 1.7621324
-1.4173673 9.500193 1.8770542
-1.532289 9.500193 1.9153614
-1.4556746 9.5385 1.9919758
-1.2258313 9.615114 2.0685902
-0.8810662 9.653421 1.9153613
-0.5363012 9.691729 1.7238252
-0.22984335 9.80665 1.4939818
-0.11492168 9.844957 1.3024457
-0.26815057 9.883265 1.2258313
-0.4596867 9.844957 1.340753
-0.80445176 9.730036 1.5705965
-0.99598795 9.730036 1.8004398
-1.0342952 9.80665 1.8770542
-0.9576807 9.921572 1.9536686
-0.8810662 10.0748005 1.8387469
-0.8810662 10.151415 1.7238252
-0.9193734 10.113108 1.685518
-1.0342951 10.113108 1.6089036
-1.0726024 9.998186 1.5705962
-1.0726024 9.998186 1.532289
-1.0342952 9.921572 1.685518
-0.99598795 9.768343 1.8387468
-0.91937345 9.653421 1.9919758
-0.80445176 9.385271 2.1452048
-0.7661445 9.117121 2.1068976
-0.7661445 8.887277 1.8770542
-1.0342951 8.695741 1.8387469
-1.685518 8.542512 1.9153614
-2.528277 8.580819 2.2601264
-3.2944214 8.772356 2.681506
-3.715801 9.040506 3.0262709
-3.562572 9.461885 3.2561142
-3.1028852 9.921572 3.1411927
-2.7581203 10.22803 3.1028855
-2.7964277 10.342952 3.1411927
-3.3327289 10.304645 3.1411927
-4.0222588 10.151415 3.2944214
-4.7500963 9.959879 3.3710358
-5.2863975 9.883265 3.2944214
-5.8226986 9.80665 3.0262709
-5.93762 9.80665 2.7581203
-5.7843914 9.691729 2.4133554
-5.4779334 9.653421 2.030283
-5.0182467 9.615114 1.7621324
-4.5202527 9.576807 1.5705963
-4.3287168 9.691729 1.5322891
-4.405331 9.730036 1.6089035
-4.7884035 9.768343 1.685518
-5.401319 9.80665 1.7238252
-5.93762 9.768343 1.4939818
-6.2823853 9.691729 1.1109096
-6.2440777 9.653421 0.68953
-5.861006 9.576807 0.344765
-5.3630114 9.5385 0.344765
-4.903325 9.5385 0.7278373

