2.7964275 8.848969 3.8307228
3.715801 8.734048 4.367024
3.715801 8.925584 4.55856
4.060566 9.078813 4.252102
4.098873 8.925584 4.55856
3.9456444 8.887277 4.290409
3.677494 8.772355 4.2137947
3.371036 8.734048 4.1754875
3.217807 8.695741 4.098873
3.1794999 8.734048 4.0222588
3.1411927 8.848969 3.86903
3.1028855 8.925584 3.7541084
3.064578 9.002198 3.7541084
2.7581203 9.155427 3.715801
2.528277 9.232042 3.5242648
2.0685902 9.2703495 3.1794999
1.8770542 9.193734 2.9879637
1.8004396 9.193734 3.1028855
1.6472108 9.346964 3.3710358
1.532289 9.500193 3.6391864
1.37906 9.576807 3.6774936
1.2258313 9.691729 3.6008792
0.8044517 9.653421 3.0645783
0.8044517 9.461885 2.7964277
1.0342951 9.385271 2.834735
1.4556746 9.2703495 2.8730419
1.6472107 9.2703495 2.7581203
1.8004397 9.193735 2.7581203
1.838747 9.155427 2.6431987
1.7238252 8.963891 2.6048915
1.6089036 8.963891 2.3750482
1.6089036 8.963891 2.183512
1.5705965 9.078813 2.1068974
1.4556746 9.423578 1.8770541
1.3790601 9.5385 1.7238252
1.3790601 9.576807 1.4556746
1.3790601 9.5385 1.2641385
1.4939818 9.423578 1.2258313
1.5705962 9.385271 1.493982
1.6089036 9.385271 1.8004397
1.5705962 9.461885 2.030283
1.3407528 9.461885 2.1452045
1.2641385 9.461885 1.9153614
1.3407528 9.385271 1.532289
1.5705962 9.385271 1.2641385
1.9536686 9.385271 1.3407528
1.9536686 9.423578 1.8004396
1.7238252 9.346964 2.183512
1.4173675 9.308657 2.4516628
1.1492169 9.346964 2.6431987
1.1875241 9.346964 2.6048913
1.3024458 9.346964 2.4899697
1.2258313 9.423578 2.336741
0.72783726 9.461885 1.9153614
0.4596867 9.461885 1.838747
0.4596867 9.423578 1.8770542
0.6512228 9.461885 2.183512
0.95768064 9.423578 2.528277
1.3407528 9.461885 2.8730419
1.6472107 9.385271 3.2561142
1.7621325 9.2703495 3.6008794
1.7621325 9.155427 3.8307228
1.7238252 9.002198 4.0222588
1.6472107 9.002198 4.060566
1.685518 8.963891 3.86903
1.838747 8.925584 3.6391866
1.9919758 8.925584 3.2944214
2.0685902 8.848969 2.8730419
2.1068974 8.887277 2.4899697
1.9919758 8.963891 1.7621324
2.030283 9.002198 1.5705962
2.030283 9.002198 1.4939818
1.9536686 9.040505 1.7238252
1.3024457 9.078813 1.8387469
0.842759 9.11712 1.7238252
0.4213795 9.078813 1.532289
0.30645782 8.963891 1.37906
0.6895301 8.925584 1.4556746
0.9959879 9.002199 1.6089035
0.9959879 9.232042 1.685518
0.7661445 9.385271 1.685518
0.038307227 9.576807 1.5322891
-0.15322891 9.5385 1.3790601
-0.11492168 9.576807 1.3790601
0.0 9.615114 1.6472107
0.11492168 9.615114 2.4133554
0.076614454 9.691729 2.719813
-0.076614454 9.768343 2.719813
-0.30645782 9.883265 2.3750482
-0.4213795 10.0748005 1.9153613
-0.4213795 10.304644 1.340753
-0.19153613 10.381258 0.8810662
0.19153613 10.419565 0.7661445
0.4213795 10.419565 0.8810662
0.45968673 10.342951 1.187524
0.30645782 10.457872 1.3407528
0.0 10.457872 1.2258312
-0.22984336 10.381258 1.0342952
-0.30645782 10.266336 0.8044517
-0.2681506 10.036493 0.7661445
-0.038307227 9.921572 0.8810662
0.2681506 9.80665 1.2258313
0.45968673 9.730036 1.7238252
0.49799395 9.653421 2.2218192
0.076614454 9.5385 2.681506
-0.19153613 9.5385 2.3367407
-0.34476504 9.615114 1.8004396
-0.4213795 9.653421 1.3024457
-0.34476504 9.691729 1.1109096
-0.076614454 9.653421 1.3407528
0.34476504 9.500193 1.9536686
0.8810662 9.423578 2.7581203
1.1875241 9.385271 3.4476504
1.0726023 9.500193 3.9456444
0.6512228 9.653421 4.0222588
0.07661444 9.80665 3.7924154
-0.2681506 9.921572 3.371036
-0.30645782 9.998186 2.834735
-0.19153613 9.998186 2.5665843
-0.11492168 9.998186 2.48997
-0.30645782 9.959879 2.4516625
-0.5746084 9.80665 2.5282772
-0.9959879 9.691729 2.4516625
-1.4173675 9.5385 2.3367407
-1.6089036 9.423578 2.3367407
-1.7621324 9.308657 2.3367407
-1.8387469 9.232042 2.3367407
-1.9153614 9.078813 2.3367407
-2.0685902 8.925584 2.2218192
-2.0685902 8.810662 1.877054
-1.9153614 8.810662 1.685518
-1.685518 8.848969 1.7238252
-1.6089035 8.848969 2.030283
-1.8770542 8.925584 2.7198129
-2.2601264 8.887277 3.4093432
-2.6048915 8.963891 3.7541084
-2.834735 9.11712 3.7924156
-2.987964 9.232041 3.7541084
-3.1794999 9.461885 3.5242648
-3.5242648 9.730036 3.3327286
-3.8307226 9.959879 3.2944214
-4.0222588 10.228029 3.1028855
-4.2137947 10.419565 3.0262709
-4.3670235 10.419565 3.0262709
-4.520253 10.419565 2.9879637
-4.5585604 10.304644 2.9496565
-4.481946 10.151415 2.873042
-4.213795 9.998186 2.681506
-3.86903 9.844957 2.413355
-3.4093432 9.500193 2.0685902
-3.4093432 9.461885 1.9153614
-3.6008792 9.423578 1.8770542
-4.0222588 9.461885 1.7238252
-4.367024 9.576807 1.4173675
-4.596867 9.615114 1.1492168
-4.596867 9.691729 0.8044517
-4.2904096 9.768343 0.45968673
-3.9839516 9.844957 0.22984336
-3.7541084 9.959879 0.038307227
-3.562572 9.998186 -0.076614454
-3.4859576 9.959879 0.0
-3.6008794 9.959879 0.30645785
-3.7924156 9.921572 0.842759

