-4.1371803 9.998186 1.4173675
-4.55856 10.036493 1.8770541
-4.8267107 9.998186 2.2984335
-4.865018 9.959879 2.4133554
2.6431987 8.8489685 2.7964277
2.9879637 9.002197 3.0262709
2.7581203 9.2703495 2.9113493
2.873042 9.2703495 3.1411924
2.6048915 9.193734 2.7581205
2.4133554 9.193734 2.719813
2.2984338 9.193734 2.719813
2.1068976 9.040505 2.7964275
1.9153614 8.963891 2.719813
1.685518 8.963891 2.4899697
1.4173675 8.925584 2.1452045
1.1109096 9.078813 1.6855179
0.8810662 9.232041 1.3024457
0.7278373 9.270349 1.0342951
0.57460845 9.308656 0.842759
0.84275895 9.11712 1.1492168
1.2641385 8.963891 1.5705965
1.8387468 8.848969 2.336741
2.4133554 8.734048 3.0645783
2.873042 8.810662 4.060566
2.7964275 8.925584 3.9839516
2.566584 9.078814 3.6391864
2.336741 9.193735 3.1028852
2.030283 9.423578 2.4133554
2.1068974 9.5385 2.6048913
2.2218194 9.615114 3.0262709
2.4516625 9.691729 3.5242648
2.7964277 9.615114 3.7541082
2.681506 9.576807 3.4093432
2.4133554 9.500193 2.873042
2.0685904 9.500193 2.528277
1.838747 9.461885 2.3750482
1.7621324 9.461885 2.5665843
1.9153614 9.500193 2.9879637
2.183512 9.5385 3.4093432
2.528277 9.576807 3.7541082
2.681506 9.576807 3.8307228
2.566584 9.500193 3.3327289
2.2984335 9.346964 2.566584
1.9153613 9.346964 1.7238252
1.6472107 9.346964 0.8810662
1.4939818 9.423578 0.6512228
1.4173673 9.461885 0.7661445
1.4173673 9.423578 0.9959879
1.4939818 9.385271 1.3790601
1.6472107 9.346964 1.6472107
1.8004397 9.232042 1.6472107
1.9536686 9.155427 1.6089035
1.9536686 9.11712 1.5705963
1.7621324 9.002198 1.4939818
1.5705962 9.040505 1.6089035
1.3024457 9.040505 1.7238252
1.1492169 9.040505 1.685518
1.1875241 9.155427 1.5322891
1.3024457 9.232042 1.340753
1.4556746 9.346964 1.1492168
1.6089036 9.423578 1.0726024
1.6089036 9.423578 1.187524
1.4556746 9.461885 1.3024457
1.187524 9.500193 1.3790601
0.9959879 9.576807 1.4173673
0.8810662 9.730036 1.2641385
0.9576807 9.844957 1.1875241
1.1492168 9.921572 1.1109096
1.3024458 9.998186 1.1492168
1.4173675 10.036493 1.3024457
1.4556746 10.036493 1.340753
1.4556746 10.036493 1.4173675
1.4173673 9.921572 1.3790601
1.4939818 9.844957 1.3024458
1.6089035 9.768343 1.3024458
1.8770541 9.691729 1.3024458
2.1452045 9.653421 1.4173675
2.2601266 9.5385 1.685518
2.1835122 9.500193 1.8770541
1.9153615 9.423578 2.0685902
1.6472107 9.385271 1.9536686
1.493982 9.385271 1.5705962
1.5322891 9.308657 1.1875241
1.6472108 9.232041 0.6895301
1.8387469 9.193734 0.38307226
1.9153614 9.11712 0.22984335
1.8387469 9.078813 0.30645782
1.6089035 9.078813 0.61291564
1.2258313 9.040505 1.1109096
0.91937345 8.925584 1.7238253
0.8044518 8.925584 2.1068976
0.99598795 9.002199 2.528277
1.2641385 9.117121 2.719813
1.4939818 9.385271 2.7581203
1.532289 9.500193 2.8347347
1.340753 9.461885 2.6815057
1.1492168 9.423578 2.528277
0.9576807 9.385271 2.2218192
0.7661446 9.385271 1.8387469
0.57460845 9.423578 1.3790601
0.42137948 9.461885 1.187524
0.42137948 9.5385 1.340753
0.5746084 9.500193 1.6472107
0.7661445 9.615114 2.2984335
0.9193735 9.691729 2.7581203
0.8810662 9.653421 3.0262709
0.6512228 9.768343 3.217807
0.4596867 9.730036 3.0262709
0.22984335 9.691729 2.6431985
0.11492168 9.691729 2.2984338
0.11492168 9.615114 1.8004397
0.30645782 9.500193 1.532289
0.4213795 9.461885 1.685518
0.45968676 9.423578 2.030283
0.4213795 9.576807 2.4516625
0.26815057 9.844957 2.834735
0.22984336 9.959879 2.7581203
0.22984336 9.959879 2.528277
0.26815057 9.921572 2.2984335
0.30645782 9.883265 1.9536686
0.344765 9.844957 1.7621324
0.344765 9.768343 1.4939818
0.38307226 9.615114 1.1109096
0.49799395 9.423578 0.8810662
0.6512228 9.2703495 0.6895301
0.7661445 9.040505 0.7661445
0.6895301 8.963891 0.95768064
0.61291564 8.887277 1.1875241
0.4596867 8.848969 1.1875241
0.38307226 8.848969 1.1109096
0.38307226 8.810662 0.8810662
0.2681506 8.734048 0.5746084
0.076614454 8.619126 0.5746084
-0.30645782 8.580819 0.7278373
-0.61291564 8.580819 1.2258313
-0.8810662 8.6574335 1.8770541
-1.0342951 8.810662 2.3750482
-1.1109096 9.002199 2.6048913
-1.3024458 9.193735 2.4899697
-1.4939818 9.308657 2.1835117
-1.7621325 9.500193 1.8004397
-2.030283 9.615114 1.4556746
-2.2601266 9.576807 1.3024457
-2.4899697 9.5385 1.1875241
-2.7964277 9.308657 1.340753
-3.1794999 9.078813 1.7238252
-3.6391864 8.963891 2.1068976
-4.137181 8.925584 2.5665843
-4.481946 8.963891 2.7581205
-4.711789 9.040505 2.7198133
-4.903325 9.155427 2.566584
-5.056554 9.155427 2.3750482
-5.2097826 9.193734 2.2984338
-5.3247046 9.2703495 2.3750482
-5.516241 9.155428 2.6048913
-5.746084 9.117121 2.8347347
-6.0142345 9.155428 3.0262709
-6.282385 9.117121 3.1028852
-6.435614 9.346964 2.8347347
-6.435614 9.576807 2.4133554
-6.2823853 9.691729 1.9536686
-6.1291566 9.844957 1.5322891
-5.899313 9.80665 1.4556746
-5.707777 9.730036 1.493982
-5.6311626 9.653421 1.8004397
-5.66947 9.576807 2.0685902
-5.861006 9.5385 2.2218192
-6.0525417 9.576807 2.2218192
-6.167464 9.653421 1.8387469
-6.1291566 9.691729 1.3024458
-5.899313 9.768343 0.88106626
-5.592855 9.844957 0.6512228
-5.24809 9.844957 0.91937345
-4.9033246 9.80665 1.4173675
-4.6734815 9.691729 2.0685902
-4.7117887 9.423578 2.719813
-4.7117887 9.423578 3.1794999
-4.7117887 9.461885 3.6391866
-4.7117887 9.5385 3.6391866
-4.55856 9.768343 3.371036

