-4.596867 9.768343 2.9496565
-4.7500963 9.730036 2.4516625
-4.8267107 9.653421 2.183512
2.4899697 9.423578 2.7964277
2.4133554 9.423578 2.834735
2.528277 9.346964 2.834735
2.6431985 9.2703495 2.834735
2.4899697 9.385271 2.719813
2.4899697 9.615114 2.681506
2.4899697 9.691729 2.6048915
2.3750482 9.691729 2.5282772
2.183512 9.653421 2.4516625
1.9153614 9.5385 2.4133554
1.7621324 9.500193 2.6048913
1.4939818 9.653421 2.6431985
0.99598783 9.883265 2.2984338
0.7661446 9.883265 2.030283
0.61291564 9.844957 1.8004396
0.6512229 9.768343 1.8387468
0.6895301 9.615114 1.877054
0.7661446 9.423578 2.1452048
0.88106626 9.346964 2.3750482
0.88106626 9.346964 2.4133554
0.842759 9.423578 2.2601264
0.7278373 9.500193 2.1452045
0.5746084 9.461885 2.030283
0.26815057 9.385271 1.9919758
0.19153613 9.346964 2.1452048
0.11492168 9.346964 2.183512
0.0 9.423578 2.1452048
-0.076614454 9.385271 1.6472108
0.076614454 9.423578 1.4556746
0.22984335 9.423578 1.5705965
0.49799395 9.461885 1.9536686
0.57460845 9.385271 2.2218192
0.61291564 9.2703495 2.3750482
0.53630114 9.155428 2.4133554
0.3064578 9.193734 1.9153614
0.15322891 9.270349 1.5705965
0.076614454 9.385271 1.340753
0.19153613 9.5385 1.1109096
0.57460845 9.615114 1.2258313
0.8044518 9.500193 1.340753
0.88106626 9.346963 1.7238252
0.91937345 9.308656 2.2218194
0.9576807 9.270349 2.6048913
1.0726024 9.270349 2.873042
1.2641385 9.346964 2.873042
1.4556746 9.346964 2.6048913
1.4173675 9.5385 2.2601266
1.1109097 9.653421 1.685518
0.68953013 9.653421 1.1492169
0.30645782 9.730036 0.5363012
0.30645782 9.730036 0.22984336
0.7278373 9.80665 0.38307226
1.7238252 9.5385 1.4556746
2.030283 9.423578 1.9919758
1.9919758 9.308657 2.3750482
1.7621324 9.385271 2.528277
1.1875241 9.5385 2.2984338
1.1109096 9.615114 2.1452045
1.2641385 9.653421 2.030283
1.4556746 9.730036 2.183512
1.7238252 9.615114 2.566584
1.7621324 9.576807 2.8347347
1.6472108 9.423578 2.6048915
1.2641385 9.461885 2.3750482
0.9959879 9.500193 2.3750482
0.80445176 9.500193 2.4516625
0.7661445 9.500193 2.719813
0.80445176 9.576807 2.9113493
0.80445176 9.615114 2.6431985
0.6512228 9.423578 2.528277
0.6895301 9.346964 2.6815057
0.7278373 9.2703495 3.1028852
0.5746084 9.385271 3.1028852
0.15322891 9.500193 2.719813
-0.30645782 9.5385 2.1068974
-0.61291564 9.576807 1.0342951
-0.30645782 9.500193 1.2258313
0.11492168 9.385271 1.7238252
0.45968673 9.232042 2.4899697
0.5746084 9.232042 3.1028852
0.49799392 9.2703495 3.2561142
0.26815057 9.346964 3.1028852
-0.038307227 9.423578 2.6431985
-0.22984335 9.461885 2.030283
-0.22984335 9.500193 1.532289
0.07661445 9.615114 1.7238252
0.34476504 9.576807 2.3367407
0.38307226 9.500193 2.9879637
-0.19153613 9.500193 3.6008794
-0.49799395 9.5385 3.4093432
-0.5746084 9.653421 3.064578
-0.45968673 9.653421 2.6048913
0.076614454 9.844957 2.2601264
0.5363012 9.844957 2.2218192
0.7661446 9.844957 2.4516625
0.7278373 9.768343 2.4899697
-0.19153611 9.615114 2.2601264
-0.5746084 9.500193 1.8004397
-0.5746084 9.500193 1.2258313
-0.38307226 9.500193 0.6512228
-0.038307227 9.423578 0.4596867
0.34476504 9.500193 0.61291564
0.61291564 9.5385 1.2258313
0.6895301 9.653421 2.1068974
0.45968673 9.883265 2.9113493
0.0 9.959879 3.4476504
-0.49799395 9.998186 3.6391866
-0.80445176 10.036493 3.3327289
-0.91937345 9.998186 2.681506
-0.9576807 9.921572 1.9536686
-1.1875241 9.921572 1.0342951
-1.3790601 9.959879 1.2258313
-1.5705963 10.113108 1.9153614
-1.6855179 10.036493 2.1452048
-1.7621324 9.959879 2.2601264
-1.8004396 9.959879 2.2984335
-1.8004396 9.883265 2.2218192
-1.685518 9.730036 2.1068974
-1.4939818 9.5385 1.7621324
-1.0342952 9.308656 1.340753
-0.49799392 9.270349 1.2258312
-0.19153616 9.346963 1.1492168
-0.34476507 9.5385 1.0726024
-1.0342952 9.653421 1.1109096
-1.9536686 9.615114 0.9959879
-2.7198133 9.385271 0.91937345
-3.217807 8.925584 1.532289
-3.217807 8.963891 2.1452045
-3.2561142 9.270349 2.873042
-3.715801 9.768343 3.2178068
-4.7884035 10.304644 3.2561142
-5.3247046 10.457872 2.911349
-5.4396267 10.419565 2.681506
-5.3630123 10.496181 2.3750482
-5.2097826 10.419566 2.2601264
-4.9799395 10.151416 2.2984335

