-4.711789 9.461885 2.9113493
2.834735 8.810662 3.4476504
2.6048915 8.887277 3.7924156
2.183512 9.155427 3.6774936
2.0685902 9.040505 3.6391864
2.1452048 9.040505 3.5242648
2.2218192 9.078813 3.4859576
2.3750482 9.040505 3.5242648
2.4516625 9.11712 3.5625722
2.3750482 9.11712 3.5625722
2.2601264 9.155427 3.4859576
1.8387469 9.232041 3.0645783
1.5705963 9.232041 2.9113493
1.2641385 9.308657 2.873042
0.91937345 9.193734 2.7964277
0.49799395 9.040505 2.873042
0.49799395 8.848969 3.0262709
0.7661445 8.925584 3.1411927
1.1492168 9.040505 3.217807
1.9536686 9.193734 3.1794999
2.2218192 9.232042 3.1411927
2.2984335 9.193735 3.1794999
2.2984335 9.2703495 3.1411924
2.1068976 9.346964 3.0262709
1.9536686 9.461885 2.9113493
1.8004396 9.423578 2.9879637
1.9536686 9.270349 3.2944217
1.9536686 9.270349 3.3327289
1.8387468 9.308656 3.2944217
1.6472107 9.308657 3.064578
1.6472107 9.346964 3.0262709
1.7621324 9.461885 2.9113493
1.9153614 9.461885 2.9113493
2.0685902 9.5385 2.9496565
2.2218192 9.461885 2.873042
2.336741 9.346964 2.873042
2.4133554 9.308657 2.9496565
2.4133554 9.232042 2.9496565
2.3750482 9.232042 3.1411924
2.2601264 9.2703495 3.217807
2.1068974 9.2703495 3.1028855
1.9536686 9.2703495 2.9113493
1.8387469 9.2703495 2.566584
1.8387469 9.308657 2.4133554
1.8770541 9.346964 2.2984335
1.9919758 9.346964 2.528277
2.1068974 9.346964 2.834735
2.1452048 9.308657 2.9879637
2.183512 9.232041 3.217807
2.1452045 9.155427 3.1411927
2.030283 9.11712 2.9879637
1.8770542 8.963891 2.7964275
1.8387469 8.848969 2.528277
1.9153613 8.810662 2.413355
2.1452045 8.734048 2.375048
2.4899697 8.772355 2.566584
2.7581203 8.772355 2.7581203
2.9113493 8.772355 3.0262709
2.9496565 8.848969 3.2944214
2.873042 8.925584 3.4859576
2.6431987 9.040505 3.6774938
2.2601264 9.193734 3.5625722
1.8004396 9.270349 3.1794999
1.4556746 9.270349 2.719813
1.340753 9.270349 2.2218192
1.5705965 9.270349 1.9153614
1.838747 9.270349 1.9536686
2.1068976 9.308657 2.1452048
2.2218192 9.308657 2.3750482
2.1452045 9.308657 2.5665843
2.030283 9.308657 2.6431987
1.8004396 9.308657 2.5282772
1.5705962 9.308657 2.4133554
1.4173675 9.232042 2.183512
1.3790603 9.232042 1.9919758
1.4556746 9.2703495 1.8387468
1.6089036 9.346964 1.8387468
1.7621324 9.500193 2.0685902
1.8004397 9.5385 2.2601264
1.7238252 9.576807 2.4516625
1.532289 9.615114 2.4899697
1.3024458 9.5385 2.2984335
1.1875241 9.5385 2.0685902
1.3024458 9.500193 1.7621324
1.5322891 9.500193 1.6472108
1.8387469 9.500193 1.7621324
2.0685902 9.423578 1.9536686
2.0685902 9.346964 2.3750482
1.9919758 9.193734 2.6431987
1.8004396 9.11712 2.7581203
1.6472108 9.11712 2.7964275
1.532289 9.078813 2.6048915
1.4173675 9.11712 2.3750482
1.2641385 9.155427 2.2218192
1.0726023 9.193734 2.1068976
0.99598795 9.2703495 2.2218192
0.9576807 9.308657 2.2984335
0.9576807 9.385271 2.3367407
1.0342951 9.423578 2.2218192
0.9193734 9.500193 2.030283
0.72783726 9.576807 1.8387469
0.5363012 9.5385 1.6472107
0.38307226 9.423578 1.6472107
0.6129156 9.385271 1.7621324
1.3790601 9.346964 2.413355
1.6472108 9.461885 2.8730419
1.532289 9.500193 3.1411924
1.1875241 9.615114 3.1794996
0.34476507 9.691729 2.528277
0.038307227 9.691729 2.1835117
-0.038307227 9.653421 2.1068974
-0.076614454 9.691729 2.0685902
-0.038307227 9.615114 2.183512
0.076614454 9.576807 2.2601264
0.15322891 9.500193 2.4133554
0.22984336 9.461885 2.4516625
0.26815057 9.423578 2.3750482
0.19153613 9.385271 2.336741
0.15322891 9.385271 2.183512
0.19153613 9.308657 2.183512
0.30645782 9.346964 2.1452045
0.5363012 9.346964 2.0685902
0.80445176 9.385271 1.9153614
0.7278373 9.385271 1.9536686
0.38307226 9.423578 2.0685902
-0.076614484 9.461885 2.030283
-0.7661446 9.576807 1.7621324
-0.7661446 9.5385 1.6089036
-0.5363012 9.500193 1.6089036
-0.11492168 9.461885 1.6472108
0.49799395 9.423578 1.685518
1.0342951 9.461885 1.7238252
1.3024457 9.576807 1.8770542
1.1109096 9.576807 1.9919758
0.57460845 9.576807 2.1452048
-0.03830722 9.576807 2.2984335
-0.49799395 9.5385 2.4516625
-0.53630114 9.500193 2.6048913
-0.03830722 9.2703495 2.681506
0.30645782 9.11712 2.566584
0.38307226 9.040505 2.75812
0.19153613 9.193734 3.0262709
-0.076614454 9.308657 3.4476504
-0.4213795 9.576807 3.9839516
-0.61291564 9.998186 4.098873
-0.53630114 10.342951 4.1371803
-0.34476504 10.726023 3.9456444
-0.15322891 10.994174 3.4859579
-0.15322891 11.032481 3.0645783
-0.30645782 10.879252 2.6048913
-0.49799395 10.572794 1.9153612
-0.6895301 10.0748005 1.3024457
-0.91937345 9.38527 0.4596867
-1.1109095 9.270349 0.6895301
-1.187524 9.423578 1.0342951
-1.1492168 9.576807 1.5705965
-0.9959879 9.730036 1.8770542
-0.842759 9.844957 1.8770542
-0.7661445 9.768343 1.8387469
-0.80445176 9.691729 1.5705963
-1.1109096 9.500193 0.9959879
-1.8770541 9.232041 0.15322892
-2.2984338 9.270349 -0.15322891
-2.6048913 9.500192 -0.15322891
-2.9496565 9.730036 0.0
-3.2178073 9.959879 0.30645782
-3.5242648 9.998186 0.7278373
-3.7541084 9.883265 1.1875241
-3.8307228 9.653421 1.4939818
-3.715801 9.500193 1.4939818
-3.5242648 9.500193 1.6089034
-3.2561142 9.653421 1.7238252
-3.217807 9.998186 1.9919758
-3.6391866 10.266337 2.2984338
-4.2904096 10.419566 2.4516625
-4.903325 10.419566 2.4899697
-5.24809 10.342951 2.336741
-5.0182467 10.228029 2.2601264
-4.3287163 10.151415 2.1068974
-3.5242648 10.151415 2.0685902
-2.7964275 10.113108 2.1068974
-2.4899697 10.0748005 2.1068974
-2.4516625 10.036493 2.030283

