2.566584 8.887277 3.9456444
2.375048 8.963891 3.5242648
1.8770541 9.002198 2.911349
1.8004397 8.848969 2.413355
2.2984338 9.002198 2.7581203
2.336741 9.11712 2.719813
2.4133554 9.232041 2.5665843
2.4516625 9.346964 2.4516625
2.4516625 9.461885 2.2984335
2.4516625 9.461885 2.2218192
2.4899697 9.461885 2.2601264
2.528277 9.423578 2.2601264
2.7581205 9.461885 2.2984335
2.873042 9.615114 2.336741
2.9879637 9.730036 2.336741
3.0262709 9.844957 2.183512
2.9113493 9.883265 2.1068974
2.7581203 9.844957 2.030283
2.566584 9.844957 1.9919758
2.375048 9.80665 2.1068974
2.413355 9.768343 2.2218194
2.719813 9.691729 2.0685902
2.9879637 9.691729 1.8387469
3.064578 9.691729 1.685518
3.064578 9.730036 1.4556746
2.7964277 9.576807 1.1109096
2.7198133 9.500193 1.1109096
2.6815057 9.423578 1.3024457
2.75812 9.385271 1.7238252
2.9879637 9.2703495 2.2984335
3.064578 9.232041 2.3750482
3.064578 9.270349 2.1452048
2.9496565 9.346964 1.8004396
2.7581203 9.346964 1.5705962
2.6048915 9.346964 1.8387468
2.528277 9.385271 2.2601264
2.4133554 9.423578 2.681506
2.183512 9.500193 3.064578
2.0685902 9.5385 3.1411924
1.8004397 9.653421 3.1028852
1.493982 9.730036 2.9496565
1.2641386 9.844957 2.7581203
1.0342952 9.921572 2.4133554
0.9576807 9.959879 2.183512
1.0726024 9.691729 2.336741
1.5705965 9.423578 3.0262709
1.8770542 9.385271 3.1794999
1.9919758 9.5385 2.873042
1.8004396 9.5385 2.4516625
1.4939818 9.423578 1.9919758
1.4556746 9.346964 1.6089035
1.6472108 9.155427 1.6472108
1.9919758 9.232041 2.566584
1.9919758 9.308657 2.9496562
1.7621324 9.232042 2.8347347
1.6089036 9.193735 2.4516625
1.6089036 9.11712 1.9919759
1.6089036 9.193734 1.7238252
1.6089036 9.270349 1.6472108
1.6089036 9.232041 1.6089035
1.5705963 9.193734 1.7238252
1.532289 9.11712 1.838747
1.4173673 9.11712 1.8770542
1.3407528 9.232042 1.8387469
1.3024457 9.308657 1.7238252
1.340753 9.385271 1.5705963
1.493982 9.423578 1.4556746
1.685518 9.423578 1.340753
1.9153614 9.346964 1.0726023
2.030283 9.346964 1.0342951
2.1068974 9.346964 0.95768064
2.1452045 9.346964 0.9959879
2.183512 9.232041 1.7238253
2.183512 9.193734 2.183512
2.2984338 9.193734 2.5282772
2.4516625 9.11712 2.681506
2.7581205 9.040505 2.6048913
2.7581205 9.040505 2.4899697
2.6431987 9.002198 2.336741
2.3750482 8.963891 2.4133554
1.8770542 8.810662 2.9496565
1.7621324 8.925584 3.1795
1.838747 9.078813 3.1795
2.030283 9.232042 2.834735
2.3750482 9.346964 2.1452048
2.4516625 9.346964 1.8387469
2.4133554 9.346964 1.6472107
2.2601264 9.308657 1.4939818
2.030283 9.2703495 1.4556746
1.7621324 9.232042 1.4939818
1.4939818 9.193735 1.6089035
1.3790601 9.155427 1.7621324
1.3790601 9.270349 1.8387469
1.5322891 9.308656 1.8770541
1.7238252 9.270349 1.8387469
1.9536686 9.346964 1.8387469
2.0685902 9.232042 1.8387469
1.9153614 9.232042 1.8004396
1.5705962 9.346964 1.8387469
0.9959879 9.346964 1.8004397
0.38307226 9.461885 1.8387469
-0.15322891 9.5385 1.8387469
-0.4213795 9.615114 1.7621324
-0.45968673 9.653421 1.6089034
-0.30645782 9.691729 1.2641385
0.03830722 9.730036 0.95768064
0.4213795 9.730036 0.45968676
0.30645782 9.768343 0.4213795
-0.076614454 9.80665 0.57460845
-0.45968676 9.768343 0.91937345
-0.68953013 9.768343 1.532289
-0.6512228 9.730036 2.1452048
-0.15322891 9.768343 2.7581203
0.038307227 9.80665 2.4516625
0.22984335 9.80665 2.0685902
0.38307226 9.883265 1.7621324
0.45968673 9.730036 1.8770541
0.4213795 9.653421 2.336741
0.038307227 9.5385 3.1028852
-0.26815057 9.346964 3.7541084
-0.4596867 9.308657 4.175488
-0.49799392 9.308657 4.4436383
-0.15322891 9.385271 4.290409
0.2681506 9.576807 3.8307228
0.6895301 9.691729 3.1028852
0.9576807 9.730036 2.4133554
0.9576807 9.768343 1.8004398
0.7278373 9.653421 1.532289
0.4213795 9.461885 1.5705962
0.22984335 9.308656 1.5705962
0.26815057 9.11712 1.6089036
0.4596867 8.963891 1.685518
0.6512229 8.925584 1.6472108
0.842759 8.963891 1.685518
0.842759 9.11712 1.8770542
0.6895301 9.270349 1.9919758
0.45968673 9.423578 2.1452048
0.15322891 9.461885 2.2984338
-0.076614454 9.500193 2.3750482
-0.15322891 9.5385 2.4899697
0.0 9.5385 2.566584
0.38307226 9.615114 2.6431987
0.84275895 9.653421 2.681506
1.1875241 9.768343 2.6048915
1.2258313 9.959879 2.528277
1.0726024 10.113108 2.2984335
0.6512228 10.151415 2.0685902
0.07661444 10.113108 1.9536686
-0.34476504 10.036493 1.7621324
-0.61291564 9.883265 1.6855179
-0.5363012 9.883265 1.6472107
-0.15322891 9.921572 1.4556746
0.30645782 9.998186 1.4556746
0.57460845 10.113108 1.3790603
0.53630114 10.113108 1.2641385
0.19153614 10.036493 1.37906
-0.38307223 9.883265 1.3407528
-0.8810662 9.691729 1.532289
-1.1109096 9.5385 1.8004396
-1.1492168 9.500193 1.8770541
-0.9576807 9.461885 1.9536686
-0.7661445 9.461885 1.9919758
-0.842759 9.423578 1.9919758
-1.0726023 9.232042 2.1068974
-1.5705963 8.925584 2.2218192
-2.2984338 8.619125 2.183512
-2.9496565 8.350975 2.1452048
-3.4093432 8.312668 2.183512
-3.6008797 8.542511 2.336741
-3.524265 8.925583 2.6048915
-3.3710358 9.5385 2.873042
-3.3710358 10.0748005 3.0262709
-3.562572 10.611101 3.0262709
-3.9456444 11.070788 2.7581203
-4.3287168 11.300632 2.3367407
-4.6351748 11.415554 1.8770541
-4.865018 11.415554 1.4173675
-4.9799395 11.262325 1.1492168
-5.056554 11.185711 1.0342952
-5.094861 11.147403 0.99598795
-5.1331687 10.91756 0.99598795
-5.056554 10.726023 1.0726024
-4.903325 10.419565 1.1109097
-4.5585604 9.998186 1.2258313
-3.9073372 9.730036 1.3024457
-3.217807 9.461885 1.1875241
-2.4899697 9.2703495 1.1492168
-1.9153614 9.2703495 1.1109096
-1.7238252 9.308657 1.1875241

