1.9536686 9.461885 4.0222588
2.7581203 9.385271 3.1794999
2.3750482 9.385271 2.4516625
2.4516625 9.232042 2.2218192
2.2984335 9.346964 2.1452045
2.3367407 9.385271 2.1452045
2.3367407 9.461885 2.183512
2.2984335 9.461885 2.2218192
2.2601264 9.461885 2.2218192
2.2601264 9.423578 2.336741
2.2218192 9.308657 2.4133554
2.2984335 9.385271 2.4133554
2.4133554 9.423578 2.336741
2.48997 9.461885 2.183512
2.6048915 9.576807 2.0685902
2.6048915 9.576807 1.9919758
2.566584 9.576807 2.030283
2.4516625 9.615114 2.2601264
2.2601264 9.5385 2.4516625
2.183512 9.500193 2.4899697
2.1068974 9.500193 2.528277
2.1452045 9.500193 2.375048
2.2218192 9.653421 2.2218192
2.2984335 9.691729 2.1068974
2.3367407 9.691729 1.9536686
2.3750482 9.653421 1.8004398
2.336741 9.423578 1.6089036
2.1452048 9.308657 1.2641385
1.8770542 9.346964 1.1109096
1.340753 9.346964 1.4556746
1.1492168 9.423578 1.6472108
1.0726024 9.385271 1.8004398
1.0726024 9.346964 1.9153614
1.3024458 9.002198 2.030283
1.4939818 8.887277 2.0685902
1.6472107 8.772355 2.183512
1.6472107 8.848969 2.4133554
1.4173673 9.078813 2.7198129
1.1492168 9.270349 2.7581205
0.91937345 9.308657 2.6815062
0.6512229 9.346964 2.7198133
0.34476504 9.2703495 2.336741
0.22984336 9.232042 2.2984335
0.15322891 9.232042 2.2984335
0.22984335 9.232042 2.528277
0.3830723 9.232042 2.834735
0.4213795 9.155427 2.9879637
0.26815057 9.155427 2.9496562
0.11492168 9.155427 2.8347347
-0.22984336 9.385271 2.2984335
-0.30645782 9.423578 2.183512
-0.38307226 9.461885 2.2984335
-0.38307226 9.423578 2.566584
-0.26815057 9.270349 3.217807
-0.11492168 9.308656 3.371036
0.0 9.385271 3.4093432
0.038307227 9.423578 3.4093432
-0.11492168 9.423578 3.1794999
-0.22984335 9.461885 3.2561142
-0.26815057 9.5385 3.2944214
-0.30645782 9.653421 3.2944214
-0.26815057 9.691729 3.217807
-0.19153613 9.80665 2.9879637
-0.11492168 9.883265 2.9879637
-0.11492168 9.921572 3.0262709
-0.15322891 9.921572 3.217807
-0.11492168 9.921572 3.5242648
-0.038307227 10.036493 3.86903
0.19153613 10.0748005 4.1754875
0.5746084 10.228029 4.4436383
0.6512228 10.189722 4.1754875
0.6512228 10.228029 3.9839516
0.53630114 10.189722 3.6391864
0.22984335 10.228029 3.3327286
0.038307227 10.228029 3.1411924
0.038307227 10.266336 2.9879637
0.11492168 10.151415 2.7964275
0.57460845 9.80665 2.4133554
0.7278373 9.500193 2.4516625
0.8044517 9.2703495 2.566584
0.9193734 9.11712 2.6048913
0.9959879 9.040505 2.6431985
1.0342952 9.078813 2.528277
0.9576807 9.11712 2.4133554
0.8810662 9.11712 2.336741
0.80445176 9.155427 2.2218192
0.80445176 9.193735 2.3750482
0.80445176 9.193735 2.4516625
0.7661445 9.232042 2.681506
0.7661445 9.308657 2.6431987
0.842759 9.308657 2.7581203
0.9576807 9.385271 2.7964275
1.1492168 9.385271 2.8347347
1.3790601 9.385271 2.9496565
1.532289 9.423578 2.9496565
1.6472108 9.385271 3.0645783
1.5705965 9.346964 3.1411927
1.4173675 9.2703495 3.1794999
1.2641385 9.232042 3.0262709
1.0726024 9.232042 2.7964277
0.9576807 9.346964 2.566584
0.8810662 9.385271 2.336741
0.7661445 9.423578 2.2218192
0.7661445 9.500193 2.1068974
0.8810662 9.461885 2.1835117
0.9576807 9.461885 2.375048
0.9959879 9.423578 2.528277
1.0342952 9.423578 2.566584
1.0726024 9.423578 2.4899697
1.1109096 9.385271 2.2218192
1.0726024 9.385271 2.0685904
1.0342951 9.346964 1.9536686
0.9193734 9.346964 2.030283
0.7661445 9.385271 2.2218192
0.49799395 9.423578 2.3750482
0.11492168 9.461885 2.4899697
-0.4213795 9.500193 2.0685902
-0.38307226 9.576807 1.7621324
-0.15322891 9.653421 1.532289
0.114921674 9.730036 1.4556746
0.22984336 9.80665 1.8770542
-0.38307226 9.730036 2.2601264
-0.80445176 9.653421 2.4516625
-0.99598795 9.653421 2.4899697
-1.1109097 9.615114 2.5665843
-1.0342951 9.5385 2.6431987
-0.842759 9.500193 2.681506
-0.61291564 9.423578 2.5665843
-0.30645782 9.385271 2.2984335
-0.038307227 9.308657 2.1452048
0.19153613 9.193734 1.9536686
0.30645782 9.11712 1.9153614
0.34476504 9.002198 2.2601264
0.34476504 8.963891 2.9113493
0.30645782 8.963891 3.4093432
0.15322891 9.040505 3.5242648
0.038307227 9.155427 3.5242648
-0.22984336 9.385271 2.566584
-0.19153613 9.423578 2.0685902
-0.15322891 9.423578 1.6472107
-0.11492168 9.423578 1.532289
-0.15322891 9.423578 1.8387469
-0.15322891 9.5385 2.336741
-0.19153613 9.615114 2.7964275
-0.15322891 9.653421 3.1411924
-0.038307227 9.691729 3.1028852
-0.038307227 9.576807 2.3750482
-0.076614454 9.576807 1.6089036
-0.34476504 9.653421 1.0726024
-0.7278374 9.844957 0.6895301
-1.1875241 9.998186 0.6129156
-1.6472108 10.0748005 0.8044517
-1.8387469 10.151415 0.9576807
-1.7621324 10.0748005 0.9193734
-1.532289 9.883265 0.7661445
-1.1109096 9.768343 0.80445176
-0.6895301 9.615114 0.99598795
-0.4213795 9.576807 1.5705965
-0.344765 9.653421 2.2601264
-0.61291564 9.691729 2.9113493
-1.0726024 9.576807 3.3327289
-1.6089035 9.500193 3.4476504
-2.030283 9.385271 3.6008794
-2.336741 9.385271 3.5242648
-2.681506 9.5385 3.5242648
-2.987964 9.653421 3.4476504
-3.217807 9.844957 3.1794996
-3.217807 9.844957 2.7964275
-3.0645783 9.883265 2.4516625
-2.7964277 9.883265 2.1452048
-2.6431987 9.959879 1.9536686
-2.6431987 10.151415 2.0685902
-2.681506 10.342951 2.2601264
-2.987964 10.572795 2.528277
-3.4476507 10.649409 2.9113493
-3.9839518 10.611101 3.1028855
-4.481946 10.49618 3.3327286

