-4.5968676 10.304644 3.6774938
2.3750482 9.308656 2.834735
2.834735 9.346963 3.1411927
2.9496565 9.193734 3.2561142
2.9496565 9.193734 2.9496565
3.1028852 9.232042 2.873042
3.1411924 9.2703495 2.7198133
3.064578 9.193734 2.7964277
2.834735 9.232041 2.7581205
2.6431987 9.155427 2.7964277
2.528277 9.193734 2.7581203
2.3750482 9.2703495 2.6048913
2.3750482 9.2703495 2.4899697
2.3750482 9.155427 2.4516625
2.4516625 9.232041 2.4133554
2.4899697 9.308657 2.3750482
2.5665843 9.308657 2.4516625
2.48997 9.2703495 2.4516625
2.183512 9.232041 2.4133554
1.9919758 9.308657 2.2218192
1.8770542 9.423578 2.030283
1.7621324 9.5385 1.8387469
1.6089035 9.615114 1.6089035
1.3790601 9.653421 1.5705962
1.2258313 9.615114 1.6472108
1.1492168 9.461885 2.0685904
1.3790601 9.385271 2.336741
1.6472108 9.346964 2.528277
1.9536686 9.346964 2.6048915
2.0685902 9.385271 2.6048915
2.1068974 9.385271 2.4899697
1.9919758 9.423578 2.3367407
1.8770541 9.423578 2.1068974
1.8770541 9.346964 2.0685902
2.2218192 9.155427 2.2601264
2.4133554 9.078813 2.4133554
2.6048913 9.040505 2.5665843
2.6048913 9.078814 2.4133554
2.528277 9.155428 2.2984338
2.4516625 9.232042 2.183512
2.336741 9.2703495 2.1835117
2.221819 9.2703495 2.2984338
1.8004397 9.423578 2.566584
1.4173675 9.5385 2.528277
0.9959879 9.730036 2.1452048
1.1109096 9.768343 1.9919758
1.3024457 9.844957 1.9153614
1.532289 9.883265 2.030283
1.7238252 9.80665 2.336741
1.8004396 9.615114 2.566584
1.8770541 9.346963 2.8730419
1.9153614 9.11712 3.1028855
2.030283 9.078813 3.1794999
2.1452045 9.232042 3.2944214
2.260126 9.346964 3.1028852
2.4516625 9.500193 2.9879637
2.566584 9.500193 2.834735
2.6431985 9.461885 2.566584
2.6431985 9.385271 2.566584
2.566584 9.385271 2.4899697
2.4133554 9.308657 2.528277
2.2601266 9.232041 2.6815057
2.1068976 9.308657 2.6815057
1.9536686 9.308657 2.6815057
1.9153614 9.461885 2.6048913
2.0685904 9.500193 2.4133554
2.2218194 9.385271 2.375048
2.336741 9.193735 2.2984335
2.3750482 9.002198 2.3367407
2.2601266 8.848969 2.528277
2.183512 8.772355 2.7581203
2.2218192 8.848969 3.1028855
2.2984335 8.810662 3.3710358
2.3750482 8.925584 3.3327286
2.3750482 9.002198 3.1411924
2.336741 8.963891 2.6431985
2.336741 8.963891 2.030283
2.336741 8.810662 1.8770541
2.4516625 8.810662 1.9153614
2.566584 8.810662 2.2601264
2.6048915 8.887277 2.7964277
2.6048915 8.963891 3.0645783
2.4516625 8.963891 3.1028855
2.1068974 9.040505 2.834735
1.8004396 9.078813 2.336741
1.6089035 9.193734 1.7621324
1.6472108 9.232041 1.4556746
1.9536686 9.232041 1.4556746
2.2218192 9.193734 1.8004397
2.375048 9.078813 2.3750482
2.375048 8.963891 2.9113493
2.2601264 8.887277 3.217807
2.0685902 8.848969 3.1028855
1.838747 8.810662 2.719813
1.6472108 8.848969 2.1068974
1.5322891 8.810662 1.7238252
1.6089035 8.772355 1.7238252
1.8387469 8.772355 2.030283
2.183512 8.772355 2.681506
2.4899697 8.848969 3.2561142
2.7964275 8.887277 3.6774938
2.9496565 8.963891 3.9073372
2.873042 8.963891 3.6774938
2.6815057 9.002198 3.2561142
2.336741 9.040505 2.873042
2.1068974 9.078813 2.6048915
2.1068974 9.155427 2.6431987
2.2601264 9.155427 2.9496565
2.4516625 9.155427 3.3710358
2.6048913 9.193734 3.6774938
2.528277 9.2703495 3.8307228
2.183512 9.2703495 3.4093432
1.6089036 9.308657 2.4899697
0.9959879 9.308657 1.4939818
0.5746084 9.308657 0.49799395
0.42137948 9.385271 0.19153614
0.61291564 9.461885 0.5746084
0.842759 9.500193 1.4173673
0.91937345 9.500193 2.566584
0.95768064 9.500193 3.6391864
0.99598795 9.5385 4.098873
1.1875241 9.5385 3.9456444
1.4939818 9.5385 3.4859576
1.6472107 9.500193 2.7198133
1.4173673 9.423578 1.9536685
0.8044517 9.461885 1.3024457
0.076614425 9.500193 0.6512228
-0.49799395 9.615114 0.19153613
-0.6512228 9.768343 0.15322891
-0.5746084 9.844957 0.5363012
-0.4596867 9.883265 1.2641385
-0.38307226 9.883265 2.183512
-0.49799395 9.80665 2.987964
-0.61291564 9.730036 3.5625722
-0.6895301 9.653421 3.7158012
-0.72783726 9.615114 3.4859576
-0.61291564 9.653421 3.0262709
-0.45968673 9.653421 2.4133554
-0.19153614 9.730036 1.9536686
0.076614454 9.691729 1.8004396
0.26815057 9.653421 1.9536686
0.38307226 9.691729 2.336741
0.34476504 9.730036 2.681506
0.22984335 9.768343 3.0262709
0.076614454 9.80665 3.064578
0.038307227 9.844957 3.0262709
0.038307227 9.883265 2.9879637
0.076614454 9.959879 2.719813
0.11492168 9.998186 2.4899697
0.076614454 10.036493 2.2218192
-0.038307227 10.036493 1.838747
-0.34476507 10.036493 1.532289
-0.61291564 9.998186 1.4173675
-0.7661446 9.959879 1.37906
-0.6129157 9.921572 1.6089034
-0.038307235 9.959879 1.9536686
0.6129156 9.998186 2.336741
1.0726024 9.959879 2.6431987
1.2258313 9.921572 2.7198133
1.0342951 9.80665 2.4899697
0.61291564 9.691729 1.9153614
0.19153613 9.615114 1.1875241
-0.11492168 9.5385 0.497994
-0.38307226 9.576807 0.26815057
-0.45968676 9.5385 0.4596867
-0.34476507 9.615114 1.034295
-0.2681506 9.730036 1.8004396
-0.15322891 9.730036 2.336741
-0.2681506 9.883265 2.681506
-0.6512228 9.80665 2.681506
-1.2258313 9.768343 2.4899697
-2.183512 9.691729 2.030283
-2.3367407 9.768343 2.1068976
-2.1452045 9.883265 2.2218194
-1.8770541 9.959879 2.2984338
-1.6855179 10.036493 2.2218194
-1.6855179 10.0748005 1.9536686
-1.9536686 9.883265 1.6472108
-2.4516625 9.691729 1.2258313
-2.9113493 9.615114 1.1109096
-3.1028855 9.423578 1.1875241

