-3.064578 9.423578 1.6089035
-2.6431985 9.5385 2.2601264
-2.1452045 9.615114 2.8347347
2.6048913 8.887277 3.7541082
2.3367407 9.040506 3.3327289
1.9153614 9.385271 3.1028852
1.7621324 9.423578 3.064578
1.9536686 9.461885 3.1028852
2.0685902 9.5385 3.1411927
2.2601264 9.576807 3.2944214
2.3750482 9.576807 3.4093432
2.3750482 9.5385 3.4859576
2.2601266 9.423578 3.4859576
2.2218192 9.423578 3.4476504
2.2218192 9.385271 3.4093432
2.3367407 9.308657 3.2561145
2.528277 9.232042 3.141193
2.719813 9.193734 3.026271
2.873042 9.193734 2.873042
2.9496565 9.232041 2.8347347
2.9113493 9.2703495 2.9496565
2.7964277 9.193734 3.1411927
2.7964277 9.155427 3.1794999
2.834735 9.155427 3.0262709
2.9879637 9.232042 2.9879637
3.3327289 9.308657 2.719813
3.4093432 9.308657 2.6431987
2.9113493 9.2703495 2.4133554
2.2218192 9.2703495 2.375048
2.0685902 9.232041 2.4133554
2.2601264 9.11712 2.6431985
2.8347347 9.193735 2.8347347
3.1028852 9.308657 2.7964275
2.8347347 9.385271 2.7964275
2.528277 9.385271 2.8347347
2.1068974 9.308657 2.9113493
1.7621324 9.2703495 3.064578
1.340753 9.385271 2.9496567
1.340753 9.615114 2.681506
1.4939818 9.615114 2.6431987
1.685518 9.5385 2.528277
1.685518 9.500193 2.528277
1.4939818 9.500193 2.4516625
1.1109096 9.5385 2.4899697
0.5363012 9.385271 2.4516625
0.49799395 9.2703495 2.4516625
0.842759 9.155427 2.4133554
1.340753 9.040505 2.6431985
2.0685904 9.193734 3.1028852
2.1068976 9.2703495 3.1794999
1.9536686 9.346964 2.8347347
1.6089036 9.385271 2.2984335
0.9959879 9.193734 1.6472108
0.7661445 9.078813 1.6089036
0.80445176 9.002198 1.8770542
0.9959879 9.002198 2.1452048
1.2641385 9.078814 2.4133554
1.6089036 9.193735 2.681506
1.9153614 9.346964 2.7581205
2.1068976 9.385271 2.7581205
2.1068976 9.385271 2.6815062
1.9536686 9.385271 2.566584
1.7238252 9.346964 2.4516625
1.2641385 9.232042 2.3750482
0.842759 9.193734 2.2984335
0.5363012 9.232041 2.2218192
0.38307226 9.308656 2.183512
0.49799395 9.5385 2.183512
0.842759 9.691729 2.1068976
1.1875241 9.844957 2.0685902
1.4173673 9.883265 1.9536686
1.532289 9.80665 1.8770542
1.4173673 9.730036 2.030283
1.1109096 9.500193 2.0685902
0.842759 9.308657 2.183512
0.57460845 9.232042 2.2984338
0.49799395 9.155427 2.2601264
0.6895301 9.155427 2.2601264
1.0726023 9.308656 2.2218192
1.5705962 9.385271 2.1835117
2.030283 9.461885 2.1068974
2.2601264 9.5385 2.1068974
2.2601264 9.500193 2.0685902
2.030283 9.5385 1.8004396
1.6472107 9.500193 1.5705962
1.3024457 9.423578 1.3024457
0.9193734 9.232042 1.1875241
0.7661445 9.078814 1.4556746
0.842759 9.040505 1.8770542
1.1492168 9.002198 2.4516625
1.6855181 9.078813 3.0645783
2.2218192 9.193734 3.4476507
2.5665843 9.308657 3.7158012
2.7964277 9.346964 3.6391866
2.7964277 9.385271 3.2944217
2.5665843 9.308657 2.6431987
2.2984338 9.193734 2.030283
1.9153614 9.270349 1.5705963
1.5705962 9.346963 1.3790601
1.3790601 9.461885 1.5705963
1.3407528 9.576807 1.8387469
1.4173673 9.653421 2.183512
1.5705963 9.730036 2.4899697
1.8004397 9.768343 2.7581205
1.9919758 9.768343 2.9113493
2.030283 9.691729 3.0262709
1.9536686 9.615114 2.911349
1.8770542 9.461885 2.8347347
1.8004397 9.346963 2.7964275
1.9153613 9.232041 2.834735
2.030283 9.155427 3.0645783
2.030283 9.155427 3.2944217
1.8770541 9.11712 3.371036
1.6472108 9.040505 3.3327286
1.4556746 8.925584 3.064578
1.3024457 8.810662 2.528277
1.3407528 8.734048 1.9919757
1.4556745 8.772355 1.532289
1.6855179 8.848969 1.4173673
1.8387469 8.963891 1.6089034
1.9153614 9.040505 1.9536685
1.8387469 9.11712 2.3750482
1.5705963 9.11712 2.4899697
1.3024457 9.11712 2.4133554
0.9959879 9.11712 2.1452045
0.7661445 9.11712 1.7238252
0.7278373 9.11712 1.5705963
0.842759 9.155427 1.7238253
1.0342951 9.193734 2.2601266
1.2258313 9.155427 2.9113493
1.2258313 9.193734 3.6008792
1.0726024 9.155427 4.0222588
0.8810662 9.193735 3.9456441
0.7278373 9.308657 3.6774938
0.7278373 9.385271 3.2561142
0.8044518 9.423578 2.9496562
0.88106626 9.423578 2.9879637
0.91937345 9.385271 3.2561145
0.88106626 9.423578 3.4859576
0.7661446 9.461885 3.6008797
0.61291564 9.5385 3.4859579
0.5363012 9.730036 3.026271
0.5363012 9.844957 2.6048913
0.6512228 10.036493 2.2218192
0.7661445 10.151415 2.030283
0.6895301 10.0748005 2.030283
0.53630114 9.959879 2.0685902
0.26815057 9.80665 2.183512
-0.038307227 9.615114 2.183512
-0.22984336 9.576807 2.030283
-0.34476504 9.576807 1.8004396
-0.34476504 9.576807 1.4173675
-0.26815057 9.730036 1.2641385
-0.19153613 9.768343 1.3790601
-0.15322891 9.80665 1.6472107
-0.3064578 9.844957 2.030283
-0.344765 9.768343 2.3750482
-0.344765 9.768343 2.719813
-0.344765 9.691729 3.026271
-0.11492168 9.691729 3.2561142
0.038307227 9.730036 3.371036
0.15322891 9.768343 3.2561145
0.22984336 9.844957 3.064578
0.15322891 9.883265 2.873042
-0.038307227 9.921572 2.719813
-0.19153613 9.921572 2.7964277
-0.22984336 9.959879 2.9496565
-0.15322891 9.959879 3.1028855
0.0 10.036493 3.1028855
0.22984335 10.0748005 3.0262709
0.34476504 10.0748005 2.9496565
0.4213795 10.036493 3.026271
0.5363012 9.844957 3.1795
0.6512229 9.615114 3.371036
0.842759 9.461885 3.4859576
0.9576807 9.308657 3.371036
0.8044518 9.385271 3.371036
0.26815057 9.500193 3.4859576
-0.49799395 9.615114 3.6391864
-1.3024457 9.768343 3.8307228
-1.9153613 9.691729 3.9073372
-2.221819 9.653421 3.715801
-2.3750482 9.653421 3.3327289
-2.4516625 9.615114 2.9879637
-2.6048915 9.576807 2.9113493
-2.873042 9.576807 3.0262709
-3.0645783 9.500193 3.2561145
-3.1411927 9.500193 3.4476504
-3.1028855 9.5385 3.3327286
-3.0262709 9.423578 3.0262709
-3.0645783 9.385271 2.6048915
-3.2561142 9.232042 2.2601266
-3.4476504 9.040505 1.8004397
-3.5625722 8.925584 1.6089035
-3.6008794 8.695741 1.685518
-3.562572 8.542512 1.7238252
-3.562572 8.504205 2.2601264
-3.715801 8.580819 2.681506
-3.9073372 8.6574335 3.064578
-4.098873 8.887277 3.5242648
-4.1754875 9.155428 3.4476504
-4.0222588 9.308657 3.4093432
-3.715801 9.576807 3.1794999
-3.4859576 9.80665 2.9113493

