2.183512 9.193735 2.8347347
2.566584 9.232042 2.6048913
2.528277 9.423578 2.4899697
2.8347347 9.423578 2.7581203
2.8730419 9.308656 2.7581203
3.064578 9.155427 2.9113493
3.2561142 9.040505 2.9879637
3.3710358 9.040505 3.1411927
3.3710358 9.002198 3.2561145
3.2944214 9.002198 3.3327289
3.1794999 8.925584 3.3327289
2.9879637 8.925584 3.1794996
2.9113493 8.925584 2.9496565
2.834735 9.040505 2.7581203
2.719813 9.193734 2.4899697
2.6431985 9.232042 2.2218192
2.4516625 9.346964 2.1068976
2.2984338 9.308657 2.1068976
2.2218192 9.232042 2.2218192
2.1452048 9.155428 2.3750482
2.1452048 9.040505 2.6048913
2.1452048 9.078813 2.6431985
2.183512 9.193734 2.6048913
2.183512 9.346964 2.4133554
2.1452048 9.615114 2.030283
1.9153614 9.730036 1.7621324
1.5705963 9.844957 1.4939818
1.2258313 9.768343 1.3790601
0.8810662 9.615114 1.4556746
0.68953 9.500193 1.6089036
0.68953 9.346964 1.838747
0.8044517 9.346964 2.1452048
1.0726023 9.346964 2.2601264
1.4556746 9.308657 2.336741
1.7238252 9.346964 2.4133554
1.8004396 9.385271 2.3367407
1.685518 9.385271 2.1068974
1.4173675 9.308657 2.030283
1.1109096 9.232042 1.8770541
0.9576807 9.078814 1.8004397
0.9959879 9.002198 1.9153614
1.3024458 9.11712 1.8770542
1.7621325 9.078813 1.9153614
2.2601264 9.11712 1.9919758
2.681506 9.11712 2.0685902
2.9879637 9.040505 2.0685902
3.1028855 9.040505 2.0685902
3.1411927 8.963891 2.1068974
3.026271 8.848969 2.2218192
2.7964275 8.772355 2.336741
2.5665843 8.734048 2.3750482
2.336741 8.848969 2.3750482
2.2601264 8.963891 2.1068974
2.3367407 9.11712 1.8387469
2.566584 9.232041 1.7238251
2.9113493 9.155427 1.6855179
3.2944217 9.155427 1.877054
3.562572 9.002198 2.2218192
3.6008792 8.887277 2.4899697
3.371036 8.810662 2.6431985
2.9879637 8.810662 2.6815057
2.566584 8.925584 2.528277
2.3367407 8.963891 2.3750482
2.3367407 9.193734 2.2218194
2.4899697 9.2703495 2.0302832
2.7964277 9.2703495 2.0302832
3.1411927 9.2703495 2.0302832
3.5625722 9.155428 1.9919758
3.7158012 9.193735 1.9919758
3.5242648 9.232042 1.7621324
3.0262709 9.232042 1.4939818
2.2218192 9.232042 1.4556746
1.6472108 9.155427 1.6089036
1.3790603 9.11712 1.9536686
1.532289 9.155427 2.4516625
1.9919758 9.193734 2.7581203
2.528277 9.11712 2.9879637
2.9879637 9.11712 3.1794999
3.1795 9.040505 3.1794999
3.0262709 9.002198 3.0262709
2.6048915 9.040505 2.7581203
2.1068976 8.925584 2.528277
1.7621324 8.963891 2.336741
1.6472108 8.963891 2.4133554
1.7621324 9.002198 2.5665843
2.030283 9.155427 2.719813
2.2601264 9.155427 2.9496565
2.4516625 9.11712 3.064578
2.4899697 9.11712 3.064578
2.3750482 9.11712 2.9496565
2.1452048 9.232041 2.719813
1.877054 9.385271 2.2984335
1.6472107 9.385271 1.9919758
1.5322891 9.385271 1.6855179
1.5705963 9.346964 1.6089035
1.685518 9.385271 1.7621325
1.8004397 9.423578 2.1068976
1.9153614 9.461885 2.4899697
1.9536686 9.461885 2.719813
1.9919758 9.423578 2.834735
2.030283 9.500193 2.6048915
1.9919758 9.5385 2.3750482
1.8387469 9.615114 2.183512
1.6472107 9.615114 1.9919758
1.6089035 9.615114 1.9536686
1.6472108 9.5385 2.0685904
1.9536687 9.500193 2.1068976
2.2601266 9.461885 2.2601264
2.48997 9.500193 2.4516625
2.5665843 9.615114 2.4899697
2.2601264 9.691729 2.5665843
1.7238252 9.883265 2.719813
1.0342951 9.921572 2.9496565
0.5363012 9.921572 3.1794996
0.5363012 9.921572 3.371036
1.0726024 9.844957 3.4093432
1.9536686 9.768343 3.371036
2.7198133 9.730036 3.2561145
3.1028852 9.653421 3.064578
3.064578 9.5385 2.7581205
2.6431987 9.461885 2.4516625
2.2218192 9.423578 2.2601264
1.7621325 9.423578 2.183512
1.3790603 9.346964 2.2984335
1.1492169 9.270349 2.3750482
0.99598795 9.193734 2.3750482
1.1109096 9.155427 2.2984335
1.3790601 9.232042 2.1068974
1.685518 9.346964 1.8004396
1.9536686 9.423578 1.6089034
1.9536686 9.346964 1.532289
1.6472108 9.232042 1.6089034
1.1492168 9.040505 1.8387468
0.6512229 8.848969 1.9919758
0.3064578 8.848969 2.2601264
0.2681506 9.040506 2.3750482
0.30645782 9.193735 2.3750482
0.34476504 9.385271 2.1068974
0.30645782 9.576807 1.9153614
0.22984335 9.615114 1.4939818
0.15322891 9.653421 1.1109097
0.11492168 9.615114 0.8810662
0.15322891 9.5385 0.72783726
0.15322891 9.461885 0.72783726
0.22984335 9.461885 0.6895301
0.2681506 9.461885 0.72783726
0.2681506 9.5385 0.80445176
0.30645782 9.576807 0.6895301
0.30645782 9.5385 0.6895301
0.30645782 9.461885 0.5363012
0.22984336 9.385271 0.38307226
0.15322891 9.423578 0.45968673
0.15322891 9.461885 0.57460845
0.19153613 9.385271 0.7278373
0.26815057 9.385271 0.842759
0.38307226 9.232042 0.842759
0.4213795 9.155427 0.8044518
0.4213795 9.232042 0.842759
0.4213795 9.2703495 0.9193734
0.38307226 9.423578 1.1109096
0.26815057 9.500193 1.2641385
0.19153613 9.576807 1.3790601
0.19153613 9.615114 1.4556746
0.2681506 9.730036 1.532289
0.45968673 9.883265 1.6089036
0.57460845 10.0748005 1.7238252
0.57460845 10.266336 2.030283
0.45968673 10.381259 2.2601264
0.22984335 10.457873 2.5282772
0.0 10.381259 2.681506
-0.2681506 10.304644 2.4133554
-0.45968673 10.0748005 1.9536686
-0.45968673 9.844957 1.4173675
-0.34476504 9.730036 0.88106626
-0.19153613 9.615114 0.6895301
-0.15322891 9.576807 1.0342951
-0.34476504 9.615114 1.6089036
-0.8044518 9.615114 2.4516625
-1.2641386 9.576807 3.1794999
-1.7621325 9.500193 3.6008794
-2.1068974 9.385271 3.6774938
-2.0685902 9.193734 3.2944217
-1.4939818 9.155428 2.3367407
-1.2258313 9.232042 1.9153614
-1.340753 9.500193 1.7621324
-1.685518 9.768343 1.7621324
-2.336741 9.959879 1.877054
-2.9113493 10.0748005 1.9153614
-3.2178073 10.036493 1.9536686
-3.1795 9.921572 1.9919758
-2.7964277 9.998186 2.030283
-2.4516625 10.228029 2.2218194
-2.336741 10.534488 2.2984338
-2.6048913 10.802638 2.1452048
-3.064578 10.649408 1.8770542
-3.4093432 10.49618 1.685518
-3.5242648 10.342951 1.5705963

