-3.371036 10.228029 1.6472108
1.9536686 9.270349 2.8730419
2.030283 9.040505 2.8347347
1.9536686 9.193734 3.0645783
1.838747 9.2703495 2.9879637
1.8004396 9.385271 2.7198133
1.838747 9.461885 2.6431987
1.9153614 9.500193 2.6048915
1.9919758 9.500193 2.6431987
2.0685902 9.5385 2.7198133
2.030283 9.5385 2.7964277
1.9536686 9.461885 2.873042
1.9153614 9.461885 2.9113493
1.8770542 9.385271 2.9113493
1.8770542 9.423578 2.9113493
1.9153614 9.423578 2.9113493
1.8004397 9.385271 2.7964275
1.4173673 9.5385 2.566584
1.1492168 9.576807 2.336741
1.1109096 9.691729 2.1452045
1.1109096 9.730036 1.9153614
1.1875241 9.691729 1.9536686
1.3024458 9.691729 2.183512
1.3790601 9.615114 2.4899697
1.4556746 9.615114 2.7964275
1.4556746 9.576807 2.9496565
1.4556746 9.576807 2.7581203
1.3790601 9.615114 2.528277
1.2258313 9.653421 2.2601264
1.0342952 9.730036 2.030283
0.8044518 9.730036 1.9153614
0.61291564 9.691729 1.9153614
0.5363012 9.691729 2.0302832
0.5746084 9.615114 2.2601266
0.84275895 9.615114 2.6048915
1.1875241 9.653421 2.2601264
1.340753 9.653421 1.8387469
1.1492168 9.500193 1.4556746
0.84275895 9.500193 1.8387468
0.8810662 9.500193 2.1452048
1.2641385 9.5385 2.7964277
1.532289 9.5385 2.987964
1.532289 9.5385 2.8730419
1.2641386 9.576807 2.3750482
1.1109097 9.5385 2.0685904
1.2258313 9.385271 1.838747
1.5705962 9.308657 1.6089036
2.2601264 9.2703495 1.4939818
2.2601264 9.346964 1.4939818
1.9536686 9.308657 1.4939818
1.6089035 9.346964 1.3790603
1.2258313 9.385271 0.95768064
1.3407528 9.423578 0.6895301
1.4939818 9.346964 0.7278373
1.5705963 9.308656 0.8044518
1.3790601 9.308656 0.9576807
1.1109096 9.308656 0.842759
0.842759 9.385271 0.68953013
0.6512228 9.423578 0.6512228
0.80445176 9.5385 0.80445176
1.0726023 9.576807 0.8810662
1.4173673 9.5385 0.9576807
1.6855179 9.461885 0.99598795
1.9536686 9.308657 0.99598795
1.7621324 9.308657 0.8810662
1.4556746 9.346964 0.80445176
1.0342951 9.346964 0.8810662
0.7661445 9.346964 0.9193734
0.8810662 9.346964 1.2258313
1.187524 9.385271 1.3407528
1.4556746 9.346964 1.37906
1.4939818 9.385271 1.0726023
1.2641385 9.385271 0.61291564
0.8044518 9.423578 0.15322891
0.19153616 9.461885 -0.19153613
-0.26815057 9.423578 -0.076614454
-0.45968673 9.461885 0.42137948
-0.34476504 9.500193 1.1109096
0.076614454 9.615114 1.9153613
1.1109096 9.80665 2.6048913
1.4939818 9.80665 1.9536686
1.1492168 9.768343 1.3790601
0.038307235 9.691729 1.1492168
-0.34476504 9.691729 1.2641385
-0.30645782 9.691729 1.4556746
7.4505806E-9 9.615114 1.5322891
1.0342951 9.576807 1.1492169
1.5705963 9.615114 0.53630114
1.8387468 9.653421 -0.2681506
1.9919758 9.5385 -0.99598795
1.3024457 9.193734 -0.45968673
0.88106626 9.002198 0.49799395
0.61291564 9.002198 1.3790601
0.6512228 9.078814 1.9919758
0.8810662 9.117121 1.8004396
0.9959879 9.2703495 1.1875241
0.9193734 9.385271 0.6512228
0.53630114 9.385271 0.15322891
0.19153613 9.5385 0.22984338
-0.3064578 9.768343 1.3024457
-0.26815057 9.998186 2.030283
-0.26815057 10.113108 2.6048915
-0.076614454 10.228029 2.9113493
0.11492168 10.342951 2.9879637
0.30645782 10.266336 2.566584
0.34476507 10.113108 2.336741
0.22984336 9.998186 2.2984338
-0.15322891 10.036493 2.9496565
-0.30645782 10.151415 3.3327286
-0.30645782 10.228029 3.3710358
-0.15322891 10.266336 3.1794996
0.114921674 10.228029 2.873042
0.344765 10.113108 2.336741
0.38307226 9.921572 1.9153613
-0.11492169 9.730036 1.877054
-0.91937345 9.653421 1.8387468
-1.685518 9.653421 1.9153614
-2.030283 9.80665 1.8387468
-1.7238252 9.998186 1.4556746
-1.0726023 10.036493 0.95768064
-0.45968673 10.228029 0.5363012
-0.22984336 10.304644 0.26815057
-0.5746084 10.304644 0.30645782
-1.2258313 10.342951 0.49799395
-1.8770542 10.151415 0.7278373
-1.6089036 9.998186 0.7661445
-1.1109096 9.844957 0.7661445
-0.80445176 9.691729 0.842759
-0.84275895 9.691729 1.1109096
-1.0726023 9.730036 1.3024458
-1.4939818 9.768343 1.6089036
-1.9536686 9.844957 1.9536687
-2.2984338 9.80665 2.2601266
-2.4133554 9.844957 2.3750482
-2.4133554 9.921572 2.2601264
-2.3750482 9.921572 1.9536686
-2.4899697 9.921572 1.6089034
-2.873042 9.921572 1.3407528
-3.3327289 9.844957 1.37906
-3.1794999 9.844957 1.7238252
-3.0262709 9.921572 1.9919758
-3.0262709 10.0748005 2.2984335

