0.38307226 9.615114 2.336741
0.57460845 9.576807 2.5665843
0.53630114 9.500193 2.6431987
0.53630114 9.500193 2.528277
0.6512228 9.576807 2.4516625
0.5363012 9.5385 2.4133554
0.49799398 9.576807 2.6048915
0.49799398 9.576807 2.719813
0.4213795 9.576807 2.7964277
0.34476504 9.576807 2.7581205
0.26815057 9.576807 2.6815062
0.26815057 9.615114 2.6048915
0.30645782 9.730036 2.6431987
0.34476504 9.80665 2.6431987
0.4213795 9.844957 2.6431987
0.34476504 9.80665 2.5282772
0.2681506 9.691729 2.4133554
0.22984336 9.615114 2.3750482
0.22984336 9.5385 2.3750482
0.30645782 9.500193 2.4899697
0.3830723 9.500193 2.6048915
0.45968673 9.500193 2.7964277
0.49799395 9.500193 2.9496565
0.49799395 9.423578 2.9879637
0.5363012 9.423578 3.0262709
0.5363012 9.385271 2.9496565
0.57460845 9.385271 2.834735
0.6512228 9.500193 2.873042
0.7661445 9.576807 2.9113493
0.95768064 9.615114 2.873042
1.0726023 9.691729 2.834735
1.1875241 9.730036 2.681506
1.2641385 9.768343 2.5282772
1.3407528 9.730036 2.48997
1.4173673 9.576807 2.48997
1.4173673 9.461885 2.5665843
1.340753 9.308657 2.6048915
1.2641385 9.308657 2.681506
1.2641385 9.308657 2.8347347
1.3790603 9.308657 2.9113493
1.6472107 9.308657 3.0262709
1.8387469 9.308657 3.064578
1.9536686 9.423578 3.0262709
1.9919758 9.461885 2.911349
1.9536686 9.5385 2.681506
1.9536686 9.615114 2.336741
1.9919758 9.653421 1.991976
2.1068974 9.768343 1.7238252
2.183512 9.844957 1.685518
2.2601264 9.959879 1.9153614
2.3750482 9.959879 2.2601264
2.4133554 9.883265 2.6048915
2.336741 9.768343 2.834735
1.9536686 9.500193 2.7198133
1.7621324 9.385271 2.6431987
1.7238252 9.423578 2.3750482
1.7621324 9.461885 2.183512
1.9536686 9.461885 2.030283
2.1452048 9.615114 1.9536686
2.2601264 9.653421 2.030283
2.3750482 9.730036 2.030283
2.3750482 9.768343 2.0685904
2.3367407 9.691729 2.1452048
2.2601264 9.5385 2.2218192
2.1068974 9.461885 2.4133554
1.9536686 9.385271 2.5282772
1.8004396 9.346964 2.5282772
1.838747 9.500193 2.6048915
1.9919758 9.576807 2.566584
2.2601264 9.691729 2.528277
2.528277 9.80665 2.4899697
2.6431987 9.768343 2.2601264
2.6048915 9.691729 1.9536685
2.4516625 9.615114 1.6089034
2.2601264 9.5385 1.3407528
2.1068974 9.5385 1.2258313
2.1068974 9.500193 1.2641385
2.1835117 9.500193 1.4173675
2.336741 9.423578 1.7238252
2.4516625 9.308657 1.9919758
2.3750482 9.308657 2.1068976
2.2218192 9.2703495 2.0685902
1.9919758 9.346964 1.8770541
1.8387469 9.5385 1.685518
1.8387469 9.653421 1.685518
1.9153614 9.691729 1.9153614
2.030283 9.691729 2.183512
2.1068976 9.5385 2.4516625
2.1452048 9.385271 2.6431985
2.030283 9.232041 2.2218192
1.8387469 9.193734 1.9153614
1.6089035 9.2703495 1.6089035
1.4173675 9.346964 1.532289
1.3407528 9.423578 1.6089036
1.4173675 9.500193 1.7621324
1.5705962 9.5385 1.9919758
1.6472107 9.653421 2.1835117
1.4939818 9.691729 2.336741
1.1109096 9.768343 2.2984338
0.6512228 9.80665 2.0685902
0.2681506 9.80665 1.8004397
0.038307227 9.80665 1.5705963
0.038307227 9.80665 1.5322891
0.11492168 9.768343 1.6472108
0.15322891 9.730036 1.8770542
0.22984335 9.653421 1.9536686
0.2681506 9.576807 1.8770542
0.19153613 9.615114 1.8770542
0.076614454 9.615114 1.685518
-0.11492168 9.653421 1.685518
-0.38307226 9.730036 1.7621324
-0.38307226 9.80665 1.685518
-0.38307226 9.883265 1.6472108
-0.57460845 9.921572 1.7238252
-0.91937345 9.80665 2.0685902
-1.1875241 9.653421 2.2984335
-1.2258313 9.385271 2.2601264
-1.3024457 9.193735 2.183512
-1.1875241 9.232042 2.0685904
-0.91937345 9.385271 1.8770542
-0.61291564 9.653421 1.8387469
-0.22984335 10.036493 1.8387469
-0.038307227 10.266337 1.8770541
0.038307227 10.381259 1.8387469
-0.076614454 10.381259 1.8770541
-0.2681506 10.189722 2.030283
-0.3830723 9.998186 2.2601264
-0.45968673 9.921572 2.528277
-0.49799398 9.921572 2.6431985
-0.5363012 9.921572 2.4899697
-0.57460845 9.883265 2.1452045
-0.57460845 9.730036 1.8004397
-0.6512228 9.500193 1.6472107
-0.6512228 9.346964 1.6855179
-0.80445176 9.11712 2.1068976
-0.80445176 9.11712 1.9919758
-0.84275895 9.078813 1.685518
-0.8044517 9.078813 1.3407528
-0.6512228 9.193734 1.4173672
-0.49799395 9.346963 1.8004396
-0.34476504 9.500193 2.2601264
-0.34476504 9.5385 2.4899697
-0.49799395 9.385271 2.2984335
-0.68953013 9.193735 1.8004396
-0.8810662 8.963892 1.4173675
-0.8810662 8.925584 1.0726023
-0.61291564 9.11712 0.91937345
-0.19153614 9.423577 0.88106626
0.34476504 9.80665 0.80445176
0.842759 10.151415 0.7661445
1.187524 10.381258 0.68953
1.3790601 10.496181 0.8044517
1.3790601 10.534488 1.0342951
1.2641385 10.496181 1.340753
1.0342951 10.304645 1.6472108
0.6895301 9.998187 1.6089036
0.19153614 9.615114 1.4173675
-0.6895301 8.887277 0.99598795
-0.8810662 8.734048 0.99598795
-0.842759 8.887277 0.842759
-0.6512229 9.117121 0.88106626
-0.49799395 9.346964 0.88106626
-0.45968673 9.500193 0.95768064
-0.45968673 9.461885 1.3790601
-0.6512229 9.385271 1.6472107
-0.8044518 9.308657 1.7621324
-0.8810662 9.346964 1.6089035
-0.9576807 9.500193 1.3024457
-0.9959879 9.615114 1.1492168
-1.1109096 9.768343 1.340753
-1.2641385 9.844957 1.8387469
-1.4173673 9.730036 2.4899695
-1.5705962 9.653421 2.9879637
-1.4556746 9.461885 2.873042
-1.2641385 9.500193 2.4516625
-0.9959879 9.844957 1.6472108
-0.53630114 10.113109 0.8810662
-0.2681506 10.496181 0.49799395
-0.19153613 10.6877165 0.4596867
-0.19153613 10.6877165 0.7661445
-0.45968673 10.726024 1.2641385
-0.80445176 10.611102 1.8387468
-1.1492168 10.381259 2.4133554
-1.5705963 9.959879 2.9496565
-1.9919758 9.538499 3.2561145
-2.2218192 9.270349 3.371036
-2.3750482 9.11712 3.2944217
-2.4516625 9.155427 3.1028852
-2.4516625 9.232042 2.681506
-2.4899697 9.2703495 2.1452048
-2.528277 9.308657 1.5705963
-2.5665843 9.346964 1.0342952

