-2.5665843 9.423578 0.7661446
0.80445176 9.500192 2.8347347
1.1109096 9.653421 2.6815057
1.532289 9.768343 2.375048
2.030283 9.691729 1.9536686
1.9536686 9.576807 1.9153614
1.8770542 9.5385 1.838747
1.7621324 9.5385 1.8004396
1.685518 9.5385 1.838747
1.6472108 9.576807 1.838747
1.6472108 9.615114 1.838747
1.7238252 9.615114 1.685518
1.838747 9.615114 1.6089036
1.9536686 9.653421 1.4556746
2.030283 9.615114 1.4173673
2.1068976 9.653421 1.4556746
2.030283 9.615114 1.4173673
1.9153614 9.576807 1.4939818
1.838747 9.576807 1.4939818
1.7621324 9.500193 1.5705963
1.7621324 9.461885 1.6855179
1.8004396 9.308657 1.7621324
1.8387469 9.193734 1.9153614
1.8387469 9.040505 1.9919758
1.8004397 8.925584 2.1068974
1.7621324 8.925584 2.1452045
1.7238252 8.963891 2.1835117
1.7238252 9.040505 2.0685902
1.7621324 9.193734 1.877054
1.7621324 9.308657 1.685518
1.8004397 9.346964 1.4556746
1.8004397 9.346964 1.4173675
1.838747 9.2703495 1.4173675
1.9153614 9.193735 1.5322891
1.9153614 9.11712 1.685518
1.9919758 9.078813 1.8770541
2.030283 9.078813 2.030283
2.1068976 9.193734 2.1068976
2.2218192 9.193734 2.183512
2.2984335 9.2703495 2.1068974
2.3367407 9.385271 2.0685902
2.3367407 9.308656 1.9153614
2.3750482 9.423578 1.7238252
2.4133554 9.5385 1.6089035
2.4899697 9.5385 1.5705963
2.6048913 9.615114 1.4939818
2.6431987 9.653421 1.532289
2.6048915 9.615114 1.4939818
2.5665843 9.615114 1.4556746
2.4899697 9.653421 1.532289
2.4133554 9.615114 1.5705963
2.3750482 9.576807 1.685518
2.3367407 9.461885 1.7238252
2.2984335 9.385271 1.9153614
2.2218192 9.385271 1.9536686
2.1068974 9.385271 2.0685902
2.0685902 9.5385 1.9919758
2.030283 9.615114 1.8387469
2.1068974 9.615114 1.8004397
2.2601264 9.615114 1.685518
2.2601264 9.461885 1.8004397
2.2601264 9.385271 1.8770542
2.1452048 9.385271 1.8004397
1.9536686 9.423578 1.7621324
1.838747 9.5385 1.7238252
1.7238252 9.653421 1.685518
1.6472107 9.730036 1.7238252
1.6472107 9.691729 1.9536686
1.6472107 9.730036 2.0685904
1.685518 9.730036 2.183512
1.7621325 9.768343 2.2601264
1.8387469 9.883265 2.0685902
1.8770542 9.959879 1.8387468
1.838747 9.998186 1.685518
1.7621325 10.036493 1.6472108
1.6472107 9.959879 1.685518
1.6472107 9.844957 1.838747
1.685518 9.80665 1.9536686
1.7621325 9.730036 2.0685902
1.8004397 9.883265 2.1068974
1.7238252 9.959879 2.1068974
1.6089035 9.959879 2.1452045
1.4939818 9.959879 2.1835117
1.4173675 9.844957 2.260126
1.3790601 9.768343 2.336741
1.3790601 9.653421 2.336741
1.4173673 9.500193 2.2218192
1.4556746 9.346964 2.2218192
1.532289 9.308657 2.2218192
1.5705963 9.270349 2.2218192
1.5322891 9.232041 2.2984335
1.4556746 9.193734 2.3367407
1.340753 9.040505 2.375048
1.2258313 9.040505 2.4133554
1.1492168 8.963891 2.528277
1.1492168 9.040505 2.566584
1.187524 9.155427 2.566584
1.2641385 9.232042 2.6048915
1.340753 9.461885 2.528277
1.3790601 9.5385 2.528277
1.3790601 9.5385 2.528277
1.4173673 9.615114 2.528277
1.5705962 9.691729 2.5665843
1.7621324 9.844957 2.681506
1.8770541 9.998186 2.834735
1.8004396 9.921572 2.9496565
1.5705962 9.653421 2.9496565
1.2258313 9.308657 2.7964275
0.8044517 9.078813 2.6048915
0.53630114 8.963891 2.336741
0.26815057 9.040505 2.183512
0.076614454 9.11712 2.030283
0.076614454 9.155427 1.9536686
0.15322891 9.232041 2.030283
0.34476504 9.308657 2.183512
0.49799395 9.346964 2.4516625
0.61291564 9.423578 2.719813
0.7278373 9.5385 2.9496565
0.7278373 9.576807 2.9879637
0.80445176 9.653421 2.873042
0.842759 9.653421 2.6431987
0.80445176 9.615114 2.3750482
0.7661445 9.5385 2.183512
0.6512228 9.461885 2.0685902
0.61291564 9.423578 2.1452048
0.68953013 9.308657 2.183512
0.91937345 9.270349 2.2984338
1.2258313 9.270349 2.4516625
1.4939818 9.346963 2.4899697
1.6089035 9.423578 2.6048913
1.5705963 9.500193 2.6431987
1.4939818 9.500193 2.6048915
1.4556746 9.385271 2.48997
1.4556746 9.385271 2.336741
1.532289 9.423578 2.2218192
1.6089036 9.500193 2.0685902
1.7621324 9.653421 1.9919758
1.9536686 9.730036 1.9153614
2.1452045 9.768343 1.9153614
2.336741 9.844957 1.9919758
2.3750482 9.80665 2.030283
2.2601266 9.730036 2.1068974
2.1068976 9.576807 2.030283
1.9153614 9.385271 2.1068976
1.7238252 9.270349 2.183512
1.7238252 9.193734 2.2984338
1.7621324 9.308657 2.5665843
1.8770541 9.423578 2.681506
2.030283 9.500193 2.9113493
2.0685902 9.615114 3.0262709
2.0685902 9.615114 3.0262709
2.030283 9.576807 2.7964275
1.9919758 9.615114 2.4899697
1.9536686 9.653421 2.1068974
1.9536686 9.653421 1.8004396
1.9153614 9.691729 1.7238252
1.8387469 9.730036 1.8387468
1.7621324 9.615114 2.1452048
1.532289 9.461885 2.4516625
1.2641385 9.308657 2.873042
0.9576807 9.002198 3.2561142
0.68953013 8.887277 3.6008794
0.5363012 8.887277 3.9456444
0.4213795 8.925584 4.0222588
0.3830723 9.078813 3.8307228
0.34476504 9.232041 3.4859576
0.30645782 9.308657 2.9496565
0.26815057 9.308657 2.566584
0.26815057 9.346964 2.3367407
0.34476507 9.346964 2.2218192
0.4213795 9.423578 2.4516625
0.49799395 9.653421 2.719813
0.49799395 9.921572 3.1411924
0.38307226 9.959879 3.5242648
0.11492167 9.921572 3.8307228
-0.15322891 9.768343 4.098873
-0.34476507 9.500193 4.213795
-0.45968676 9.461885 4.2521024
-0.30645785 9.5385 4.098873
0.0 9.730036 3.7924156
0.34476504 9.921572 3.2561142
0.7278373 10.0748005 2.7964275
0.9576807 10.189722 2.375048
1.0342951 10.189722 2.2984335
0.9193734 10.113108 2.6048913
0.57460845 9.998186 3.064578
0.11492169 9.730036 3.6008792
-0.38307226 9.385271 3.9073372
-0.7278373 9.155427 3.9073372
-0.91937345 8.963891 3.8307226
-0.8810662 8.963891 3.6008792
-0.6512228 9.155427 3.2944214
-0.38307226 9.423577 3.0262709
-0.076614454 9.730036 2.7581203
0.15322891 9.921572 2.566584
0.30645782 10.0748005 2.528277
0.26815057 9.959879 2.643199
0.076614454 9.768343 2.7198133
-0.22984336 9.500193 2.9113493
-0.61291564 9.078814 3.1028855
-0.9193735 8.810662 3.1794999
-1.1492169 8.504205 3.371036
-1.2258313 8.389283 3.4859579
-1.1875241 8.389283 3.4859579
-1.1109096 8.504205 3.524265
-0.9959879 8.734048 3.4859576
-0.91937345 8.848969 3.2561142
-0.80445176 9.002198 2.987964
-0.6512229 9.11712 2.6431985
-0.49799395 9.2703495 2.2601264
-0.3064578 9.500193 2.1835117
-0.34476504 9.615114 2.4133554
-0.49799392 9.768343 3.0262709
-0.7661446 9.80665 3.7541084
-1.1109096 9.730036 4.405331
-1.3790601 9.653421 4.865018
-1.6089035 9.500193 5.0182467
-1.8004397 9.346964 5.094861
-1.9919758 9.270349 5.094861
-2.0685902 9.232041 5.0182467
-2.030283 9.270349 4.9416323
-1.8387468 9.423578 4.865018
-1.6472107 9.615114 4.7884035
-1.6089035 9.615114 4.7500963
-1.7621324 9.461885 4.711789
-2.030283 9.040505 4.5968676
-2.2601264 8.580818 4.5968676
-2.336741 8.312668 4.711789
-2.2984338 8.121132 4.7884035
-2.183512 8.121132 4.9416323
-2.0685902 8.236053 5.0182467
-1.9153614 8.504204 4.903325
-1.7238252 8.848969 4.7117887
-1.5705963 9.232042 4.290409
-1.4173675 9.2703495 3.7541082
-1.5705963 9.232042 3.2944214
-1.838747 9.155427 3.026271
-2.1068976 8.925584 2.9879637

