0.6512229 9.5385 1.8004398
0.61291564 9.461885 1.838747
0.61291564 9.653421 2.1068976
0.6895301 9.844957 2.4133554
0.6512228 9.844957 2.2984335
0.61291564 9.768343 2.336741
0.61291564 9.730036 2.4516625
0.61291564 9.730036 2.413355
0.7661445 9.691729 2.2984335
1.0726023 9.615114 1.9536686
1.1492169 9.5385 1.9153614
0.99598795 9.385271 2.183512
1.0726023 9.385271 2.566584
1.3024457 9.461885 2.681506
1.4173675 9.5385 2.681506
1.4939818 9.5385 2.4899697
1.5705965 9.500193 2.1068974
1.6089036 9.423578 1.6089035
1.685518 9.461885 1.6089035
1.685518 9.461885 1.685518
1.7238252 9.385271 1.838747
1.8004397 9.385271 1.9153614
1.838747 9.308657 2.0685902
1.8770542 9.346964 2.2218192
1.8770542 9.346964 2.2218192
1.8770542 9.423578 2.2601264
1.8770542 9.5385 2.183512
1.8770542 9.461885 2.1068974
1.8770542 9.500193 2.0685902
1.8004397 9.423578 1.9536686
1.8004397 9.385271 1.8770542
1.8387469 9.461885 1.8004397
1.8770541 9.500193 1.7621325
1.9536686 9.500193 1.7238252
1.9536686 9.500193 1.685518
1.8770542 9.423578 1.685518
1.838747 9.270349 1.6089035
1.8004397 9.193734 1.685518
1.8004397 9.155427 1.8004397
1.8004397 9.11712 1.8004397
1.685518 9.11712 1.8004397
1.5322891 9.078813 1.5705963
1.4173673 9.040505 1.3790601
1.3790601 9.11712 1.1875241
1.4939818 9.193735 1.0726024
1.7238252 9.385271 1.1109096
1.9153614 9.5385 1.1109096
2.1068976 9.691729 1.1875241
2.183512 9.80665 1.3790603
2.1068974 9.883265 1.4173675
1.8387468 9.883265 1.3790601
1.6472107 9.883265 1.3024457
1.2258313 9.80665 1.6089035
1.1109096 9.80665 1.8004397
1.0726023 9.730036 1.9153614
1.1492169 9.730036 1.9153614
1.2258313 9.691729 1.9153614
1.3024457 9.691729 1.8004396
1.340753 9.80665 1.4939818
1.3790601 9.80665 1.3024457
1.340753 9.883265 1.1109096
1.340753 9.883265 0.9576807
1.3024457 9.844957 1.0726024
1.2641385 9.921572 1.1492169
1.2641385 9.921572 1.3024457
1.1492169 9.921572 1.532289
0.9959879 9.921572 1.7238252
0.8044518 9.768343 1.8770541
0.6512228 9.653421 1.9919758
0.57460845 9.5385 2.0685902
0.61291564 9.500193 2.1068974
0.80445176 9.5385 2.1068974
0.99598783 9.615114 1.9153614
1.2641385 9.730036 1.6472108
1.4556745 9.80665 1.3790601
1.5705963 9.844957 1.2258313
1.6089035 9.844957 1.2258313
1.5705963 9.768343 1.4173673
1.5705963 9.615114 1.7238252
1.532289 9.461885 1.9536686
1.4939818 9.2703495 2.1452048
1.3790601 9.193735 2.2218192
1.2641385 9.232042 2.0685904
1.1492168 9.385271 1.9153614
1.1492168 9.5385 1.7621324
1.3024457 9.730036 1.7238252
1.4556746 9.80665 1.7238252
1.6472108 9.883265 1.7621324
1.7621324 10.0748005 1.8004396
1.8004396 10.151415 1.8770542
1.7238252 10.228029 1.9536686
1.5322891 10.189722 1.9536686
1.3024458 10.0748005 1.9153614
1.0726024 9.998186 1.8004397
0.91937345 9.921572 1.838747
0.8810662 9.844957 1.9153614
0.8810662 9.768343 2.183512
0.95768064 9.730036 2.2984335
1.0342951 9.691729 2.2601264
1.0726024 9.653421 2.183512
1.1109096 9.653421 1.9153614
1.0342952 9.500193 1.8004397
0.99598795 9.38527 1.7621325
0.9576807 9.308656 1.7621325
0.7661445 9.11712 1.7238252
0.72783726 9.11712 1.5705962
0.7661446 9.193734 1.4939818
0.99598783 9.270349 1.4939818
1.4556746 9.500193 1.6089036
1.685518 9.615114 1.685518
1.8004396 9.730036 1.685518
1.9153614 9.768343 1.685518
2.030283 9.844957 1.5705962
1.9919758 9.768343 1.3407528
1.9153614 9.730036 1.1492169
1.7621324 9.691729 1.1109096
1.532289 9.576807 1.2258313
1.3790603 9.500193 1.4939818
1.3407528 9.461885 1.8004396
1.37906 9.5385 1.9536686
1.4556745 9.576807 2.0685902
1.5705963 9.768343 1.9536686
1.6855179 9.998186 1.8004396
1.8004397 10.113108 1.6472108
1.838747 10.304644 1.5705963
1.838747 10.342951 1.4939818
1.685518 10.304644 1.3790603
1.4556746 10.228029 1.340753
1.3024457 10.113108 1.340753
1.1492168 10.036493 1.4556746
0.9959879 9.921572 1.6472108
0.8810662 9.883265 1.7621324
0.61291564 9.691729 1.7621324
0.34476504 9.500193 1.7238252
0.11492168 9.346963 1.8004397
0.038307227 9.193734 1.9153614
0.2681506 9.232042 1.9153614
0.61291564 9.461885 1.9153614
1.1109096 9.691729 1.6472108
1.6089035 9.998186 1.340753
2.0685902 10.342952 1.0342951
2.3750482 10.457873 0.8810662
2.4516625 10.534488 0.842759
2.2984338 10.419566 0.842759
1.9536687 10.151415 0.9959879
1.5322891 9.80665 1.2258313
1.1875241 9.5385 1.685518
0.9193735 9.308657 1.9536686
0.68953013 9.155427 2.183512
0.61291564 9.11712 2.2218192
0.61291564 9.11712 2.030283
0.7661445 9.2703495 2.030283
1.0342951 9.500193 1.8770541
1.3024457 9.691729 1.7621324
1.5322891 9.844957 1.6855179
1.5705963 9.844957 1.6855179
1.3790603 9.691729 1.877054
0.9959879 9.5385 2.0685902
0.53630114 9.346964 2.183512
0.03830722 9.193735 2.2218192
-0.34476504 9.155427 2.1452048
-0.53630114 9.155427 2.1068976
-0.61291564 9.193734 2.183512
-0.5363012 9.346964 2.2984338
-0.3830723 9.500193 2.336741
-0.2681506 9.653421 2.2218192
-0.19153613 9.80665 1.9536686
-0.11492168 9.959879 1.6089034
-0.076614454 10.113108 1.3024457
-0.038307227 10.266336 1.2258313
-0.038307227 10.342951 1.187524
-0.11492168 10.342951 1.1492168
-0.22984336 10.228029 1.2641385
-0.34476504 10.036493 1.340753
-0.34476504 9.883265 1.6089035
-0.2681506 9.768343 1.9536686
-0.11492168 9.80665 2.2601264
0.038307227 9.883265 2.4133554
0.15322891 9.998186 2.3750482
0.30645782 10.151415 2.2601264
0.4213795 10.151415 2.183512
0.49799395 10.036493 2.375048
0.4213795 9.768343 2.6815057
0.15322891 9.346964 3.1028852
-0.22984336 8.963891 3.4476504
-0.5746084 8.810662 3.5625722
-0.88106626 8.6574335 3.6008794
-1.0342952 8.695741 3.4093432
-1.0726024 8.887278 3.2561142
-1.2258313 8.963892 3.217807
-1.3024457 9.155428 3.217807
-1.532289 9.193735 3.4476504
-1.8387468 9.040505 3.5242648
-2.030283 8.963891 3.5242648
-2.2218192 8.848969 3.4476504
-2.3367407 8.810662 3.371036
-2.4133554 8.963892 3.2944214
-2.4899697 9.117121 3.2944214
-2.6048915 9.308657 3.4476504
-2.7581203 9.423578 3.6008794
-2.8730419 9.423578 3.86903
-2.9879637 9.232042 4.2137947
-2.9879637 9.193735 4.4819455
-2.681506 9.346964 4.673482
-2.2601264 9.576807 4.865018
-1.7238252 10.036493 4.7500963
-1.1875241 10.266336 4.5968676
-0.8810662 10.228029 4.2904096
-0.6129156 9.998186 3.6391866
-0.72783726 9.998186 2.9879637
-0.99598783 9.998186 2.2601264
-1.2641386 9.959879 1.7238252

