0.38307232 9.11712 3.4859576
0.38307232 9.232042 3.7541084
0.4213795 9.346964 3.1795
0.22984335 9.346964 3.1795
0.38307226 9.461885 3.2944217
0.3064578 9.346964 3.1794999
0.19153613 9.2703495 3.064578
0.11492168 9.232042 3.0262709
0.038307227 9.2703495 3.0645783
0.038307227 9.308657 3.1795
0.038307227 9.270349 3.2561145
0.076614454 9.308657 3.2561145
0.076614454 9.193734 3.1794996
0.076614454 9.193734 3.1411924
0.076614454 9.232041 3.064578
0.11492168 9.232041 2.911349
0.15322891 9.346964 2.911349
0.19153613 9.461885 2.911349
0.34476507 9.5385 2.911349
0.38307226 9.653421 3.1028852
0.45968676 9.730036 3.1794999
0.49799398 9.768343 3.1411927
0.45968673 9.730036 3.1794999
0.4213795 9.691729 3.1411927
0.34476504 9.653421 3.064578
0.30645782 9.576807 3.1411924
0.30645782 9.5385 3.1794996
0.38307226 9.5385 3.1794996
0.5746084 9.500193 3.1794996
0.7661445 9.576807 3.1028852
0.8810662 9.691729 3.0262709
0.9959879 9.730036 3.0262709
1.0342951 9.80665 2.9496565
1.0342951 9.730036 2.834735
1.0726024 9.653421 2.7581205
1.0726024 9.500193 2.6048915
1.0726024 9.385271 2.5665843
1.1109097 9.308657 2.6048915
1.1109097 9.2703495 2.5665843
1.1109097 9.2703495 2.681506
1.1109097 9.193734 2.681506
1.0726024 9.155427 2.6048913
1.0342951 9.11712 2.566584
1.0342951 9.155427 2.4516625
1.0726024 9.232042 2.336741
1.1875241 9.423578 2.2984335
1.3790603 9.615114 2.2984335
1.5705963 9.691729 2.2218192
1.7238252 9.730036 2.1452048
1.7621324 9.730036 2.030283
1.7621324 9.653421 2.0685904
1.7238252 9.653421 2.1068976
1.6089036 9.653421 2.2601264
1.5322891 9.5385 2.528277
1.3790603 9.461885 2.6431985
1.2258313 9.346964 2.7581203
1.1492169 9.308657 2.834735
1.0342952 9.346964 2.7964277
1.0342952 9.308657 2.681506
1.0342952 9.308657 2.5282772
1.0726024 9.346964 2.3750482
1.1875241 9.385271 2.2601264
1.340753 9.500193 2.2218192
1.6089035 9.730036 2.2218192
1.8004397 9.959879 2.2601264
1.9536686 10.036493 2.2984338
1.9919758 10.151415 2.2984338
1.8770541 10.036493 2.336741
1.7621324 9.921572 2.336741
1.6089035 9.883265 2.3750482
1.4556746 9.768343 2.4133554
1.340753 9.730036 2.3750482
1.2641385 9.576807 2.2601266
1.2258313 9.461885 1.9153614
1.2258313 9.346964 1.6472108
1.3407528 9.346964 1.3407528
1.4939818 9.385271 1.1109096
1.7238252 9.500193 1.0342951
2.030283 9.691729 1.1492168
2.0685902 9.730036 1.340753
1.9919758 9.691729 1.532289
1.9153614 9.615114 1.6089036
1.7621324 9.500193 1.8004398
1.6472108 9.385271 1.8770542
1.5322891 9.308657 1.9919758
1.4939818 9.2703495 1.9536686
1.5322891 9.232042 1.8770542
1.6089035 9.308657 1.7238252
1.8004396 9.423578 1.4173675
2.030283 9.576807 1.2258313
2.2601264 9.80665 1.0342951
2.4516625 9.921572 1.0726024
2.5665843 9.959879 1.0342951
2.5282772 9.921572 1.1109096
2.3750482 9.730036 1.1875241
2.1068974 9.576807 1.0342951
1.8387468 9.461885 1.1109096
1.6472107 9.346964 1.1492168
1.4939818 9.308657 1.2258313
1.4939818 9.346964 1.4173675
1.4939818 9.346964 1.5705965
1.4939818 9.461885 1.5705965
1.5705963 9.576807 1.4939818
1.6089035 9.615114 1.3790601
1.6472108 9.653421 1.2641385
1.6472108 9.615114 1.2258313
1.6089036 9.5385 1.1875241
1.5705962 9.500193 1.2641385
1.532289 9.500193 1.4173675
1.4939818 9.500193 1.6472108
1.4556745 9.576807 1.8387469
1.4173673 9.5385 1.8770542
1.3407528 9.461885 1.838747
1.3024457 9.423578 1.7621324
1.3407528 9.346964 1.685518
1.4173675 9.461885 1.532289
1.6089035 9.615114 1.4939818
1.8770541 9.80665 1.4939818
2.1068976 10.113108 1.5705963
2.2984338 10.266336 1.7621324
2.336741 10.419566 1.8004396
2.2601264 10.381259 1.8004396
2.0685902 10.22803 1.9153614
1.8770542 10.0748005 1.9919758
1.7621324 9.844957 2.1068974
1.685518 9.730036 2.1068974
1.6472108 9.615114 1.9536686
1.6472108 9.500193 1.8004396
1.6472108 9.461885 1.685518
1.7238252 9.461885 1.6472108
1.8770542 9.500193 1.5705962
1.9919758 9.500193 1.532289
2.1452045 9.5385 1.4173675
2.2601264 9.615114 1.3407528
2.2984335 9.691729 1.3407528
2.3367407 9.80665 1.3407528
2.3367407 9.844957 1.4939818
2.2984335 9.883265 1.4939818
2.2984335 9.844957 1.5705963
2.2984335 9.844957 1.6089035
2.2984335 9.768343 1.5705962
2.221819 9.5385 1.6472108
2.1068974 9.385271 1.685518
1.9919758 9.232042 1.685518
1.8770542 9.155427 1.5705962
1.8770542 9.193734 1.3407528
1.9536686 9.308656 1.1875241
2.0685902 9.385271 1.0726023
2.221819 9.5385 1.0342951
2.2984338 9.653421 1.0726024
2.336741 9.653421 0.9193734
2.336741 9.691729 0.8810662
2.2984335 9.691729 0.8810662
2.221819 9.691729 0.9576807
2.1068974 9.653421 1.1492168
1.8770542 9.576807 1.2641385
1.6472108 9.461885 1.4556746
1.5322891 9.385271 1.5322891
1.4173675 9.346964 1.5322891
1.4556746 9.308657 1.4173675
1.4173675 9.270349 1.340753
1.3407528 9.232041 1.3024457
1.4173675 9.270349 1.340753
1.4556746 9.270349 1.4939818
1.5705965 9.232041 1.4556746
1.6089036 9.193734 1.4939818
1.4939818 9.002198 1.4939818
1.3407528 8.848969 1.5322891
1.1109095 8.6574335 1.6472108
0.7278373 8.274361 1.838747
0.7278373 8.236053 1.9536686
0.8810662 8.350975 2.0685902
1.1875241 8.542511 1.9536686
1.6089035 8.887277 1.8387468
1.9919759 9.193735 1.685518
2.3750482 9.5385 1.4173675
2.6048915 9.80665 1.2641385
2.6048915 9.883265 1.2641385
2.3750482 9.883265 1.3407528
1.9919759 9.768343 1.5705962
1.6089035 9.653421 1.9919758
1.3024458 9.653421 2.2601264
1.2258313 9.653421 2.3367407
1.1875241 9.615114 2.3367407
1.2258313 9.615114 2.3367407
1.2641385 9.461885 2.3367407
1.2258313 9.423578 2.4899697
1.2641385 9.576807 2.6431987
1.340753 9.691729 2.719813
1.3790601 9.844957 2.7964277
1.340753 9.844957 2.719813
1.1875241 9.768343 2.719813
0.91937345 9.653421 2.681506
0.6895301 9.576807 2.6431987
0.53630114 9.576807 2.719813
0.45968673 9.500193 2.8347347
0.3830723 9.615114 3.217807
0.4213795 9.691729 3.5242648
0.5363012 9.730036 3.715801
0.68953013 9.844957 3.6008794
0.9193735 9.80665 3.0645783
1.1109096 9.730036 2.528277
1.1875241 9.615114 2.2218192
1.1875241 9.38527 2.1452045
1.1492168 9.193734 2.2601266
1.0726024 9.155427 2.336741
1.1109096 9.155427 2.1068976
1.2641385 9.308657 1.9919759
1.5705965 9.653421 1.7621324
1.9536686 9.921572 1.8387469
2.183512 10.304644 2.030283
2.2218192 10.496181 2.2218192
1.9919758 10.419566 2.4899697
1.532289 10.189723 2.4899697
1.0342951 9.768343 2.4899697
0.5746084 9.38527 2.4516625
0.22984336 9.040505 2.4516625
0.0 8.963891 2.6431987
-0.11492168 9.078813 2.834735
-0.038307227 9.308657 2.873042
0.15322891 9.615114 2.7581203
0.4213795 9.921572 2.4899697
0.80445176 10.189722 2.4133554
1.1109096 10.534488 2.4133554
1.3024457 10.840945 2.5282772
1.4173673 10.955867 2.681506
1.3024457 11.032481 2.7581203
1.0726024 10.802637 2.9113493
0.8044518 10.572794 3.064578
0.53630114 10.419565 3.4859576
0.38307226 10.342951 3.7541084
0.38307226 10.457873 3.9073372
0.49799392 10.572795 3.9456444
0.61291564 10.649409 3.6391864
0.6512228 10.572795 3.2561142
0.49799395 10.419565 2.8347347
0.30645782 10.189722 2.4899697
0.076614454 9.959879 2.2601264
-0.11492168 9.730036 2.0685902
-0.22984336 9.500193 1.9919758
-0.4213795 9.308657 1.9536686
-0.6512229 9.11712 1.9153614
-0.91937345 9.078813 2.030283
-1.1875241 9.078813 2.1452045
-1.4939818 9.11712 2.221819
-1.6472107 9.193734 2.3750482
-1.7238252 9.155427 2.528277
-1.7238252 9.155427 2.6048915
-1.5705963 9.193734 2.681506
-1.4939818 9.270349 2.6431987
-1.3790601 9.308656 2.3367407
-1.340753 9.308656 1.9153613
-1.3790601 9.270349 1.4173673
-1.4556746 9.078813 0.9959879
-1.6089035 8.963891 0.7661445
-1.7621324 8.963891 0.61291564
-1.9153614 8.963891 0.53630114

