-1.9919758 9.040505 0.53630114
0.49799395 9.5385 3.677494
0.6895301 9.193734 3.026271
0.8810662 9.308657 2.4516625
1.1492168 9.768343 2.4899697
1.4939818 9.844957 2.566584
1.6472107 9.80665 2.8347347
1.9153613 9.959879 3.064578
2.1452048 9.921572 3.1411927
2.2601264 9.998186 3.2561142
2.3367407 10.036493 3.3327289
2.2984335 9.998186 3.2944217
2.1452045 9.921572 3.2944217
2.030283 9.80665 3.256114
1.9153614 9.653421 3.1411924
1.8387469 9.5385 2.9879637
1.8387469 9.500193 2.873042
1.8004397 9.461885 2.681506
1.8004397 9.5385 2.6431987
1.8004397 9.576807 2.7198133
1.7238252 9.576807 2.6431985
1.6472108 9.615114 2.566584
1.6089036 9.615114 2.413355
1.532289 9.615114 2.2601264
1.4939818 9.615114 2.3367407
1.4939818 9.615114 2.375048
1.4173675 9.500193 2.2984335
1.340753 9.423578 2.2984335
1.340753 9.385271 2.2218192
1.4173673 9.346964 2.2218192
1.4556745 9.423578 2.2601264
1.5705963 9.385271 2.2218192
1.6089035 9.385271 2.183512
1.6089035 9.385271 2.183512
1.5705963 9.461885 2.183512
1.532289 9.5385 2.1452045
1.532289 9.5385 2.1452045
1.5705962 9.5385 2.1068974
1.532289 9.500193 2.0685902
1.4939818 9.423578 2.1068974
1.4556746 9.385271 2.0685902
1.3790601 9.308657 2.1452045
1.3790601 9.346964 2.1452045
1.4173675 9.385271 1.9919758
1.5322891 9.461885 1.9153614
1.685518 9.576807 1.7621324
1.8770541 9.615114 1.8004396
2.0685902 9.653421 1.9153614
2.1452048 9.730036 1.9153614
2.183512 9.691729 1.8387469
2.1452045 9.691729 1.6089035
2.0685902 9.653421 1.340753
1.9919758 9.500193 1.1109096
1.9153614 9.500193 1.0726024
1.9153614 9.461885 1.1109096
1.9536686 9.461885 1.3024457
2.0685902 9.576807 1.4173675
2.1068974 9.615114 1.6089036
1.9536686 9.576807 1.6089036
1.7238252 9.423578 1.685518
1.5322891 9.346964 1.6089035
1.4173675 9.308657 1.5705963
1.4173675 9.308657 1.4173673
1.5705963 9.423578 1.2641385
1.8004396 9.423578 1.1492168
2.030283 9.461885 0.9576807
2.1452045 9.500193 0.8044518
2.1452045 9.385271 0.6895301
1.8770542 9.155427 0.5363012
1.8004397 9.002198 0.68953013
1.7238252 8.772355 0.7661446
1.6472107 8.734048 0.9193735
1.7621325 8.810662 0.8810662
1.9536686 9.117121 0.7661445
2.1452048 9.2703495 0.6512228
2.336741 9.500193 0.5363012
2.2601264 9.385271 0.30645782
2.1452048 9.270349 0.15322891
1.9919758 9.155427 0.2681506
1.8770542 9.155427 0.5363012
1.9536686 9.193734 0.8810662
2.0685902 9.193734 1.1109096
2.1452048 9.308656 1.340753
2.183512 9.308656 1.4939818
2.0685902 9.270349 1.4556746
1.8770542 9.232041 1.3024457
1.6472108 9.002198 1.1492169
1.532289 8.887277 0.842759
1.4939818 8.848969 0.68953013
1.5705963 8.810662 0.68953013
1.7238252 8.925584 0.842759
1.9536686 9.078813 1.2258313
2.183512 9.2703495 1.685518
2.336741 9.500193 2.1068974
2.4133554 9.653421 2.336741
2.336741 9.653421 2.4133554
2.1068974 9.461885 2.2218192
1.7621325 9.040505 1.9153614
1.4173673 8.619126 1.5705965
1.1492168 8.274361 1.2258313
1.0726023 8.159439 0.9959879
1.2258313 8.236053 0.80445176
1.532289 8.465898 0.6512228
1.9153614 8.772355 0.61291564
2.3750482 9.040506 0.6512229
2.719813 9.423578 0.7278373
2.9879637 9.730036 0.9193735
3.1028852 9.921572 1.2641385
2.9879637 9.921572 1.4173673
2.834735 9.653421 1.4556746
2.6048915 9.308657 1.340753
2.4133554 9.078814 1.0342951
2.528277 9.078814 0.8044517
2.7581203 9.308657 0.7278373
3.1028852 9.500193 0.7661445
3.409343 9.730036 0.842759
3.409343 9.691729 0.99598795
3.217807 9.691729 1.7621324
2.911349 9.653421 2.4899697
2.719813 9.385271 2.9113493
2.6048915 9.423578 3.0645783
2.5282772 9.308657 2.2218192
2.48997 9.461885 1.9919758
2.48997 9.500193 2.030283
2.48997 9.615114 1.8387469
2.528277 9.691729 1.6089035
2.528277 9.691729 1.532289
2.4899697 9.615114 1.685518
2.4133554 9.576807 2.030283
2.336741 9.576807 2.6431987
2.183512 9.691729 3.3327289
2.030283 9.883265 3.9073372
1.8770542 10.0748005 4.2137947
1.7238252 10.266336 4.098873
1.5705963 10.266336 3.8307228
1.4173675 10.189722 3.4859576
1.2641385 10.036493 3.1795
1.0726024 9.883265 2.9496565
0.9959879 9.730036 2.873042
1.0342952 9.615114 2.873042
1.1492168 9.576807 3.217807
1.4173673 9.5385 3.562572
1.6089035 9.691729 3.6774936
1.7238252 9.80665 3.7158008
1.8004397 9.921572 3.4476504
1.7621324 10.036493 3.064578
1.7238252 9.921572 2.6815057
1.7238252 9.730036 2.336741
1.7238252 9.615114 1.9153614
1.7238252 9.461885 1.6472107
1.7238252 9.385271 1.7621324
1.7621324 9.500193 2.4516625
1.8770542 9.653421 2.834735
1.9536686 9.883265 2.9879637
1.9536686 10.036493 2.9496565
1.9153614 9.998186 2.7964275
1.685518 9.883265 2.6815057
1.340753 9.653421 2.4899697
0.9959879 9.5385 2.3750482
0.6512228 9.576807 2.528277
0.42137948 9.653421 2.8730419
0.26815057 9.768343 3.2944214
0.11492168 9.844957 3.562572
-0.22984336 9.768343 3.5242648
-0.34476504 9.730036 3.371036
-0.4213795 9.730036 3.371036
-0.4213795 9.768343 3.371036
-0.38307226 9.844957 3.2944217
-0.344765 9.883265 3.1028855
-0.30645782 9.921572 2.834735
-0.38307226 9.921572 2.6431987
-0.4213795 9.883265 2.48997
-0.5746084 9.844957 2.5282772
-0.7661446 9.730036 2.6431987
-0.9576807 9.5385 2.681506
-1.2641385 9.346964 2.6431987
-1.4556746 9.155427 2.6048915
-1.6089036 9.078813 2.4899697
-1.6089036 9.040505 2.3750482
-1.37906 9.346964 2.030283
-1.3024457 9.423578 1.8770542
-1.37906 9.500193 1.685518
-1.532289 9.385271 1.6472108
-1.7621324 9.193734 1.5705963
-1.9536686 9.002198 1.4556745
-2.0685904 8.810662 1.5322891
-2.1452048 8.695741 1.4939818
-2.1068976 8.6574335 1.6472108
-2.030283 8.810662 2.030283
-1.8770542 9.11712 2.2984335
-1.7238252 9.500193 2.566584
-1.4173675 9.921572 2.566584
-1.1109095 10.151415 2.3750482
-0.91937345 10.266336 2.336741
-0.80445176 10.266336 2.4133554

