-0.42137954 9.2703495 2.681506
0.1532289 9.576807 2.719813
0.8044517 9.615114 2.7964275
1.4173673 9.576807 2.7964275
1.7621324 9.691729 2.719813
1.8387469 9.80665 2.7964277
1.8770541 9.80665 2.7581205
1.8004396 9.730036 2.681506
1.532289 9.346964 2.7198133
1.3790601 9.2703495 2.8730419
1.340753 9.2703495 3.0262709
1.3024458 9.193735 3.064578
1.340753 9.155428 3.1028852
1.340753 9.11712 3.064578
1.3790601 9.078813 3.0262709
1.4556746 9.193735 2.9496565
1.4939818 9.2703495 2.834735
1.6089036 9.308657 2.7581203
1.6089036 9.346964 2.6048915
1.5705963 9.308657 2.6048915
1.6089035 9.385271 2.681506
1.6855179 9.385271 2.7964275
1.8387469 9.385271 3.0262709
1.9536686 9.500193 3.1028852
1.9153614 9.500193 3.0262709
1.8387469 9.5385 2.9879637
1.8004396 9.385271 2.9879637
1.7238252 9.346964 3.0262709
1.7238252 9.346964 3.064578
1.7621324 9.423578 3.0262709
1.9153614 9.615114 3.0262709
2.1452048 9.730036 2.9113493
2.375048 9.921572 2.873042
2.6048913 10.036493 2.9113493
2.7964275 10.036493 2.7964277
2.9113493 10.113108 2.7964277
2.9113493 10.0748005 2.681506
2.7964275 9.998186 2.528277
2.6431985 9.959879 2.4899697
2.566584 9.883265 2.528277
2.528277 9.844957 2.566584
2.6048913 9.768343 2.566584
2.681506 9.730036 2.6431987
2.719813 9.691729 2.528277
2.7581203 9.653421 2.4133554
2.719813 9.615114 2.4133554
2.719813 9.576807 2.4516625
2.719813 9.500193 2.6431985
2.681506 9.385271 2.8730419
2.6048915 9.308657 2.9113493
2.4516625 9.193734 2.873042
2.2984335 9.078813 2.834735
2.1452045 9.002198 2.6431987
2.0685902 8.887277 2.566584
2.030283 8.848969 2.413355
1.9919758 8.848969 2.2984335
1.9919758 8.810662 2.4899697
2.0685902 8.848969 2.6431985
2.1835117 8.887277 3.0262709
2.260126 9.040505 3.3327289
2.336741 9.155427 3.371036
2.2984338 9.2703495 3.4093432
2.2218192 9.308657 3.1028852
2.1452045 9.155427 2.75812
2.030283 9.193734 2.2601266
1.9919758 9.232042 2.183512
1.9919758 9.346964 2.1068974
2.0685902 9.461885 2.0685902
2.1452045 9.500193 2.1068974
2.221819 9.576807 2.2218192
2.2984335 9.730036 2.4899697
2.2601264 9.768343 2.7581203
2.1452048 9.768343 2.9113493
1.9919758 9.730036 2.9496565
1.8770542 9.615114 2.873042
1.8004396 9.500193 2.6431987
1.8004396 9.385271 2.528277
1.8004396 9.385271 2.2601264
1.7621324 9.423578 1.9919758
1.7621324 9.5385 1.9536686
1.8770542 9.691729 1.8770542
1.9919758 9.80665 2.030283
2.1068974 9.844957 2.1068974
2.1452045 9.844957 2.1068974
2.0685902 9.844957 2.1452045
1.9919758 9.80665 2.2218192
1.8387469 9.730036 2.336741
1.6089035 9.500193 2.336741
1.532289 9.346963 2.183512
1.532289 9.308656 2.1068976
1.5705963 9.346963 2.0685902
1.5705963 9.500193 2.183512
1.5705963 9.691729 2.2218192
1.6472107 9.959879 2.1835117
1.6855179 10.189722 1.9919758
1.7621324 10.304644 1.685518
1.8387469 10.342951 1.3407528
1.7238252 10.151415 0.95768064
1.5322891 9.883265 0.7661446
1.340753 9.653421 0.9959879
1.1492168 9.461885 1.4173675
1.0342951 9.423578 1.9536686
1.1109096 9.615114 2.4133554
1.2258313 9.768343 2.183512
1.4556746 9.844957 1.1109096
1.4173673 9.691729 0.7278373
1.3407528 9.500193 0.53630114
1.1875241 9.346964 0.57460845
1.0726023 9.193734 0.842759
0.9959879 9.193734 1.1492169
0.91937345 9.11712 1.3790603
0.88106626 8.963891 1.4939818
0.7661446 8.887277 1.4556746
0.6512229 8.6574335 1.4939818
0.49799395 8.542512 1.5322891
0.38307226 8.389282 1.6089036
0.34476507 8.350975 1.685518
0.4213795 8.542511 1.4939818
0.61291564 8.810661 1.3407528
0.7278373 9.155428 1.1875241
0.842759 9.308657 1.1109097
0.7661445 9.308657 1.1875241
0.5363012 9.11712 1.2641385
0.42137948 9.002198 1.4556746
0.34476504 8.925584 1.8004397
0.38307226 8.963891 2.030283
0.53630114 9.078813 2.1452048
0.6895301 9.11712 2.0685902
0.7661446 9.11712 1.685518
0.8810662 9.155428 1.2641385
1.0342952 9.653421 1.7238253
1.1492169 9.959879 1.9919759
1.0342952 10.0748005 2.2601266
0.842759 10.036493 2.4516625
0.61291564 9.921572 2.566584
0.30645782 9.653421 2.643199
0.15322891 9.423577 2.7198133
0.11492168 9.270349 2.834735
0.19153613 9.193734 2.719813
0.4213795 9.193734 2.719813
0.7278373 9.308657 2.681506
1.0342951 9.500193 2.5665843
1.2258313 9.691729 2.6431987
1.2641385 9.883265 2.681506
1.2258313 9.883265 2.6048913
1.1109096 9.844957 2.4899697
0.9193734 9.615114 2.375048
0.7278373 9.385271 2.2984335
0.4596867 9.193734 2.336741
0.11492168 9.078813 2.566584
-0.15322891 9.232041 2.9879637
-0.34476504 9.500193 3.4476504
-0.4213795 9.883265 4.060566
-0.45968676 10.228029 4.443638
-0.80445176 10.496181 4.5585604
-1.1109096 10.419565 4.367024
-1.340753 10.228029 4.2904096
-1.532289 9.959879 4.1371803
-1.6472107 9.653421 3.9456444
-1.8004396 9.423577 3.9073372
-1.9153614 9.270349 3.9456444
-2.030283 9.193734 4.2521024
-2.183512 9.232041 4.5968676
-2.2601264 9.193734 4.7884035
-2.3750482 9.155427 4.7884035
-2.4516625 9.078813 4.55856
-2.336741 9.002198 4.252102
-2.1452048 9.002198 3.8690298
-1.8770542 9.078813 3.6391864
-1.5705962 9.232041 3.4476504
-1.4556746 9.308657 3.409343
-1.4556746 9.2703495 3.6008792
-1.6472108 9.117121 3.6774938
-1.8770542 8.848969 4.0222588
-2.0685904 8.619126 4.3287168
-2.030283 8.580819 4.520253
-1.7621324 8.695741 4.5585604
-1.6089035 8.887277 4.5585604

