-1.6089035 8.963891 4.4819455
-1.6472107 9.078813 4.405331
-1.6472107 9.193734 4.367024
1.3024458 9.500192 3.830723
1.2641385 8.963891 3.3327289
1.1109096 8.69574 3.0645783
1.187524 8.580818 3.1411927
1.4556746 8.389282 3.4093432
1.532289 8.504204 3.5625722
1.685518 8.6574335 3.5625722
1.7238252 8.734048 3.4093432
1.7238252 8.848969 3.2561142
1.685518 8.848969 3.0262709
1.6089036 8.848969 2.7964275
1.5705962 8.925584 2.681506
1.5705962 9.040506 2.681506
1.6472108 9.155428 2.873042
1.8004396 9.308657 3.1411927
1.9153614 9.461885 3.4093432
1.9536686 9.576807 3.5242648
1.9153614 9.653421 3.4093432
1.7621324 9.615114 3.2561145
1.6472108 9.500193 2.9879637
1.5705963 9.385271 2.834735
1.5705963 9.385271 2.7581205
1.6855179 9.461885 2.6431987
1.8004397 9.576807 2.4899697
2.030283 9.691729 2.3367407
2.2218192 9.80665 2.183512
2.2984338 9.883265 2.1452045
2.3367407 10.036493 2.4516625
2.2601264 10.0748005 2.6048915
2.2218192 10.113108 2.5665843
2.1452048 10.113108 2.528277
1.9536686 9.883265 2.4133554
1.7621324 9.691729 2.3750482
1.532289 9.461885 2.4516625
1.4173673 9.2703495 2.566584
1.532289 9.423578 2.6431987
1.7621324 9.5385 2.7581203
2.0685902 9.730036 2.834735
2.2984338 9.921572 2.719813
2.2984338 9.80665 2.6048913
2.183512 9.730036 2.2984335
1.9919758 9.5385 2.0685902
1.8387469 9.346964 1.9919758
1.685518 9.232042 2.336741
1.6089036 9.232042 2.566584
1.4939818 9.193735 2.7581205
1.3790603 9.11712 2.873042
1.3024457 9.040505 2.7581203
1.2258313 9.002198 2.719813
1.2641385 9.040505 2.6048913
1.340753 9.155428 2.4133554
1.4939818 9.346964 2.183512
1.7238252 9.500193 1.8770542
1.8387469 9.615114 1.685518
1.9919758 9.730036 1.685518
2.0685902 9.80665 1.7621324
2.0685902 9.844957 1.9919758
1.9919758 9.844957 2.1452045
1.8387469 9.80665 2.1452045
1.5705963 9.653421 2.2218192
1.2641385 9.461885 2.2218192
0.9959879 9.346964 2.2984335
0.80445176 9.155427 2.4516625
0.80445176 9.155427 2.681506
0.95768064 9.308656 2.9113493
1.1875241 9.500193 3.064578
1.3790601 9.691729 2.9879637
1.4939818 9.80665 2.7581205
1.532289 9.844957 2.3750482
1.4939818 9.844957 2.0685902
1.4173675 9.80665 1.9536686
1.3024457 9.768343 1.8387469
1.1109096 9.653421 1.9919758
0.91937345 9.461885 2.1452048
0.7661445 9.385271 2.2984338
0.68953 9.385271 2.5665843
0.8044517 9.500193 2.873042
0.9576807 9.615114 3.0262709
1.1109096 9.730036 2.9496562
1.2641385 9.768343 2.7964275
1.2641385 9.653421 2.3367407
1.2641385 9.576807 1.9919758
1.2258313 9.461885 2.030283
1.1492169 9.308657 2.0685902
1.1109096 9.2703495 2.183512
1.1492168 9.308657 2.2601266
1.2641385 9.308657 2.183512
1.4173675 9.346964 2.1452048
1.532289 9.461885 2.2218192
1.5705963 9.5385 2.2601264
1.5322891 9.576807 2.2984335
1.4173673 9.653421 2.2984335
1.3790601 9.500193 2.2218192
1.4173673 9.385271 2.2218192
1.532289 9.232042 2.2601264
1.5705963 9.193735 2.3367407
1.5705963 9.155427 2.3367407
1.4939818 9.232042 2.3750482
1.37906 9.232042 2.3750482
1.3024457 9.232042 2.1452045
1.3024457 9.2703495 1.9153613
1.4939818 9.308657 1.6855179
1.685518 9.385271 1.4939818
1.8770541 9.423578 1.4556746
1.9919758 9.423578 1.4939818
1.9536686 9.385271 1.4939818
1.9536686 9.500193 1.4939818
1.9536686 9.576807 1.6472107
1.9536686 9.691729 1.7238252
1.9536686 9.768343 1.8387469
1.9536686 9.80665 1.8387469
1.9919758 9.80665 1.7238252
2.030283 9.768343 1.6472107
2.030283 9.653421 1.5705962
1.9919758 9.500193 1.6089036
1.8770542 9.385271 1.7238252
1.7621324 9.270349 1.8004396
1.8004396 9.346964 1.9536686
1.9153614 9.461885 2.1452048
2.0685902 9.615114 2.183512
2.2601264 9.768343 2.1452048
2.3367407 9.883265 1.9536687
2.2984335 9.844957 1.7238252
2.2218192 9.691729 1.5705963
2.1068974 9.615114 1.6472107
1.9919758 9.500193 1.7621324
1.9536686 9.423578 1.9536686
1.9153614 9.423578 2.1452045
1.7621325 9.346964 2.183512
1.6472108 9.155427 2.2218192
1.4556746 8.963891 2.1068974
1.2258313 8.734048 2.0685902
1.1109096 8.619126 2.0685902
1.0342952 8.695741 2.0685902
1.0726024 8.887277 2.1068974
1.1875241 9.193734 2.0685902
1.3024457 9.461885 2.030283
1.4173673 9.615114 2.030283
1.4173673 9.768343 2.1452048
1.3790601 9.80665 2.2218192
1.3407528 9.768343 2.336741
1.187524 9.615114 2.4899697
1.0342951 9.385271 2.6048913
0.9576807 9.2703495 2.7581203
0.9576807 9.155427 2.719813
1.1109096 9.346964 2.4516625
1.3790601 9.615114 2.0685904
1.6855179 9.730036 1.7238252
1.9153613 9.921572 1.5705965
2.030283 9.959879 1.6472108
1.9919758 9.921572 1.8770541
1.8387469 9.921572 2.1068976
1.6472107 9.80665 2.2984338
1.4173673 9.615114 2.528277
1.2258313 9.461885 2.7964275
1.0342951 9.193735 2.987964
0.8044518 9.040505 3.1028855
0.57460845 9.002198 2.9879637
0.34476504 8.810662 2.7198129
0.19153613 8.848969 2.528277
0.11492168 8.887277 2.528277
0.19153613 8.963892 2.5665843
0.30645782 9.232042 2.6048915
0.3830723 9.423578 2.6431987
0.45968673 9.5385 2.528277
0.4213795 9.576807 2.566584
0.30645782 9.500193 2.7581203
0.15322891 9.385271 3.026271
-0.038307227 9.2703495 3.4093432
-0.19153613 9.155427 3.7541082
-0.26815057 9.078813 4.0222588
-0.344765 9.11712 4.2137947
-0.4596867 9.155427 4.1754875
-0.5746084 9.232042 4.1754875
-0.72783726 9.385271 4.098873
-0.80445176 9.500193 4.098873
-0.7661446 9.730036 4.4436383
-0.7661446 9.998186 4.7500963
-0.72783726 10.189722 4.9416327
-0.7661446 10.304644 4.9033256
-0.91937345 10.189722 4.6351748
-1.0726024 9.921572 4.2521024
-1.340753 9.5385 4.1371803
-1.5705963 9.155428 4.2521024
-1.7238252 9.040506 4.3287168
-1.8770541 8.963891 4.5202527
-1.8387469 9.002198 4.5202527
-1.8004397 9.155427 4.55856
-1.685518 9.232042 4.596867
-1.5705963 9.308657 4.673482
-1.5705963 9.346964 4.711789
-1.5705963 9.2703495 4.5968676
-1.6472107 9.117121 4.6351748
-1.6472107 9.078813 4.5202527
-1.6855179 9.040505 4.55856
-1.8387469 9.040505 4.4436383
-1.9536686 8.848969 4.3287168
-2.030283 8.848969 4.060566
-2.1068974 9.002198 3.7541082
-2.1452048 9.232042 3.6391864
-2.1452048 9.5385 3.6008792

