0.842759 9.155427 3.1411924
0.9193734 9.423578 2.6048913
1.2258313 9.423578 2.2601264
1.6089035 9.576807 2.183512
1.9153614 9.653421 2.0685902
1.9536686 9.615114 2.030283
2.0685902 9.653421 2.030283
2.183512 9.691729 2.1068974
2.183512 9.768343 2.1452048
2.1452048 9.730036 2.2218192
2.030283 9.653421 2.2601264
2.030283 9.576807 2.2218192
2.0685902 9.500193 2.2601264
2.0685902 9.500193 2.2984338
2.030283 9.461885 2.4133554
1.9536686 9.461885 2.4133554
1.9153614 9.5385 2.4899697
1.9536686 9.653421 2.5282772
2.030283 9.768343 2.5665843
2.1452048 9.844957 2.6048915
2.2218192 9.883265 2.6431987
2.2601264 9.80665 2.528277
2.2601264 9.844957 2.2984335
2.2218192 9.80665 2.1068974
2.183512 9.768343 1.8770542
2.1452048 9.768343 1.8004397
2.183512 9.691729 1.8387469
2.183512 9.730036 1.8387469
2.1452048 9.691729 1.7621324
2.1068974 9.768343 1.7238252
2.030283 9.844957 1.6472108
1.9919758 9.883265 1.685518
2.030283 9.921572 1.838747
2.030283 9.883265 1.9536686
2.030283 9.844957 2.2218192
1.9153614 9.844957 2.2601264
1.8004397 9.844957 2.3750482
1.6855179 9.653421 2.4516625
1.7621324 9.615114 2.5282772
1.9153614 9.615114 2.3750482
2.030283 9.691729 2.336741
2.1452048 9.844957 2.2601264
2.1068976 9.844957 2.2984335
2.0685902 9.80665 2.2984335
1.9919758 9.691729 2.2984335
1.8770542 9.653421 2.2984335
1.8004398 9.500193 2.4133554
1.6089036 9.385271 2.3750482
1.340753 9.308656 2.4516625
1.1492169 9.11712 2.5282772
1.0342951 9.155427 2.6431987
1.2258313 9.232041 2.6431987
1.3790601 9.461885 2.5665843
1.4939818 9.576807 2.4899697
1.532289 9.730036 2.2984335
1.4939818 9.80665 2.1068974
1.4556746 9.80665 2.030283
1.3790603 9.844957 1.9919758
1.3024457 9.730036 2.1068976
1.2258313 9.653421 2.2984335
1.0726024 9.5385 2.4133554
0.9576807 9.500193 2.566584
0.7661446 9.576807 2.6048915
0.5746084 9.615114 2.719813
0.53630114 9.730036 2.873042
0.49799395 9.768343 2.9113493
0.5746084 9.80665 3.0262709
0.7278373 9.844957 2.9496565
0.8044518 9.768343 2.7581203
0.88106626 9.691729 2.719813
0.842759 9.615114 2.566584
0.6895301 9.5385 2.4133554
0.49799395 9.5385 2.3750482
0.2681506 9.5385 2.2601264
0.15322891 9.500193 2.2601264
0.11492168 9.461885 2.2601264
0.11492168 9.461885 2.336741
0.19153613 9.461885 2.4516625
0.19153613 9.576807 2.4899697
0.15322891 9.615114 2.566584
0.11492168 9.653421 2.528277
0.038307227 9.691729 2.566584
0.0 9.5385 2.681506
0.038307227 9.500193 2.7964275
0.076614454 9.461885 2.9113493
0.076614454 9.385271 2.873042
0.038307227 9.308657 2.5665843
-0.038307227 9.193735 2.2601264
-0.11492168 8.963891 1.8770541
-0.038307227 9.040505 2.1452048
0.11492168 9.232041 2.4899697
0.38307226 9.423578 2.834735
0.61291564 9.653421 3.1411927
0.7661446 9.844957 3.1028855
0.88106626 9.844957 2.9496562
0.8044518 9.80665 2.6815057
0.68953013 9.730036 2.375048
0.5746084 9.5385 2.183512
0.3830723 9.423578 1.9153614
0.2681506 9.2703495 1.8387469
0.22984336 9.2703495 1.8770542
0.22984336 9.346964 1.9536686
0.34476507 9.461885 2.2218192
0.5363012 9.653421 2.336741
0.6895301 9.768343 2.3750482
0.88106626 9.883265 2.336741
1.0726024 10.036493 2.2601264
1.1875241 10.151415 2.1068976
1.2258313 10.189722 1.9153614
1.2641385 10.113108 1.7238252
1.1492168 9.959879 1.4173673
1.0342952 9.653421 1.2258313
0.9576807 9.346963 1.0726024
0.91937345 9.155427 1.0342952
1.0342951 9.155427 1.2258313
1.2641385 9.346964 1.3790603
1.6089036 9.691729 1.5705965
1.9153614 10.0748005 1.7238252
2.183512 10.342951 1.7238252
2.336741 10.572794 1.7621324
2.2984338 10.649409 1.7621324
2.1452045 10.572795 1.6472108
1.8387469 10.304645 1.6089036
1.3790601 9.921572 1.532289
0.9959879 9.615114 1.5705963
0.7278373 9.423578 1.8004396
0.61291564 9.346964 2.030283
0.6895301 9.423578 2.2218192
0.842759 9.5385 2.3367407
0.9193735 9.615114 2.2218192
1.0342952 9.653421 1.9536686
1.1109096 9.730036 1.685518
1.2258313 9.730036 1.4173675
1.4173673 9.768343 1.1109096
1.4939818 9.921572 0.91937345
1.532289 9.959879 0.7661445
1.4556746 9.883265 0.7278373
1.2641385 9.844957 0.8044517
1.0726023 9.691729 1.1109096
0.842759 9.576807 1.4939818
0.6512229 9.615114 1.8387469
0.45968673 9.461885 2.1835117
0.2681506 9.385271 2.221819
0.11492168 9.232042 2.221819
-0.038307227 9.078813 2.1068974
-0.076614454 9.078813 1.9536686
0.0 9.155427 1.8770542
0.11492168 9.308657 1.6472108
0.2681506 9.385271 1.4556746
0.38307226 9.500193 1.2641385
0.38307226 9.5385 1.2641385
0.30645782 9.461885 1.4173675
0.15322891 9.38527 1.6472108
-0.038307227 9.193734 2.030283
-0.22984335 9.002198 2.2218192
-0.3064578 8.887277 2.3750482
-0.26815057 8.925584 2.3750482
-0.11492168 9.002198 2.1068976
0.19153611 9.078813 1.8387468
0.49799395 9.232041 1.532289
0.80445176 9.308657 1.2258313
1.0342951 9.308657 1.1492168
1.1109097 9.2703495 1.1492168
1.0726024 9.232042 1.1492168
0.9193735 9.11712 1.3024457
0.68953013 9.002198 1.4939818
0.45968673 8.810661 1.6089035
0.19153613 8.580818 1.7621324
-0.038307227 8.389282 1.7621324
-0.11492168 8.350975 1.7621324
-0.038307227 8.465897 1.8387469
0.19153614 8.6574335 1.8387469
0.3830723 8.887277 2.030283
0.4213795 9.078813 2.2601264
0.34476504 9.308656 2.3750482
0.19153613 9.423578 2.6048913
0.0 9.461885 2.7581203
-0.19153613 9.308657 2.7964277
-0.4596867 9.117121 2.9496565
-0.6512228 8.963892 3.064578
-0.7661445 8.887277 3.3327286
-0.7661445 9.040505 3.6391864
-0.72783726 9.270349 3.9839513
-0.72783726 9.5385 4.252102
-0.72783726 9.768343 4.3670235
-0.72783726 9.959879 4.4436383
-0.72783726 10.036493 4.4436383
-0.72783726 10.151415 4.4819455
-0.8810662 10.228029 4.5202527
-1.0726023 10.228029 4.443638
-1.340753 10.151415 4.4053307
-1.6472107 9.998186 4.443638
-1.877054 9.844957 4.481945
-2.183512 9.730036 4.6351748
-2.3750482 9.691729 4.673482
-2.566584 9.691729 4.673482
-2.719813 9.730036 4.5202527
-2.7964277 9.768343 4.405331
-2.9113493 9.768343 4.2137947
-2.9496565 9.768343 3.9456444
-2.9496565 9.768343 3.9073372
-2.873042 9.768343 3.715801
-2.7964275 9.730036 3.6774936
-2.8347347 9.691729 3.6774936
-2.8347347 9.691729 3.4859574
-2.9496565 9.768343 3.3710358
-2.9879637 10.0748005 3.2561142
-2.9113493 10.419565 3.2561142
-2.7964277 10.802638 3.3327289
-2.6431985 11.109097 3.4859576
-2.566584 11.185711 3.677494
-2.6815057 11.070789 3.8307228

