1.340753 9.232042 3.907337
1.8004396 9.040505 3.4093432
1.8770541 8.848969 3.1794999
1.8770541 8.772355 3.4859576
2.1068974 8.734048 3.6008792
2.183512 8.772355 3.715801
2.2984338 8.925584 3.7541082
2.4516625 8.963891 3.6774938
2.4516625 9.002198 3.4476504
2.4899697 9.002198 3.4476504
2.4516625 8.925584 3.2944217
2.3367407 8.925584 3.2944217
2.2601264 8.848969 3.4093432
2.1452045 8.848969 3.3327289
2.0685902 8.810662 3.371036
2.030283 8.734048 3.2561142
1.9919758 8.810662 3.217807
2.0685902 8.810662 3.217807
2.1835117 8.963891 3.217807
2.2601264 9.11712 3.2561145
2.2984335 9.193735 3.2178068
2.2218192 9.308657 3.3327289
2.1068974 9.346964 3.2561145
2.030283 9.423578 3.1411927
1.9536686 9.461885 3.0645783
1.9153614 9.5385 2.719813
1.9153614 9.615114 2.566584
1.9536686 9.653421 2.4516625
2.1068976 9.768343 2.528277
2.2601264 9.921572 2.6431985
2.3367407 10.036493 2.873042
2.3367407 10.228029 2.9496565
2.183512 10.189722 2.9113493
1.9919758 10.0748005 2.9879637
1.7621324 9.959879 3.026271
1.5705963 9.730036 3.2178073
1.4939818 9.730036 3.4093432
1.4556746 9.653421 3.5242648
1.5322891 9.576807 3.562572
1.6089036 9.653421 3.4476502
1.685518 9.691729 3.2944214
1.7621324 9.768343 3.217807
1.838747 9.883265 3.1028852
1.9536686 9.921572 3.1794996
1.9919758 9.921572 3.2944217
2.030283 9.883265 3.4476504
1.9536686 9.768343 3.5242648
1.8004397 9.615114 3.4859576
1.6089035 9.423578 3.3327286
1.4556745 9.308657 3.1028855
1.3790601 9.232042 3.064578
1.340753 9.232042 3.1411924
1.4556746 9.308657 3.3327289
1.5322891 9.461885 3.5242648
1.5705963 9.576807 3.4859576
1.6089035 9.653421 3.409343
1.532289 9.768343 3.2561142
1.4939818 9.80665 3.1028852
1.4939818 9.80665 3.1411924
1.4173675 9.80665 3.064578
1.37906 9.691729 3.0262709
1.2258313 9.576807 3.1028855
1.1109097 9.576807 3.1411927
1.0726024 9.576807 3.2561145
1.0342951 9.576807 3.4476504
1.1109096 9.615114 3.4093432
1.1109096 9.615114 3.4093432
1.0342951 9.576807 3.3710358
0.88106626 9.615114 3.0645783
0.6512228 9.5385 2.8730419
0.49799395 9.500193 2.566584
0.4213795 9.5385 2.4133554
0.49799395 9.5385 2.4899697
0.7278373 9.730036 2.7964277
0.7661445 9.691729 2.9496565
0.57460845 9.615114 3.064578
0.34476504 9.423578 3.064578
-0.03830722 9.193735 3.0262709
-0.34476504 9.002198 2.9496565
-0.53630114 8.848969 2.9496565
-0.68953 8.772355 2.9879637
-0.6512228 8.810662 3.1411927
-0.61291564 8.848969 3.2944217
-0.45968673 8.887277 3.2944217
-0.34476504 9.040505 3.2561145
-0.30645782 9.002198 3.1411924
-0.30645782 9.078813 2.9113493
-0.4213795 9.078813 2.7581205
-0.45968676 8.963891 2.7964277
-0.45968676 9.040505 2.7964277
-0.45968676 9.002198 2.9113493
-0.38307226 9.040505 3.0262709
-0.30645782 9.11712 3.0262709
-0.2681506 9.040505 2.9879637
-0.22984336 8.963891 2.834735
-0.26815057 8.887277 2.7198133
-0.30645782 8.734048 2.6048913
-0.26815057 8.772355 2.6048913
-0.114921674 8.925585 2.681506
0.15322891 9.155428 2.681506
0.4213795 9.423578 2.6431987
0.6129156 9.615114 2.6431987
0.68953 9.730036 2.4899697
0.7278373 9.730036 2.4133554
0.68953 9.691729 2.2984335
0.6512228 9.653421 2.1068974
0.6512228 9.615114 2.1068974
0.61291564 9.615114 2.1068974
0.61291564 9.653421 2.183512
0.6512228 9.653421 2.183512
0.6895301 9.615114 2.1068974
0.84275895 9.615114 2.0685902
0.9959879 9.653421 1.8387469
1.1492169 9.615114 1.6472108
1.340753 9.615114 1.4556746
1.4556746 9.5385 1.1875241
1.5705963 9.423578 1.1109096
1.685518 9.423578 1.0342952
1.8770542 9.5385 1.0342952
2.030283 9.691729 1.0726024
2.2984335 9.921572 1.0342952
2.4899697 10.151415 1.0342952
2.6048915 10.228029 0.9193735
2.6431987 10.266336 0.8044518
2.4516625 10.151415 0.7278373
2.2218192 9.921572 0.7278373
1.9153613 9.691729 0.8810662
1.6089035 9.461885 1.2641385
1.2641385 9.232042 1.9919758
1.2258313 9.232042 2.2601264
1.2641385 9.2703495 2.2218192
1.340753 9.346964 2.2218192
1.4173675 9.461885 2.0685902
1.3790603 9.653421 1.9536686
1.3790603 9.768343 1.8770542
1.2641385 9.768343 1.7621324
1.2258313 9.730036 1.8387469
1.1492168 9.576807 2.1068974
0.9576807 9.5385 2.4516625
0.7661446 9.461885 2.7964275
0.5363012 9.346964 3.0262709
0.4213795 9.040505 2.9879637
0.5363012 9.078813 3.0262709
0.6895301 9.232042 3.0262709
0.842759 9.500193 2.9879637
0.9959879 9.691729 2.9496565
1.0726024 9.80665 2.9113493
1.0342952 9.768343 2.873042
0.88106626 9.5385 2.873042
0.45968673 9.193734 2.9879637
0.34476504 9.040505 3.217807
0.34476504 8.963891 3.4476504
0.38307226 8.925584 3.6008794
0.4213795 9.002198 3.6008794
0.49799395 9.117121 3.4476504
0.49799395 9.308657 3.2561142
0.5363012 9.385271 3.064578
0.5746084 9.346964 3.064578
0.5363012 9.346964 3.1794999
0.45968673 9.2703495 3.217807
0.22984335 9.193734 3.2944214
-0.11492165 9.002198 3.3710358
-0.42137948 8.772355 3.4093432
-0.6512228 8.695741 3.6391866
-0.72783726 8.695741 3.9073372
-0.61291564 8.925584 4.098873
-0.4213795 9.155428 4.1371803
-0.19153613 9.346964 3.9073372
0.0 9.5385 3.4093432
0.076614454 9.653421 2.8347347
0.038307227 9.653421 2.4516623
0.0 9.576807 2.3367407
-0.076614454 9.500193 2.566584
-0.15322891 9.346964 2.9496565
-0.2681506 9.308657 3.371036
-0.45968673 9.270349 3.6391866
-0.6512228 9.155427 3.86903
-0.80445176 9.155427 3.9839516
-0.91937345 9.11712 3.9839516
-0.9576807 9.11712 3.9073372
-0.9193735 9.155427 3.7158012
-0.8810662 9.232041 3.677494
-0.80445176 9.423578 3.6008792

