-0.7661445 9.576807 3.6391866
-0.7661445 9.691729 3.7158012
1.4939817 9.576807 3.6774938
1.9536685 9.653421 3.1411927
2.1068974 9.500193 2.9879637
2.1068974 9.346964 2.9496565
2.183512 9.461885 3.064578
2.2984335 9.423578 3.0262709
2.3367407 9.423578 2.9113493
2.3367407 9.423578 2.7964275
2.3750482 9.385271 2.8347347
2.3750482 9.346964 2.7964275
2.2984335 9.346964 2.873042
2.2601264 9.232042 2.873042
2.1068976 9.232042 2.834735
1.8770542 9.193734 2.681506
1.7621325 9.232041 2.6431987
1.8004397 9.2703495 2.681506
1.8387469 9.308657 2.7581203
1.9919758 9.461885 2.834735
2.1068974 9.615114 2.873042
2.1068974 9.691729 2.834735
2.0685902 9.80665 2.7198133
1.9153614 9.730036 2.528277
1.5705963 9.653421 2.4516625
1.532289 9.615114 2.6815062
1.5705962 9.653421 2.9496565
1.6089036 9.768343 3.0262709
1.5705963 9.80665 3.0262709
1.4556746 9.730036 2.9113493
1.340753 9.653421 2.9113493
1.3024458 9.615114 2.9496567
1.3024458 9.653421 3.1028857
1.1875241 9.615114 3.2561145
1.1109096 9.576807 3.4093432
0.9193735 9.576807 3.4093432
0.7278373 9.5385 3.4476504
0.68953 9.615114 3.562572
0.7278373 9.653421 3.6391869
0.8044518 9.653421 3.677494
0.9193735 9.691729 3.7158012
0.9959879 9.730036 3.677494
1.0726024 9.80665 3.6391866
1.1875241 9.844957 3.7541084
1.2641386 9.883265 3.8307228
1.3024458 9.883265 3.8307228
1.340753 9.80665 3.7541082
1.340753 9.730036 3.6774938
1.3024457 9.615114 3.5242648
1.3407528 9.5385 3.4476504
1.3024457 9.423578 3.4859576
1.2641385 9.270349 3.6008792
1.2641385 9.270349 3.6391864
1.3407528 9.270349 3.7541082
1.4173675 9.308657 3.86903
1.4556746 9.2703495 3.8307228
1.4173673 9.232042 3.7541082
1.3024458 9.193735 3.562572
1.1492169 9.155427 2.8730419
1.1492169 9.155427 2.719813
1.2258313 9.270349 2.528277
1.3024457 9.346964 2.4899697
1.340753 9.461885 2.719813
1.3790601 9.615114 3.0262709
1.340753 9.730036 3.371036
1.187524 9.80665 3.715801
0.9959879 9.730036 3.86903
0.7661445 9.5385 3.8307228
0.38307226 9.117121 3.715801
0.30645782 9.078813 3.7541082
0.26815057 9.078813 3.715801
0.344765 9.155427 3.6774938
0.38307226 9.232041 3.5242648
0.45968673 9.308657 3.3327286
0.57460845 9.423578 3.2561142
0.6512228 9.500193 3.1411924
0.7661445 9.500193 3.0262709
0.80445176 9.461885 2.834735
0.80445176 9.423578 2.6815062
0.80445176 9.423578 2.6815062
0.7661445 9.500193 2.7198133
0.7661445 9.500193 2.834735
0.7661445 9.461885 2.873042
0.7661445 9.423578 2.8347347
0.7661445 9.346964 2.719813
0.7661445 9.346964 2.6048913
0.7661445 9.385271 2.4899697
0.7661445 9.385271 2.4516625
0.7661445 9.500193 2.4899697
0.80445176 9.576807 2.4899697
0.8810662 9.615114 2.6048913
0.9576807 9.615114 2.6431985
1.0726024 9.500193 2.6815057
1.1109096 9.5385 2.719813
1.0726024 9.461885 2.6431987
0.9193734 9.461885 2.6431987
0.7278373 9.385271 2.681506
0.5746084 9.193734 2.7581203
0.49799398 9.155427 2.9113493
0.5746084 9.155427 2.9496565
0.6512228 9.193734 2.873042
0.68953 9.2703495 2.719813
0.7278373 9.346964 2.4516625
0.8044518 9.500193 1.9919758
0.9193735 9.5385 1.9919758
0.9576807 9.5385 2.1068976
0.9193735 9.5385 2.2601264
0.842759 9.5385 2.4516625
0.7278373 9.5385 2.6048915
0.7278373 9.500193 2.681506
0.68953 9.461885 2.719813
0.7661445 9.308657 2.6431987
0.842759 9.155427 2.3750482
0.842759 9.002198 2.1068976
0.99598795 8.887277 1.8004396
1.1492168 8.963891 1.6472108
1.3790601 9.155428 1.7621324
1.7238252 9.500193 1.9153612
1.9919758 9.883265 2.183512
2.183512 10.189722 2.2601264
2.336741 10.381259 2.2218192
2.221819 10.342952 2.1452048
1.9919758 10.151416 2.030283
1.685518 9.80665 1.9153614
1.3024458 9.423577 1.8004396
1.0726024 9.078813 1.6472108
0.9193735 8.887277 1.6089036
0.9193735 8.848969 1.685518
1.0342952 8.848969 1.7238252
1.1875241 9.040505 1.7621325
1.4556746 9.193734 1.685518
1.8387469 9.500193 1.4556745
1.9536686 9.615114 1.3790601
1.9536686 9.653421 1.2641385
1.8387469 9.691729 1.1875241
1.685518 9.615114 1.1109097
1.5705963 9.461885 1.1875241
1.4556746 9.308657 1.3790603
1.340753 9.193735 1.7238252
1.2258313 9.11712 1.9536686
1.1109096 9.155427 2.2218192
1.0726024 9.270349 2.375048
1.1492169 9.461885 2.375048
1.3024458 9.730036 2.413355
1.4173673 9.883265 2.2984335
1.4556746 9.998186 2.2601264
1.4173673 9.998186 2.2218192
1.2641385 9.959879 2.2984338
1.0342951 9.883265 2.4516625
0.8044518 9.768343 2.7581203
0.61291564 9.653421 3.1028855
0.45968676 9.500193 3.3327289
0.38307226 9.385271 3.371036
0.30645782 9.2703495 3.141193
0.22984336 9.155428 2.9113493
0.15322891 9.193735 2.5665843
0.038307227 9.193735 2.4516625
-0.076614454 9.232042 2.4516625
-0.2681506 9.155428 2.4899697
-0.4213795 9.040505 2.681506
-0.61291564 8.887277 2.834735
-0.8044517 8.695741 2.9496565
-0.9193734 8.6574335 3.0262709
-1.0342951 8.580819 3.1794996
-1.1109096 8.542512 3.4093432
-1.1109096 8.619126 3.7158008
-1.1109096 8.734048 3.9839516
-1.0726024 8.963892 4.098873
-0.9576807 9.346964 4.060566
-0.8044518 9.691729 3.7924154
-0.61291564 10.036493 3.562572
-0.4596867 10.266337 3.4476504
-0.38307226 10.496181 3.2944217
-0.4213795 10.6877165 3.3327289
-0.5363012 10.764331 3.3327289
-0.6895301 10.726024 3.1794999
-0.91937345 10.534488 3.1411927
-1.1492168 10.189723 3.064578
-1.4173675 9.844957 3.064578
-1.7238252 9.5385 3.0262709
-2.1452048 9.155428 2.8347347
-2.528277 9.002198 2.719813

