-2.8730419 8.887277 2.6048915
-3.1794996 8.887277 2.4899697
-3.2561145 9.002198 2.566584
1.5705963 8.810662 4.596867
2.1068974 8.848969 4.596867
2.681506 9.193734 4.3287168
2.6431987 9.232042 4.098873
2.9113493 9.500193 3.9073372
2.9113493 9.423578 3.9073372
2.9879637 9.346964 3.9839516
3.1028852 9.346964 4.060566
3.1794996 9.2703495 4.060566
3.217807 9.2703495 4.060566
3.2561142 9.346964 3.9839516
3.4093432 9.5385 3.7924156
3.4859576 9.5385 3.562572
3.4859576 9.461885 3.3327289
3.2944214 9.2703495 2.9496565
3.1028852 9.193735 2.9496565
2.9496565 9.11712 3.0262709
2.8347347 9.040505 3.0262709
2.719813 9.040505 3.1411924
2.719813 9.11712 3.3327286
2.681506 9.346964 3.8307226
2.566584 9.5385 4.060566
2.4899697 9.615114 4.060566
2.4516625 9.576807 3.9073372
2.4133554 9.500193 3.6391866
2.4133554 9.500193 3.4859576
2.4516625 9.691729 3.6774938
2.4133554 9.80665 3.6774938
2.336741 9.768343 3.7924156
2.183512 9.691729 3.7541084
1.9536686 9.500193 3.5242648
1.685518 9.308657 3.371036
1.4939818 9.193735 3.371036
1.4173673 9.078813 3.4093432
1.4173673 9.078813 3.4859579
1.532289 9.11712 3.6008794
1.6089035 9.232042 3.6008794
1.6472108 9.385271 3.5242648
1.7238252 9.461885 3.4859576
1.8004398 9.461885 3.6008792
1.8770542 9.423578 3.677494
1.9536686 9.346964 3.86903
1.9153614 9.232042 3.9839516
1.7621324 9.11712 3.9456444
1.5705962 9.002198 3.86903
1.4173673 8.848969 3.6391866
1.340753 8.772355 3.371036
1.340753 8.810662 3.2561142
1.4556746 8.848969 3.1411924
1.5705963 8.925584 3.1794996
1.685518 9.040505 3.1794996
1.7621324 9.11712 3.1794996
1.685518 9.155427 3.1794996
1.5705963 9.232041 3.1411924
1.4939818 9.193734 3.1794996
1.4939818 9.193734 3.217807
1.6089035 9.193734 3.2561142
1.685518 9.078813 3.1794999
1.685518 9.040505 3.1411927
1.6089036 8.963891 3.1411927
1.4556746 8.887277 3.0645783
1.3024457 9.002198 3.2178073
1.2641385 9.078813 3.2944217
1.3407528 9.11712 3.2944217
1.532289 9.270349 3.2561145
1.7621324 9.308657 3.026271
1.8770541 9.2703495 2.7581205
1.8770541 9.232042 2.4133554
1.685518 9.002199 2.183512
1.4173675 8.772355 2.030283
1.1492168 8.580818 2.030283
0.842759 8.389282 2.183512
0.61291564 8.312668 2.528277
0.42137948 8.350975 2.9879637
0.3830723 8.504204 3.4476504
0.61291564 8.925584 3.6774938
0.842759 9.117121 3.562572
0.9959879 9.2703495 3.4093432
1.0726024 9.423578 3.2561145
1.1492169 9.500193 3.1028852
1.1109096 9.500193 2.9879637
0.9959879 9.500193 2.9496565
0.91937345 9.346964 3.0262709
0.7661445 9.2703495 3.1411927
0.6129156 9.232041 3.3327289
0.49799395 9.232041 3.371036
0.4596867 9.423577 3.4476504
0.49799395 9.615114 3.5242648
0.68953013 9.80665 3.3710358
0.8810662 9.844957 3.3710358
0.9959879 9.883265 3.2944214
1.0342952 9.883265 3.217807
0.99598795 9.844957 3.1794999
0.91937345 9.883265 3.1028852
0.7661446 9.80665 3.0262709
0.7278373 9.768343 2.9496565
0.6895301 9.691729 2.9113493
0.80445176 9.576807 3.026271
0.80445176 9.500193 3.1794999
0.842759 9.500193 3.4093432
0.8810662 9.5385 3.6391866
0.9576807 9.5385 3.6774938
1.1492168 9.615114 3.6391866
1.3790601 9.80665 3.4093432
1.6089035 9.959879 2.9113493
1.7238252 10.151415 2.6431987
1.685518 10.189722 2.2984335
1.4173675 10.113108 2.1452048
1.0726023 9.959879 2.2601264
0.6895301 9.80665 2.3367407
0.38307226 9.653421 2.7964275
0.22984335 9.500193 3.217807
0.15322891 9.423578 3.5242648
0.15322891 9.308657 3.6774938
0.15322891 9.308657 3.4859576
0.19153613 9.2703495 3.2944214
0.22984336 9.346964 3.0262709
0.34476507 9.500193 2.7581203
0.4596867 9.615114 2.4899697
0.49799395 9.768343 2.183512
0.49799395 9.730036 2.0685902
0.3830723 9.615114 2.0685902
0.19153613 9.346964 2.1068976
0.0 9.002198 2.183512
-0.15322891 8.734048 2.2218192
-0.22984336 8.542512 2.2984335
-0.22984336 8.542512 2.528277
-0.15322891 8.580819 2.6048913
0.0 8.695741 2.566584
0.15322891 8.772355 2.2984338
0.38307226 8.925584 1.8004397
0.6512228 9.193735 1.3024458
0.8810662 9.461885 1.0726024
1.1109096 9.768343 1.2641385
1.187524 10.0748005 1.8770541
1.1109095 10.342952 2.719813
0.91937345 10.457873 3.4476504
0.6895301 10.496181 3.7924156
0.53630114 10.304644 3.715801
0.4213795 10.0748005 3.4476504
0.45968676 9.883265 3.0645783
0.5746084 9.768343 2.7581203
0.6512228 9.653421 2.4899697
0.7278373 9.5385 2.4133554
0.6512228 9.500193 2.3750482
0.53630114 9.385271 2.4133554
0.45968673 9.385271 2.4516625
0.45968673 9.346964 2.528277
0.5363012 9.193735 2.528277
0.5363012 9.002198 2.4516625
0.5363012 8.734048 2.336741
0.4213795 8.580819 2.0685904
0.30645782 8.542512 1.8770542
0.30645782 8.772355 1.9536686
0.2681506 9.117121 2.2601264
0.34476504 9.461885 2.6431987
0.34476504 9.768343 3.0262709
0.2681506 9.80665 3.2561142
0.15322891 9.80665 3.3710358
0.0 9.691729 3.4093432
-0.15322891 9.576807 3.4093432
-0.26815057 9.461885 3.4859576
-0.38307226 9.2703495 3.6008792
-0.53630114 9.155427 3.9073372
-0.6512228 9.078813 4.3287168
-0.88106626 9.078813 4.6351743
-1.0726023 9.193734 4.9416323
-1.3024457 9.2703495 5.0948615
-1.532289 9.308657 5.1331687
-1.7238252 9.232042 5.0565543
-1.9919758 9.155428 4.9416323
-2.183512 9.040505 4.8267107
-2.2984335 8.963891 4.6351748
-2.336741 9.040505 4.5968676
-2.1452045 9.078813 4.5585604
-2.030283 9.155427 4.175488
-2.1452048 9.308656 3.6774938
-2.2984335 9.308656 2.9496562

