-2.566584 9.232041 2.2601264
-2.719813 9.155427 2.030283
1.532289 8.963891 4.0222588
1.9919759 9.078813 3.8307228
2.4133554 9.308656 3.7541084
2.6815062 9.38527 3.7924156
2.566584 9.078813 3.8307228
2.566584 9.078813 4.098873
2.566584 9.078813 4.2137947
2.6048915 9.11712 4.1754875
2.6048915 9.193734 4.1371803
2.6048915 9.270349 3.9456444
2.6048915 9.270349 3.6774936
2.6048915 9.346964 3.3327286
2.6431987 9.423578 3.1794999
2.7198133 9.500193 3.064578
2.7581205 9.615114 3.1794999
2.7581205 9.615114 3.4093432
2.6431987 9.615114 3.5242648
2.3750482 9.423578 3.4859576
2.1068976 9.2703495 3.4093432
1.8387469 9.155427 3.217807
1.6855179 9.002198 3.064578
1.6855179 9.002198 3.1794999
1.7238252 9.078813 3.1794999
1.8387469 9.232042 3.1794999
1.9536686 9.385271 3.1028852
2.0685902 9.576807 2.9879637
2.1452048 9.691729 2.9113493
2.1068976 9.730036 2.834735
1.9536686 9.730036 2.834735
1.7621324 9.653421 2.834735
1.532289 9.5385 2.9496567
1.4173673 9.385271 3.2944217
1.4173673 9.346964 3.715801
1.4173673 9.308657 4.175488
1.4939818 9.423578 4.520253
1.4939818 9.576807 4.5585604
1.4556746 9.653421 4.2904096
1.4556746 9.691729 3.7924156
1.4173675 9.615114 3.3327289
1.4939818 9.5385 2.9113493
1.6472108 9.5385 2.873042
1.8004396 9.5385 2.9113493
1.9153614 9.500193 2.9879637
1.8770541 9.385271 3.1411924
1.6472108 9.232042 3.3327286
1.3790601 9.155427 3.562572
1.1109096 9.002198 3.6774938
0.91937345 8.887277 3.7924156
0.8810662 8.734048 3.6774938
0.91937345 8.619126 3.5625722
1.0342951 8.619126 3.4476504
1.1875241 8.542512 3.3327286
1.3024457 8.542512 3.2944214
1.3790601 8.580819 3.217807
1.4556746 8.695741 3.2944214
1.532289 8.963892 3.371036
1.4173675 9.117121 3.3327289
1.1875241 9.002199 3.1795
0.91937345 8.772355 2.9113493
0.6512228 8.427589 2.719813
0.5363012 8.197746 2.6048915
0.45968673 8.121132 2.7581203
0.38307226 8.082825 2.9496565
0.22984335 8.121132 3.064578
0.15322891 8.197746 3.2561142
0.19153613 8.350975 3.2944214
0.30645782 8.542512 3.2561142
0.61291564 8.772355 3.1794999
0.842759 8.963891 3.0262709
1.0342951 9.078813 2.8347347
1.1492169 9.193734 2.719813
1.1109096 9.346964 2.7581205
1.0726024 9.423578 2.7964277
1.0726024 9.423578 2.873042
1.0342952 9.308657 2.9879637
0.9576807 9.2703495 3.3327289
0.91937345 9.193734 3.4859576
0.91937345 9.232041 3.5242648
0.9576807 9.155427 3.5242648
1.0342952 9.270349 3.4093432
1.1492169 9.385271 3.141193
1.3024458 9.500193 2.987964
1.532289 9.730036 2.911349
1.7238252 9.883265 2.9879637
1.8770541 10.113108 3.1794999
1.9153614 10.419566 3.2944214
1.9153614 10.457873 3.2944214
1.9153614 10.496181 3.3327286
1.9919758 10.496181 3.3327286
2.0685902 10.572795 3.217807
2.1452048 10.572795 3.026271
2.183512 10.534488 2.9113493
2.183512 10.534488 2.7964277
2.183512 10.496181 2.7581203
2.0685902 10.381259 2.7581203
1.9919758 10.266336 2.719813
1.9153614 10.036493 2.719813
1.8770542 9.768343 2.719813
1.8770542 9.615114 2.7964277
1.8770542 9.500193 2.719813
1.838747 9.423578 2.719813
1.7238252 9.423578 2.6431987
1.6089036 9.346964 2.4516625
1.4939818 9.308657 2.3750482
1.3790603 9.2703495 2.4133554
1.2258313 9.11712 2.4899697
1.1492169 9.002198 2.6048915
1.0726023 8.925584 2.7581203
1.0726023 8.848969 2.8730419
1.1109097 8.810662 2.9879637
1.1492169 8.848969 2.9879637
1.2641385 8.848969 2.9879637
1.3790603 8.848969 2.834735
1.4939818 9.040505 2.681506
1.5705962 9.11712 2.6431987
1.5705962 9.11712 2.6048915
1.532289 9.193734 2.6431987
1.4939818 9.040505 2.681506
1.3790601 8.963891 2.834735
1.3024457 8.810662 2.873042
1.2641385 8.619126 2.7581203
1.2641385 8.6574335 2.7581203
1.493982 8.772355 2.719813
1.7238253 8.925584 2.719813
1.9153614 9.078813 2.834735
2.1068974 9.193734 2.7581203
2.1068974 9.155427 2.6048915
2.0685902 9.232042 2.528277
1.9919758 9.193735 2.566584
1.8387469 9.078813 2.7964275
1.6472108 8.963891 3.1411927
1.3790601 8.772355 3.6391866
1.1492168 8.695741 4.060566
0.9576807 8.6574335 4.3670235
0.88106626 8.734048 4.5202527
0.9193735 8.848969 4.4436383
0.9193735 8.925584 4.3287163
0.9193735 9.040505 4.098873
0.842759 9.040505 3.9456444
0.6895301 9.002198 3.8307228
0.49799395 9.078813 3.8307228
0.2681506 9.155427 4.060566
0.0 9.232041 4.367024
-0.30645782 9.500193 4.711789
-0.8044518 9.615114 5.133168
-1.0342951 9.576807 5.094861
-1.1875241 9.346964 5.094861
-1.3790603 9.193734 5.286397
-1.5705962 9.155427 5.439626
-1.8004396 9.078813 5.592855
-2.0685902 9.002198 5.746084
-2.3367407 8.925584 5.5545483
-2.566584 8.810662 5.3247046
-2.681506 8.810662 5.171476
-2.7964275 8.887277 4.9416323
-2.8730419 8.925584 4.7500963
-2.9879637 8.925584 4.4819455
-3.1028855 8.887277 4.1371803
-3.2561142 8.772355 3.8307228
-3.4093432 8.772355 3.4476504
-3.5242648 8.695741 3.3327286
-3.6391866 8.734048 3.4476504
-3.6391866 8.810662 3.715801
-3.6008792 8.887277 4.1754875
-3.4859576 9.193734 4.520253
-3.371036 9.4618845 4.7884035
-3.2561145 9.844957 4.9799395
-3.1028855 10.113108 4.9416323
-3.0262709 10.228029 4.9416323
-2.9496565 10.266336 4.7884035
-2.873042 10.151415 4.5202527
-2.7964277 9.959879 4.2904096
-2.7581205 9.768343 4.0222588
-2.7964277 9.653421 3.7541084
-2.834735 9.653421 3.5242648

