-2.834735 9.883265 3.7158008
1.685518 9.308657 4.903325
1.532289 9.155427 3.4859576
1.7621324 9.385271 3.3327289
1.7621324 9.193735 3.1411927
1.8004396 9.11712 3.064578
1.685518 9.040505 3.1794996
1.532289 9.040505 3.4093432
1.4939818 9.040505 3.4476504
1.532289 9.155427 3.562572
1.532289 9.308656 3.2944217
1.8387469 9.423578 3.4093432
2.030283 9.5385 3.4093432
2.0685902 9.576807 3.3327289
2.1452048 9.5385 3.5242648
1.9536686 9.423578 3.1794996
1.8387469 9.346963 2.9496565
1.8770542 9.308656 2.873042
1.9536686 9.38527 2.834735
2.030283 9.500193 2.9496565
2.1452045 9.615114 3.064578
2.1452045 9.653421 3.1411927
2.0685902 9.500193 3.1794999
1.9919758 9.346964 3.064578
1.838747 9.232041 2.9113493
1.7621324 9.11712 2.7964277
1.8004396 9.11712 2.7581205
1.838747 9.11712 2.834735
1.8770542 9.040505 2.9113493
1.9153614 9.078813 2.9113493
1.8004397 9.040505 2.873042
1.6472108 9.078813 2.7964277
1.5705963 9.155427 2.834735
1.4939818 9.11712 2.873042
1.4939818 9.155427 2.9496565
1.5705963 9.193734 3.0262709
1.6089036 9.2703495 2.9496565
1.6472108 9.346964 2.7964275
1.6472108 9.385271 2.5665843
1.6089036 9.385271 2.3750482
1.5705963 9.346964 2.2601264
1.532289 9.385271 2.1452045
1.6089035 9.423578 2.2601264
1.7238252 9.423578 2.336741
1.7621324 9.423578 2.4516628
1.7621324 9.461885 2.6048915
1.6089036 9.461885 2.6048915
1.4173675 9.500193 2.681506
1.3024457 9.5385 2.681506
1.2258313 9.423578 2.7581205
1.2258313 9.308657 2.7964277
1.2258313 9.193735 2.7964277
1.1875241 9.155428 2.834735
1.1492169 9.155428 2.7964275
1.1109096 9.193735 2.7581203
1.0342952 9.2703495 2.834735
1.0726024 9.2703495 2.9496565
1.1109097 9.308657 3.064578
1.2258313 9.385271 3.2561142
1.4173675 9.461885 3.371036
1.4556746 9.461885 3.4859579
1.4556746 9.423578 3.6391866
1.340753 9.308657 3.6008794
1.1875241 9.078814 3.5242648
1.1109096 8.925584 3.3710358
1.1109096 8.848969 3.1028855
1.187524 8.925584 2.9879637
1.2258313 9.078814 2.911349
1.3024457 9.2703495 2.911349
1.340753 9.423578 3.1028852
1.2641385 9.461885 3.1411927
1.1492168 9.385271 3.064578
0.9959879 9.308656 2.9879637
0.7661446 9.155427 2.873042
0.6895301 8.963891 2.9113493
0.7278373 8.963891 2.9496565
0.8044518 8.925584 2.9496565
0.9576807 9.002198 2.873042
1.1109096 9.270349 2.9113493
1.3024457 9.5385 3.026271
1.532289 9.844957 3.1795
1.7621324 10.113108 3.3327289
1.9153614 10.266336 3.3327289
1.9536686 10.266336 3.4093432
1.8770542 10.266336 3.4476504
1.7238252 10.228029 3.4476504
1.532289 10.0748005 3.371036
1.3407528 10.036493 3.2944217
1.187524 9.844957 3.2944217
1.0726024 9.653421 3.371036
1.0726024 9.500193 3.6391869
1.1492168 9.423578 3.7541084
1.1875241 9.423578 3.7924156
1.3024457 9.5385 3.7924156
1.3407528 9.691729 3.6008794
1.4173675 9.691729 3.4093432
1.532289 9.80665 3.2944214
1.6472108 9.883265 3.0262709
1.8004398 9.959879 2.9496565
1.8004398 9.998186 2.873042
1.6089036 9.80665 2.834735
1.340753 9.461885 2.9496565
0.9576807 9.002198 3.0262709
0.34476504 8.121132 3.4093432
0.076614454 7.73806 3.7924156
0.22984335 7.8912888 3.9839516
0.53630114 8.350975 4.0222588
1.0726023 8.84897 4.060566
1.5705962 9.346964 4.098873
1.9536684 9.691729 3.9839516
2.1452045 9.883265 3.7924156
2.0685902 9.959879 3.5242648
1.8770541 9.844957 3.2178073
1.3790601 9.308656 2.9496565
1.1492168 9.002198 3.217807
0.8810662 8.772355 3.4476504
0.7661445 8.6574335 3.8307226
0.7278373 8.580819 4.5202527
0.7661445 8.695741 4.788403
0.7278373 8.848969 4.750096
0.6895301 9.117121 4.596867
0.72783726 9.346964 4.213795
0.80445176 9.500193 3.9456444
0.8810662 9.500193 3.7158012
0.91937345 9.461885 3.5625725
0.842759 9.308657 3.4859576
0.7661446 9.155428 3.2944217
0.6895301 9.040506 3.2944217
0.5746084 8.887277 3.4476504
0.61291564 9.002198 3.6774938
0.7278373 9.270349 3.9839516
0.8810662 9.5385 4.060566
0.9959879 9.80665 3.86903
0.9959879 9.883265 3.4476504
0.91937345 9.730036 2.9113493
0.7278373 9.500193 2.6048915
0.5363012 9.193734 2.528277
0.34476504 9.002198 2.566584
0.11492168 8.887277 2.7581203
0.0 8.848969 2.9113493
-0.038307227 8.848969 3.064578
-0.038307227 8.887277 3.2944217
0.0 8.925584 3.4859576
0.0 8.925584 3.4859576
-0.038307227 8.963891 3.409343
-0.076614454 8.925584 3.3327286
-0.11492168 8.925584 3.3327286
-0.19153613 9.002198 3.6008792
-0.22984336 9.040505 3.86903
-0.30645782 9.193734 3.9839516
-0.4213795 9.270349 4.0222588
-0.5363012 9.308657 3.9073372
-0.6895301 9.346964 3.86903
-0.842759 9.2703495 3.9073372
-0.99598795 9.2703495 3.86903
-1.1109096 9.193734 3.86903
-1.2258313 9.193734 3.9073372
-1.2641385 9.155427 4.137181
-1.2258313 9.11712 4.4819455
-1.1492169 9.193734 4.865018
-1.0342952 9.232042 5.0182467
-0.91937345 9.308657 4.8267107
-0.842759 9.2703495 4.481946
-0.8810662 9.232042 4.098873
-1.0342951 9.11712 3.7541084
-1.3024457 8.925584 3.677494
-1.6855179 8.810662 3.8307228
-2.030283 8.695741 4.098873
-2.2601264 8.619126 4.4436383
-2.3750482 8.6574335 4.8267107
-2.3750482 8.848969 5.171476
-2.2984338 8.963891 5.324705
-2.2601264 9.11712 5.5545483
-2.2984335 9.232041 5.516241
-2.375048 9.040505 5.3247046
-2.566584 8.887277 5.094861
-2.681506 8.772355 4.6734815
-2.681506 8.772355 4.5202527

