1.2641385 9.385271 3.8307228
1.9153613 9.653421 3.4476504
2.2984335 9.730036 2.9113493
2.7964275 9.883265 2.528277
2.7964277 9.691729 2.9113493
2.5665843 9.615114 3.1028855
2.336741 9.461885 3.1794999
2.183512 9.346964 3.1411927
1.9919758 9.232042 3.1028852
1.9536686 9.078813 3.0262709
1.9536686 8.963891 2.9113493
2.030283 8.887277 2.9113493
2.1452045 8.848969 2.7964277
2.260126 8.925584 2.7198133
2.3750482 9.078813 2.6048913
2.4516625 9.193734 2.4133554
2.4899697 9.346964 2.2218192
2.528277 9.385271 2.1452048
2.4899697 9.346964 2.0685902
2.3750482 9.308657 2.030283
2.2984338 9.2703495 2.0685902
2.183512 9.308657 1.9919758
2.183512 9.308657 1.9153614
2.183512 9.346964 1.685518
2.183512 9.308657 1.6472108
2.1452048 9.346964 1.5705965
2.183512 9.346964 1.6472108
2.2218192 9.423578 1.7621324
2.336741 9.5385 1.9153614
2.4516625 9.653421 2.2218192
2.5282772 9.730036 2.4133554
2.5665843 9.730036 2.4133554
2.3750482 9.576807 2.2984338
2.1452048 9.346964 2.030283
1.9536686 9.193734 1.7621324
1.8004397 9.040505 1.685518
1.8004397 9.040505 1.6472108
1.9153614 9.155427 1.7238252
2.030283 9.232041 1.8004396
2.1452048 9.385271 1.838747
2.2601264 9.5385 1.8770542
2.2601264 9.615114 1.9153614
2.0685902 9.691729 1.9536686
1.9153614 9.615114 2.030283
1.8004396 9.576807 2.1068974
1.7238252 9.576807 2.1452048
1.7238252 9.5385 2.183512
1.7621325 9.5385 2.183512
1.7238252 9.5385 2.1452048
1.685518 9.576807 2.2218192
1.5705963 9.653421 2.2218192
1.4556746 9.730036 2.336741
1.3790601 9.730036 2.4899697
1.2641386 9.615114 2.5665843
1.1875241 9.461885 2.7964275
1.1492169 9.423578 2.8730419
1.1492169 9.461885 3.064578
1.1492169 9.576807 3.1411927
1.1109097 9.653421 3.0262709
0.99598795 9.653421 2.8730419
0.91937345 9.615114 2.528277
0.8810662 9.5385 2.2601264
0.91937345 9.500193 2.2601264
0.9959879 9.385271 2.2601264
1.1109096 9.385271 2.4899697
1.187524 9.385271 2.7964275
1.1109095 9.346963 3.1411924
0.91937345 9.232041 2.9113493
0.7278373 9.11712 2.7581203
0.61291564 9.078813 2.566584
0.61291564 9.002198 2.4899697
0.6895301 9.002198 2.6431987
0.80445176 8.963891 2.566584
0.91937345 8.963891 2.4899697
1.0726024 9.117121 2.4133554
1.1875241 9.232042 2.2601266
1.3790601 9.385271 2.2601266
1.6089035 9.615114 2.3750482
1.7621324 9.691729 2.4133554
1.9153614 9.730036 2.4133554
1.9153614 9.80665 2.336741
1.8770541 9.730036 2.2601264
1.8004396 9.730036 2.1835117
1.685518 9.730036 2.1452045
1.6472108 9.730036 2.0685902
1.5705962 9.691729 1.9536686
1.532289 9.653421 1.8770541
1.4939818 9.730036 1.9153614
1.532289 9.768343 2.2218192
1.532289 9.959879 2.4133554
1.4556746 10.036493 2.5665843
1.3407528 9.959879 2.6048915
1.0726023 9.768343 2.5282772
0.7661445 9.461885 2.4516625
0.49799392 9.193734 2.4516625
0.2681506 8.925584 2.6048915
0.11492168 8.810662 2.681506
0.038307227 8.848969 2.9113493
0.15322891 9.078814 3.064578
0.34476504 9.346964 3.064578
0.6512228 9.653421 3.1028852
0.9959879 9.844957 2.9496565
1.0342952 9.921572 2.834735
0.9576807 9.959879 2.6431987
0.842759 9.921572 2.4133554
0.7661445 9.844957 2.4133554
0.7278373 9.768343 2.4516625
0.7278373 9.653421 2.4516625
0.842759 9.653421 2.4899697
0.99598795 9.615114 2.3750482
1.1492169 9.615114 2.2984335
1.2641385 9.500193 2.2601264
1.3407528 9.346964 2.183512
1.3790601 9.346964 2.2218192
1.3790601 9.2703495 2.2218192
1.4556746 9.346964 2.375048
1.5322891 9.576807 2.566584
1.6472108 9.80665 2.6431987
1.7238252 10.113108 2.681506
1.7238252 10.381259 2.6048915
1.6089036 10.457873 2.4133554
1.3790603 10.304644 2.183512
1.0726024 10.036493 1.9919758
0.7278373 9.730036 1.9153614
0.4213795 9.500193 2.0302832
0.26815057 9.2703495 2.4516625
0.19153613 9.155428 2.9113493
0.11492168 9.155428 3.2561145
0.15322891 9.232042 3.371036
0.19153613 9.423578 3.2944214
0.2681506 9.653421 3.2561142
0.3830723 9.768343 3.1411927
0.45968673 9.80665 3.1028855
0.4213795 9.80665 2.987964
0.30645782 9.691729 2.7964277
0.19153613 9.691729 2.5665843
0.076614454 9.691729 2.4516625
-0.076614454 9.653421 2.336741
-0.15322891 9.691729 2.2218192
-0.19153613 9.691729 2.3750482
-0.22984336 9.80665 2.566584
-0.19153613 9.998186 2.9113493
-0.15322891 10.151415 3.2178068
-0.19153613 10.228029 3.371036
-0.2681506 10.0748005 3.4093432
-0.38307226 9.883265 3.2561142
-0.57460845 9.653421 3.1028855
-0.7278373 9.461885 2.8730419
-0.7661445 9.423578 2.528277
-0.7278373 9.500193 2.2218192
-0.61291564 9.576807 2.030283
-0.5363012 9.615114 1.9919758
-0.6512229 9.576807 2.1068974
-0.842759 9.423578 2.4133554
-1.0726023 9.232042 2.6815057
-1.3024457 9.002198 2.9496565
-1.3407528 8.848969 3.1028855
-1.3407528 8.695741 3.1028855
-1.3024457 8.580819 2.9879637
-1.3024457 8.542512 2.6048913
-1.3407528 8.389283 2.2601264
-1.4173673 8.312668 1.9919758
-1.4556746 8.236053 1.7238252
-1.4939818 8.236053 1.8004397
-1.532289 8.427589 2.1452048
-1.6089035 8.619125 2.3750482
-1.7621324 8.848969 2.7964275
-1.8770541 8.963891 2.9496565
-2.030283 8.963891 2.9496565
-2.1835117 8.848969 3.0262709
-2.3750482 8.772355 3.1794999
-2.75812 8.619126 3.9073372
-2.9496562 8.695741 4.367024
-3.1028852 8.772355 4.55856
-3.1794999 9.002198 4.8267107
-3.1028852 9.2703495 4.8267107
-2.9879637 9.500193 4.6351748
-2.7964277 9.730036 4.5202527
-2.681506 9.883265 4.2137947
-2.6048915 9.883265 4.0222588
-2.5665843 9.844957 3.9839516
-2.5665843 9.730036 4.060566
-2.6048915 9.615114 4.1754875
-2.7581203 9.576807 4.1754875
-2.9496565 9.615114 4.2137947
-3.1794996 9.576807 4.060566
-3.371036 9.461885 3.9073372
-3.562572 9.308657 3.86903
-3.6774938 9.040505 3.6391866

