-3.7924156 8.963891 3.4476504
1.5705963 9.423577 2.9496567
1.6089035 9.653421 2.9496567
1.685518 9.691729 2.528277
1.8387469 9.768343 2.528277
1.8770542 9.921572 2.681506
1.7621325 9.844957 2.6431985
1.5705963 9.730036 2.6431985
1.3790603 9.423578 2.6815057
1.2258313 9.155428 2.566584
1.0726024 9.002198 2.6048915
0.9576807 8.925584 2.5665843
0.9193735 9.002198 2.4133554
0.88106626 9.11712 2.2218192
0.842759 9.155427 2.030283
0.8810662 9.232041 1.8770542
0.91937345 9.308656 1.8004397
1.0342951 9.385271 1.9153614
1.2641385 9.461885 1.9536686
1.4939818 9.5385 2.1452048
1.685518 9.576807 2.2601264
1.8004396 9.691729 2.2218192
1.8770541 9.730036 2.2218192
1.9153614 9.730036 2.0685902
1.9536686 9.691729 1.8770542
1.9919758 9.5385 1.7238252
1.9919758 9.423578 1.5705963
1.9153614 9.346964 1.4556746
1.8004396 9.308657 1.3024457
1.7238252 9.270349 1.3024457
1.6472108 9.232041 1.3407528
1.6472108 9.193734 1.3790601
1.7238252 9.11712 1.6855179
1.7238252 9.155427 1.9536686
1.7621324 9.346964 2.3750482
1.7238252 9.500193 2.7964275
1.5705963 9.615114 2.9496565
1.4173675 9.615114 2.911349
1.2641385 9.423578 2.6431985
1.2258313 9.2703495 2.336741
1.4173675 9.346964 2.183512
1.685518 9.461885 2.0685902
1.9536686 9.691729 2.1452045
2.1068974 9.959879 2.1068974
2.030283 10.0748005 2.0685902
1.8004396 10.151415 1.9536686
1.4939818 10.151415 1.8004397
1.1875241 9.959879 1.7621324
0.9193734 9.768343 1.7238252
0.7661445 9.461885 1.8770542
0.61291564 9.155427 1.8004397
0.49799395 9.040505 1.8770541
0.3830723 8.925584 1.9536685
0.30645782 9.002198 1.9536685
0.22984335 9.11712 2.1452045
0.19153613 9.193734 2.2218192
0.19153613 9.270349 2.2218192
0.19153613 9.308657 2.2601264
0.22984336 9.385271 2.2218192
0.26815057 9.385271 2.183512
0.26815057 9.346964 2.1452045
0.26815057 9.385271 2.1452045
0.19153613 9.423578 2.1452045
0.15322891 9.461885 1.9536686
0.076614454 9.576807 1.9536686
-0.038307227 9.500193 1.8004396
-0.038307227 9.461885 1.7621324
-0.038307227 9.500193 2.1068976
0.076614454 9.5385 2.336741
0.22984336 9.653421 2.681506
0.34476504 9.768343 2.9496565
0.4213795 9.730036 3.0262709
0.6512229 9.768343 2.6431985
0.842759 9.844957 2.3750482
1.1109096 10.036493 1.9919758
1.3407528 10.189722 1.685518
1.5705962 10.304644 1.5705962
1.7621324 10.189722 1.532289
1.8387469 10.113108 1.6472108
1.8004397 9.921572 1.8770541
1.7238252 9.80665 2.0685902
1.3790601 9.653421 2.4516625
1.2641385 9.615114 2.4899697
1.1109096 9.500193 2.4899697
0.9576807 9.385271 2.3367407
0.91937345 9.308657 2.1452045
0.91937345 9.2703495 2.030283
1.0342951 9.308657 1.9153614
1.2641385 9.461885 1.9153614
1.4939818 9.615114 1.8770541
1.6472108 9.768343 1.8387469
1.6472108 9.883265 1.8387469
1.4556746 9.80665 1.6472108
1.1875241 9.653421 1.532289
0.91937345 9.423578 1.4173675
0.6895301 9.155428 1.2641385
0.5746084 9.002198 1.3790601
0.49799398 8.963891 1.4173675
0.49799398 9.002198 1.5705965
0.5746084 9.078813 1.7621324
0.7661445 9.193735 1.8004397
1.1875241 9.346964 1.7621324
1.4939818 9.653421 1.3790601
1.685518 9.95988 0.91937345
1.8770541 10.304645 0.45968673
1.9153614 10.496181 0.038307227
1.7621324 10.342951 -0.26815057
1.532289 9.998186 -0.3064578
1.1875241 9.5385 -0.3064578
0.9193734 9.193734 -0.114921674
0.68953013 8.925584 0.3830723
0.61291564 8.848969 0.842759
0.7278373 8.963891 1.3790603
0.88106626 9.193734 1.7621324
1.1492169 9.576807 1.9536686
1.340753 9.959879 2.030283
1.3790601 10.266336 1.9153614
1.2641385 10.304644 1.7238252
0.95768064 10.113108 1.532289
0.5746084 9.691729 1.3407528
0.22984336 9.193735 1.3024457
-0.076614454 8.772355 1.37906
-0.22984336 8.465897 1.532289
-0.30645782 8.542511 1.685518
-0.26815057 8.657433 1.8004397
-0.11492168 8.848969 1.8387469
0.076614454 9.270349 1.9536686
0.30645782 9.653421 2.0685902
0.45968673 10.113108 2.1452045
0.57460845 10.572795 2.221819
0.49799395 10.764331 2.1835117
0.30645782 10.687716 2.1835117
0.0 10.342951 2.1452045
-0.38307226 9.844957 2.2218192
-0.6895301 9.346964 2.2218192
-0.9959879 8.848969 2.336741
-1.1492169 8.542511 2.566584
-1.1875241 8.427589 2.7964275
-1.2258313 8.389282 3.1028855
-1.1109096 8.580818 3.2944217
-0.9193735 8.848969 3.371036
-0.6895301 9.155427 3.2561145
-0.34476504 9.461885 2.9879637
-0.038307227 9.653421 2.6815057
0.22984336 9.80665 2.4516623
0.38307226 9.921572 2.2601264
0.34476507 9.959879 2.1452048
0.15322891 9.998186 2.0685902
-0.2681506 9.80665 1.9919758
-0.7661445 9.461885 2.030283
-1.3790601 9.117121 2.1452048

