1.0726023 9.576807 2.873042
1.4173673 9.691729 2.9879637
1.7238252 9.768343 3.4476504
1.9919758 9.844957 3.3327289
2.3750482 9.921572 3.2178068
2.528277 9.998186 3.1411924
2.566584 9.921572 2.9879637
2.4899697 9.844957 2.9113493
2.4899697 9.730036 2.834735
2.4899697 9.653421 2.7964277
2.5282772 9.615114 2.7581205
2.6048915 9.615114 2.7581205
2.6048915 9.691729 2.834735
2.6431987 9.844957 3.1028852
2.5282772 9.883265 3.1794996
2.4133554 9.844957 3.0262709
2.3750482 9.768343 2.9496565
2.3750482 9.653421 2.873042
2.3750482 9.653421 2.7964277
2.3750482 9.615114 2.834735
2.3367407 9.615114 2.7581205
2.375048 9.576807 2.7964277
2.375048 9.576807 2.9113493
2.3367407 9.615114 3.064578
2.2218192 9.653421 3.0262709
2.030283 9.615114 3.1028852
1.8387468 9.5385 3.1028852
1.7238252 9.423578 2.9496565
1.6472108 9.308657 2.9496565
1.685518 9.193734 2.873042
1.7621324 9.193734 2.7964277
1.7621324 9.2703495 2.7581205
1.685518 9.308657 2.7198129
1.6472108 9.308657 2.6815057
1.6089036 9.346964 2.6431985
1.6472108 9.346964 2.681506
1.8004397 9.385271 2.6431987
1.9153614 9.461885 2.681506
1.9919758 9.461885 2.681506
1.9919758 9.346964 2.7581203
1.8770542 9.2703495 2.834735
1.7621324 9.155427 2.834735
1.6472108 9.11712 2.7964277
1.5705963 9.232042 2.6815062
1.6089035 9.308657 2.528277
1.6089035 9.385271 2.4899697
1.6472107 9.385271 2.4516625
1.6472107 9.385271 2.336741
1.6089035 9.346964 2.2601266
1.4939818 9.423578 2.1452045
1.340753 9.385271 1.9919758
1.2258313 9.308656 2.0685902
1.1492168 9.232041 2.183512
1.1109096 9.11712 2.2218192
1.1109096 9.040505 2.528277
0.9959879 9.002198 2.719813
0.8810662 9.040505 2.7964275
0.7661445 9.078813 2.7581203
0.61291564 9.193735 2.7964275
0.5746084 9.232042 2.9496565
0.5363012 9.232042 3.1411927
0.5363012 9.308657 3.3327289
0.5363012 9.308657 3.371036
0.49799395 9.2703495 3.371036
0.45968673 9.308657 3.1794999
0.34476504 9.2703495 2.8730419
0.26815057 9.193734 2.7581203
0.19153613 9.11712 2.681506
0.15322891 9.078813 2.7581203
0.15322891 9.040505 2.9113493
0.19153613 9.117121 2.834735
0.19153613 9.193735 2.873042
0.26815057 9.2703495 2.9113493
0.34476507 9.385271 3.0262709
0.3830723 9.423578 3.2944217
0.3830723 9.500193 3.4476504
0.30645782 9.461885 3.4476504
0.22984336 9.308657 3.4093432
0.076614454 9.155427 3.371036
0.076614454 9.040505 3.1795
0.038307227 8.887277 3.141193
0.038307227 8.963891 3.064578
0.15322891 9.078814 2.9879637
0.38307226 9.385271 3.064578
0.7278373 9.844957 3.3327286
1.0342952 10.151415 3.562572
1.3024458 10.419566 3.8307226
1.1875241 10.342952 4.060566
0.842759 10.113109 3.9839516
0.49799395 9.883265 3.715801
0.076614454 9.500193 3.371036
-0.19153613 9.155428 2.987964
-0.30645782 8.887277 2.681506
-0.38307226 8.6574335 2.566584
-0.30645782 8.6574335 2.6048913
-0.15322891 8.734048 2.681506
0.114921674 9.002198 2.8347347
0.4213795 9.385271 3.0645783
0.6512229 9.730036 3.1795
0.842759 10.151415 3.2561145
0.91937345 10.342951 3.2561145
0.8810662 10.342951 3.1028852
0.8044517 10.228029 2.7964275
0.61291564 9.844957 2.4516625
0.34476504 9.385271 2.2218192
0.15322891 9.078814 2.1068974
0.0 8.810662 2.2984335
-0.076614454 8.772355 2.528277
-0.076614454 8.963891 2.7581203
-0.076614454 9.155428 2.873042
-0.038307227 9.385271 2.873042
0.11492168 9.615114 2.7581203
0.34476504 9.80665 2.566584
0.6129157 9.959879 2.4133554
0.9193735 10.113108 2.183512
1.1492168 10.189722 1.9919758
1.2641385 10.189722 1.8004396
1.187524 10.036493 1.6472107
0.95768064 9.768343 1.6089035
0.6512228 9.5385 1.8387469
0.30645782 9.270349 2.030283
0.038307227 9.078813 2.336741
-0.19153613 8.963891 2.5665843
-0.34476504 8.848969 2.681506
-0.34476504 8.848969 2.7581205
-0.30645782 8.963891 2.7581205
-0.114921674 9.155428 2.7964277
0.22984336 9.461885 2.7964277
0.49799395 9.768343 2.7964277
0.72783726 9.998186 2.6048915
0.84275895 10.151415 2.3750482
0.7661445 10.113108 2.030283
0.61291564 9.883265 1.8004396
0.38307226 9.576807 1.7238252
0.07661445 9.232041 1.685518
-0.19153613 8.925584 1.9536686
-0.45968673 8.619125 2.2218192
-0.61291564 8.465897 2.528277
-0.6895301 8.542511 2.7581203
-0.53630114 8.848969 2.6431987
-0.30645782 9.346964 2.3750482
-0.26815057 9.423578 2.221819
-0.4596867 9.155428 2.2601266
-0.61291564 8.963891 2.3750482
-0.842759 8.848969 2.834735
-1.0342951 8.848969 3.3327289
-1.340753 9.193735 4.0222588
-1.6089035 9.385271 4.2137947
-1.7238252 9.461885 4.1754875
-1.7621325 9.500193 3.9839516
-1.685518 9.576807 3.7924154
-1.5705963 9.615114 3.7541082
-1.4556746 9.691729 3.6391866
-1.4173675 9.80665 3.7924156
-1.4173673 9.959879 4.098873
-1.4939818 10.036493 4.290409
-1.5705962 10.036493 4.252102
-1.7238252 9.998186 4.1371803
-1.9153614 9.921572 3.9073372
-2.1068974 9.80665 3.6391869
-2.1068974 9.730036 3.5242648
-2.0685902 9.730036 3.5242648
-2.0685902 9.768343 3.4859576
-2.0685902 9.730036 3.3710358
-2.030283 9.844957 3.4476502
-1.9153614 9.921572 3.562572
-1.8004398 9.998186 3.7541082
-1.685518 10.036493 3.8307228
-1.6472108 10.036493 3.7541084
-1.7238252 9.998186 3.715801
-1.8004396 9.883265 3.562572
-1.9919758 9.844957 3.677494
-2.2218192 9.844957 4.0988736
-2.2601264 9.921572 4.3287168
-2.375048 9.998186 4.1371803

