-2.4516625 9.998186 3.9073372
-2.4899697 10.0748005 3.6391864
-2.566584 10.113108 3.4093432
-2.4516625 10.151415 3.371036
1.1109096 9.385271 3.064578
1.5322891 9.5385 2.566584
1.7238252 9.653421 2.6431985
1.838747 9.691729 2.3367407
2.0685904 9.768343 2.1452045
2.1452048 9.768343 2.0685902
2.1452048 9.691729 1.9536686
2.1452048 9.653421 1.9919759
2.030283 9.653421 1.9919759
1.9919758 9.691729 1.9536686
1.9153614 9.730036 1.9536686
1.7621324 9.691729 1.7621324
1.685518 9.653421 1.7238252
1.7621324 9.691729 1.6472107
1.9536686 9.883265 1.7621324
2.2218192 9.921572 1.8004396
2.528277 9.998186 1.9919757
2.7581203 10.0748005 2.0685902
2.8730419 9.959879 1.9153614
2.7964275 9.921572 1.7238252
2.6431985 9.768343 1.4939818
2.4516623 9.615114 1.4173673
2.2984335 9.461885 1.3790601
2.1835117 9.346964 1.3790601
2.1452045 9.346964 1.3024457
2.1452045 9.346964 1.187524
2.1835117 9.461885 1.2641385
2.2601264 9.615114 1.3024457
2.3367407 9.653421 1.4173673
2.3367407 9.730036 1.6089035
2.3750482 9.730036 1.6472108
2.3750482 9.691729 1.7621324
2.2601264 9.615114 1.8387469
2.1452048 9.500193 1.7238252
1.9536686 9.346964 1.4939818
1.8004397 9.2703495 1.3790601
1.7621325 9.2703495 1.2258313
1.8004397 9.2703495 1.2258313
1.9153614 9.385271 1.340753
2.030283 9.461885 1.493982
2.1068976 9.500193 1.6472108
2.1068976 9.5385 1.685518
1.9919758 9.5385 1.8004397
1.8004396 9.461885 1.7238252
1.5705962 9.385271 1.6472107
1.4939818 9.308656 1.6089035
1.4939818 9.270349 1.3790601
1.6472108 9.346963 1.2641385
1.9153614 9.653421 0.9576807
1.9919758 9.768343 0.99598795
1.9919758 9.80665 1.0342951
1.9919758 9.80665 1.1875241
1.9919758 9.768343 1.340753
1.9919758 9.653421 1.3790601
1.9919758 9.500193 1.340753
1.9153614 9.308657 1.3024457
1.838747 9.11712 1.1492168
1.7238252 9.002198 1.1109096
1.8004396 9.11712 1.0342952
1.8770541 9.193734 0.99598795
1.9536686 9.346964 0.91937345
1.9919758 9.576807 0.99598795
1.9153614 9.730036 1.1109097
1.838747 9.730036 1.1492169
1.7621324 9.653421 0.9576807
1.7238252 9.576807 0.88106626
1.8004397 9.500193 0.7278373
1.9919758 9.500193 0.842759
1.9919758 9.576807 1.0342951
1.9153614 9.576807 1.3024457
1.8004396 9.5385 1.532289
1.6089036 9.461885 1.6472108
1.4556746 9.308657 1.685518
1.3407528 9.2703495 1.8004396
1.3407528 9.2703495 1.9536686
1.4173675 9.423578 2.1452048
1.5705963 9.5385 2.2601264
1.5322891 9.576807 2.183512
1.4556746 9.461885 1.9536686
1.3790601 9.385271 1.7621324
1.3407528 9.232041 1.532289
1.2641385 9.078813 1.3407528
1.1492169 8.963891 1.1875241
1.0342951 8.848969 1.1109096
0.9576807 8.810662 1.2641385
0.99598795 8.925584 1.4556746
1.1875241 9.078813 1.838747
1.3790603 9.346964 2.030283
1.5705965 9.5385 2.0685902
1.685518 9.576807 1.9919758
1.6472108 9.576807 1.7621324
1.532289 9.461885 1.7238252
1.4173675 9.423578 1.685518
1.3407528 9.461885 1.9153614
1.3407528 9.461885 2.1452048
1.4173675 9.5385 2.336741
1.4939818 9.615114 2.528277
1.4939818 9.691729 2.2601266
1.4939818 9.844957 1.9919759
1.5322891 9.959879 1.5705963
1.5322891 10.036493 1.0726024
1.5705963 9.959879 0.91937345
1.5322891 9.883265 0.88106626
1.4556746 9.80665 1.1109096
1.4939818 9.768343 1.532289
1.532289 9.844957 1.8770542
1.6472108 9.883265 2.2601264
1.7621324 9.959879 2.2984335
1.8387469 10.036493 2.2601264
1.9153614 10.113108 1.9919758
1.9153614 10.151415 1.3790601
1.9153614 10.113108 0.9193734
1.8770542 10.0748005 0.4596867
1.8387469 9.998186 0.19153613
1.8387469 9.998186 0.22984335
1.8387469 10.0748005 0.49799395
1.7621324 10.151415 0.8810662
1.685518 10.228029 1.4173675
1.5705963 10.342951 1.9153614
1.4939818 10.419565 2.2601266
1.532289 10.457873 2.5665843
1.4556746 10.457873 2.6048915
1.3790603 10.342952 2.4516625
1.2258313 10.113108 2.2218192
1.0342952 9.883265 1.9153614
0.99598795 9.80665 1.838747
0.99598795 9.80665 1.991976
0.9576807 9.883265 2.2601266
0.7661446 9.921572 2.6431987
-7.4505806E-9 9.653421 2.719813
-0.34476504 9.461885 2.4516625
-0.53630114 9.270349 2.1068976
-0.61291564 8.848969 1.7238252
-0.61291564 8.695741 1.7238252
-0.6895301 8.580819 1.8387468
-0.9576807 8.580819 2.2601264
-1.1109096 8.580819 2.413355
-1.1875241 8.6574335 2.413355
-1.1492169 8.734048 2.528277
-1.0342951 8.848969 2.528277
-0.91937345 8.963891 2.6048915
-0.7661445 9.002198 2.6048915
-0.6512228 8.963891 2.4516625
-0.53630114 8.848969 2.3367407
-0.38307226 8.810662 2.1452048
-0.1532289 8.887277 1.9153614
0.30645782 9.308656 1.4173675
0.49799395 9.576807 1.1875241
0.61291564 9.768343 0.9959879
0.72783726 9.883265 0.9193735
0.72783726 9.883265 1.0342951
0.72783726 9.844957 1.3024457
0.68953 9.768343 1.7621324
0.61291564 9.730036 2.2601264
0.53630114 9.576807 2.6815057
0.45968673 9.461885 2.9496565
0.34476504 9.308657 3.1028852
0.19153613 9.11712 2.9496565
0.0 9.078813 2.681506
-0.19153613 9.040505 2.4899697
-0.30645782 9.193735 2.3750482
-0.34476507 9.423578 2.528277
-0.34476507 9.615114 2.7964275
-0.34476507 9.768343 3.1411927
-0.3830723 9.959879 3.5242648
-0.4213795 10.151415 3.7924154
-0.45968673 10.419566 4.098873
-0.5746084 10.572795 4.2137947
-0.7278373 10.534487 4.1754875
-0.9959879 10.266336 4.060566
-1.3024457 9.844957 3.8307226
-1.5705962 9.461885 3.6774936
-1.8387468 9.078813 3.6391864
-2.030283 8.963891 3.7924156
-2.183512 9.040505 4.0988736
-2.2218192 9.155428 4.367024
-2.183512 9.308657 4.4819455
-2.1068974 9.500193 4.55856
-1.9536686 9.653421 4.4436383
-1.8387469 9.768343 4.1754875
-1.7621324 9.844957 3.907337
-1.7621324 9.576807 3.1028855
-1.9919758 9.2703495 2.9496565
-2.1452045 9.155428 3.217807
-2.2601264 9.11712 3.4093432
-2.2984335 9.193734 3.7924154
-2.3367407 9.576807 4.098873
-2.4516623 9.768343 4.060566
-2.528277 9.959879 3.9839516
-2.6048913 10.036493 3.6008792
-2.681506 9.883265 3.2944214

