-2.681506 9.844957 2.9879637
-2.7964277 9.691729 2.719813
-2.987964 9.385271 2.6048915
-3.2178073 9.155427 2.5665843
1.1492168 9.5385 2.6815062
1.685518 9.653421 2.566584
1.8004396 9.461885 2.4899697
2.4133554 9.385271 2.2218192
2.3750482 9.423578 2.4899697
2.2984338 9.423578 2.6815057
2.183512 9.423578 2.8730419
2.1068974 9.423578 3.0262709
2.030283 9.346964 3.1028852
2.0685902 9.385271 3.0262709
2.1452045 9.461885 2.8347347
2.1835117 9.500193 2.681506
2.2601264 9.5385 2.528277
2.2218192 9.576807 2.4516625
2.183512 9.5385 2.528277
2.0685902 9.576807 2.528277
1.9919758 9.615114 2.6048915
1.8770542 9.691729 2.6048915
1.7621324 9.691729 2.4516625
1.7238252 9.500193 2.183512
1.7238252 9.461885 2.030283
1.685518 9.5385 1.9919758
1.685518 9.576807 1.9536686
1.6089035 9.691729 1.8770542
1.6089035 9.768343 1.8387469
1.6089035 9.768343 1.8387469
1.6472108 9.883265 1.8387469
1.7238252 9.959879 1.9536686
1.7621324 9.998186 2.183512
1.7238252 9.959879 2.3367407
1.532289 9.844957 2.413355
1.3024457 9.691729 2.413355
1.1109095 9.5385 2.2601264
0.99598795 9.461885 2.1835117
0.99598795 9.500193 2.1452045
1.1492169 9.576807 2.1068974
1.2641385 9.691729 2.1452048
1.3790601 9.80665 2.1068974
1.4939818 9.844957 2.1068974
1.6089035 9.921572 2.1452045
1.685518 9.959879 2.2218192
1.7238252 9.959879 2.413355
1.685518 9.921572 2.528277
1.4939818 9.730036 2.566584
1.2258313 9.5385 2.4133554
0.9576807 9.385271 2.183512
0.8044517 9.232042 2.030283
0.7661445 9.155427 1.9153614
0.8810662 9.232041 1.8004396
1.1109096 9.270349 1.8770541
1.340753 9.385271 1.8770541
1.4556746 9.576807 1.8770541
1.4556746 9.615114 1.9919758
1.340753 9.615114 1.8387469
1.0342951 9.270349 1.5705963
0.95768064 9.078813 1.5705963
0.95768064 9.002198 1.685518
0.9959879 8.963891 1.9536686
1.3024457 9.232042 2.4516625
1.4173675 9.423578 2.719813
1.4173675 9.385271 2.7581203
1.340753 9.423578 2.6431987
1.2641386 9.423578 2.5665843
1.1875241 9.423578 2.4516625
1.1109096 9.461885 2.1068974
1.0726024 9.423578 1.9153613
0.9576807 9.346964 1.5705963
0.842759 9.346964 1.2641385
0.68953013 9.346964 1.2641385
0.5363012 9.385271 1.340753
0.49799395 9.423578 1.6472107
0.4213795 9.5385 2.1452045
0.34476504 9.576807 2.528277
0.22984335 9.653421 2.7964275
0.15322891 9.80665 2.873042
0.11492168 9.768343 2.681506
0.11492168 9.691729 2.4516625
0.11492168 9.615114 2.030283
0.11492168 9.423578 1.7238252
0.076614454 9.308657 1.4939818
0.038307227 9.232041 1.4556746
0.076614454 9.270349 1.8004397
0.15322891 9.4618845 2.183512
0.2681506 9.653421 2.6431987
0.4213795 9.921572 2.9496565
0.57460845 10.113108 3.0262709
0.6512228 10.266336 2.8347347
0.7278373 10.381258 2.566584
0.7661445 10.381258 2.1068974
0.6895301 10.266336 1.685518
0.6512228 10.036493 1.4556746
0.57460845 9.883265 1.3024457
0.57460845 9.844957 1.4939818
0.6512228 9.921572 1.7238252
0.7278373 10.0748005 1.9536686
0.88106626 10.228029 1.9536686
0.9193735 10.304644 1.8387469
0.9193735 10.266336 1.6472107
0.9193735 10.189722 1.4556745
0.88106626 10.113108 1.3790601
0.88106626 10.036493 1.2258313
0.88106626 9.998186 1.0342951
0.91937345 9.998186 0.8810662
0.9576807 9.959879 0.7278373
1.0342951 9.959879 0.61291564
1.1875241 9.921572 0.68953013
1.2258313 9.80665 0.61291564
1.1492168 9.653421 0.5363012
1.0342951 9.423578 0.6512229
0.80445176 9.2703495 0.6512229
0.5746084 9.155427 0.7661446
0.4596867 9.078813 1.0342951
0.344765 9.155428 1.1109096
0.344765 9.155428 1.1492169
0.4213795 9.232042 1.0726023
0.49799395 9.308657 0.88106626
0.5363012 9.308657 0.6129157
0.61291564 9.346964 0.38307226
0.6512228 9.385271 0.30645782
0.7278373 9.461885 0.2681506
0.842759 9.5385 0.38307226
0.88106626 9.691729 0.53630114
0.91937345 9.768343 0.7661445
0.8810662 9.730036 1.1492168
0.7661445 9.653421 1.4939818
0.6512228 9.5385 1.8387469
0.49799395 9.500193 1.8770541
0.38307226 9.461885 1.6089035
0.38307226 9.385271 1.2258313
0.38307226 9.232042 0.7661446
0.4213795 9.040505 0.61291564
0.4213795 8.925584 0.6512228
0.34476504 9.002199 0.8810662
0.22984335 9.040506 1.1875241
0.15322891 9.117121 1.4556746
0.15322891 9.2703495 1.6472108
0.11492168 9.308657 1.685518
0.15322891 9.461885 1.7238252
0.15322891 9.500193 1.4173675
0.11492168 9.500193 1.2641385
0.15322891 9.500193 1.0342952
0.11492168 9.461885 0.7661445
0.076614454 9.500193 0.842759
0.0 9.5385 0.8044517
-0.076614454 9.615114 1.1492168
-0.15322891 9.653421 1.5322891
-0.26815057 9.691729 2.030283
-0.45968673 9.730036 2.4133554
-0.6512229 9.691729 2.528277
-0.842759 9.730036 2.643199
-0.99598795 9.768343 2.528277
-1.0342952 9.768343 2.4133554
-1.0726024 9.730036 2.1835117
-1.0726024 9.768343 1.9919759
-1.1109096 9.80665 1.8387469
-1.1109096 9.921572 1.7621324
-1.1492169 10.036493 1.8770541
-1.2641385 9.998186 1.9919758
-1.3024457 9.959879 2.2984335
-1.4556746 9.80665 2.7581203
-1.6089036 9.691729 3.2944214
-1.7621324 9.653421 3.715801
-1.9919758 9.5385 3.8307226
-2.0685902 9.500193 3.715801
-2.1068974 9.5385 3.4093432
-2.030283 9.576807 3.1028852
-1.8387469 9.691729 2.873042
-1.685518 9.844957 2.6431987
-1.4939818 9.998186 2.4516625
-1.3790603 10.036493 2.2601264
-1.3790603 10.036493 2.0685902
-1.532289 9.883265 2.183512
-1.7621324 9.653421 2.4133554
-2.030283 9.500193 2.7581203
-2.2601264 9.461885 3.2561142
-2.4133554 9.461885 3.524265
-2.5282772 9.500193 3.6391869
-2.6048915 9.5385 3.6008792
-2.681506 9.5385 3.4859576
-2.6431987 9.615114 3.2944217
-2.6048913 9.691729 3.1411927
-2.528277 9.844957 3.1028855
-2.4133554 9.959879 2.9496565
-2.3750482 10.036493 2.834735
-2.3367407 10.113108 2.7581205
-2.3367407 10.189722 2.5665843
-2.413355 10.228029 2.4516625
-2.528277 10.0748005 2.528277
-2.7964277 10.036493 2.4133554
-3.064578 10.0748005 2.3750482
-3.2561145 10.151415 2.2984335

