-3.371036 10.457872 2.1068974
1.5705965 9.653421 3.6008792
1.6089036 9.615114 3.064578
1.7238252 9.615114 3.064578
1.8770542 9.768343 2.9113493
2.1452048 9.768343 2.681506
2.2984338 9.768343 2.681506
2.336741 9.768343 2.6431987
2.260126 9.653421 2.6048915
2.1068974 9.615114 2.719813
1.9153614 9.500193 2.719813
1.7621324 9.500193 2.834735
1.6472108 9.5385 2.9113493
1.6089036 9.5385 2.9879637
1.6089036 9.576807 3.0262709
1.6089036 9.576807 3.0262709
1.7238252 9.615114 3.1411927
1.838747 9.691729 3.1028855
1.9919758 9.80665 3.026271
2.1068974 9.844957 3.026271
2.1068974 9.80665 2.7581203
2.0685902 9.768343 2.566584
1.9153614 9.691729 2.413355
1.8004396 9.615114 2.2601264
1.7238252 9.576807 2.2984335
1.685518 9.576807 2.4899697
1.685518 9.5385 2.7581203
1.6472108 9.5385 2.911349
1.6089036 9.5385 3.064578
1.4939818 9.461885 3.1028852
1.3024457 9.385271 3.1028852
1.1492168 9.232042 3.064578
1.0342951 9.11712 2.9879637
1.0342951 9.040505 2.9113493
1.1492168 9.040505 2.7581205
1.340753 9.155427 2.719813
1.6089035 9.270349 2.681506
1.8004397 9.461885 2.5665843
1.9153614 9.576807 2.4133554
1.9153614 9.653421 2.3750482
1.7238252 9.653421 2.2984335
1.5705963 9.500193 2.2984335
1.4173675 9.346963 2.4516625
1.3407528 9.232041 2.4899697
1.3790603 9.078813 2.719813
1.4173675 9.040505 2.9113493
1.4556746 9.078813 3.0262709
1.4556746 9.040505 2.9496565
1.3790601 9.11712 2.719813
1.3790601 9.232041 2.3750482
1.4556746 9.308657 2.0685904
1.4939818 9.423578 1.9919758
1.6472108 9.5385 1.9919758
1.7621324 9.5385 2.1068976
1.7621324 9.5385 2.2984338
1.7621324 9.500193 2.336741
1.6472108 9.423578 2.3750482
1.4939818 9.308657 2.4516625
1.4556746 9.155427 2.336741
1.4556746 9.040505 2.4133554
1.4556746 8.848969 2.4133554
1.4556746 8.734048 2.4899697
1.4173675 8.695741 2.528277
1.4173675 8.772355 2.528277
1.4939818 9.040505 2.528277
1.6472107 9.2703495 2.4899697
1.8387468 9.500193 2.4899697
1.9536686 9.615114 2.183512
1.9919758 9.5385 1.877054
1.9153614 9.461885 1.5705962
1.7621325 9.270349 1.2641385
1.6472107 9.193734 1.2641385
1.6089035 9.232041 1.3024457
1.6089035 9.385271 1.3407528
1.5705963 9.576807 1.4173673
1.493982 9.615114 1.5322891
1.3790601 9.615114 1.685518
1.2641385 9.576807 1.9153614
1.2641385 9.615114 2.183512
1.340753 9.730036 2.528277
1.4173673 9.80665 2.75812
1.4556746 9.921572 2.834735
1.532289 9.998186 3.0262709
1.5705962 9.959879 2.7964275
1.6089036 9.959879 2.6431985
1.685518 9.883265 2.528277
1.6089035 9.768343 2.183512
1.493982 9.653421 2.183512
1.3024458 9.615114 2.2218192
1.0726024 9.500193 2.3750482
0.91937345 9.5385 2.834735
0.80445176 9.730036 3.371036
0.6512228 9.768343 3.7541082
0.344765 9.576807 3.7924154
-0.15322894 9.193734 3.409343
-0.7661446 8.580819 2.6815057
-1.2641385 8.0445175 2.030283
-1.4939818 7.8146744 1.8004396
-1.4556746 7.8146744 1.9153614
-1.1875241 8.082825 2.4516625
-0.9193734 8.389282 3.0645783
-0.6512228 8.810662 3.4859579
-0.38307226 9.155428 3.7924156
-0.15322891 9.500193 3.9073372
0.0 9.844957 3.7541082
0.038307227 9.998186 3.3710358
-0.038307227 10.036493 2.8730419
-0.19153613 9.921572 2.2601264
-0.34476507 9.653421 1.9153614
-0.4596867 9.500193 1.8004397
-0.53630114 9.385271 1.8004397
-0.57460845 9.2703495 1.9153614
-0.45968673 9.385271 2.183512
-0.30645782 9.615114 2.3750482
-0.11492168 9.883265 2.528277
0.076614454 10.151415 2.6048913
0.22984335 10.381258 2.4133554
0.38307226 10.534488 2.336741
0.53630114 10.611102 2.2984335
0.5746084 10.726024 2.2984335
0.49799395 10.726024 2.3367407
0.34476504 10.572795 2.3750482
0.11492168 10.381258 2.4133554
-0.076614454 10.151415 2.528277
-0.15322891 9.959879 2.7964277
-0.19153613 9.883265 3.1028852
-0.11492168 9.921572 3.3327289
0.076614454 10.0748005 3.3327289
0.2681506 10.189722 3.141193
0.4213795 10.228029 2.7581205
0.5363012 10.189722 2.3750482
0.5363012 10.036493 2.0685904
0.45968673 9.80665 1.9153614
0.38307226 9.615114 1.9153614
0.26815057 9.423578 1.9153614
0.22984335 9.2703495 2.0685902
0.19153613 9.2703495 2.2218192
0.19153613 9.2703495 2.336741
0.22984336 9.308657 2.4516625
0.30645782 9.423578 2.4516625
0.34476507 9.385271 2.3367407
0.4213795 9.461885 2.4133554
0.38307226 9.385271 2.4516625
0.4213795 9.461885 2.528277
0.34476507 9.385271 2.5665843
0.30645782 9.155427 2.4516625
0.15322891 9.002198 2.2984335
0.038307227 8.772355 2.183512
0.0 8.695741 2.030283
-0.076614454 8.6574335 1.8387469
-0.038307227 8.6574335 1.8770541
0.11492168 8.848969 1.6472107
0.4213795 9.232042 1.4173673
0.8810662 9.5385 1.3024457
1.1492169 9.80665 1.2258313
1.1492169 9.653421 1.685518
0.7661446 9.308656 2.528277
0.5746084 9.193734 3.1028855
0.4596867 9.193734 3.524265
0.3064578 9.346964 3.7541084
0.19153613 9.576807 3.9839516
-0.038307227 9.883265 4.060566
-0.15322891 9.883265 4.213795
-0.19153613 9.80665 4.1754875
-0.22984336 9.768343 4.060566
-0.26815057 9.691729 3.9456444
-0.34476504 9.576807 3.6774938
-0.45968673 9.385271 3.3327286
-0.6512228 9.155428 3.0262709
-0.9193734 9.002199 2.8730419
-1.1875241 9.002199 2.7964275
-1.4939818 9.078814 2.9879637
-1.7238252 9.232042 3.2944214
-1.9536686 9.385271 3.6774938
-2.1452045 9.346964 4.1371803
-2.3750482 9.385271 4.481946
-2.6048913 9.2703495 4.7884035
-2.7581205 9.193734 4.9416323
-3.0645783 8.963891 4.8267107
-3.2561142 8.810662 4.55856
-3.3710358 8.695741 4.2137947
-3.409343 8.695741 3.6774938
-3.2561142 8.925584 3.2944217
-2.6815057 9.691729 2.681506
-2.4899697 10.0748005 2.681506
-2.4516625 10.304644 2.719813
-2.4516625 10.496181 2.7964277
-2.834735 10.457873 2.681506
-3.2561142 10.266336 2.7964275
-3.5242648 10.036493 3.064578

