-3.715801 9.653421 3.4476502
1.0342952 9.576807 3.1794999
1.340753 9.500193 2.6431987
1.685518 9.615114 2.4516625
1.7621324 9.461885 2.1452048
1.9919758 9.500193 1.8004396
2.1068974 9.615114 1.8004396
2.3750482 9.653421 2.2601266
2.4516625 9.615114 2.681506
2.2984338 9.615114 2.834735
2.1452048 9.653421 2.873042
1.9153614 9.615114 2.681506
1.7238252 9.5385 2.4899697
1.6472108 9.385271 2.4899697
1.5705963 9.232041 2.375048
1.4939818 9.155427 2.375048
1.4939818 9.155427 2.413355
1.5322891 9.270349 2.528277
1.685518 9.461885 2.566584
1.8004396 9.5385 2.528277
1.8387468 9.615114 2.4899697
1.8770542 9.576807 2.336741
1.7621324 9.500193 2.2218192
1.6472108 9.500193 2.1452048
1.5705962 9.500193 2.030283
1.3790603 9.423578 1.9919758
1.3024458 9.423578 1.9919758
1.3024458 9.423578 2.1452048
1.3024458 9.461885 2.2984338
1.4173673 9.500193 2.4516625
1.4939818 9.576807 2.6048915
1.532289 9.691729 2.6048915
1.5705962 9.691729 2.6048915
1.5705962 9.768343 2.6048915
1.532289 9.691729 2.566584
1.532289 9.5385 2.528277
1.532289 9.500193 2.4516625
1.5705963 9.423578 2.4133554
1.6089036 9.461885 2.3750482
1.6472108 9.461885 2.3367407
1.7238252 9.461885 2.2601264
1.7238252 9.500193 2.221819
1.7621324 9.461885 2.1452045
1.8004397 9.5385 2.183512
1.8004397 9.461885 2.2601264
1.8387469 9.385271 2.2218192
1.8387469 9.385271 2.2601264
1.9536686 9.308657 2.2218192
2.1068976 9.346964 2.183512
2.2218192 9.423578 2.1452048
2.2984335 9.346964 2.1452048
2.183512 9.193735 1.9919758
2.030283 9.11712 1.8770542
1.9153614 8.963891 1.838747
1.8770541 8.925584 1.7621325
1.9919758 9.002198 1.9153614
2.1452048 9.078813 2.030283
2.2601264 9.232042 2.1068976
2.2601264 9.2703495 2.1068976
2.183512 9.346964 2.030283
2.1068974 9.346964 2.030283
2.030283 9.270349 1.9153614
2.1068974 9.346964 1.9153614
2.2218192 9.346964 1.8770542
2.375048 9.423578 1.8004397
2.6048913 9.653421 1.9153614
2.8347347 9.80665 1.9919758
2.9879637 10.036493 2.1068974
3.0262709 10.151415 2.183512
2.9496565 10.0748005 2.1068976
2.719813 9.921572 2.0685902
2.528277 9.730036 2.030283
2.3367407 9.615114 2.0685902
2.2218192 9.5385 2.1452048
2.2218192 9.5385 2.1452048
2.2218192 9.5385 2.1452048
2.2984335 9.500193 2.1068976
2.3367407 9.5385 2.1452048
2.3367407 9.615114 2.2601266
2.375048 9.691729 2.336741
2.375048 9.768343 2.4133554
2.375048 9.80665 2.4516625
2.3367407 9.768343 2.4516625
2.2218192 9.653421 2.4516625
2.030283 9.5385 2.4516625
1.8004396 9.346964 2.528277
1.6089035 9.193734 2.681506
1.4939818 9.11712 2.873042
1.4173675 9.040505 3.1028855
1.4173675 9.040505 3.3327289
1.4556746 9.040505 3.4859579
1.3790601 9.078813 3.5625722
1.340753 9.002198 3.4859576
1.2641385 8.925584 3.217807
1.1492168 8.734048 2.8347347
1.0726024 8.542512 2.4133554
1.0342951 8.542512 2.183512
0.9959879 8.427589 2.0685902
0.9576807 8.542512 2.1068974
0.9576807 8.580819 2.3367407
1.0726024 8.963891 2.6815057
1.4556746 9.2703495 2.7964275
1.5705962 9.346964 2.681506
1.6089036 9.423578 2.4516625
1.5705963 9.461885 2.1068974
1.532289 9.500193 1.8387469
1.6089035 9.500193 1.8004397
1.685518 9.461885 1.8770541
1.7621325 9.615114 2.0685902
1.8387469 9.768343 2.2218192
1.8387469 9.883265 2.2984335
1.8004397 10.0748005 2.2984335
1.7621324 10.0748005 2.183512
1.7238252 9.998186 2.030283
1.6472108 9.959879 1.7621324
1.6472108 9.768343 1.6089036
1.6472108 9.653421 1.5705963
1.6089036 9.576807 1.6089035
1.685518 9.500193 1.6855179
1.685518 9.500193 1.7238252
1.8770542 9.653421 1.685518
1.9919758 9.844957 1.6472107
2.1452048 10.113108 1.6089035
2.183512 10.342952 1.6089035
2.0685902 10.342952 1.4939818
1.8387468 10.266337 1.4556745
1.532289 10.036493 1.4173673
1.3024457 9.80665 1.5705962
1.1492168 9.691729 1.9153614
1.1109096 9.615114 2.2984338
1.1492169 9.653421 2.6431987
1.1492169 9.730036 2.7198133
1.1875241 9.80665 2.6048913
1.1875241 9.921572 2.336741
1.2258313 10.036493 2.0685902
1.3024458 10.189722 1.8770542
1.340753 10.189722 1.7621324
1.3024458 10.189722 1.7238252
1.1875241 10.151415 1.7238252
1.0342951 10.036493 1.7238252
0.80445176 9.921572 1.7621324
0.5746084 9.653421 1.838747
0.34476504 9.385271 1.8770542
0.15322891 9.155427 2.183512
0.076614454 9.002198 2.4133554
0.038307227 8.963891 2.719813
0.076614454 8.887277 2.9496565
0.11492168 8.887277 2.9879637
0.19153613 9.002198 2.9113493
0.34476504 9.232041 2.566584
0.45968673 9.500193 2.3750482
0.57460845 9.691729 2.0685904
0.49799395 9.80665 1.9153614
0.30645782 9.691729 1.9153614
0.076614454 9.461885 1.9536686
-0.30645782 9.078813 2.2218192
-0.842759 8.312668 2.8347347
-1.0342952 8.0445175 3.064578
-0.9193735 8.159439 3.064578
-0.34476507 8.810662 2.7581203
0.11492167 9.385271 2.4899697
0.42137948 9.80665 2.2984335
0.61291564 10.151415 2.183512
0.6512228 10.342952 2.2218192
0.45968673 10.381259 2.3750482
0.19153614 10.304644 2.6048915
-0.076614454 10.151415 2.9496565
-0.34476507 9.921572 3.3710358
-0.5363012 9.653421 3.6391866
-0.6895301 9.38527 3.7541084
-0.80445176 9.155427 3.6391864
-0.80445176 9.078813 3.371036
-0.80445176 9.11712 3.1794996
-0.7278373 9.2703495 3.0262709
-0.6512228 9.576807 2.9879637
-0.6512228 9.883265 3.0645783
-0.6512228 10.151415 3.1794999
-0.7278373 10.381259 3.2944217
-0.7661445 10.457873 3.4093432
-0.842759 10.381259 3.3327289
-0.9576807 10.189722 3.2178073
-1.1492169 9.921572 3.1028855
-1.4939818 9.576807 3.0262709
-1.838747 9.308657 3.2561142
-2.030283 9.155428 3.5625722
-2.1068974 9.078813 3.9456444
-2.1068974 9.155427 4.1754875
-2.1452048 9.346964 4.0222588
-2.2218192 9.423578 3.7541084
-2.3367407 9.423578 3.6391864
-2.4516625 9.346964 3.4476504
-2.528277 9.385271 3.4476504
-2.6048915 9.461885 3.5242648
-2.6815062 9.423578 3.4859576
-2.7964277 9.653421 3.371036

