0.5363012 9.385271 3.4859576
0.8810662 9.385271 3.4093432
1.0726024 9.385271 2.873042
1.340753 9.385271 2.7964277
1.4173673 9.232041 2.7964277
1.3790601 9.232041 2.7964277
1.3024457 9.155427 2.834735
1.187524 9.193735 2.834735
1.1492168 9.193735 2.7581203
1.1492168 9.193735 2.719813
1.1875241 9.232042 2.6431987
1.2258313 9.193734 2.4899697
1.2641385 9.232041 2.4133554
1.3024457 9.308656 2.2984335
1.4173675 9.423578 2.2601264
1.532289 9.576807 2.336741
1.6089036 9.653421 2.3750482
1.6089036 9.653421 2.4133554
1.4939818 9.500193 2.4516625
1.3407528 9.346963 2.4516625
1.1875241 9.232041 2.4133554
1.0726024 9.11712 2.3750482
1.0342951 9.155427 2.336741
1.0726023 9.193735 2.2984338
1.1875241 9.308657 2.2984338
1.3790603 9.461885 2.336741
1.532289 9.615114 2.2984338
1.6472108 9.730036 2.183512
1.6472108 9.730036 2.0685902
1.6089036 9.768343 1.9919758
1.5705962 9.730036 1.9919758
1.532289 9.691729 2.030283
1.5705963 9.730036 2.1452045
1.6089035 9.768343 2.183512
1.6472107 9.80665 2.1452048
1.6089035 9.844957 2.183512
1.5322891 9.80665 2.183512
1.4556746 9.730036 2.1452045
1.3024458 9.615114 2.1068974
1.2258313 9.5385 2.0685902
1.1492168 9.500193 2.0685902
1.0726024 9.500193 2.030283
1.1109096 9.5385 2.0685902
1.1875241 9.576807 2.0685902
1.2258313 9.653421 2.030283
1.2641385 9.691729 2.1452048
1.2641385 9.730036 2.2984335
1.1875241 9.691729 2.4516625
1.1492169 9.576807 2.6048915
1.0726024 9.461885 2.6431987
0.9193734 9.423578 2.6048913
0.8044517 9.385271 2.528277
0.68953 9.346964 2.4516625
0.57460845 9.308657 2.4516625
0.5363012 9.2703495 2.3750482
0.61291564 9.346964 2.3750482
0.7278373 9.461885 2.336741
0.9193735 9.615114 2.4133554
1.1492169 9.80665 2.528277
1.2258313 9.844957 2.6048915
1.1875241 9.844957 2.681506
1.0342951 9.730036 2.48997
0.7661445 9.500193 2.3750482
0.53630114 9.385271 2.183512
0.4213795 9.385271 2.1452048
0.4596867 9.500193 2.2218192
0.61291564 9.653421 2.2218192
0.7661446 9.730036 2.3750482
0.88106626 9.80665 2.4133554
0.88106626 9.80665 2.5282772
0.842759 9.80665 2.719813
0.7661445 9.80665 2.7964275
0.61291564 9.653421 2.8347347
0.42137948 9.423578 2.7964275
0.19153613 9.232042 2.681506
0.0 9.040505 2.6431987
0.0 9.002198 2.681506
0.15322891 9.11712 2.719813
0.34476504 9.2703495 2.834735
0.61291564 9.423578 2.834735
0.7661445 9.500193 2.7581203
0.7661445 9.576807 2.6431987
0.7661445 9.615114 2.3750482
0.6512228 9.576807 2.1452048
0.5363012 9.5385 1.9919758
0.49799395 9.500193 1.9536686
0.45968673 9.461885 2.1068974
0.45968673 9.461885 2.2984335
0.45968673 9.500193 2.4516625
0.49799398 9.615114 2.6431987
0.61291564 9.691729 2.7581205
0.6895301 9.844957 2.7964277
0.80445176 9.998186 2.834735
0.8810662 10.0748005 2.7581203
0.84275895 10.036493 2.6048915
0.72783726 9.959879 2.4516625
0.5746084 9.844957 2.4516625
0.344765 9.615114 2.413355
0.15322891 9.423578 2.4899697
0.076614454 9.308656 2.681506
0.0 9.270349 2.719813
0.038307227 9.308656 2.9113493
0.11492168 9.461885 3.1028855
0.15322891 9.576807 3.0645783
0.11492168 9.576807 2.987964
0.038307227 9.5385 2.873042
-0.11492168 9.500193 2.681506
-0.22984336 9.461885 2.7581203
-0.26815057 9.346964 2.873042
-0.344765 9.232042 2.834735
-0.38307226 9.002199 2.7964275
-0.38307226 8.695741 2.6431985
-0.30645782 8.6574335 2.6048915
-0.11492168 8.6574335 2.75812
0.15322891 8.734048 2.873042
0.45968673 8.887277 2.8347347
0.7661445 8.925584 2.528277
1.340753 9.078813 1.532289
1.5705963 9.232042 1.1109096
1.7621325 9.385271 0.9576807
1.8387469 9.5385 1.1109096
1.6089034 9.730036 1.7621326
1.3024457 9.615114 2.2984338
0.95768064 9.500193 2.7198133
0.61291564 9.308657 3.1794999
0.4596867 9.193734 3.4476504
0.49799395 9.308656 3.4859576
0.7661445 9.538499 3.2944217
1.1492168 9.844957 3.0262709
1.3790601 10.22803 2.6815057
1.6089035 10.457873 2.2984335
1.7238252 10.611102 2.183512
1.7621324 10.572795 2.0685902
1.7621324 10.419565 1.9153614
1.6472107 10.151415 1.8004396
1.4556746 9.80665 1.6089036
1.1492168 9.5385 1.532289
0.6895301 9.346964 1.5705963
0.22984336 9.232042 1.9153614
-0.49799395 9.078814 2.566584
-0.57460845 9.040505 2.7964275
-0.61291564 9.002198 2.7964275
-0.61291564 8.925584 2.719813
-0.57460845 8.925584 2.6048913
-0.49799395 8.848969 2.4899697
-0.45968676 8.848969 2.336741
-0.34476507 8.963891 2.2984335
-0.22984336 9.11712 2.183512
-0.15322891 9.2703495 2.1452048
-0.11492168 9.346964 2.0685902
-0.19153613 9.385271 1.9919758
-0.30645782 9.385271 2.0685902
-0.4213795 9.423578 2.1452045
-0.49799398 9.576807 2.4133554
-0.5363012 9.768343 2.6815057
-0.49799395 9.921572 2.9496565
-0.4596867 10.0748005 3.2178073
-0.38307226 10.189722 3.371036
-0.22984336 10.228029 3.4093432
-0.19153613 10.228029 3.3327289
-0.15322891 10.228029 3.1411927
-0.19153613 10.151415 2.9113493
-0.34476504 10.036493 2.7581203
-0.5363012 9.883265 2.7964277
-0.842759 9.691729 2.9879637
-1.0726024 9.576807 3.3327289
-1.340753 9.5385 3.6774936
-1.5705963 9.500193 3.7158012
-1.6472108 9.461885 3.6391866
-1.7238252 9.576807 3.409343
-1.685518 9.615114 3.1028855
-1.5705962 9.80665 2.8730419
-1.532289 9.998186 2.6815057
-1.532289 9.921572 2.566584
-1.685518 9.844957 2.6048915
-1.9536686 9.653421 2.6815062
-2.2218192 9.423578 2.7964277
-2.4516625 9.308657 2.9879637
-2.5665843 9.308657 3.1028855
-2.6048915 9.346964 3.217807
-2.6048915 9.500193 3.2561142
-2.5665843 9.653421 3.1411927
-2.5282772 9.80665 3.0262709
-2.4899697 9.998186 2.9113493
-2.4133554 10.0748005 2.681506
-2.3750482 10.189722 2.4899697
-2.183512 10.304644 2.3367407
-2.2218192 10.266336 1.9919758
-2.528277 10.151415 1.7621324
-2.7198133 9.998186 1.6472108

