-2.9496565 9.844957 1.7621324
0.9959879 9.576807 3.217807
1.0342951 9.576807 3.026271
1.2641385 9.691729 3.1411927
1.4939818 9.80665 3.3710358
1.6089035 9.844957 3.3327286
1.7621324 9.80665 3.3710358
1.9536686 9.730036 3.2561142
2.1452048 9.730036 3.1028855
2.2601264 9.768343 2.8347347
2.3750482 9.80665 2.4899697
2.3750482 9.844957 2.3367407
2.2601264 9.80665 2.183512
2.1452048 9.730036 2.2601264
1.9536686 9.615114 2.2984335
1.7238252 9.461885 2.566584
1.685518 9.423578 2.6431985
1.6089036 9.5385 2.834735
1.5705963 9.576807 2.9113493
1.5705963 9.730036 2.834735
1.5705963 9.883265 2.7964275
1.7238252 9.959879 2.6048915
1.9153614 10.036493 2.2984335
1.9536686 9.959879 2.1068974
1.8770542 9.883265 2.0685902
1.7621325 9.844957 2.0685902
1.6472107 9.80665 2.1835117
1.5322891 9.844957 2.3367407
1.4556746 9.768343 2.4133554
1.3790603 9.615114 2.3750482
1.3024457 9.500193 2.3750482
1.2641385 9.385271 2.2601264
1.2641385 9.423578 2.1068976
1.2641385 9.500193 2.1452048
1.3024457 9.5385 2.1068976
1.3790603 9.500193 2.1068976
1.4173675 9.423578 2.183512
1.4939818 9.346964 2.1452048
1.4556745 9.193735 2.1452048
1.4173673 9.078813 2.1452048
1.4173673 9.040505 2.1452048
1.4939818 9.078814 2.2218194
1.6472108 9.2703495 2.2218194
1.8004397 9.423578 2.1835117
1.9153614 9.576807 2.1835117
1.9536686 9.615114 2.030283
1.8770541 9.615114 2.1068976
1.8387469 9.5385 2.1068976
1.7238252 9.5385 2.183512
1.6089035 9.461885 2.2218192
1.4939818 9.385271 2.2218192
1.3024457 9.308657 2.2601264
1.3407528 9.2703495 2.2601264
1.4556746 9.385271 2.1835117
1.6472108 9.653421 2.0685902
1.838747 9.844957 1.9536686
1.8770542 10.036493 1.8770542
1.8770542 10.189722 1.8387469
1.8387469 10.151415 1.8387469
1.8004397 10.113108 1.8770542
1.6472108 9.959879 1.9919758
1.37906 9.653421 1.9919758
1.0726023 9.423578 1.9919758
0.7661445 9.2703495 1.9919758
0.5746084 9.193734 1.9919758
0.5363012 9.270349 2.030283
0.5363012 9.38527 2.0685902
0.5363012 9.461885 2.0685902
0.61291564 9.576807 2.030283
0.7278373 9.653421 2.1452048
0.88106626 9.730036 2.2984335
1.1109097 9.730036 2.528277
1.2258313 9.730036 2.7964275
1.1492169 9.653421 2.8347347
0.9959879 9.5385 2.7581203
0.7278373 9.423578 2.6048913
0.45968673 9.232041 2.4133554
0.3064578 9.002198 2.3750482
0.19153613 8.734048 2.4516625
0.19153613 8.619126 2.566584
0.2681506 8.580819 2.719813
0.34476504 8.6574335 2.9496565
0.34476504 8.734048 3.1411927
0.2681506 8.772355 3.2944214
0.15322891 8.734048 3.1794999
0.038307227 8.6574335 2.987964
0.0 8.619126 2.8730423
0.076614454 8.542512 2.6431987
0.19153613 8.542512 2.6048915
0.38307226 8.695741 2.566584
0.6895301 8.887277 2.4516625
0.9576807 9.155428 2.528277
1.2258313 9.346964 2.528277
1.4173673 9.461885 2.528277
1.4939818 9.5385 2.4133554
1.5705963 9.615114 2.2218192
1.6089036 9.730036 2.1068974
1.6089036 9.691729 1.9153614
1.6089036 9.576807 1.9153614
1.5705962 9.5385 2.030283
1.532289 9.461885 2.2984335
1.6089035 9.461885 2.7964275
1.7238252 9.576807 3.3327286
1.8387469 9.576807 3.6774938
1.9153614 9.615114 3.7541084
1.9153614 9.576807 3.562572
1.8770542 9.423578 3.3327289
1.8004397 9.117121 3.064578
1.7621324 8.810662 2.9496565
1.7238252 8.542511 2.873042
1.7621324 8.542511 2.7581203
1.9153614 8.848969 2.7581203
2.183512 9.193734 2.719813
2.4516625 9.615114 2.7581203
2.6431987 9.844957 2.719813
2.6431987 9.921572 2.6431987
2.4899697 9.883265 2.566584
2.2601264 9.653421 2.6815057
1.9919758 9.2703495 2.7198129
1.7621324 8.848969 2.7964277
1.6089035 8.465897 2.7964277
1.6472107 8.197746 2.4133554
1.7621324 8.197746 2.0685902
2.030283 8.236053 1.9153613
2.2984335 8.504204 1.9153613
2.4133554 8.925584 2.2218194
2.4133554 9.308656 2.6815057
2.2218194 9.615114 3.1411924
1.8770542 9.730036 3.562572
1.6472108 9.691729 4.0222588
1.4556746 9.461885 4.2904096
1.4173675 9.423578 4.175488
1.4939818 9.423578 3.830723
1.6472107 9.385271 3.2561142
1.8387469 9.5385 2.6431987
2.1452048 9.691729 1.8770542
2.1068974 9.80665 1.685518
2.030283 9.768343 1.7621324
1.685518 9.653421 2.2984338
1.4173675 9.576807 2.6048915
1.1492169 9.500193 2.834735
0.88106626 9.308657 3.026271
0.4213795 9.002198 3.5242648
0.19153613 8.925584 3.677494
-0.038307227 8.887277 3.7541084
-0.22984336 8.887277 3.7541084
-0.30645782 8.848969 3.7541084
-0.2681506 8.619125 3.86903
-0.22984336 8.619125 3.9456444
-0.26815057 8.619125 3.86903
-0.38307226 8.772355 3.86903
-0.45968676 8.963891 3.9456444
-0.45968676 9.155428 3.86903
-0.34476507 9.423578 4.0222588
-0.19153613 9.730036 4.213795
-0.038307227 9.959879 4.3287168
0.076614454 10.113108 4.673482
0.11492168 10.266336 4.7884035
0.11492168 10.342951 4.711789
0.038307227 10.304644 4.673482
-0.11492168 10.266336 4.5202527
-0.53630114 9.959879 4.4819455
-0.6895301 9.883265 4.367024
-0.842759 9.80665 4.252102
-0.9576807 9.883265 4.0222588
-1.0726024 9.921572 3.9456444
-1.2641385 9.921572 3.8307228
-1.4173675 9.883265 3.7158012
-1.532289 9.768343 3.6008792
-1.6472108 9.615114 3.6008792
-1.7238252 9.5385 3.6391869
-1.8004397 9.500193 3.7541084
-1.9153614 9.423578 3.86903
-2.030283 9.385271 3.8307228
-2.1452048 9.346964 3.7541084
-2.183512 9.461885 3.3327286
-2.183512 9.691729 2.8730419
-2.4133554 10.0748005 1.7238252
-2.6431985 10.113108 1.3024457
-2.8347347 10.0748005 1.1875241

