-2.9113493 9.959879 1.4939818
0.9576807 9.5385 3.3327289
0.9959879 9.5385 2.9879637
1.0342951 9.500193 2.9496565
1.2641385 9.5385 2.873042
1.4173673 9.423578 2.6048913
1.4556746 9.461885 2.4516625
1.5705963 9.5385 2.3367407
1.685518 9.653421 2.2601264
1.7238252 9.768343 2.2601264
1.838747 9.80665 2.413355
1.8770542 9.80665 2.6048913
1.8770542 9.844957 2.873042
1.8387469 9.768343 3.141193
1.6472107 9.615114 3.2178073
1.4173675 9.385271 3.141193
1.2641385 9.117121 2.9113493
1.2258313 8.963891 2.6431985
1.2641385 9.040505 2.4516625
1.4173673 9.155427 2.2984335
1.5322891 9.2703495 2.2218192
1.5705963 9.385271 2.183512
1.6472107 9.308657 2.2984335
1.5705963 9.232042 2.6048913
1.4939818 9.193735 2.9113493
1.3790601 9.11712 3.1794999
1.187524 9.002198 3.3327286
0.9959879 8.772355 2.9879637
1.0342951 8.734048 2.7581203
1.1875241 8.772355 2.4899697
1.4556746 9.040505 2.4133554
1.5705962 9.193735 2.3750482
1.6089036 9.308657 2.2601264
1.5705962 9.232042 2.1068976
1.4173675 9.155427 1.8770542
1.2641385 9.078813 1.8770542
1.1109096 9.11712 1.7621325
1.0342951 9.11712 1.685518
0.9576807 9.155428 1.685518
0.9576807 9.232042 1.7238252
1.0342952 9.346964 1.9153613
1.0342952 9.461885 2.183512
1.0342952 9.5385 2.2984335
0.9576807 9.653421 2.375048
0.842759 9.691729 2.2984335
0.7278373 9.691729 2.1452045
0.6895301 9.730036 2.0685902
0.88106626 9.768343 2.2218192
1.0342951 9.80665 2.3750482
1.1875241 9.844957 2.4899697
1.2641385 9.921572 2.566584
1.2258313 9.998186 2.4899697
1.1492168 9.959879 2.4133554
1.0726024 9.768343 2.2601264
1.0342951 9.615114 2.1835117
1.0726024 9.385271 2.1452045
1.0726024 9.232041 2.1452045
1.1109096 9.232041 2.2601264
1.1492169 9.270349 2.3367407
1.1492169 9.500193 2.6431985
1.1875241 9.653421 2.9879637
1.1875241 9.730036 3.3327289
1.1109096 9.80665 3.562572
0.9576807 9.615114 3.2178068
0.91937345 9.576807 2.873042
0.91937345 9.461885 2.6431985
0.9576807 9.500193 2.528277
1.0342951 9.5385 2.719813
1.0726023 9.5385 2.9496565
1.0726023 9.576807 3.217807
0.95768064 9.576807 3.3327286
0.8044517 9.500193 3.4859576
0.68953 9.5385 3.6391866
0.6512228 9.653421 3.8307226
0.6512228 9.615114 4.098873
0.6512228 9.576807 3.9839516
0.68953 9.423578 3.7158012
0.68953 9.193734 3.2944217
0.842759 9.155427 2.9113493
1.1109096 9.346964 2.834735
1.340753 9.5385 2.834735
1.532289 9.768343 2.7964277
1.532289 9.844957 2.681506
1.3790601 9.80665 2.528277
1.1109096 9.653421 2.3750482
0.7661445 9.346964 2.3750482
0.26815057 8.848969 2.2984335
0.15322891 8.734048 2.4899697
0.19153613 8.772355 2.719813
0.2681506 8.887277 2.9496565
0.4213795 9.002199 3.0262709
0.61291564 9.155428 2.7198129
0.842759 9.346964 2.2218192
1.0726023 9.576807 1.685518
1.2258313 9.883265 1.4173675
1.340753 10.266336 1.4173675
1.3024458 10.496181 1.5322891
1.1492168 10.457873 1.8770541
0.9959879 10.266336 2.2984335
0.84275895 10.036493 2.681506
0.80445176 9.921572 2.9496565
0.842759 10.0748005 3.1794999
0.88106626 10.189722 3.1794999
0.91937345 10.228029 3.1028852
0.88106626 10.228029 3.0262709
0.88106626 10.151415 2.9496565
0.88106626 10.113108 2.7964277
0.88106626 10.036493 2.7964277
0.842759 9.959879 2.834735
0.7661445 9.80665 2.873042
0.6512228 9.615114 2.9496565
0.5363012 9.576807 2.566584
0.61291564 9.5385 2.2984335
0.7278373 9.461885 1.8770542
0.8810662 9.500193 1.6472108
1.0342951 9.423578 1.8770542
1.0342951 9.423578 1.9919759
0.9193734 9.423578 2.2984338
0.84275895 9.270349 2.6048915
0.6895301 9.155427 2.9496565
0.5746084 8.925584 3.3327289
0.49799395 8.810662 3.6391866
0.4213795 8.734048 3.7158012
0.45968676 8.619126 3.4859576
0.4213795 8.695741 3.064578
0.45968673 8.810662 2.2218192
0.45968673 8.963891 1.9919758
0.5363012 9.002198 2.0685902
0.61291564 9.078813 2.2984335
0.6512228 9.2703495 2.528277
0.6512228 9.461885 2.873042
0.6512228 9.691729 3.1794999
0.61291564 9.844957 3.2561142
0.6512228 9.80665 3.2944214
0.72783726 9.730036 3.1028855
0.84275895 9.500193 2.719813
0.95768064 9.308657 2.4516625
1.0342951 9.346964 2.2601264
1.0342951 9.2703495 2.183512
0.842759 9.308657 2.375048
0.61291564 9.461885 2.6431985
0.30645782 9.5385 3.0262709
0.0 9.691729 3.524265
-0.19153613 9.768343 4.060566
-0.4213795 9.998186 4.711789
-0.3830723 10.151415 4.711789
-0.34476504 10.381258 4.5202527
-0.30645782 10.381258 4.213795
-0.38307226 10.342951 3.9073372
-0.5746084 10.228029 3.6391869
-0.7661445 10.151415 3.4093432
-0.91937345 10.189722 3.4859576
-0.9576807 10.266337 3.6008794
-0.99598795 10.419566 3.6008794
-0.99598795 10.381259 3.562572
-1.0726024 10.266336 3.4093432
-1.2258313 10.0748005 3.217807
-1.3407528 9.883265 3.2561142
-1.5322891 9.768343 3.2944214
-1.7621325 9.691729 3.1794999
-1.8770542 9.653421 3.1028855
-2.0685902 9.500193 2.873042
-2.183512 9.385271 2.6048915
-2.3367407 9.155428 2.4133554
-2.566584 8.887277 2.2601264
-2.7581203 8.695741 2.183512
-2.9113493 8.580819 1.9919758
-2.9879637 8.619126 1.8004396
-3.0262709 8.810662 1.7238252
-2.9496565 8.963891 1.7238252

