1.7238251 10.036493 3.2944212
1.7621325 9.691729 2.9879637
2.030283 9.5385 2.873042
2.2218192 9.691729 2.9879637
2.2218192 9.691729 2.9496565
2.2601264 9.691729 2.9496565
2.2218192 9.615114 2.873042
2.2218192 9.500193 2.7581205
2.183512 9.385271 2.6815062
2.1452048 9.346964 2.6048913
2.183512 9.423578 2.6815057
2.2601266 9.615114 2.7964275
2.2984338 9.691729 2.873042
2.2984338 9.653421 2.873042
2.2218192 9.5385 2.873042
2.1452048 9.270349 2.7964277
2.1452048 9.193734 2.7581205
2.2218192 9.232041 2.9113493
2.336741 9.232041 2.9496565
2.4133554 9.385271 3.1411924
2.4133554 9.423578 3.2561145
2.2984335 9.385271 3.2561145
2.1452045 9.385271 3.2561145
1.9536686 9.270349 3.1028855
1.8004396 9.232041 2.9496565
1.7238252 9.193734 2.8347347
1.7238252 9.193734 2.6431987
1.8004397 9.308657 2.4899697
1.8770541 9.308657 2.413355
1.9919758 9.423578 2.2601264
2.0685902 9.576807 2.2984338
2.1452045 9.615114 2.4516625
2.2218192 9.768343 2.528277
2.1835117 9.80665 2.719813
2.1068974 9.768343 2.7964277
1.9536686 9.768343 2.7581205
1.7621324 9.615114 2.6431987
1.6472108 9.5385 2.4899697
1.5705962 9.461885 2.336741
1.5705962 9.346964 2.2218192
1.6472108 9.346964 2.2218192
1.7621324 9.308657 2.1452045
1.8770542 9.385271 2.1452045
1.9919758 9.576807 2.2984335
2.0685902 9.730036 2.2984335
2.0685902 9.844957 2.4516625
2.030283 9.80665 2.5665843
1.8770541 9.615114 2.4516625
1.685518 9.423578 2.566584
1.532289 9.308657 2.6048913
1.4939818 9.2703495 2.6048913
1.5705963 9.385271 2.719813
1.7621324 9.5385 2.7581205
1.9153614 9.653421 2.681506
1.9536686 9.691729 2.6048915
1.9536686 9.653421 2.528277
1.9153614 9.461885 2.336741
1.9919758 9.461885 2.3750482
2.0685902 9.423578 2.4516625
2.1068974 9.385271 2.566584
2.0685902 9.385271 2.6048913
1.9919758 9.308657 2.6431987
1.9153614 9.232041 2.6048915
1.8004397 9.193734 2.4516628
1.7621325 9.155427 2.4516628
1.7621325 9.193734 2.3750482
1.7238252 9.193734 2.3750482
1.7238252 9.155427 2.336741
1.7621324 9.155427 2.2601264
1.7621324 9.11712 2.2218192
1.8387469 9.2703495 2.0685902
1.9536686 9.385271 2.1452048
2.030283 9.500193 2.2601264
2.030283 9.576807 2.4133554
1.9536686 9.5385 2.5665843
1.838747 9.461885 2.6431987
1.6472108 9.308657 2.6431987
1.4939818 9.193735 2.48997
1.4556745 9.078813 2.4133554
1.4556745 9.078813 2.2984335
1.6472107 9.270349 2.2218192
1.9536686 9.461885 2.2984335
2.1452048 9.730036 2.2984335
2.2601264 9.959879 2.2601264
2.2984335 10.036493 2.1452048
2.183512 10.036493 2.030283
2.0685902 9.921572 1.9536686
1.9919758 9.768343 2.0685902
1.8387469 9.615114 2.2601264
1.7238252 9.500193 2.4133554
1.5705962 9.423578 2.6048915
1.3790603 9.346964 2.7198133
1.2258313 9.308657 2.7581205
1.1109097 9.308657 2.7964277
1.1875241 9.346964 2.7198133
1.3024457 9.461885 2.528277
1.4556746 9.500193 2.336741
1.6472107 9.576807 2.1835117
1.7238252 9.615114 2.1452045
1.8004397 9.80665 2.1452045
1.8387469 10.036493 2.375048
1.7238252 10.189722 2.6048913
1.5705962 10.266336 2.9113493
1.3024457 10.036493 3.1411924
0.8810662 9.691729 3.3327289
0.49799395 9.2703495 3.371036
0.03830722 8.887277 3.2944214
-0.30645782 8.580818 3.3327286
-0.53630114 8.350975 3.2944214
-0.61291564 8.312668 3.5625722
-0.5363012 8.389282 3.9073372
-0.4596867 8.504204 4.252102
-0.26815057 8.772355 4.4436383
-0.11492168 8.925584 4.405331
-0.038307227 9.040505 4.1754875
0.076614454 9.155427 3.86903
0.11492168 9.11712 3.5242648
0.11492168 9.040505 3.2178073
0.15322891 8.963891 3.026271
0.19153613 8.925584 2.9496565
0.30645782 8.925584 2.9113493
0.49799395 9.002198 2.9113493
0.7278373 9.155428 2.9496565
0.9576807 9.193735 2.9113493
1.1109096 9.232042 2.8347347
1.2258313 9.385271 2.719813
1.3790603 9.500193 2.681506
1.4939818 9.768343 2.719813
1.6472108 9.998186 2.8730419
1.7238252 10.113108 2.9496565
1.7621324 10.113108 2.7581203
1.7621324 9.959879 2.2601264
1.685518 9.691729 1.7621324
1.6472108 9.385271 1.3407531
1.6089036 9.078813 1.2258313
1.6472108 8.963891 1.3407528
1.7238252 9.078813 1.4173675
1.838747 9.193735 1.4939818
1.9536686 9.385271 1.5322891
2.0685902 9.5385 1.6472108
2.1452048 9.5385 1.8387469
2.1452048 9.615114 2.0685902
2.0685902 9.730036 2.221819
1.8770542 9.653421 2.4133554
1.7238252 9.653421 2.4516625
1.6089035 9.423578 2.2984338
1.532289 9.193734 1.9153614
1.4939818 9.155427 1.3024457
1.4173673 9.11712 0.9576807
1.2641385 9.232041 0.842759
1.1109096 9.270349 1.1492169
0.91937345 9.193734 1.8004396
0.57460845 9.002198 2.9879637
0.4213795 9.002198 3.4093432
0.344765 9.002198 3.6391866
0.26815057 9.002198 3.715801
0.22984336 9.078813 3.6774938
0.19153613 9.117121 3.562572
0.11492168 9.308657 3.371036
0.11492168 9.576807 3.2561145
0.11492168 9.80665 3.2178073
0.11492168 10.036493 3.1794999
0.11492168 10.0748005 3.1794999
-0.038307227 10.036493 3.1028855
-0.22984338 9.883265 2.8730419
-0.49799395 9.576807 2.8347347
-0.7661446 9.346964 2.911349
-0.9576807 9.11712 3.217807
-1.1875241 9.078813 3.6391866
-1.340753 9.11712 4.098873
-1.4173673 9.346964 4.4053307
-1.4173673 9.576807 4.4053307
-1.3024457 9.691729 4.2137947
-1.0342951 9.844957 3.6774938
-0.8044518 9.883265 3.1411927
-0.6512229 9.959879 2.6048915
-0.49799398 9.959879 2.2218192
-0.49799398 9.959879 1.9153614
-0.45968673 9.921572 1.8004397
-0.4213795 9.883265 1.8004397
-0.38307226 9.921572 1.9536686
-0.42137948 9.959879 2.1452048
-0.45968673 9.998186 2.3750482
-0.53630114 9.998186 2.7964275
-0.7278373 9.921572 2.9879637
-0.88106626 9.80665 3.1411927
-0.99598795 9.653421 3.1411927
-1.0726023 9.423578 2.8347347
-1.0342951 9.385271 2.6431985
-0.9576807 9.423578 2.6431985
-1.0342952 9.461885 2.6815057
-1.0726024 9.653421 2.9496565
-1.2258313 9.691729 3.2561142
-1.4173675 9.691729 3.5242648
-1.532289 9.730036 3.7924154
-1.6472108 9.768343 4.0222588
-1.685518 9.883265 4.098873
-1.7238252 10.0748005 3.907337
-1.8004397 10.266336 3.6008794

