1.4173675 9.538499 3.7541084
1.9153613 9.423577 3.4476504
2.2984335 9.576807 3.562572
2.3367407 9.691729 3.6008794
2.1452048 9.500193 3.2944217
2.030283 9.423578 3.4093432
1.838747 9.308657 3.2944214
1.8004398 9.385271 3.371036
1.9536686 9.615114 3.6008794
2.0685902 9.768343 3.677494
2.1452045 9.883265 3.5242648
2.183512 9.844957 3.371036
2.0685904 9.730036 3.2944217
1.8387469 9.385271 3.217807
1.6089035 9.155428 3.1411927
1.6089035 9.155428 3.2178073
1.685518 9.423578 3.064578
1.7238252 9.500193 2.9879637
1.685518 9.576807 2.873042
1.685518 9.653421 2.9879637
1.5705962 9.844957 3.4093432
1.4173673 9.844957 3.6391866
1.3024457 9.730036 3.6774938
1.2258313 9.615114 3.562572
1.340753 9.576807 3.409343
1.4173673 9.653421 3.2561142
1.4173673 9.653421 2.9879637
1.3024457 9.653421 2.9113493
1.1875241 9.615114 2.9113493
1.1109096 9.615114 2.9496565
1.0726024 9.615114 2.9879637
1.0342952 9.500193 3.1028852
0.9576807 9.423578 3.1794996
0.9193735 9.385271 3.2178068
0.842759 9.423578 3.2178068
0.8810662 9.500193 3.2178068
1.0342951 9.576807 3.2561145
1.1109096 9.615114 3.2561145
1.2258313 9.5385 3.2561145
1.2258313 9.500193 3.1028855
1.1492169 9.461885 2.9879637
1.1109096 9.346964 2.834735
1.1109096 9.346964 2.681506
1.1492169 9.308657 2.6048915
1.1492169 9.385271 2.6048915
1.0726024 9.385271 2.7581203
0.99598795 9.461885 2.8347347
0.9576807 9.5385 2.9879637
0.9576807 9.5385 2.834735
0.9959879 9.461885 2.7198133
0.9959879 9.423578 2.528277
1.1109096 9.385271 2.3750482
1.2258313 9.461885 2.2601266
1.340753 9.576807 2.2601266
1.4939818 9.768343 2.4516625
1.532289 9.921572 2.7198129
1.4556746 9.959879 2.9496565
1.187524 9.615114 3.064578
0.9959879 9.346964 2.9496565
0.8810662 9.078814 2.834735
0.7278373 8.887277 2.7581205
0.5746084 8.848969 2.681506
0.5363012 8.925584 2.681506
0.5746084 9.117121 2.6048915
0.6512228 9.2703495 2.528277
0.7661445 9.308657 2.375048
0.84275895 9.232042 2.1068974
0.84275895 9.040506 2.030283
0.7661445 8.925584 1.9153614
0.61291564 9.002198 2.2218192
0.49799395 8.963891 2.336741
0.45968676 8.887277 2.4516625
0.45968676 8.848969 2.528277
0.49799395 8.848969 2.528277
0.6512229 8.925584 2.528277
0.7278373 9.11712 2.4133554
0.7661445 9.346964 2.030283
0.72783726 9.423578 1.9919758
0.72783726 9.461885 2.1452048
0.72783726 9.5385 2.3750482
0.6895301 9.576807 2.528277
0.61291564 9.615114 2.6431987
0.5746084 9.615114 2.6431987
0.5363012 9.5385 2.6431987
0.6512228 9.5385 2.719813
0.6895301 9.576807 2.7581205
0.72783726 9.615114 2.719813
0.80445176 9.691729 2.719813
0.842759 9.80665 2.719813
0.842759 9.844957 2.6048915
0.842759 9.883265 2.5282772
0.7661445 9.844957 2.2984338
0.72783726 9.80665 2.2218192
0.6895301 9.768343 2.183512
0.6895301 9.883265 2.2984335
0.72783726 9.959879 2.528277
0.68953 10.036493 2.6048915
0.68953 10.0748005 2.834735
0.61291564 9.998186 2.834735
0.5363012 9.883265 2.6431987
0.49799398 9.730036 2.4516625
0.5746084 9.5385 1.7621324
0.6895301 9.5385 1.6472108
0.842759 9.615114 1.6472108
0.9576807 9.730036 1.8004397
1.1109096 9.921572 1.9153614
1.2258313 10.151415 2.030283
1.2641385 10.381259 2.030283
1.3024457 10.496181 1.9536686
1.2641385 10.496181 1.838747
1.2258313 10.381258 1.6089036
1.1492168 10.0748005 1.493982
1.1109096 9.844957 1.4173673
0.9959879 9.653421 1.4556746
0.91937345 9.5385 1.685518
0.91937345 9.5385 1.9536686
0.88106626 9.500193 2.2218194
0.91937345 9.576807 2.3750482
0.91937345 9.5385 2.4133554
0.9959879 9.5385 2.4133554
1.0342951 9.615114 2.4133554
1.0726024 9.615114 2.4516625
1.1109097 9.653421 2.4133554
0.9576807 9.5385 2.2218192
0.8810662 9.308657 1.9919758
0.80445176 9.117121 1.7621324
0.842759 8.963891 1.5705963
0.9959879 8.963891 1.3790601
1.0726024 9.040505 1.4556746
1.1492169 9.193735 1.6089035
1.2258313 9.346964 1.8770541
1.2641385 9.500193 2.030283
1.2641385 9.615114 2.183512
1.0726024 9.615114 2.1068974
1.0342952 9.5385 1.9919758
1.0726024 9.423578 1.8387468
1.0726024 9.270349 1.6472107
0.9959879 9.11712 1.4556746
0.9576807 8.963891 1.3790601
0.842759 8.848969 1.340753
0.80445176 8.848969 1.4173675
0.80445176 8.848969 1.6089036
0.72783726 8.887277 1.5705962
0.72783726 9.078813 1.6089036
0.7661445 9.308657 1.6089036
0.8810662 9.615114 1.4939818
1.0726023 9.921572 1.4173675
1.2258313 10.151415 1.3024457
1.3024457 10.304645 1.2641385
1.2258313 10.381259 1.4173673
0.9959879 10.381259 1.6855179
0.45968673 10.228029 2.1835117
-0.61291564 9.883265 2.911349
-1.0726023 9.615114 3.064578
-1.3024457 9.385271 2.9496565
-1.4556745 9.193734 2.7581205
-1.4939818 9.078813 2.6048913
-1.4173673 9.193734 2.6048913
-1.3024457 9.385271 2.6431985
-1.3790601 9.653421 2.4516625
-1.4556746 9.768343 2.183512
-1.4939818 9.844957 1.8770542
-1.340753 9.844957 1.532289

