-1.0726023 9.615114 1.3790601
1.2258313 9.461885 3.2561142
1.685518 9.500193 3.0262709
1.6089036 9.385271 2.873042
1.4173675 9.155427 2.4516625
1.4939818 9.002198 2.413355
1.4939818 9.002198 2.4516625
1.5705963 8.963891 2.566584
1.6089035 8.887277 2.566584
1.6089035 8.887277 2.4516625
1.6089035 8.848969 2.4899697
1.6472107 8.963891 2.4516625
1.7238252 9.117121 2.4899697
1.8004397 9.232042 2.4899697
1.8004397 9.385271 2.2984335
1.7621324 9.346964 2.260126
1.7621324 9.385271 2.260126
1.8004397 9.500193 2.3750482
1.838747 9.500193 2.566584
1.838747 9.5385 2.6815057
1.8004398 9.5385 2.719813
1.7238252 9.461885 2.719813
1.7621324 9.5385 2.6048915
1.7621324 9.615114 2.5665843
1.7621324 9.691729 2.6048915
1.7621324 9.80665 2.5665843
1.685518 9.768343 2.6048915
1.685518 9.768343 2.4899697
1.6472107 9.80665 2.2984335
1.6472107 9.768343 2.2218192
1.6472107 9.80665 2.1068974
1.6089035 9.844957 2.1068974
1.532289 9.768343 2.1835117
1.4173675 9.768343 2.2601264
1.1109097 9.615114 2.4899697
1.1109097 9.5385 2.5665843
1.1492169 9.5385 2.6048915
1.3024457 9.615114 2.7964277
1.4939818 9.691729 2.834735
1.5705963 9.844957 2.9113493
1.5705963 9.80665 2.8347347
1.4556745 9.768343 2.6048915
1.3790601 9.730036 2.4133554
1.340753 9.615114 2.2601264
1.3790601 9.576807 2.2218192
1.4939818 9.5385 2.2601264
1.6089035 9.423578 2.413355
1.7238252 9.461885 2.413355
1.8004397 9.461885 2.4516625
1.8770542 9.461885 2.4899697
1.9153614 9.615114 2.4899697
1.9919758 9.615114 2.528277
2.030283 9.615114 2.528277
1.9919758 9.653421 2.4516625
1.8770542 9.500193 2.1835122
1.685518 9.38527 1.9536687
1.4939818 9.270349 1.7621325
1.3790601 9.11712 1.7621325
1.340753 9.078813 1.8004397
1.340753 9.078813 1.838747
1.3790601 9.040505 1.9153614
1.4173675 9.11712 1.9153614
1.4556746 9.193735 2.030283
1.5705963 9.232042 2.1068974
1.6472108 9.423578 2.2218192
1.7238252 9.461885 2.4133554
1.7238252 9.500193 2.4516625
1.532289 9.423578 2.3750482
1.340753 9.346964 2.183512
1.1875241 9.193735 2.030283
1.0342952 9.078813 1.9919758
1.0342952 9.002198 1.9919758
1.1875241 9.270349 2.1452048
1.4173675 9.576807 2.2601264
1.6472108 9.844957 2.4133554
1.8770542 10.036493 2.48997
1.8004397 9.921572 2.336741
1.6089035 9.80665 2.0685902
1.4173673 9.5385 1.7621324
1.2258313 9.2703495 1.4939818
1.2641385 9.193735 1.6855179
1.3407528 9.308657 1.8770541
1.4173675 9.461885 2.1835117
1.4939818 9.691729 2.4516625
1.4556745 9.80665 2.5282772
1.3790601 9.80665 2.5665843
1.3024457 9.730036 2.4899697
1.2258313 9.576807 2.2984335
1.2641385 9.461885 2.1452045
1.3407528 9.385271 2.1452045
1.4556746 9.346964 2.1068974
1.5322891 9.385271 2.260126
1.5705963 9.385271 2.4133554
1.6089035 9.385271 2.4516625
1.532289 9.346964 2.528277
1.4939818 9.2703495 2.4899697
1.4173675 9.193734 2.3367407
1.3024458 9.11712 2.183512
1.2641385 9.040505 1.9536686
1.3024457 9.040505 1.838747
1.3790601 9.11712 1.9919758
1.5322891 9.346963 2.1452048
1.6472107 9.576807 2.3367407
1.685518 9.80665 2.4899697
1.685518 9.921572 2.4133554
1.5705965 9.844957 2.4899697
1.4556746 9.691729 2.528277
1.3024457 9.5385 2.681506
1.1109096 9.385271 2.873042
0.9193734 9.193735 2.9113493
0.68953013 8.963892 2.8730419
0.49799395 8.695741 2.7198129
0.4213795 8.504205 2.6048915
0.49799395 8.542512 2.4899697
0.80445176 8.848969 2.6048913
1.1875241 9.2703495 2.6048913
1.5705963 9.730036 2.6815057
1.9536686 10.113108 2.3750482
1.8387469 9.998186 2.1452045
1.5322891 9.768343 1.8387469
1.1109096 9.500193 1.685518
0.7278373 9.155428 1.8387469
0.38307226 8.848969 2.1452048
0.22984336 8.695741 2.6431987
0.22984336 8.772355 3.3710358
0.38307226 9.002199 3.8690298
0.7661445 9.2703495 4.252102
1.1875241 9.500193 4.2137947
1.5705963 9.691729 3.754108
1.9153613 9.883265 3.064578
2.1452045 10.113108 2.2601264
2.2984338 10.381258 1.5705962
2.336741 10.572795 0.842759
2.2601266 10.572795 0.4213795
2.1452048 10.419565 0.22984336
1.8387469 9.883265 0.6129156
1.7238252 9.691729 1.2258313
1.6089035 9.615114 1.7621324
1.6089035 9.500193 2.6048913
1.7238252 9.461885 2.6815057
1.8387469 9.423578 2.566584
1.9153614 9.385271 2.2218192
2.030283 9.346964 1.8387468
2.0685902 9.385271 1.3024457
2.1068974 9.346964 0.9193734
2.0685902 9.232042 0.68953013
1.9536686 9.11712 0.61291564
1.8387468 8.963891 0.80445176
1.7238252 8.887277 1.1875241
1.5705965 8.963891 1.7238252
1.4556746 9.002198 2.183512
1.2641385 9.002198 2.4899697
1.0342951 8.925584 2.6048913
0.8810662 8.772355 2.4899697
0.7278373 8.542511 2.2601266
0.6512228 8.389282 1.9536686
0.61291564 8.427589 1.6472108
0.7278373 8.465897 1.4939818
0.8810662 8.695741 1.532289
1.0342952 8.963891 1.7238252
1.1492169 9.155428 1.9153614
1.1875241 9.346964 2.183512
1.1875241 9.500193 2.336741
1.1109096 9.615114 2.528277
1.0726024 9.576807 2.7581203
0.91937345 9.5385 2.9113493
0.7278373 9.423578 3.0645783
0.61291564 9.2703495 3.2944214
0.57460845 9.308657 3.5242648
0.6512228 9.423578 3.7924156
0.8810662 9.615114 4.098873
1.1492168 9.883265 4.213795
1.3790601 10.113108 4.213795
1.5705962 10.266336 4.060566
1.5705962 10.304644 3.7158012
1.4939818 10.189722 3.2561145
1.3407528 9.921572 3.026271
1.1492168 9.576807 2.8347347
0.9576807 9.308657 2.7581203
0.8044517 9.155428 3.026271
0.72783726 9.193735 3.2561145
0.7661446 9.346964 3.4476504
0.88106626 9.5385 3.6774938
1.0342951 9.768343 3.6391866
1.1875241 9.921572 3.4476504
1.2641385 10.036493 3.217807
1.2641385 10.113108 3.0645783
1.1492168 10.036493 2.9496565
0.8810662 10.036493 3.064578
0.49799395 9.998186 3.2561145
0.15322891 9.959879 3.4859576
-0.114921674 9.998186 3.9073372
-0.34476504 9.998186 4.2137947
-0.49799392 10.036493 4.481945
-0.6512228 10.0748005 4.6351748
-0.8044518 10.151415 4.5202527
-0.88106626 10.151415 4.060566
-0.842759 10.113108 3.715801
-0.80445176 10.036493 3.3327289
-0.80445176 10.036493 2.834735
-0.91937345 9.959879 2.3750482
-1.0726023 9.959879 2.0302832
-1.2258313 9.959879 1.8770542

