-1.340753 9.998186 2.1068976
1.7238252 9.193735 3.1028852
1.6089035 9.2703495 2.9496565
2.0685902 9.385271 2.6048913
2.2218192 9.2703495 2.4133554
2.4516625 9.308657 2.2218192
2.528277 9.423578 2.336741
2.528277 9.461885 2.336741
2.4133554 9.461885 2.336741
2.2984338 9.346964 2.3750482
2.2218192 9.308657 2.4133554
2.1452048 9.2703495 2.4516625
2.1068976 9.232041 2.3750482
2.0685902 9.232041 2.2601264
2.0685902 9.232041 2.183512
2.030283 9.270349 2.0685902
2.1068974 9.423578 2.0685902
2.183512 9.615114 2.1068974
2.2218192 9.80665 2.183512
2.2601264 9.921572 2.2218192
2.183512 9.921572 2.1452048
2.1068974 9.844957 2.1452048
1.9536686 9.730036 2.0685902
1.8004396 9.615114 1.9919758
1.7238252 9.5385 1.9153614
1.685518 9.576807 1.8004396
1.8004396 9.691729 1.838747
1.9536686 9.844957 1.9153614
2.030283 9.921572 1.8770541
2.0685902 9.959879 1.9153613
2.030283 9.921572 1.7238252
1.9919758 9.768343 1.5705963
1.9919758 9.730036 1.5705963
1.9153614 9.653421 1.4556745
1.8387469 9.576807 1.5705963
1.7238252 9.576807 1.6855179
1.6089035 9.576807 1.8387468
1.6855179 9.653421 2.0685902
1.7621324 9.768343 2.183512
1.8387469 9.844957 2.2601264
1.8770542 9.883265 2.2601264
1.8004396 9.768343 2.1452045
1.7621324 9.653421 2.0685902
1.7621324 9.576807 1.9919758
1.8387469 9.500193 1.8770542
1.8387469 9.461885 1.7621324
1.7238252 9.385271 1.6472108
1.532289 9.385271 1.4556746
1.3790601 9.346964 1.4556746
1.3790601 9.385271 1.6472108
1.4939818 9.461885 1.838747
1.7238252 9.500193 2.030283
1.8004396 9.461885 2.0685902
1.7621324 9.461885 1.8004397
1.6089036 9.308657 1.5705963
1.4173675 9.155427 1.4939818
1.3024457 9.11712 1.3407528
1.2258313 9.078813 1.37906
1.3024457 9.232041 1.3024458
1.4173675 9.385271 1.2258313
1.5705963 9.615114 1.2258313
1.7238252 9.730036 1.2641385
1.7621324 9.80665 1.3407528
1.7238252 9.844957 1.4173675
1.6472107 9.768343 1.4939818
1.532289 9.730036 1.4939818
1.4556745 9.691729 1.4939818
1.3790601 9.5385 1.3790601
1.340753 9.461885 1.2641385
1.3024457 9.461885 1.2258313
1.3024457 9.423578 1.2258313
1.3790601 9.5385 1.2641385
1.4556746 9.615114 1.4173675
1.532289 9.615114 1.532289
1.4939818 9.653421 1.6089036
1.3790603 9.653421 1.7621324
1.1875241 9.576807 1.8004397
0.9959879 9.461885 1.9153614
0.8810662 9.346964 1.9919758
0.80445176 9.232042 2.0685902
0.842759 9.193734 2.1835117
0.9576807 9.308656 2.1835117
1.0726024 9.423577 2.2218192
1.3024458 9.5385 2.2984338
1.3024458 9.5385 2.336741
1.3024458 9.500193 2.4899697
1.2258313 9.615114 2.5665843
1.0726023 9.5385 2.681506
0.95768064 9.423578 2.834735
0.88106626 9.308657 2.873042
0.842759 9.078814 2.9113493
0.9193735 8.925584 2.719813
0.9576807 8.848969 2.6048913
1.0726024 8.887277 2.566584
1.2641385 9.078813 2.4899697
1.532289 9.423578 2.566584
1.9153614 9.730036 2.566584
2.183512 9.959879 2.3750482
2.4133554 10.151415 2.2984338
2.4516625 10.113108 2.1068976
2.3367407 9.998186 1.8004397
2.0685902 9.730036 1.5705965
1.685518 9.308657 1.3790603
1.3790601 8.887277 1.3024458
1.1109096 8.542511 1.4556746
0.9959879 8.312668 1.7238252
0.9959879 8.312668 1.9919758
1.1109096 8.427589 2.336741
1.340753 8.580818 2.6048913
1.6855179 8.963891 2.7581203
2.030283 9.232042 2.719813
2.2601264 9.500193 2.4899697
2.4516625 9.691729 2.0685902
2.528277 9.730036 1.685518
2.4899697 9.730036 1.3790601
2.4516625 9.730036 1.1492168
2.3367407 9.730036 1.2258313
2.1835117 9.653421 1.4556746
2.0685902 9.615114 1.8387469
1.9536686 9.5385 2.2601264
1.9153614 9.500193 2.6048915
1.9153614 9.500193 2.7581205
1.9536686 9.5385 2.681506
2.030283 9.653421 2.4899697
2.1068974 9.80665 2.183512
2.183512 9.921572 1.8004396
2.2984335 9.998186 1.4939818
2.2984335 9.959879 1.3024457
2.2601264 9.883265 1.2258313
2.183512 9.80665 1.3024457
2.1068974 9.80665 1.4556746
2.1068974 9.844957 1.7621325
2.1068974 9.80665 2.030283
2.0685902 9.768343 2.2218194
1.9536686 9.653421 2.4899697
1.8770542 9.5385 2.3750482
1.838747 9.5385 2.3750482
1.9536686 9.653421 2.3750482
2.1452045 9.768343 2.2601264
2.2984335 9.883265 2.2218192
2.4516625 9.959879 1.9919758
2.4899697 9.844957 1.685518
2.4516625 9.691729 1.2258313
2.413355 9.461885 0.9193734
2.2984335 9.155428 0.6512229
2.2218192 9.002198 0.49799395
2.1452048 8.925584 0.61291564
2.1068976 8.925584 0.8810662
2.0685902 9.040505 1.2258313
2.030283 9.155427 1.685518
1.9919758 9.2703495 2.030283
1.8387469 9.308657 2.221819
1.7238252 9.2703495 2.221819
1.6089035 9.11712 1.8770541
1.532289 8.848969 1.4556746
1.532289 8.734048 0.91937345
1.6089035 8.772355 0.72783726
1.6472107 9.002198 0.88106614
1.6855179 9.385271 1.2258313
1.7238252 9.691729 1.8387468
1.6089036 9.921572 2.2984335
1.4556746 9.998186 2.719813
1.2641385 9.921572 2.9113493
0.9959879 9.768343 2.834735
0.842759 9.5385 2.7198133
0.7661445 9.232042 2.566584
0.842759 9.232042 2.6048915
0.91937345 9.346964 2.7198133
1.0726024 9.500193 2.7198133
1.1875241 9.691729 2.7581205
1.2641385 9.883265 2.873042
1.3024457 9.959879 2.9113493
1.1875241 9.998186 2.873042
1.0342951 9.959879 2.7581203
0.842759 9.80665 2.566584
0.5746084 9.653421 2.413355
0.38307226 9.500193 2.413355
0.22984336 9.385271 2.6048913
0.11492168 9.385271 2.8347347
0.076614454 9.461885 3.064578
0.038307227 9.615114 3.217807
0.038307227 9.768343 3.2561142
0.038307227 9.844957 3.1794999
0.0 9.883265 3.0262709
-0.038307227 9.80665 2.873042
-0.15322891 9.653421 2.7581203
-0.19153613 9.576807 2.719813
-0.22984335 9.461885 2.7964277
-0.2681506 9.346964 2.9113493
-0.30645782 9.308657 2.9879637
-0.4213795 9.232041 2.9879637
-0.53630114 9.155427 2.9879637
-0.6512228 9.155427 2.9879637
-0.7661445 9.11712 2.873042
-0.8810662 9.193735 2.873042
-0.9193735 9.2703495 2.7964277
-1.0342952 9.308657 2.719813
-1.1492168 9.346964 2.7964275
-1.2641385 9.270349 2.9496565
-1.532289 9.232041 3.064578
-1.7238252 9.193734 3.2944217
-1.9153613 9.155427 3.4476504
-2.0685902 9.11712 3.4859576
-2.0685902 9.193734 3.4859576
-1.8770542 9.500193 3.1794996

