2.1068974 9.232042 3.4859576
2.528277 9.308657 3.2178073
2.834735 9.615114 2.7964277
2.681506 9.5385 2.7581205
2.834735 9.653421 2.4899697
2.7964277 9.500193 2.5282772
2.7581203 9.346964 2.7581205
2.7581203 9.308657 2.9113493
2.7581203 9.308657 3.1411927
2.719813 9.385271 3.4093432
2.6431987 9.500193 3.4093432
2.4133554 9.346964 3.371036
2.2984335 9.232041 3.0262709
2.2218192 9.078813 2.8730419
2.183512 9.002198 2.6048913
2.2218192 9.040505 2.4899697
2.336741 9.155428 2.5665843
2.4899697 9.346964 2.6048915
2.6048915 9.5385 2.681506
2.681506 9.730036 2.7581203
2.719813 9.844957 2.7581203
2.7581205 9.921572 2.719813
2.7964277 9.883265 2.681506
2.7581205 9.768343 2.48997
2.6815062 9.615114 2.4133554
2.566584 9.461885 2.2601264
2.4899697 9.385271 2.0685902
2.4899697 9.308657 2.030283
2.4899697 9.232041 1.8387469
2.528277 9.232041 1.8387469
2.566584 9.270349 1.8770541
2.566584 9.346964 1.8387469
2.6048915 9.423578 1.8770542
2.6431987 9.500193 1.838747
2.6431987 9.500193 1.838747
2.6431987 9.500193 1.838747
2.6431987 9.461885 1.8770542
2.5282772 9.2703495 1.8387469
2.5282772 9.11712 1.7621325
2.4899697 8.963891 1.7238252
2.4899697 8.887277 1.8004396
2.6048915 8.848969 1.9919758
2.681506 8.810662 2.2218192
2.7581205 8.810662 2.4516625
2.7581205 8.734048 2.4516625
2.7198133 8.695741 2.336741
2.6048915 8.695741 2.1068976
2.528277 8.542512 1.8387468
2.4516625 8.504205 1.5705962
2.3750482 8.542512 1.2641385
2.3367407 8.504205 1.0342951
2.3367407 8.6574335 0.8810662
2.4133554 8.848969 0.9576807
2.4899697 9.040505 1.1875241
2.5665843 9.270349 1.3790601
2.5282772 9.346963 1.5705963
2.4516625 9.385271 1.7238252
2.2984335 9.346964 1.7238252
2.1835117 9.346964 1.8387469
2.1835117 9.461885 1.8387469
2.221819 9.615114 1.8004397
2.336741 9.730036 1.8770542
2.3750482 9.844957 1.8004397
2.4133554 9.883265 1.8004397
2.336741 9.844957 1.8387469
2.2601264 9.844957 1.8387469
2.2218192 9.768343 1.9919758
2.1452048 9.730036 2.2601264
2.1068976 9.730036 2.4516625
1.9536686 9.653421 2.7581203
1.8004396 9.500193 2.6431987
1.6472107 9.346963 2.528277
1.5705963 9.232041 2.375048
1.5322891 9.232041 2.2601264
1.6089035 9.385271 2.1452048
1.7621324 9.5385 1.9919758
1.8770541 9.653421 1.8387468
1.9919758 9.80665 1.5705962
2.0685902 9.844957 1.4939818
2.0685902 9.80665 1.4939818
2.0685902 9.768343 1.685518
1.9536686 9.615114 1.9919758
1.8387469 9.500193 2.2218192
1.6089035 9.2703495 2.528277
1.340753 9.040506 2.719813
1.1492168 8.887277 2.7964275
1.0342951 8.695741 2.7964275
1.1492168 8.6574335 2.4899697
1.2641385 8.734048 2.2984335
1.4173673 8.963891 2.1835117
1.685518 9.232042 2.030283
1.8770542 9.5385 1.8770542
2.030283 9.768343 1.8387469
2.030283 9.80665 1.8387469
1.9153614 9.80665 1.8770541
1.7621324 9.615114 2.183512
1.7238252 9.5385 2.336741
1.6472107 9.423578 2.4516625
1.5322891 9.346964 2.4899697
1.4556746 9.346964 2.3750482
1.4173673 9.423578 2.2601266
1.5705963 9.500193 2.0685902
1.6855179 9.500193 2.1068974
1.7621324 9.423578 2.030283
1.7621324 9.461885 2.030283
1.4939818 9.308657 1.9919758
1.3024457 9.232042 2.030283
1.1492168 9.11712 1.9919758
1.0726024 9.002198 1.9536686
1.0726024 8.963891 2.0685902
1.1109096 9.002198 2.030283
1.1875241 9.040505 2.0685902
1.2641385 9.155427 2.0685902
1.3024457 9.270349 1.9153614
1.3407528 9.385271 1.8770542
1.3407528 9.500193 1.8770542
1.3024457 9.576807 1.7621324
1.2258313 9.615114 1.8004396
1.1492169 9.5385 1.8770541
1.0726024 9.500193 1.9153614
0.9959879 9.385271 2.1068976
0.9959879 9.308657 2.2984335
1.1109096 9.385271 2.6048913
1.340753 9.653421 2.7964275
1.6089035 9.998186 2.834735
1.8770541 10.228029 2.7964275
2.030283 10.419566 2.528277
2.0685902 10.419566 2.3367407
2.0685902 10.381259 2.183512
1.9153614 10.342952 2.0685902
1.7621324 10.151415 2.2218192
1.6089035 9.959879 2.4516625
1.3790601 9.691729 2.7964275
1.1875241 9.346964 3.1411927
0.9959879 9.155428 3.2561142
0.84275895 9.002198 3.2944214
0.80445176 9.002198 3.1028852
0.8810662 9.193734 2.8730419
0.95768064 9.423578 2.6431985
1.0726023 9.653421 2.3367407
1.1109097 9.768343 2.183512
1.0726023 9.883265 2.1452045
0.9959879 9.883265 2.1068974
0.842759 9.883265 2.1835117
0.68953 9.844957 2.2601264
0.57460845 9.768343 2.2601264
0.45968673 9.691729 2.566584
0.2681506 9.500193 2.7964275
0.15322891 9.385271 3.1028855
0.0 9.346964 3.4859576
-0.076614454 9.346964 3.562572
-0.038307227 9.500193 3.6008792
0.0 9.691729 3.4859576
0.076614454 9.998186 3.0262709
0.11492168 10.036493 2.9113493
0.11492168 9.998186 2.9496565
0.11492168 9.844957 2.9879637
0.11492168 9.653421 2.9879637
0.11492168 9.500193 2.9879637
0.076614454 9.346964 2.7581203
0.11492168 9.385271 2.6048913
0.19153613 9.461885 2.4516625
0.19153613 9.500193 2.4516625
0.2681506 9.576807 2.719813
0.22984335 9.653421 3.0262709
0.076614454 9.730036 3.2944214
-0.038307227 9.80665 3.4859576
-0.22984336 9.80665 3.562572
-0.38307226 9.576807 3.5242648
-0.45968676 9.346964 3.5242648
-0.49799398 9.155427 3.1794996
-0.5363012 9.11712 2.873042
-0.5363012 9.270349 2.6431985
-0.49799395 9.461885 2.6048913
-0.4596867 9.653421 2.8347347
-0.4213795 9.768343 2.9496565
-0.4213795 9.768343 3.0262709
-0.5746084 9.691729 2.8347347
-0.7278373 9.615114 2.6048913
-0.80445176 9.576807 2.3750482
-0.91937345 9.461885 2.183512
-0.9959879 9.346964 2.2218192
-1.1492168 9.193734 2.3750482
-1.3790603 9.002198 2.681506
-1.5705963 8.925584 3.1411927
-1.7238252 8.887277 3.4476504
-1.7621324 8.887277 3.6774938
-1.7238252 8.848969 3.7158012
-1.6472108 8.810662 3.4093432
-1.532289 8.734048 3.1028855
-1.4556746 8.734048 2.681506
-1.3790601 8.810662 2.4899697
-1.3024458 9.002198 2.4899697
-1.2258313 9.308657 2.528277
-1.1492168 9.500193 2.7964275
-1.1492168 9.653421 2.9879637
-1.2258313 9.691729 3.2944214
-1.3407528 9.615114 3.4859576
-1.4556745 9.615114 3.562572
-1.4939818 9.615114 3.4859576
-1.4556745 9.576807 3.2178073
-1.3790601 9.615114 3.0262709
-1.3024457 9.615114 2.834735
-1.3024457 9.653421 2.7581203
-1.37906 9.730036 2.6431987
-1.5705962 9.80665 2.528277
-1.8004396 9.844957 2.528277
-2.030283 9.844957 2.4516625
-2.183512 9.768343 2.528277
-2.3367407 9.653421 2.681506

