-2.4516625 9.500193 2.6431987
-2.6431987 9.308657 2.719813
-2.873042 9.078813 2.7581203
-3.0262709 8.887277 2.834735
1.1492168 9.117121 3.86903
1.5322891 9.193735 3.2561142
1.4556745 9.155428 3.0262709
1.3407528 9.078813 3.0262709
1.2641385 9.193734 2.7964275
1.2641385 9.155427 2.9113493
1.3024457 9.193734 2.9879637
1.37906 9.308657 3.1028855
1.4556745 9.461885 3.1411927
1.532289 9.576807 3.0645783
1.6089035 9.653421 3.026271
1.6089035 9.768343 2.9113493
1.5705963 9.80665 2.834735
1.4939818 9.844957 2.834735
1.4556746 9.921572 2.834735
1.4556746 9.883265 2.873042
1.4939818 9.844957 2.834735
1.532289 9.80665 2.7964275
1.532289 9.768343 2.681506
1.5705963 9.730036 2.4516625
1.6089036 9.691729 2.3367407
1.6472108 9.730036 2.183512
1.7238252 9.768343 2.1452048
1.8004396 9.921572 2.2601264
1.8770541 10.113108 2.3750482
1.9536686 10.151415 2.6048915
1.9536686 10.151415 2.873042
1.8387469 10.036493 2.9496565
1.685518 9.844957 3.0262709
1.5322891 9.691729 2.9496565
1.3790601 9.5385 2.7581203
1.340753 9.461885 2.566584
1.340753 9.461885 2.2601264
1.340753 9.5385 2.0685904
1.4556746 9.615114 1.9536686
1.4939818 9.615114 1.9919758
1.532289 9.615114 2.1835117
1.5705963 9.615114 2.336741
1.4939818 9.576807 2.566584
1.4556746 9.576807 2.7198133
1.4939818 9.5385 2.834735
1.5705962 9.5385 2.834735
1.685518 9.576807 2.719813
1.838747 9.615114 2.566584
1.9536686 9.615114 2.3367407
1.9919758 9.5385 2.0685902
1.9919758 9.500193 1.8004396
1.9919758 9.461885 1.532289
1.9153614 9.385271 1.4173673
1.8770542 9.308657 1.4556745
1.8770542 9.193734 1.6472107
1.8387469 9.11712 2.030283
1.8387469 9.193735 2.4133554
1.7621325 9.308657 2.7964275
1.6472108 9.346964 2.873042
1.4939818 9.346964 2.7581203
1.3790601 9.193734 2.4516625
1.3024457 9.040505 1.9919758
1.2641385 8.963891 1.7238252
1.3024458 8.925584 1.4173675
1.340753 8.963891 1.3790603
1.4173673 9.11712 1.532289
1.532289 9.308656 1.7238252
1.6472107 9.500193 1.9919758
1.685518 9.691729 2.1452045
1.685518 9.768343 2.183512
1.6089036 9.768343 2.1452045
1.4939818 9.691729 2.1068974
1.4556746 9.576807 2.030283
1.4173673 9.500193 1.8770541
1.4939818 9.5385 1.7238252
1.5705963 9.576807 1.532289
1.6472108 9.653421 1.3024457
1.8004397 9.691729 1.1109096
1.838747 9.615114 0.9959879
1.838747 9.500193 0.9576807
1.8004398 9.38527 0.9193735
1.7238252 9.193734 1.0342952
1.6472108 9.078813 1.1875241
1.6089036 9.040505 1.340753
1.5705963 9.078814 1.532289
1.5705963 9.308657 1.6089036
1.6855179 9.5385 1.6089036
1.8004397 9.730036 1.4939818
1.9153614 9.883265 1.37906
2.030283 9.844957 1.2258313
2.030283 9.730036 1.1875241
2.030283 9.653421 1.1492169
1.9536686 9.5385 1.1109096
1.8004396 9.385271 1.2258313
1.685518 9.308657 1.340753
1.6089036 9.193735 1.5705962
1.685518 9.232042 1.877054
1.8770541 9.500193 2.1452048
1.9919758 9.768343 2.2984335
2.0685902 9.921572 2.375048
2.0685902 9.883265 2.3367407
1.9153614 9.653421 2.2218192
1.7238252 9.385271 2.1835117
1.2258313 9.040505 2.1835117
0.9959879 9.002198 2.2984335
0.8810662 8.963891 2.375048
0.842759 9.002198 2.528277
0.91937345 9.155428 2.681506
1.0342951 9.117121 2.719813
1.1875241 9.155428 2.6431987
1.2641385 9.193735 2.528277
1.3407528 9.155427 2.375048
1.4556745 9.346964 2.2601264
1.5322891 9.5385 2.2984335
1.6472107 9.691729 2.336741
1.685518 9.921572 2.336741
1.6472108 9.921572 2.336741
1.6089036 9.844957 2.183512
1.5705962 9.730036 2.030283
1.4939818 9.5385 2.030283
1.4556746 9.576807 2.2218192
1.4939818 9.615114 2.4516625
1.4939818 9.615114 2.719813
1.4556746 9.615114 2.7964277
1.4556746 9.461885 2.719813
1.4173675 9.385271 2.719813
1.4556746 9.461885 2.6048915
1.5705965 9.615114 2.528277
1.7238252 9.80665 2.3367407
1.838747 9.883265 1.9919758
1.838747 9.883265 1.7238252
1.838747 9.844957 1.5705962
1.6089036 9.768343 1.7621324
1.3790603 9.653421 2.1452048
1.1875241 9.346964 2.5665843
0.9576807 9.040505 2.834735
0.8810662 8.810662 2.9113493
0.80445176 8.695741 2.873042
0.80445176 8.695741 2.6431987
0.842759 8.695741 2.4516625
0.88106626 8.6574335 2.030283
0.9576807 8.6574335 1.4939818
0.9959879 8.695741 1.1492168
1.1109096 8.810662 0.8044517
1.2258313 8.925584 0.8044517
1.2641385 9.002198 1.0726024
1.2641385 9.040505 1.3790601
1.1109095 9.078813 1.8387469
0.95768064 9.11712 2.2601266
0.84275895 9.11712 2.6431985
0.72783726 9.193734 3.064578
0.68953 9.193734 3.2944217
0.7278373 9.308656 3.2561145
0.8810662 9.38527 3.064578
1.0726023 9.576807 2.6048913
1.2641385 9.80665 2.2984335
1.4173675 9.959879 2.030283
1.3790601 10.151415 1.9536686
1.3024458 10.228029 2.183512
0.91937345 10.0748005 2.4516625
0.3830723 9.768343 2.9879637
-0.15322888 9.385271 3.4476504
-0.6512229 9.078814 3.8690298
-0.80445176 8.925584 4.1754875
-0.842759 9.002198 4.290409
-0.7278373 9.232041 4.252102
-0.53630114 9.423578 4.060566
-0.26815057 9.691729 3.9073372
0.038307227 9.883265 3.6774938
0.26815057 9.959879 3.4093432
0.38307226 9.998186 3.1794999
0.30645782 9.959879 2.834735
0.11492168 9.844957 2.566584
-0.4213795 9.653421 2.4516625
-0.61291564 9.615114 2.6048913
-0.7661445 9.576807 2.873042
-0.8810662 9.615114 3.217807
-0.9959879 9.730036 3.6008792
-0.9576807 9.883265 3.6391864
-0.8810662 9.883265 3.4859576
-0.7661445 9.959879 3.2561145
-0.5746084 9.998186 3.0262709
-0.5746084 9.998186 3.0262709
-0.6512229 9.883265 3.1411927
-0.842759 9.653421 3.2561145
-1.0726023 9.5385 3.4093432
-1.2258313 9.423578 3.6391869
-1.3407528 9.423578 3.7541084
-1.3790601 9.500193 3.9456444
-1.3790601 9.576807 3.7924154
-1.3790601 9.691729 3.6391864
-1.340753 9.844957 3.4476504
-1.3024457 9.921572 3.1411927
-1.2641385 9.959879 3.1794999
-1.3024457 10.0748005 3.1411927
-1.4173675 10.036493 3.0645783
-1.6089035 9.959879 3.1028855
-1.8770541 9.768343 2.9496565
-2.1068976 9.423578 2.873042
-2.336741 9.155428 2.7964277
-2.48997 9.002198 2.6815062
-2.48997 9.002198 2.6815062
-2.48997 9.155427 2.6048915
-2.48997 9.308657 2.5665843
-2.4133554 9.423578 2.6048915

