-2.3750482 9.576807 2.681506
-2.2601264 9.730036 2.681506
1.4939818 9.232042 3.7158008
2.1068974 9.346964 3.4859576
2.566584 9.615114 3.371036
2.9113493 9.730036 3.141193
3.2561145 9.921572 2.9496565
3.1028855 9.844957 2.7198133
2.873042 9.768343 2.6048913
2.681506 9.730036 2.566584
2.566584 9.653421 2.6048913
2.4899697 9.615114 2.719813
2.4899697 9.615114 3.1028855
2.566584 9.730036 3.2944214
2.6048915 9.80665 3.3710358
2.6048915 9.80665 3.3327286
2.5665843 9.730036 3.1794999
2.4516625 9.615114 2.9496565
2.375048 9.576807 2.7964277
2.375048 9.576807 2.681506
2.3367407 9.615114 2.7581205
2.3750482 9.691729 2.9113493
2.4133554 9.653421 3.064578
2.3750482 9.615114 3.1794996
2.336741 9.615114 3.2561142
2.2218192 9.500193 3.217807
2.0685902 9.385271 2.9879637
1.9536686 9.308657 2.719813
1.8770542 9.193734 2.3367407
1.8387469 9.11712 2.030283
1.8770541 9.155427 1.8004397
1.9536686 9.193734 1.8004397
2.030283 9.232041 1.9153614
2.1068976 9.385271 2.030283
2.183512 9.423578 2.183512
2.1452045 9.385271 2.030283
2.030283 9.2703495 1.8770541
1.877054 9.040506 1.7238252
1.6855179 8.963891 1.7238252
1.6855179 8.963891 1.8004396
1.8004396 9.078813 1.9919758
2.030283 9.2703495 2.1452048
2.2601264 9.423578 2.1068976
2.336741 9.5385 2.1452048
2.3750482 9.576807 1.9919758
2.2601264 9.576807 1.8770542
2.1452045 9.461885 1.8770542
2.030283 9.346964 1.7621325
1.9536686 9.270349 1.8004397
1.9536686 9.193734 1.8387469
1.9153614 9.232042 1.9536686
1.8770542 9.2703495 2.0685902
1.8004397 9.2703495 2.183512
1.8004396 9.232041 2.336741
1.9153614 9.270349 2.4516625
1.9919758 9.308656 2.4133554
1.9919758 9.270349 2.336741
1.9153614 9.232041 2.1068976
1.8004397 9.11712 1.8770542
1.7238252 9.002198 1.5705962
1.685518 8.963891 1.3407528
1.6472108 9.002198 1.2258313
1.7238252 9.040505 1.2641385
1.8387468 9.155427 1.532289
1.9536686 9.232041 1.8004396
1.9919758 9.308657 2.030283
1.9153614 9.308657 2.1068974
1.7238252 9.2703495 1.9919758
1.7621324 9.155427 1.9536686
1.8770542 9.232041 1.9536686
1.9919758 9.193734 1.8770541
2.1068976 9.232041 1.8004396
2.1452048 9.270349 1.6472107
2.1452048 9.270349 1.4173675
2.1452048 9.270349 1.3024458
2.0685904 9.232041 1.1875241
2.030283 9.11712 1.1875241
1.9919758 9.002198 1.4173675
1.9153614 9.040505 1.7621325
1.9536686 9.078813 2.183512
1.9153614 9.232042 2.5665843
1.8770542 9.346964 2.719813
1.8770542 9.385271 2.6048915
1.8387469 9.461885 2.4899697
1.8387469 9.461885 2.1452045
1.8387469 9.461885 1.8004397
1.8770542 9.461885 1.6472107
1.9153614 9.423578 1.3790601
1.9919758 9.423578 1.340753
2.030283 9.385271 1.6472107
1.9919758 9.346964 1.9153613
1.9536686 9.346964 2.2984335
1.8004397 9.346964 2.566584
1.6472107 9.232042 2.528277
1.4939818 9.078814 2.4516625
1.3024457 8.963892 2.2601264
1.2258313 8.848969 2.030283
1.2258313 8.887277 1.9536685
1.3407528 9.078813 1.8387469
1.5705962 9.2703495 1.7621325
1.7621324 9.500193 1.9153614
1.9153614 9.730036 1.9153614
1.9153614 9.844957 1.9919758
1.7621324 9.921572 2.1068974
1.532289 9.921572 2.1068974
1.2258313 9.921572 2.183512
0.9576807 9.80665 2.183512
0.8044517 9.691729 2.1452048
0.72783726 9.576807 1.9919758
0.7661445 9.423578 1.7238252
0.91937345 9.461885 1.4173673
1.1109096 9.576807 1.2641385
1.3024457 9.768343 1.2641385
1.532289 10.0748005 1.4939818
1.6472107 10.342951 1.8387469
1.6089035 10.49618 1.9919758
1.4939818 10.534487 2.030283
1.2641385 10.381258 1.9153614
1.0342951 10.036493 1.7238252
0.88106626 9.5385 1.5705963
0.91937345 9.346964 1.6089035
1.0726024 9.461885 1.8004396
1.2258313 9.576807 1.9536685
1.532289 9.768343 2.1835117
1.7621324 9.959879 2.2984338
1.9153614 9.998186 2.2601266
1.9919758 9.998186 2.183512
1.9153614 9.844957 1.9536686
1.8004397 9.730036 1.8004397
1.685518 9.576807 1.685518
1.5705963 9.423578 1.7238252
1.4556746 9.308656 1.8387469
1.4173675 9.270349 1.8004396
1.4556746 9.346963 1.8770541
1.5705963 9.500193 1.8387469
1.7238252 9.730036 1.8770542
1.8770541 9.998186 1.9536686
1.9153614 10.151415 1.9536686
1.8387469 10.228029 1.838747
1.6472108 10.189722 1.685518
1.37906 9.959879 1.4173673
1.0726023 9.691729 1.1109096
0.84275895 9.423578 1.0342951
0.6512228 9.11712 0.95768064
0.5746084 8.887277 1.1492169
0.5746084 8.848969 1.3790603
0.5746084 8.925584 1.6089034
0.6512228 9.155428 1.7621324
0.6512228 9.500193 1.9153614
0.6512228 9.653421 2.0685902
0.6512228 9.730036 1.9919758
0.61291564 9.691729 1.9536686
0.53630114 9.500193 1.685518
0.4213795 9.232042 1.3790603
0.30645782 9.040506 1.1875241
0.19153613 8.848969 1.1492169
0.19153613 8.887277 1.5705963
0.19153613 9.078813 1.9919758
0.22984335 9.193735 2.4133554
0.22984335 9.308657 2.719813
0.2681506 9.308657 2.4899697
0.26815057 9.232041 1.9536686
0.26815057 9.2703495 1.5705962
0.22984335 9.385271 1.4173675
0.22984335 9.576807 1.3790603
0.22984335 9.80665 1.6089034
0.19153613 9.998186 1.9536686
0.076614454 10.0748005 2.4516625
-0.076614454 10.0748005 2.834735
-0.30645782 9.998186 3.1794999
-0.57460845 9.883265 3.2561142
-0.8044518 9.768343 3.2561142
-0.9959879 9.576807 3.1411927
-0.9959879 9.461885 2.9496565
-0.8810662 9.500193 2.9879637
-0.7278373 9.576807 2.9113493
-0.53630114 9.844957 2.9496565
-0.45968673 10.113108 2.9496565
-0.49799395 10.304645 2.9113493
-0.61291564 10.342952 2.834735
-0.8810662 10.151416 2.873042
-1.3790601 9.5385 2.834735
-1.532289 9.11712 2.9879637
-1.4556746 9.040505 3.064578
-1.2641385 9.078814 3.064578
-1.0342951 9.155428 3.064578
-0.8810662 9.2703495 3.0262709
-0.6895301 9.385271 2.9879637
-0.61291564 9.423578 2.873042
-0.57460845 9.346964 2.6815057
-0.61291564 9.2703495 2.528277
-0.68953 9.232042 2.2984338
-0.72783726 9.232042 2.2218192
-0.7661445 9.2703495 2.2218192

