-0.80445176 9.346964 2.2984335
-0.80445176 9.308657 2.566584
-0.8810662 9.193734 2.7964275
1.3024458 9.346964 2.3750482
1.6089035 9.346964 2.030283
1.8770541 9.461885 1.9536686
2.0685902 9.500193 1.9536686
2.4516625 9.5385 1.9536686
2.4899697 9.346964 2.2601264
2.4899697 9.232042 2.2601264
2.4899697 9.232042 2.2218192
2.4899697 9.193734 2.183512
2.4899697 9.2703495 2.1452048
2.4899697 9.232041 2.1452048
2.4516625 9.2703495 2.0302832
2.4133554 9.346964 1.9919758
2.566584 9.423578 1.7621324
2.681506 9.461885 1.7621324
2.7581203 9.461885 1.7621324
2.7964277 9.500193 1.838747
2.9113493 9.500193 1.8770542
2.9113493 9.461885 1.838747
2.8730419 9.461885 1.8004397
2.7581203 9.461885 1.8387469
2.681506 9.423578 1.8004396
2.6048915 9.461885 1.7621324
2.5665843 9.423578 1.7621324
2.5665843 9.385271 1.8004396
2.6048915 9.423578 1.9153614
2.6431987 9.461885 1.9919758
2.6431987 9.500193 2.030283
2.6431987 9.576807 1.9919758
2.6431987 9.576807 1.8387469
2.7198133 9.5385 1.7238252
2.7964277 9.615114 1.6089035
2.9113493 9.653421 1.4939818
2.9496565 9.730036 1.4939818
2.9879637 9.768343 1.5705963
2.9879637 9.691729 1.6472107
2.7581203 9.461885 1.9536686
2.4516625 9.346964 1.9153614
2.3367407 9.423578 1.7238252
2.3750482 9.346964 1.6089035
2.3750482 9.346964 1.6089035
2.4516625 9.423578 1.685518
2.566584 9.423578 1.7621325
2.6431987 9.500193 1.8004398
2.6431987 9.5385 1.8004398
2.5665843 9.500193 1.7238252
2.4516625 9.5385 1.685518
2.2984335 9.5385 1.6089035
2.2601264 9.461885 1.6089035
2.2601264 9.385271 1.685518
2.2601264 9.2703495 1.7621325
2.2984335 9.232042 1.9153614
2.221819 9.2703495 1.9536686
2.030283 9.5385 2.0685902
1.9153614 9.615114 2.030283
1.8770542 9.615114 1.9536686
1.7621325 9.5385 1.9536686
1.7238252 9.385271 1.9919758
1.6472107 9.232041 2.1068974
1.5705963 9.232041 2.2601264
1.4939818 9.232041 2.1835117
1.3790601 9.308657 2.1835117
1.2258313 9.385271 2.1068974
1.1109096 9.385271 2.183512
1.0726024 9.2703495 2.2601264
1.0726024 9.193735 2.336741
1.1875241 9.155427 2.4133554
1.2641385 9.232041 2.3750482
1.1492168 9.308657 2.528277
1.1109096 9.423578 2.4899697
1.1109096 9.461885 2.4899697
1.2258313 9.576807 2.566584
1.4556746 9.615114 2.4899697
1.493982 9.653421 2.6048915
1.4556748 9.730036 2.681506
1.340753 9.730036 2.834735
1.1875241 9.730036 2.9113493
1.0726024 9.615114 3.064578
1.0726024 9.5385 3.1411924
1.1109096 9.576807 3.217807
1.2258313 9.615114 3.3327286
1.3024457 9.730036 3.4093432
1.3407528 9.768343 3.3327289
1.3407528 9.768343 3.1795
1.3407528 9.768343 2.9496565
1.4939818 9.730036 2.7198133
1.6472108 9.80665 2.6815062
1.7621324 9.844957 2.7198133
1.8387469 9.959879 2.834735
1.8004396 10.036493 2.873042
1.7238252 9.959879 2.9496565
1.6089036 9.844957 2.9113493
1.3790603 9.576807 2.9113493
1.1875241 9.346963 3.0262709
0.9959879 9.270349 3.064578
0.91937345 9.308656 2.9879637
1.1109096 9.5385 2.9496565
1.4173675 9.959879 2.7964277
1.7621324 10.266336 2.6431987
2.0685902 10.419565 2.5282772
2.1452048 10.342951 2.2984338
1.9919758 10.113108 2.183512
1.8387469 9.768343 2.1068976
1.532289 9.461885 2.1068976
1.2641385 9.193735 2.0685904
1.1492168 8.887277 2.1068976
1.0342952 8.810662 2.1452048
1.0342952 8.848969 2.2984335
1.1109096 9.002198 2.566584
1.2258313 9.193735 2.6431987
1.4173673 9.423578 2.719813
1.5705963 9.576807 2.5282772
1.6855179 9.615114 2.3750482
1.7238252 9.691729 2.2601264
1.685518 9.768343 2.1068974
1.7621324 9.844957 2.1452045
1.8004396 9.921572 2.1068974
1.7621324 9.921572 2.0685902
1.6089035 9.653421 1.9153614
1.3790601 9.346964 1.8004396
1.1875241 9.155428 1.7238252
1.1492169 9.040505 1.7238252
1.340753 9.11712 1.9536686
1.5705963 9.270349 2.1452048
1.685518 9.423578 2.2601264
1.7238252 9.5385 2.2218192
1.6089035 9.461885 2.030283
1.4173673 9.2703495 1.8387469
1.3024457 9.040506 1.6089035
1.1492168 8.810662 1.4556746
0.9959879 8.734048 1.3790603
0.9193735 8.619125 1.1109096
0.88106626 8.465897 0.91937345
0.88106626 8.504204 0.842759
0.9576807 8.580818 0.9959879
0.9576807 8.887277 1.4556746
0.9576807 9.193735 2.0685902
0.842759 9.193735 2.681506
0.6512229 9.193735 3.1411924
0.45968673 9.040505 3.4093432
0.2681506 8.887277 3.4476504
0.19153613 8.848969 3.409343
0.22984335 8.734048 3.1411924
0.30645782 8.6574335 2.8730419
0.45968673 8.504205 2.719813
0.6512229 8.42759 2.4899697
0.6512229 8.42759 2.4899697
0.6895301 8.504205 2.681506
0.6895301 8.848969 2.9496565
0.6512228 9.155428 3.2561145
0.72783726 9.385271 3.5242648
0.6512228 9.5385 3.5242648
0.49799392 9.423578 3.371036
0.344765 9.232041 3.2944214
0.22984335 9.078813 3.2561142
0.22984335 8.887277 3.2561142
0.30645782 8.810662 3.1794999
0.4213795 8.734048 3.0645783
0.53630114 8.619126 2.873042
0.61291564 8.619126 2.6431987
0.68953 8.772355 2.719813
0.6895301 9.385271 3.1411924
0.5746084 9.730036 3.562572
0.38307226 9.998186 3.9839516
0.114921674 10.113108 4.367024
-0.49799395 9.998186 5.133168
-0.8810662 9.730036 5.3630114
-1.2641385 9.423578 5.554548
-1.6089035 9.155428 5.5162406
-1.8387469 8.963891 5.4779334
-1.9536686 9.002198 5.363012
-1.9919758 9.193735 5.401319
-1.9536686 9.461885 5.5545483
-1.9536686 9.730036 5.6311626
-1.9536686 9.883265 5.6311626
-1.9153614 9.998186 5.5928555
-1.9153614 10.113108 5.4396267
-1.8770542 10.151415 5.2863975
-1.8387469 10.113108 5.2863975
-1.9153614 10.113108 5.056554
-1.9919758 10.036493 4.865018
-2.1068976 9.921572 4.6734815
-2.2601264 9.883265 4.3287168
-2.3750482 9.730036 4.1371803
-2.566584 9.615114 3.9839516
-2.6431987 9.5385 3.9456444
-2.7198133 9.615114 4.0222588
-2.7198133 9.730036 4.1754875
-2.6431987 9.80665 4.405331

