-2.681506 9.844957 4.55856
-2.719813 9.576807 4.711789
-2.9113493 9.232041 4.6351748
2.030283 8.734047 4.060566
2.528277 9.040505 3.4476502
2.7581203 9.155427 2.9496565
3.064578 9.308657 2.7581203
3.2178068 9.461885 2.7581203
3.2944217 9.500193 2.9496565
3.2944217 9.500193 3.1794999
3.2561145 9.461885 3.4093432
3.1028855 9.232041 3.4859576
2.9496565 9.078813 3.4093432
2.7581203 8.887277 3.3327286
2.566584 8.734048 3.217807
2.4899697 8.772355 3.3327289
2.6431985 8.925584 3.371036
2.873042 9.155428 3.4093432
3.1028852 9.308657 3.2944214
3.1794996 9.423578 3.2561142
3.1411924 9.423578 3.1411927
2.9879637 9.308657 3.1028852
2.7581205 9.232041 3.1028852
2.6048913 9.155427 3.1028852
2.4516625 9.11712 3.1411924
2.3750482 9.155427 3.1411924
2.3750482 9.155427 3.064578
2.4516625 9.232041 2.9879637
2.6815057 9.308656 2.9113493
2.9496565 9.385271 2.7581205
3.1795 9.423578 2.7198133
3.2178073 9.461885 2.681506
3.0262709 9.385271 2.5665843
2.7581205 9.193735 2.4899697
2.4133554 9.002198 2.4516625
2.183512 8.734048 2.4133554
2.030283 8.542512 2.4899697
1.9536686 8.504205 2.528277
2.030283 8.6574335 2.5665843
2.2218192 8.887277 2.5665843
2.4516625 9.193734 2.6048915
2.6048913 9.385271 2.719813
2.681506 9.500193 2.8347347
2.6431987 9.5385 3.0262709
2.5665843 9.5385 3.2944214
2.528277 9.653421 3.6391866
2.4899697 9.730036 3.9073372
2.4516625 9.883265 3.9839516
2.4516625 9.921572 3.86903
2.4516625 9.921572 3.6008792
2.4899697 9.844957 3.2944214
2.528277 9.730036 3.1794999
2.681506 9.653421 2.9496565
2.681506 9.653421 2.9879637
2.681506 9.615114 2.9113493
2.6048915 9.500193 2.9879637
2.566584 9.38527 3.0262709
2.528277 9.270349 3.1028852
2.566584 9.232041 3.1794996
2.6431985 9.232041 3.217807
2.6431985 9.232041 3.3327289
2.6048913 9.193734 3.2944217
2.4516625 9.193734 3.2178073
2.2601266 9.155427 3.026271
2.1452048 9.002198 2.834735
1.9536686 8.963891 2.834735
1.8770541 8.734048 2.7581205
1.9153614 8.734048 3.026271
1.9536686 8.848969 3.3327289
2.0685902 8.925584 3.8307228
2.0685902 9.193734 4.4436383
1.9536686 9.232041 4.6734815
1.7238252 9.232041 4.750096
1.37906 9.11712 4.6351743
1.0726023 8.887277 4.290409
0.7278373 8.734048 4.1371803
0.5363012 8.580819 4.060566
0.38307226 8.580819 4.1754875
0.22984336 8.695741 5.0182467
0.19153613 8.810662 5.3247046
0.26815057 8.925584 5.2863975
0.34476507 9.078813 5.1331687
0.4213795 9.193735 4.9416323
0.38307226 9.2703495 4.8267107
0.076614454 9.002198 4.7884035
-0.19153613 8.810662 4.673482
-0.38307226 8.695741 4.55856
-0.45968673 8.580819 4.367024
-0.53630114 8.619126 3.9839516
-0.4213795 8.6574335 3.7158008
-0.2681506 8.695741 3.4859576
-0.15322891 8.887277 3.4093432
0.076614454 9.078813 3.6008792
0.30645782 9.423578 3.7158012
0.49799395 9.768343 3.7158012
0.6895301 9.998186 3.7158012
0.7661445 10.228029 3.5242648
0.72783726 10.151415 3.371036
0.68953 9.998186 3.1411927
0.53630114 9.691729 2.7964277
0.34476504 9.308657 2.4899697
0.19153613 9.002199 2.1452048
0.11492168 8.772355 2.0685902
0.19153613 8.848969 2.0685902
0.4213795 9.040505 2.183512
0.6895301 9.308657 2.3750482
0.842759 9.5385 2.3750482
0.9959879 9.5385 2.4133554
0.9193735 9.500193 2.4899697
0.842759 9.423578 2.4899697
0.842759 9.2703495 2.6048915
0.842759 9.2703495 2.719813
0.91937345 9.308657 2.5665843
1.0342951 9.576807 2.1452048
1.1109096 9.691729 1.7238252
1.0342952 9.615114 1.7238252
0.9193735 9.500193 1.7621324
0.8044517 9.423578 1.9536686
0.61291564 9.346964 2.0685902
0.42137945 9.423578 2.1068974
0.344765 9.423578 2.0685902
0.344765 9.346964 2.030283
0.26815057 9.232042 2.183512
0.114921674 9.11712 2.566584
-0.15322891 9.193734 3.0262709
-0.4213795 9.193734 3.5242648
-0.6129156 9.193734 3.86903
-0.72783726 9.308657 3.86903
-0.7661445 9.346964 3.6774936
-0.61291564 9.423578 3.3327289
-0.34476504 9.5385 2.566584
-0.15322891 9.500193 2.413355
-0.11492168 9.500193 2.375048
-0.038307227 9.5385 2.566584
-0.038307227 9.5385 2.7964275
-0.19153613 9.615114 3.064578
-0.38307226 9.730036 3.3327286
-0.6512229 9.730036 3.4476502
-0.91937345 9.576807 3.5242648
-1.1109095 9.2703495 3.4859576
-1.3024457 8.925584 3.371036
-1.4556746 8.695741 3.2944217
-1.5322891 8.619126 3.3327289
-1.5705963 8.695741 3.4476504
-1.4939818 9.040505 3.6391866
-1.4173673 9.2703495 3.7541084
-1.4939818 9.346964 3.7924156
-1.5705963 9.385271 3.7541084
-1.8004397 9.232041 3.6774938
-2.0685902 9.155427 3.8307228

