1.3024458 9.040505 3.4093432
1.6089036 9.117121 3.1794999
1.8770542 9.385271 3.026271
1.9536687 9.232041 2.9496565
2.1452048 9.423578 3.064578
2.183512 9.500193 3.0262709
2.183512 9.500193 3.1028852
2.183512 9.615114 3.1028852
2.183512 9.615114 3.0262709
2.1452048 9.653421 2.9496565
2.0685902 9.691729 2.7964275
1.838747 9.5385 2.719813
1.685518 9.423578 2.719813
1.6472108 9.232041 2.834735
1.685518 9.232041 2.7964277
1.7621324 9.193734 2.873042
1.8004397 9.232041 2.719813
1.8387469 9.308657 2.5665843
1.8770541 9.346964 2.4899697
1.9153614 9.385271 2.375048
1.9153614 9.423578 2.3367407
1.8770542 9.423578 2.3750482
1.838747 9.461885 2.528277
1.7621324 9.461885 2.719813
1.7621324 9.461885 2.8347347
1.7621324 9.423578 2.7581203
1.7621324 9.423578 2.7581203
1.838747 9.385271 2.834735
1.9153614 9.2703495 2.7964277
1.9153614 9.2703495 2.7581205
1.9153614 9.2703495 2.6815057
1.8770542 9.232042 2.4899697
1.8387469 9.308657 2.336741
1.8770541 9.2703495 2.2984335
1.9153614 9.308657 2.2601264
1.9919758 9.385271 2.2984335
2.1068974 9.500193 2.4133554
2.2601264 9.691729 2.48997
2.4133554 9.844957 2.5665843
2.4516625 9.998186 2.6048915
2.4133554 10.036493 2.5665843
2.3367407 10.036493 2.5665843
2.1835117 9.998186 2.6048915
2.0685902 9.883265 2.681506
1.9536686 9.691729 2.681506
1.8004398 9.4618845 2.681506
1.685518 9.308656 2.719813
1.6472108 9.270349 2.681506
1.685518 9.308657 2.7964277
1.7621324 9.423578 2.873042
1.8770541 9.500193 2.8347347
1.9536686 9.500193 2.719813
1.9536686 9.5385 2.681506
1.9153614 9.500193 2.681506
1.8770542 9.385271 2.7581203
1.8004397 9.2703495 2.873042
1.7621324 9.117121 3.026271
1.6472107 9.002198 3.1795
1.4556748 8.887277 3.3327289
1.1875241 8.734048 3.371036
0.842759 8.580819 3.1028852
0.5363012 8.389282 2.7581203
0.34476504 8.197746 2.2984335
0.3064578 8.159439 2.1452045
0.5363012 8.350975 2.2984335
0.80445176 8.580818 2.4133554
1.0342951 8.925584 2.6048915
1.2641385 9.232041 2.681506
1.3024457 9.308657 2.5282772
1.2641385 9.385271 2.4133554
1.2258313 9.346964 2.2984335
1.0726024 9.2703495 2.2984335
0.842759 9.193735 2.2984335
0.6895301 9.11712 2.4516625
0.49799395 9.078813 2.7581203
0.3830723 9.040505 2.9113493
0.30645782 9.078813 3.1411927
0.30645782 9.232042 3.2944217
0.42137948 9.423578 3.2944217
0.5746084 9.653421 3.2944217
0.8044518 9.921572 3.3327289
1.0342952 10.113108 3.2944214
1.1875241 10.304644 3.1411927
1.2641385 10.381258 2.9879637
1.2258313 10.381258 2.7581203
1.0726023 10.266336 2.4899697
0.91937345 10.113108 2.4516625
0.842759 9.959879 2.4899697
0.842759 9.80665 2.566584
0.842759 9.730036 2.8347347
0.8810662 9.768343 3.064578
0.91937345 9.921572 3.2944214
0.9959879 10.0748005 3.3710358
1.1109096 10.189722 3.1028852
1.1492169 10.151415 2.719813
1.1492169 10.113108 2.0685902
1.1492169 10.151415 1.5705962
1.1492169 10.151415 1.3407528
1.1875241 10.113108 1.2641385
1.1492169 10.036493 1.3024457
0.99598795 9.80665 1.532289
0.88106626 9.691729 1.8387469
0.80445176 9.691729 2.1835117
0.80445176 9.768343 2.834735
0.84275895 9.921572 3.2178068
0.7661445 9.959879 3.4476504
0.61291564 9.921572 3.562572
0.4213795 9.768343 3.4093432
0.22984336 9.615114 3.3327289
0.11492168 9.576807 3.2944214
0.076614454 9.615114 3.2944214
0.076614454 9.653421 3.3710358
0.0 9.615114 3.4476502
-0.11492168 9.500193 3.3327286
-0.30645782 9.2703495 2.9496565
-0.5363012 8.963891 2.528277
-0.5746084 8.734048 2.1452048
-0.5363012 8.619126 1.9919758
-0.038307227 9.002198 2.2984335
0.30645782 9.385271 2.6431985
0.9576807 10.266336 3.0645783
1.0726024 10.457873 2.987964
0.99598795 10.496181 2.7964277
0.68953013 10.189722 2.643199
-0.15322891 8.925584 2.528277
-0.57460845 8.350975 2.3750482
-0.68953013 8.159439 2.2601264
-0.49799395 8.236053 2.2601264
-0.038307212 8.695741 2.1452045
0.61291564 9.2703495 2.2601264
1.1492169 9.80665 2.3750482
1.4173675 10.151415 2.2218192
1.532289 10.342951 2.030283
1.3790603 10.304644 1.9153613
1.0342952 10.0748005 1.7621324
0.61291564 9.768343 1.8387469
0.0 9.385271 2.1452048
-0.5363012 9.078814 2.4133554
-0.9576807 8.848969 2.873042
-1.1875241 8.772355 3.2944217
-1.2641385 8.772355 3.4476504
-1.2258313 8.772355 3.6391866
-1.0342951 8.848969 3.5242648
-0.7661445 8.963891 3.217807
-0.3830723 9.155427 2.7964275
0.03830722 9.308657 2.1452045
0.34476504 9.346964 1.6089034
0.5746084 9.2703495 1.3407528
0.6512228 9.193734 1.3407528
0.61291564 9.155427 1.5705962
0.49799395 9.078813 1.9153613
0.2681506 9.078813 2.2601266
-0.03830722 9.040505 2.834735
-0.3830723 9.040505 3.4859576
-0.80445176 9.078813 4.175488
-1.1492168 8.963891 4.7500963
-1.4173673 8.887277 5.056554
-1.6472107 8.848969 5.094861
-1.685518 8.810662 4.903325
-1.7621324 8.925584 4.8267107
-1.838747 8.925584 4.55856
-1.8770542 8.810662 4.2137947
-1.9919758 8.734048 3.8307226
-2.1068974 8.695741 3.3710358
-2.2218192 8.848969 3.1411927
-2.3750482 9.078814 3.1028855
-2.5282772 9.423578 3.3327289
-2.5665843 9.80665 3.562572
-2.5282772 10.0748005 3.9073372
-2.4133554 10.151415 4.2137947
-2.2984335 10.036493 4.596867

