1.0726024 9.232042 3.2944217
1.2258313 9.155428 3.2944217
1.7238252 9.308657 3.2178073
2.3750482 9.346964 3.2561145
2.9113493 9.346964 3.4476504
2.9496565 9.232041 3.1794999
2.873042 9.11712 2.9496565
2.873042 9.002198 2.7581203
2.834735 8.848969 2.566584
2.873042 8.810662 2.6431985
2.9879637 8.810662 2.7581203
3.064578 8.925584 2.987964
3.0262709 8.963891 3.2561142
2.8347347 8.848969 3.2944214
2.6048913 8.734048 3.1794999
2.3367407 8.542512 3.0645783
2.2601264 8.542512 2.873042
2.336741 8.6574335 2.9496565
2.4133554 8.810662 3.1411924
2.5665843 9.078813 3.2561145
2.7581203 9.2703495 3.2561145
2.8730419 9.576807 3.0262709
2.9879637 9.691729 2.6815062
3.1028852 9.768343 2.4133554
3.1411924 9.883265 2.2984338
3.1411924 9.844957 2.2984338
3.064578 9.883265 2.4516625
2.8730419 9.80665 2.528277
2.566584 9.691729 2.6815057
2.2601264 9.576807 2.8347347
2.030283 9.500193 2.873042
1.9153614 9.500193 3.0262709
1.9153614 9.500193 3.0262709
1.9919758 9.5385 2.9879637
2.1452048 9.615114 2.8347347
2.2218192 9.691729 2.528277
2.2984335 9.768343 2.2984335
2.3367407 9.730036 2.030283
2.3367407 9.653421 1.9919758
2.413355 9.615114 2.2218192
2.4899697 9.576807 2.528277
2.4899697 9.5385 2.7964275
2.3367407 9.423578 3.0262709
2.030283 9.155428 2.9496565
1.685518 8.887278 2.834735
1.3790601 8.619126 2.7964277
1.2258313 8.427589 2.719813
1.2641385 8.312668 2.719813
1.4173673 8.274361 2.681506
1.6089035 8.350975 2.719813
1.7621325 8.389282 2.6048915
1.8004397 8.504205 2.4133554
1.7621324 8.580819 2.1452045
1.7238252 8.580819 1.7621324
1.7238252 8.695741 1.6472107
1.7238252 8.810662 1.685518
1.7621324 8.925584 1.7621325
1.8004397 9.078813 2.0685904
1.7621325 9.11712 2.2984338
1.685518 9.193734 2.5665843
1.532289 9.193734 2.9113493
1.3407528 9.193734 3.1794999
1.1875241 9.11712 3.3327289
1.1492169 9.040505 3.371036
1.2641386 9.040505 3.4476504
1.4556746 9.078814 3.4093432
1.6089036 9.232042 3.4476504
1.7621324 9.346964 3.562572
1.7621324 9.461885 3.6008792
1.7621324 9.5385 3.562572
1.838747 9.653421 3.4476504
1.9153614 9.576807 3.4093432
1.8770542 9.500193 3.2561142
1.7238252 9.346964 3.0645783
1.4556746 9.193735 2.9879637
1.4556746 9.2703495 3.1411924
1.532289 9.346964 3.4093432
1.6472108 9.500193 3.562572
1.7238252 9.615114 3.7924156
1.7238252 9.730036 4.0222588
1.6472108 9.80665 4.1754875
1.5705962 9.768343 4.2904096
1.4556746 9.615114 4.2521024
1.4173673 9.38527 4.2137947
1.532289 9.308656 4.1371803
1.6472107 9.38527 4.060566
1.7621324 9.461885 3.9073372
1.8770541 9.615114 3.6774938
1.9153614 9.730036 3.4859576
1.9919758 9.80665 3.409343
2.0685902 9.883265 3.409343
2.1068974 9.844957 3.6008792
2.1068974 9.768343 3.6774938
2.030283 9.576807 3.6008792
1.9153614 9.423578 3.5242648
1.7621325 9.193734 3.2944214
1.6472107 8.963891 3.1028855
1.6472107 8.810662 2.9113493
1.8004397 8.810662 2.873042
2.1452048 9.002199 2.9496565
2.6431987 9.346964 3.1028852
3.1794999 9.883265 3.2561145
3.6008794 10.381258 3.3327289
3.8307228 10.802638 3.1794999
3.7924156 10.994174 2.9496565
3.4859576 10.955867 2.7581203
3.0262709 10.572795 2.4133554
2.4899697 9.998186 2.2218192
1.9536686 9.308657 2.183512
1.5322893 8.6574335 2.2984338
1.2641385 8.236053 2.7581203
1.1492169 8.00621 3.371036
1.2258313 8.082825 3.9073372
1.4556746 8.350975 4.2137947
1.7621324 8.619126 4.2137947
2.1068976 9.002199 4.0222588
2.719813 9.615114 2.9496565
2.987964 9.921572 2.336741
3.1028855 9.998186 1.6472108
3.0645783 9.921572 1.1492168
2.8730419 9.691729 1.0726024
2.566584 9.423578 1.2258313
2.3367407 9.232041 1.5705962
2.1452048 9.155427 2.2984335
1.8387468 9.193734 3.4859576
1.6855179 9.193734 3.9073372
1.4939818 9.155427 4.0222588
1.2258313 9.040505 4.0222588
0.95768064 8.925584 4.1371803
0.61291564 8.887277 4.2137947
0.30645782 8.810662 4.290409
0.0 8.695741 4.3287168
-0.3830723 8.619126 4.4819455
-1.2641385 8.542512 4.5968676
-1.6855179 8.695741 4.6351748
-1.9536685 8.848969 4.5585604
-2.0685902 9.078814 4.4819455
-2.0685902 9.346964 4.596867
-2.030283 9.5385 4.750096
-2.030283 9.691729 4.903325
-2.1068974 9.80665 5.056554
-2.2984335 9.691729 5.0182467
-2.528277 9.653421 4.8267107
-2.834735 9.576807 4.5585604
-3.1795 9.385271 4.137181
-3.4093432 9.193735 3.9456444
-3.6391869 8.963891 3.86903
-3.86903 8.810662 3.86903
-3.9839516 8.772355 3.9456444
-4.0222588 8.848969 3.9839516
-3.9839516 8.963891 3.86903
-3.7924156 9.078813 3.7541082
-3.6008797 9.232042 3.6391864
-3.4859576 9.2703495 3.4476504
-3.4476504 9.2703495 3.371036
-3.4859576 9.117121 3.2944217
-3.6008794 8.848969 3.1794999
-3.8307228 8.6574335 2.9879637
-4.060566 8.504205 2.6431987
-4.2521024 8.389283 2.4133554

