2.2601264 9.423578 4.098873
2.4899697 9.461885 3.7924154
2.2218192 9.193735 3.2944214
2.2601264 9.002199 3.3327289
2.375048 8.887277 3.1794999
2.3367407 8.963891 3.1411927
2.3367407 9.078813 3.1411927
2.3750482 9.193734 3.0262709
2.4133554 9.2703495 2.9496565
2.4516625 9.308657 2.873042
2.4516625 9.2703495 2.7964275
2.4133554 9.193735 2.6431987
2.375048 9.155427 2.6048915
2.2601264 8.963891 2.6431987
2.183512 8.925584 2.719813
2.1068974 8.848969 2.6431985
2.030283 8.810662 2.6048913
1.9153614 8.887277 2.4899697
1.8770542 8.963891 2.4899697
1.8770542 9.078813 2.528277
1.8770542 9.155427 2.6048913
1.9536686 9.308656 2.7198133
2.030283 9.346964 2.834735
2.1068974 9.385271 2.9496565
2.1068974 9.461885 2.9879637
2.1068974 9.461885 3.064578
2.0685902 9.5385 3.064578
2.0685902 9.576807 2.9879637
2.1452048 9.5385 2.9879637
2.183512 9.500193 2.9113493
2.2984338 9.461885 2.9879637
2.3750482 9.500193 2.9879637
2.4133554 9.576807 2.9879637
2.336741 9.576807 3.0262709
2.1452048 9.385271 2.9879637
2.0685902 9.232041 3.1028855
2.1068974 9.11712 3.217807
2.0685902 9.155428 3.3327289
2.0685902 9.155428 3.2944217
2.030283 9.193735 3.141193
2.030283 9.232042 3.064578
2.1068974 9.193734 2.9113493
2.1835117 9.232041 2.873042
2.3367407 9.308656 2.8347347
2.4899697 9.385271 2.7581203
2.5665843 9.461885 2.7964275
2.5665843 9.423578 2.7964275
2.4133554 9.346964 2.7581203
2.183512 9.232042 2.7581203
1.9153614 9.002198 2.681506
1.9153614 8.925584 2.834735
2.030283 8.925584 2.9113493
2.1452045 8.963891 3.064578
2.2984335 9.078813 3.1794999
2.4516625 9.193734 3.217807
2.4899697 9.308657 3.217807
2.528277 9.385271 3.0262709
2.4516625 9.461885 2.7581205
2.336741 9.500193 2.528277
2.336741 9.5385 2.336741
2.336741 9.576807 2.4516625
2.3750482 9.500193 2.681506
2.4133554 9.423578 2.7964275
2.336741 9.308657 2.9879637
2.2218192 9.155427 3.0262709
1.9919758 9.11712 2.9496565
1.7621324 9.002198 2.9496565
1.532289 8.810662 2.834735
1.3024457 8.734048 2.7198133
1.1875241 8.695741 2.7198133
1.1109096 8.695741 2.681506
1.1109097 8.963891 2.8730419
1.1492169 9.078813 2.9113493
1.1875241 9.232041 2.9496565
1.2258313 9.346964 2.7964275
1.2641385 9.308657 2.7964275
1.2641385 9.270349 2.7581203
1.2258313 9.232041 2.8347347
1.187524 9.232041 2.7964275
1.1109096 9.2703495 2.9496565
0.9959879 9.385271 3.1794999
0.9576807 9.461885 3.4093432
0.8810662 9.576807 3.715801
0.80445176 9.653421 3.9073372
0.7278373 9.615114 3.9073372
0.61291564 9.615114 3.9073372
0.57460845 9.691729 3.7158012
0.49799395 9.730036 3.562572
0.49799395 9.768343 3.562572
0.53630114 9.730036 3.5242648
0.49799395 9.615114 3.5242648
0.49799395 9.461885 3.4859576
0.5363012 9.385271 3.371036
0.5363012 9.423578 3.3327289
0.61291564 9.423578 3.3327289
0.6895301 9.461885 3.3327289
0.80445176 9.461885 3.4476504
0.8810662 9.691729 3.409343
1.0726024 10.381259 3.3327286
1.0726024 10.572795 3.3710358
0.9193735 10.49618 3.2944214
0.6512229 10.342951 3.1028855
0.2681506 10.113108 3.1028855
-0.15322888 9.844957 3.1028855
-0.49799395 9.691729 3.3327289
-0.7278373 9.5385 3.6774936
-0.91937345 9.385271 3.9073372
-0.91937345 9.346964 4.098873
-0.80445176 9.346964 4.060566
-0.5363012 9.500193 3.7924156
0.38307226 10.342951 3.026271
0.7661445 10.764331 2.7198133
0.9193734 10.994174 2.4516625
0.8044517 10.994174 2.3750482
0.34476504 10.649409 2.4516625
-0.19153616 10.228029 2.681506
-0.842759 9.80665 3.141193
-1.340753 9.385271 3.7158012
-1.6089035 9.117121 4.213795
-1.7621324 8.963891 4.4819455
-1.6089036 8.887277 4.4819455
-1.3024457 8.925584 4.0222588
-0.9959879 8.963891 3.371036
-0.61291564 8.887277 2.7581203
-0.2681506 8.848969 2.3367407
-0.076614454 8.734048 2.1452048
0.038307227 8.619126 2.1068976
0.038307227 8.734048 2.1068976
-0.11492168 8.963891 2.1452048
-0.2681506 9.308656 2.3367407
-0.45968673 9.691729 2.375048
-0.8044518 9.998186 2.2984335
-0.9576807 9.959879 1.9536686
-1.0342952 9.768343 1.7621324
-1.1109097 9.5385 1.6472108
-1.1875241 9.232042 1.7238252
-1.2258313 8.963891 1.8004397
-1.3024457 8.848969 1.9536686
-1.3024457 8.848969 1.9153614
-1.1875241 8.925584 1.838747
-1.1492169 9.040505 1.8770542
-1.0726023 9.11712 1.8004396
-1.0726023 9.11712 1.8387469
-1.1875241 9.078813 1.8770542
-1.2641385 8.925584 1.8387469
-1.3407528 8.772355 1.8004397
-1.3407528 8.6574335 1.8004397
-1.2258313 8.6574335 1.8004397
-1.1109096 8.772355 1.838747
-0.91937345 9.11712 1.9919758
-0.84275895 9.768343 2.1452045
-0.99598783 9.959879 2.2218192
-1.3407528 9.844957 2.2218192
-1.7238252 9.653421 2.3750482
-2.1452045 9.5385 2.6048915
-2.4516625 9.423578 2.873042
-2.6048913 9.423578 3.2561145
-2.6431985 9.461885 3.6008794
-2.4899697 9.500193 3.7541084
-2.336741 9.500193 3.7541084
-2.2218194 9.500193 3.7924156
-2.1452048 9.5385 3.9073372
-2.1452048 9.500193 3.86903
-2.2218192 9.423578 3.86903
-2.336741 9.346964 3.562572
-2.4133554 9.193734 3.064578
-2.4516625 9.078813 2.6431985
-2.336741 9.11712 2.336741
-2.1835117 9.11712 2.1835117
-2.0685902 9.193735 1.9919758
-1.9919758 9.2703495 1.9536686
-1.9536686 9.2703495 1.8004398
-1.9536686 9.2703495 1.685518
-1.9536686 9.193734 1.7621324
-1.9536686 9.11712 1.8387469
-1.9536686 9.078813 2.1068976
-1.9919758 9.11712 2.2984338
-2.030283 9.232042 2.4516625
-2.0685902 9.2703495 2.4899697
-2.2601264 9.2703495 2.4133554

