1.4939818 9.385271 3.9456444
1.5705963 9.461885 3.9073372
1.3790601 9.461885 3.7924156
1.6472108 9.653421 3.4476504
1.9153614 9.653421 3.7158012
1.9536686 9.653421 3.5242648
1.9536686 9.615114 3.4859576
1.8770542 9.5385 3.4859576
1.7238252 9.346964 3.6391869
1.5705963 9.232042 3.6391869
1.4173675 9.040505 3.5625722
1.3024457 8.963891 3.4859576
1.3024457 8.963891 3.4859576
1.4173675 9.040505 3.5625722
1.6089035 9.232042 3.677494
1.7621324 9.346964 3.7158012
1.8770541 9.461885 3.4859576
1.8387469 9.423578 3.371036
1.7621324 9.308656 3.2561142
1.685518 9.232041 3.1028855
1.5705965 9.11712 3.1411927
1.4939818 9.11712 3.0262709
1.4556746 9.155427 2.9879637
1.532289 9.193734 3.1028855
1.6472107 9.346963 3.1794999
1.8004397 9.423578 3.2561142
1.838747 9.423578 3.217807
1.7621324 9.346964 3.1028855
1.685518 9.2703495 2.9879637
1.6089036 9.193734 3.026271
1.685518 9.2703495 3.0645783
1.8004396 9.385271 3.1411927
1.8770542 9.346964 3.1794999
1.8770542 9.385271 3.064578
1.8004398 9.308657 3.064578
1.685518 9.193734 3.1411927
1.6089036 9.232042 3.1794999
1.6472108 9.232042 3.371036
1.7621325 9.308657 3.5242648
1.8387469 9.308657 3.5242648
1.8770542 9.308657 3.2561142
1.8770542 9.385271 2.8347347
1.8387469 9.346964 2.719813
1.8770541 9.346964 2.719813
1.8770541 9.308657 2.834735
1.8387469 9.423578 3.1028855
1.685518 9.423578 3.1028855
1.6472107 9.461885 3.1028855
1.5705963 9.500193 3.1411927
1.7238252 9.576807 3.1794999
1.8004397 9.615114 3.1411927
1.8770542 9.768343 2.9496565
1.7621325 9.730036 3.0262709
1.5322891 9.653421 3.064578
1.2641385 9.500193 3.2561142
1.1492168 9.385271 3.4093432
1.1875241 9.346964 3.5625722
1.3024457 9.308657 3.7924154
1.4173673 9.308657 3.9839516
1.3407528 9.461885 3.8690298
1.2641385 9.500193 3.6008794
1.2258313 9.500193 3.2561142
1.2258313 9.346964 2.9879637
1.2641385 9.232041 2.9113493
1.3024457 9.078813 2.9113493
1.340753 9.002198 3.0645783
1.3024457 9.155427 3.1028855
1.2641385 9.11712 3.1028855
1.4173673 9.11712 2.834735
1.4939818 9.078813 2.7581203
1.6855179 9.155427 2.6048915
1.8770542 9.232041 2.3367407
1.9153614 9.270349 2.183512
1.8004397 9.232041 2.1452045
1.6472108 9.232041 2.1068974
1.3024457 9.193734 2.1835117
1.2641385 9.232041 2.375048
1.3407528 9.385271 2.566584
1.6089034 9.653421 2.719813
1.9536686 9.921572 2.7964275
2.183512 10.151415 2.6431987
2.2218192 10.266336 2.4133554
1.9919759 10.151415 2.0685902
1.5322891 9.998186 1.685518
1.0726024 9.80665 1.4939818
0.68953013 9.615114 1.4173673
0.45968676 9.500193 1.6472107
0.34476504 9.423578 2.1835117
0.22984336 9.346964 2.6048913
0.11492168 9.232042 3.1028852
0.0 9.155427 3.4093432
-0.038307227 9.11712 3.6774938
-0.076614454 9.11712 3.7924156
0.0 9.193734 3.7541084
0.11492168 9.2703495 3.677494
0.30645782 9.423578 3.4093432
0.5746084 9.576807 3.2178073
0.7661446 9.691729 2.834735
0.88106626 9.883265 2.528277
0.88106626 9.921572 2.2601264
0.842759 9.959879 2.030283
0.7661445 9.998186 2.030283
0.6512228 9.998186 1.9919758
0.6512228 9.959879 1.9536686
0.6512228 9.959879 2.0685902
0.6512228 9.998186 2.1068974
0.7661445 9.883265 2.0685902
0.8044518 9.844957 2.030283
0.842759 9.844957 1.8004397
0.9576807 9.883265 1.6089035
1.0342951 10.036493 1.5705962
1.0726023 10.266336 1.6472108
1.0726023 10.49618 1.9536686
0.91937345 10.649408 2.2601266
0.6512229 10.649408 2.4133554
0.34476504 10.381258 2.566584
-0.03830722 9.883265 2.528277
-0.3830723 9.232042 2.4516623
-0.61291564 8.6574335 2.413355
-0.6895301 8.236053 2.1452045
-0.53630114 8.00621 2.030283
-0.19153613 8.00621 1.9153614
0.19153613 8.197746 1.8004396
0.57460845 8.580819 1.7621324
0.88106626 9.11712 1.8387468
1.0726024 9.691729 1.9536686
1.1109096 10.113109 2.1068974
0.9576807 10.342952 2.2984335
0.6512229 10.304645 2.2601264
0.2681506 9.998186 2.2218192
-0.076614454 9.653421 2.2601266
-0.34476504 9.2703495 2.336741
-0.49799395 8.925584 2.528277
-0.45968673 8.734048 2.7198133
-0.26815057 8.84897 2.834735
0.15322891 9.193735 2.7964275
0.7278373 9.844957 2.6048915
1.1875242 10.49618 2.2984338
1.493982 10.840945 1.9536687
1.6089035 10.994174 1.7621325
1.5322891 10.764331 1.6089035
1.340753 10.419565 1.6089035
1.1109096 9.998186 1.7621324
0.7661445 9.423578 1.8387468
0.4213795 8.887277 1.8770542
0.15322891 8.465897 1.9919758
-0.076614454 8.274361 2.030283
-0.30645782 8.427589 2.1068974
-0.4213795 8.848969 2.3367407
-0.4213795 9.346964 2.4133554
-0.38307226 9.844957 2.4899697
-0.22984335 10.228029 2.4516625
-0.19153613 10.381259 2.4133554
-0.2681506 10.342952 2.5665843
-0.4213795 10.151415 2.681506
-0.6512229 9.883265 3.0262709
-0.842759 9.653421 3.2944214
-1.0342951 9.461885 3.4476504
-1.1875241 9.385271 3.6774938
-1.2641385 9.385271 3.6774938
-1.340753 9.423578 3.6774938
-1.340753 9.576807 3.5242648
-1.3024457 9.653421 3.2944214
-1.3407528 9.653421 3.1028852
-1.4173675 9.768343 2.911349
-1.532289 9.80665 2.8347347
-1.685518 9.80665 2.719813
-1.8004397 9.80665 2.681506
-2.0302832 9.423578 2.7198133
-2.336741 9.078814 2.6815062
-2.681506 8.734048 2.7964277
-3.0262709 8.465898 2.9113493
-3.1028855 8.504205 2.834735
-3.1411927 8.619126 2.9113493
-3.0645783 8.772355 2.9113493

