-2.9879637 8.734047 3.1411927
1.4556746 9.232042 2.7198129
1.8770542 9.576807 2.566584
2.3750482 9.232041 2.336741
2.681506 9.232041 2.4899697
2.9113493 9.11712 2.9113493
2.9879637 9.078813 3.0262709
3.064578 9.11712 3.2561145
3.1411927 9.155427 3.2944217
3.217807 9.11712 3.371036
3.2944217 9.155427 3.2944214
3.2944217 9.155427 3.1028852
3.2178073 9.078813 2.8347347
3.064578 9.078813 2.528277
2.873042 9.040505 2.3367407
2.7198133 9.078813 2.2601264
2.681506 9.193734 2.4516625
2.719813 9.308657 2.8347347
2.7964275 9.500193 3.064578
2.8347347 9.5385 3.3327286
2.8347347 9.576807 3.4476502
2.719813 9.5385 3.3710358
2.7581205 9.615114 3.1411927
2.7964277 9.730036 2.8347347
2.834735 9.844957 2.6431987
2.834735 9.844957 2.5282772
2.7581205 9.768343 2.5282772
2.6431987 9.653421 2.5665843
2.566584 9.500193 2.719813
2.4133554 9.346964 3.1794996
2.336741 9.232042 3.4093432
2.2218192 9.232042 3.371036
2.1068976 9.193735 3.2944214
1.9536686 9.193735 3.0262709
2.030283 9.155427 2.8730419
2.1452045 9.308657 2.6048913
2.3367407 9.385271 2.1452048
2.3367407 9.385271 2.030283
2.2984335 9.193734 2.030283
2.1068974 8.887277 2.336741
1.9536686 8.848969 2.528277
1.838747 8.887277 2.7581203
1.7621324 8.925584 2.834735
1.7238252 9.078813 2.9113493
1.7621324 9.11712 2.9113493
1.8770542 9.11712 2.873042
1.9536686 9.193734 2.834735
2.0685902 9.193734 2.834735
2.1835117 9.232042 2.719813
2.221819 9.2703495 2.6431987
2.1835117 9.193734 2.4899697
2.1068974 9.040505 2.681506
2.030283 9.040505 2.7581203
1.9536686 9.040505 2.8347347
1.9536686 9.078813 2.9113493
1.9536686 9.232041 2.987964
2.0685902 9.308657 2.9496567
2.2218192 9.385271 2.987964
2.336741 9.5385 3.026271
2.4133554 9.615114 2.9113493
2.375048 9.653421 2.9879637
2.2984335 9.691729 2.9879637
2.0685902 9.576807 2.7581205
1.9919758 9.615114 2.834735
1.9919758 9.653421 2.9496565
2.030283 9.691729 3.6008792
1.9536686 9.576807 3.6391864
1.7621324 9.5385 3.8307228
1.4939818 9.5385 3.8307228
1.2258313 9.461885 3.6391864
0.91937345 9.385271 3.4476504
0.7661445 9.2703495 3.1794999
0.7278373 9.232042 3.1028855
0.8044518 9.2703495 3.1028855
1.0342952 9.385271 3.217807
1.2258313 9.576807 3.3327286
1.3790601 9.768343 3.3710358
1.4173673 9.921572 3.4859576
1.3024457 10.036493 3.5242648
1.1109096 9.998186 3.4476504
0.7661445 9.768343 3.2561145
0.4596867 9.461885 2.9496565
0.22984335 9.193734 2.6431985
0.19153613 8.925584 2.4133554
0.34476504 8.963891 2.3750482
0.5746084 9.117121 2.4899697
0.842759 9.2703495 2.719813
1.0342951 9.576807 3.1028855
1.2258313 9.844957 3.2561142
1.3790601 10.036493 3.3327286
1.4556746 10.266336 3.1794996
1.4556746 10.381259 2.834735
1.3790601 10.304644 2.4899697
1.187524 10.266336 2.1068974
0.9959879 10.113108 1.9919758
0.68953 9.921572 1.9536686
0.38307226 9.768343 2.1068976
0.15322891 9.576807 2.3750482
-0.11492168 9.423578 2.6431987
-0.22984336 9.308657 2.9496565
-0.2681506 9.11712 3.217807
-0.2681506 8.963891 3.409343
-0.19153613 8.925584 3.4859576
-0.15322891 8.887277 3.4476504
-0.11492168 8.963891 3.2944217
-0.076614454 8.963891 3.064578
-0.038307227 9.002198 2.9879637
0.038307227 9.078813 2.873042
0.11492168 9.193734 2.7964277
0.19153613 9.385271 2.873042
0.26815057 9.385271 2.7581205
0.26815057 9.346964 2.5282772
0.15322891 9.308657 2.2601264
0.038307227 9.232041 1.838747
-0.11492168 9.232041 1.340753
-0.26815057 9.270349 1.0342951
-0.30645782 9.232041 0.9959879
-0.38307226 9.193734 1.1109096
-0.49799395 9.11712 1.4939818
-0.53630114 9.040505 1.9919758
-0.57460845 9.040505 2.4899697
-0.57460845 9.002198 2.9496565
-0.45968676 9.040505 3.2944217
-0.38307226 8.963891 3.4476504
-0.38307226 8.772355 3.4093432
-0.4213795 8.695741 3.141193
-0.5746084 8.580819 2.643199
-0.7661446 8.619126 2.0685902
-0.842759 8.772355 1.5705963
-0.80445176 8.925584 1.340753
-0.6895301 9.155428 1.340753
-0.5363012 9.461885 1.7621324
-0.6512229 9.576807 1.9919758
-0.842759 9.615114 2.1452048
-1.0726023 9.5385 2.2601264
-1.3024457 9.500193 2.4899697
-1.4939818 9.423578 2.566584
-1.5322891 9.346964 2.6431985
-1.4556746 9.385271 2.7198133
-1.3790601 9.423578 2.566584
-1.2258313 9.500193 2.2601264
-1.0726023 9.691729 2.030283
-0.91937345 9.921572 1.6855179
-0.80445176 10.113108 1.532289
-0.80445176 10.304644 1.6089035
-0.91937345 10.419566 1.9536686
-1.1492169 10.342952 2.6431987
-1.3790603 10.342952 3.2561142
-1.685518 10.342952 3.8690298
-1.9919758 10.189722 4.290409
-2.1452045 10.151415 4.3670235
-2.336741 9.959879 4.290409
-2.336741 9.653421 4.1754875
-2.2984335 9.500193 3.9839516

