-2.2984335 9.385271 3.86903
1.2258313 9.040505 3.1794996
1.3790601 8.963891 3.6008792
1.4173673 9.002198 3.562572
1.493982 8.887277 3.6774936
1.6855179 8.887277 3.9073372
1.6855179 8.887277 3.86903
1.7238252 8.963891 3.677494
1.7238252 9.040505 3.5242648
1.685518 9.078813 3.371036
1.7238252 9.232041 3.2561145
1.8004397 9.308657 3.4093432
1.8387469 9.385271 3.7541084
1.8387469 9.5385 3.9456444
1.7621324 9.423578 3.9839516
1.5705962 9.346963 3.9073372
1.4556746 9.270349 3.7541084
1.37906 9.155427 3.6774938
1.3407528 9.155427 3.7924156
1.4173673 9.155427 3.86903
1.4939818 9.193734 3.9456444
1.5705963 9.193734 3.9073372
1.6089035 9.232041 3.715801
1.5705963 9.193734 3.5242648
1.4939818 9.078813 3.2561142
1.4173673 9.040505 3.1794999
1.4556746 9.002198 3.217807
1.5705963 8.963891 3.4093432
1.6472108 9.002198 3.6008792
1.6089036 8.925584 3.6774936
1.4939818 8.810662 3.6774936
1.3407528 8.772355 3.5242648
1.1875241 8.6574335 3.4476504
1.1875241 8.695741 3.4859576
1.2258313 8.772355 3.5242648
1.3790603 8.848969 3.6391866
1.6089035 9.002198 3.8307228
1.8004397 9.193734 3.9456444
1.9536686 9.385271 3.9456444
1.8770541 9.423578 3.7541082
1.7621324 9.500193 3.4476504
1.6089035 9.423578 3.2944214
1.5322891 9.423578 3.4476504
1.6089036 9.461885 3.7541084
1.6472108 9.5385 4.1371803
1.7621324 9.691729 4.290409
1.7238252 9.768343 4.3287163
1.6472107 9.844957 4.290409
1.5705963 9.80665 4.1371803
1.4173673 9.730036 4.060566
1.3407528 9.576807 3.9073372
1.3024457 9.461885 3.7924156
1.3024457 9.461885 3.7924156
1.340753 9.461885 3.7924156
1.4556746 9.576807 3.7924156
1.6089035 9.730036 3.7924156
1.7238252 9.730036 3.7924156
1.8004396 9.768343 3.677494
1.7621324 9.691729 3.4093432
1.6089035 9.653421 3.2561142
1.4173675 9.615114 3.0262709
1.3024458 9.576807 3.0262709
1.2258313 9.653421 3.217807
1.2258313 9.768343 3.4093432
1.2258313 9.883265 3.715801
1.1875241 9.883265 3.9456444
1.0726024 9.768343 4.060566
0.8810662 9.5385 4.060566
0.68953013 9.346964 3.9073372
0.42137948 9.155427 3.6774938
0.2681506 9.078813 3.6008794
0.19153613 8.963891 3.6008794
0.15322891 8.963891 3.715801
0.19153613 9.078813 3.9839516
0.19153613 9.155428 4.2137947
0.11492168 9.2703495 4.4053307
0.076614454 9.346964 4.596867
0.0 9.423578 4.596867
0.0 9.500193 4.4819455
0.038307227 9.615114 4.2904096
0.038307227 9.653421 4.060566
0.11492168 9.576807 3.7924156
0.076614454 9.5385 3.4859576
0.0 9.5385 3.2561142
-0.076614454 9.500193 3.0645783
-0.19153613 9.576807 2.9879637
-0.22984335 9.576807 3.0262709
-0.22984335 9.5385 3.064578
-0.19153613 9.461885 3.064578
-0.15322891 9.346964 2.9496565
-0.15322891 9.2703495 2.7964275
-0.15322891 9.155427 2.681506
-0.11492168 9.078813 2.5665843
0.0 9.11712 2.5665843
0.19153613 9.232042 2.4516625
0.45968673 9.461885 2.3750482
0.7661445 9.844957 2.2218192
1.0342951 10.151415 2.0685902
1.2258313 10.342951 1.9153614
1.340753 10.457873 1.7238252
1.3024458 10.381259 1.7238252
1.1492168 10.151416 1.685518
1.0342951 9.921572 1.8770541
0.842759 9.615114 2.1068974
0.7278373 9.385271 2.2601266
0.7278373 9.308657 2.528277
0.68953 9.232041 2.7581205
0.8044517 9.2703495 2.9113493
0.9576807 9.346964 3.1028855
1.1109096 9.346964 3.1794999
1.187524 9.346964 3.1028855
1.0726023 9.11712 2.873042
0.842759 8.772355 2.4899697
0.49799398 8.427589 2.1068974
0.19153613 8.082825 1.8387468
0.0 7.967903 1.8387468
-0.11492168 8.00621 1.9919758
-0.15322891 8.0445175 2.1452048
-0.22984335 8.121132 2.2601264
-0.49799395 8.00621 2.2601266
-0.61291564 7.967903 2.2218194
-0.53630114 8.00621 2.2984338
-0.34476504 8.236053 2.4133554
-0.038307227 8.504204 2.7198133
0.15322891 8.848969 2.9113493
0.22984335 9.155428 2.834735
0.22984335 9.423578 2.6431987
0.15322891 9.691729 2.2984335
0.15322891 9.844957 2.0685902
0.11492168 9.883265 1.9536686
0.076614454 9.80665 1.9153614
0.038307227 9.730036 2.1068976
0.0 9.615114 2.528277
-0.038307227 9.576807 3.0262709
-0.038307227 9.576807 3.4476504
-0.038307227 9.653421 3.5625722
0.0 9.730036 3.4093432
0.11492168 9.80665 3.3327289
0.15322891 9.844957 3.217807
0.15322891 9.844957 3.2561142
0.0 9.921572 3.2944214
-0.076614454 9.998186 3.371036
-0.038307227 10.0748005 3.562572
-0.038307227 10.151415 3.86903
0.038307227 10.189722 4.060566
0.038307227 10.189722 4.1754875
-0.11492168 10.0748005 4.1371803
-0.22984335 9.959879 3.86903
-0.45968673 9.883265 3.562572
-0.61291564 9.691729 3.3327286
-0.80445176 9.5385 3.0262709
-1.0342951 9.346964 3.0262709
-1.1875241 9.155428 3.2944214
-1.3790601 9.155428 3.6391864
-1.4556746 9.2703495 4.1754875
-1.4939818 9.500193 4.596867
-1.532289 9.691729 4.865018
-1.532289 9.80665 4.9416323
-1.6089035 9.844957 4.7500963
-1.9153613 9.730036 4.098873
-2.2984335 9.500193 3.6008794
-2.719813 9.193734 3.1411927
-3.1028852 8.887277 2.8347347
-3.2944214 8.580818 2.9113493
-3.5242648 8.159439 2.719813
-3.6008792 8.00621 2.719813
-3.5242648 8.197746 2.9113493
-3.3327289 8.619125 3.1411924
-3.0645783 9.078813 3.5242648
-2.873042 9.461885 3.6391866
-2.9496565 9.461885 3.3327289
-3.2561142 9.155428 2.9879637
-3.6774936 8.772355 2.6048913
-4.060566 8.504205 2.3750482
-4.2137947 8.389283 2.4516625
-4.252102 8.465898 2.566584
-4.098873 8.84897 2.9113493
-3.7924154 9.232042 3.3327289
-3.562572 9.730036 3.715801
-3.3327289 10.228029 4.060566
-3.217807 10.534488 4.252102

