-3.1794996 10.6877165 4.405331
1.9536686 8.734048 4.0222588
1.8387468 8.734048 3.4859576
1.9919758 8.542512 3.4476504
2.1452048 8.580819 3.8307228
2.2218194 8.772355 4.1371803
2.1835117 8.887277 4.290409
2.030283 9.040505 4.060566
1.9153614 9.040505 3.7158012
1.9536686 9.193734 3.4093432
2.0685902 9.385271 3.4476504
2.2218192 9.615114 3.4859576
2.3750482 9.730036 3.4859576
2.5282772 9.80665 3.4093432
2.5282772 9.80665 3.2178073
2.4133554 9.730036 2.9496565
2.1452045 9.576807 2.7581205
2.030283 9.461885 2.7581205
1.9153614 9.385271 2.9496565
1.9153614 9.385271 3.0645783
1.9536686 9.423578 3.1794999
2.030283 9.5385 3.217807
2.1068976 9.653421 3.1028855
2.1452048 9.691729 2.8730419
2.183512 9.5385 2.566584
2.1452045 9.500193 2.528277
2.1068974 9.385271 2.6815057
1.8770542 9.270349 2.834735
1.8004397 9.078813 2.9496565
1.685518 9.002198 2.9496565
1.532289 8.963891 2.9879637
1.4173675 8.887277 2.9879637
1.3024457 8.887277 2.9496565
1.2641385 8.848969 2.834735
1.3024458 8.848969 2.7964277
1.340753 8.963891 2.7581205
1.4556746 9.078813 2.7964277
1.6472107 9.308657 2.9496565
1.9536686 9.615114 2.9879637
1.9153614 9.5385 2.6431985
1.838747 9.308656 2.6048913
1.7238252 9.155427 2.6431987
1.6089036 9.078813 2.7581203
1.4939818 9.002198 2.834735
1.3790603 9.040505 2.9113493
1.3024457 9.11712 2.873042
1.3407528 9.308656 2.8347347
1.4173675 9.5385 2.911349
1.5705963 9.691729 2.8730419
1.7621324 9.844957 2.8347347
1.8770542 9.844957 2.719813
1.9153614 9.844957 2.4899697
1.8770542 9.768343 2.2218192
1.7621324 9.691729 1.9536686
1.5705962 9.615114 1.7621324
1.3790603 9.461885 1.685518
1.1875241 9.461885 1.7238252
0.9959879 9.385271 1.9536686
0.8810662 9.308657 2.1068976
0.80445176 9.155427 2.4133554
0.7661445 9.040505 2.375048
0.7278373 8.963891 2.3367407
0.61291564 9.040505 2.1452045
0.5363012 9.155428 2.1068974
0.5363012 9.308657 2.0685902
0.5746084 9.461885 2.1452048
0.61291564 9.500193 2.2218192
0.6895301 9.461885 2.2984338
0.6895301 9.232042 2.528277
0.6895301 9.117121 2.6048913
0.5746084 9.040505 2.6431987
0.4596867 9.040505 2.5665843
0.4213795 9.11712 2.6431987
0.38307226 9.232041 2.681506
0.38307226 9.346964 2.7581203
0.4213795 9.385271 2.681506
0.38307226 9.461885 2.6048915
0.30645782 9.385271 2.4899697
0.30645782 9.385271 2.3750482
0.30645782 9.500193 2.566584
0.4213795 9.653421 2.7198129
0.5746084 9.844957 3.0262709
0.7278373 9.959879 3.1411927
0.842759 9.998186 3.1028855
0.8810662 10.036493 2.987964
0.9576807 10.0748005 2.7581205
0.9959879 10.151415 2.643199
1.0342951 10.266336 2.6048913
1.1109096 10.342951 2.6048913
1.1492169 10.49618 2.6815057
1.1492169 10.611102 2.8730419
1.1109096 10.726024 2.9113493
1.0342951 10.6877165 2.9879637
0.9576807 10.534488 3.0262709
0.9576807 10.419565 2.834735
0.9576807 10.342951 2.6431985
0.9959879 10.381258 2.4516625
1.0342951 10.419565 2.1068974
0.9959879 10.419565 1.9536686
1.0342952 10.266336 1.9536686
1.0342952 10.0748005 1.9919758
0.9576807 9.921572 2.2218192
0.8810662 9.691729 2.3367407
0.7278373 9.423578 2.375048
0.61291564 9.232042 2.4516625
0.61291564 9.155428 2.4899697
0.6895301 9.193735 2.528277
0.8810662 9.461885 2.4516625
1.0342951 9.768343 2.336741
1.1492168 9.998186 2.1452045
1.1492168 10.151415 1.9919758
0.9959879 10.151415 1.9153614
0.842759 9.998186 1.9536686
0.61291564 9.844957 2.0685902
0.42137948 9.691729 2.2218192
0.2681506 9.461885 2.4516625
0.038307227 9.193735 2.528277
-0.15322891 8.887278 2.4899697
-0.34476504 8.619126 2.4516625
-0.49799395 8.504205 2.375048
-0.61291564 8.580819 2.375048
-0.68953 8.772355 2.4516625
-0.6129156 9.078814 2.4899697
-0.53630114 9.385271 2.4516625
-0.4596867 9.5385 2.2984338
-0.4213795 9.576807 2.1452045
-0.53630114 9.461885 2.1452045
-0.7278373 9.193735 2.336741
-0.88106626 8.963891 2.4899697
-1.0342951 8.734048 2.7198133
-1.1875241 8.580819 2.7964277
-1.2641385 8.465897 2.7964277
-1.2641385 8.580818 2.7964277
-1.1492168 8.810662 2.681506
-0.9576807 9.078813 2.6048915
-0.8044517 9.461885 2.4899697
-0.7661445 9.653421 2.4516625
-0.8044518 9.768343 2.4516625
-0.842759 9.80665 2.4133554
-0.9576807 9.730036 2.4516625
-1.1109096 9.653421 2.4516625
-1.3407528 9.461885 2.528277
-1.6089035 9.232041 2.681506
-1.8004397 9.078813 2.834735
-1.9919758 8.887277 2.9879637
-2.1452045 8.887277 3.1794999
-2.2984335 8.925584 3.2944217
-2.4899697 9.002198 3.3327289
-2.7198129 9.078813 3.4476504
-2.911349 9.155428 3.524265
-3.064578 9.155428 3.5625722
-3.217807 9.2703495 3.6774938
-3.3710358 9.2703495 3.6774938
-3.4476504 9.232041 3.7541082
-3.562572 9.232041 3.7541082
-3.7158012 9.11712 3.715801
-3.9073372 9.040505 3.562572
-4.1754875 8.925584 3.217807
-4.405331 8.887277 2.9496565
-4.55856 8.887277 2.6048915

