-4.6351743 8.887277 2.4133554
0.9959879 8.8489685 5.401319
1.3790601 8.619125 5.094861
1.5705965 8.580818 4.5968676
1.7238252 8.619126 4.5202527
1.7238252 8.580819 4.5202527
1.685518 8.619126 4.098873
1.685518 8.695741 4.060566
1.685518 8.695741 4.1754875
1.7621324 8.810662 4.252102
1.9153614 8.963891 4.405331
2.0685902 9.078813 4.596867
2.2218192 9.232042 4.673482
2.2601264 9.2703495 4.711789
2.1452045 9.193734 4.6351748
1.9919758 9.11712 4.367024
1.6472107 9.040505 4.098873
1.6472107 9.11712 4.0222588
1.6855179 9.270349 4.1371803
1.7621324 9.423578 4.2137947
1.8004396 9.5385 4.2137947
1.8004396 9.615114 4.3287168
1.7238252 9.691729 4.252102
1.6472108 9.730036 4.290409
1.6472108 9.768343 4.3670235
1.685518 9.921572 4.4436383
1.877054 10.0748005 4.55856
2.0685902 10.189722 4.4436383
2.1835117 10.304644 4.2521024
2.2218192 10.266336 3.9073372
2.1452045 10.189722 3.6391866
2.030283 10.0748005 3.4859576
1.9536686 9.959879 3.3327286
1.8770542 9.80665 3.3710358
1.8387469 9.653421 3.3327286
1.8770542 9.615114 3.3710358
1.9153614 9.5385 3.5242648
1.9153614 9.576807 3.6391866
1.9153614 9.576807 3.7924156
1.8770541 9.461885 3.86903
1.7621324 9.423578 3.9073372
1.7621324 9.2703495 3.8307228
1.8004397 9.155428 3.8307228
1.8004397 9.193735 3.7541084
1.838747 9.040505 3.6008794
1.7621324 9.002198 3.409343
1.6472108 8.925584 3.0645783
1.5705962 8.810662 2.7964277
1.6472107 8.925584 2.681506
1.8004396 9.040505 2.681506
2.030283 9.155427 2.8347347
2.2218192 9.193734 2.9879637
2.2601264 9.078813 3.0262709
2.1068974 8.963891 2.9879637
1.7621324 8.810662 2.8730419
1.4173675 8.6574335 2.719813
1.0342951 8.542512 2.566584
0.842759 8.389282 2.3750482
0.842759 8.389282 2.2218192
0.9576807 8.465897 2.1452045
1.2258313 8.772354 2.0685902
1.5705965 9.117121 2.0685902
1.8770542 9.423578 2.1068974
2.030283 9.730036 2.1452045
2.0685902 9.730036 2.1452045
1.9153614 9.653421 2.1068974
1.685518 9.461885 2.030283
1.4556746 9.2703495 2.030283
1.3024457 9.11712 2.030283
1.1875241 9.002198 2.183512
1.1109097 8.963891 2.2601264
1.0726024 8.925584 2.2601264
0.99598795 8.963891 2.2601264
0.9576807 9.002198 2.2218192
0.9576807 9.078813 2.2984335
1.0342951 9.193734 2.3750482
1.1109096 9.346964 2.4899697
1.1875241 9.500193 2.566584
1.2641385 9.615114 2.528277
1.2641385 9.576807 2.4516625
1.187524 9.461885 2.2984335
1.1109096 9.308657 2.0685902
0.91937345 9.155427 1.8770542
0.80445176 9.078813 1.8770542
0.7661445 9.078813 2.1068976
0.72783726 9.078813 2.3750482
0.7661445 9.040505 2.7581203
0.7661445 9.040505 2.9113493
0.80445176 9.002198 2.9496565
0.842759 9.040505 3.0645783
0.9576807 9.193734 2.9879637
1.0726024 9.346964 2.8730419
1.1875241 9.500193 2.7198129
1.2641385 9.576807 2.4133554
1.2258313 9.615114 2.030283
1.1875241 9.615114 1.8004396
1.0726024 9.576807 1.6472108
0.9576807 9.576807 1.7621324
1.0342951 9.615114 2.2218192
1.0342951 9.768343 2.834735
1.0342951 9.844957 3.371036
1.0726024 9.883265 3.7924154
0.9193735 9.80665 3.9456444
0.8044518 9.615114 3.7541082
0.8044518 9.500193 3.5242648
0.9193735 9.5385 2.834735
1.1109096 9.615114 2.681506
1.3024457 9.768343 2.681506
1.532289 9.921572 2.7581205
1.6089036 9.998186 2.7964277
1.6089036 10.036493 2.7581203
1.4939818 9.998186 2.528277
1.3024457 9.883265 2.3750482
1.2258313 9.768343 2.3750482
1.1875241 9.80665 2.528277
1.1492169 9.844957 2.7964275
1.2258313 9.921572 3.0262709
1.4173675 10.113108 3.026271
1.5705965 10.22803 2.873042
1.7238252 10.304645 2.528277
1.838747 10.304645 2.030283
1.9153614 10.113108 1.6089035
1.9536686 9.844957 1.1875241
1.9153614 9.653421 0.9193734
1.9153614 9.423578 0.80445176
1.838747 9.346964 0.9959879
1.838747 9.385271 1.2641385
1.8004397 9.423578 1.5705963
1.6472108 9.5385 1.9919759
1.5705963 9.691729 2.3750482
1.4556746 9.730036 2.681506
1.340753 9.615114 2.8730419
1.3024458 9.461885 2.7581203
1.2258313 9.193735 2.528277
1.2258313 9.002198 2.1452045
1.2641385 8.925584 1.8770541
1.2641385 8.887277 1.8387469
1.2641385 8.887277 1.8770541
1.1492168 8.848969 2.1452048
0.9959879 8.848969 2.4133554
0.8044518 8.772355 2.6048915
0.5746084 8.619126 2.6431987
0.22984335 8.427589 2.4899697
-0.038307227 8.197746 2.1835117
-0.15322891 8.236053 1.685518
0.11492168 8.542511 1.5705963
0.57460845 9.270349 1.8004397
0.57460845 9.500193 1.9536685
0.45968673 9.653421 2.1835117
0.30645782 9.653421 2.4899697
0.19153613 9.691729 2.7198129
0.076614454 9.653421 2.9113493
-0.038307227 9.5385 3.1411924
-0.19153613 9.500193 3.1028852
-0.4213795 9.385271 3.064578
-0.6129156 9.308657 3.0262709
-0.72783726 9.346964 2.9496565
-0.7661445 9.423578 3.0262709
-0.6895301 9.653421 3.1794999
-0.61291564 10.189723 3.3710358
-0.61291564 10.266337 3.3327286
-0.7278373 10.074801 3.1028855
-0.8810662 9.844957 2.9879637
-1.0726024 9.576807 2.9879637
-1.2258313 9.500193 3.1028852
-1.3790601 9.5385 3.4859574
-1.493982 9.653421 3.6774938
-1.5705965 9.844957 3.9839516
-1.6089036 9.921572 4.2137947
-1.532289 10.036493 4.2521024
-1.532289 9.998186 4.1754875
-1.6089035 9.883265 3.8690298
-1.685518 9.883265 3.5242648
-1.8004396 9.883265 3.1794999

