1.4939818 9.040505 4.0222588
1.6472107 9.002198 3.9839516
1.7238252 8.887277 4.0222588
1.9536686 8.848969 4.0222588
2.3367407 8.734048 4.4436383
2.3367407 8.6574335 4.750096
2.375048 8.580819 4.865018
2.4516625 8.542512 4.9799395
2.5665843 8.619126 4.903325
2.7198133 8.734048 4.7884035
2.7964277 8.887277 4.596867
2.834735 8.963891 4.3287163
2.719813 8.925584 4.2137947
2.6048915 8.810662 3.8690298
2.4516625 8.6574335 3.6391864
2.3367407 8.619126 3.4476502
2.3367407 8.619126 3.2561142
2.2984335 8.734048 3.2944214
2.2984335 8.963891 3.4476504
2.336741 9.193735 3.5625722
2.3750482 9.385271 3.6391866
2.3750482 9.5385 3.6774938
2.3750482 9.576807 3.6008792
2.3367407 9.576807 3.6008792
2.2984335 9.576807 3.6008792
2.2601264 9.5385 3.562572
2.2601264 9.615114 3.6008794
2.2218192 9.653421 3.4859576
2.183512 9.730036 3.4093432
2.183512 9.768343 3.4476504
2.1068976 9.844957 3.409343
2.1068976 9.883265 3.562572
2.0685902 9.883265 3.715801
2.030283 9.883265 3.8307228
1.9919758 9.768343 3.9456444
1.9536686 9.691729 3.9839516
1.9153614 9.576807 3.9839516
1.8387469 9.576807 3.9839516
1.8387469 9.500193 3.9073372
1.8004397 9.461885 3.86903
1.8387469 9.461885 3.7541082
1.9153614 9.346964 3.5625722
1.9919758 9.308657 3.6008794
2.1068974 9.232041 3.6391866
2.1452045 9.155427 3.6774938
2.1068974 9.193734 3.8307228
2.030283 9.193734 3.7541084
1.9536686 9.11712 3.6391869
1.8770541 9.040505 3.6008792
1.9919758 8.887277 3.4476504
2.0685902 8.772355 3.5242648
2.1068974 8.772355 3.5625722
2.2218192 8.848969 3.5625722
2.183512 8.963891 3.6391866
2.183512 9.11712 3.6008794
2.1068976 9.155427 3.6391866
1.9536686 9.155427 3.7541082
1.838747 9.040505 3.86903
1.7238252 8.810662 3.8307228
1.685518 8.695741 3.7924156
1.6472108 8.619126 3.7158012
1.6472108 8.619126 3.677494
1.685518 8.848969 3.7541084
1.7621324 9.155428 3.9839516
1.8387469 9.385271 4.2137947
1.7621324 9.5385 4.3287168
1.6089035 9.461885 4.405331
1.3024457 9.232041 4.2137947
0.9959879 8.963891 4.0222588
0.80445176 8.69574 3.9456444
0.61291564 8.542511 3.86903
0.57460845 8.389282 3.86903
0.6512228 8.427589 3.8307228
0.7661445 8.542512 3.8307228
0.9193734 8.734048 3.8307228
1.0726023 9.002199 3.86903
1.0726023 9.078814 3.86903
0.99598795 9.078814 3.6774938
0.88106626 8.963892 3.4476504
0.68953013 8.734048 3.1028855
0.61291564 8.695741 2.834735
0.5746084 8.6574335 2.681506
0.5746084 8.695741 2.681506
0.61291564 8.848969 2.9496565
0.6512228 8.887277 3.371036
0.6512228 9.002198 3.8307228
0.6512228 9.155427 4.3287168
0.6512228 9.155427 4.5968676
0.61291564 9.11712 4.7500963
0.6512228 9.078813 4.673482
0.68953 9.002198 4.3287163
0.8044517 9.078814 4.0222588
0.9193734 9.232042 3.5242648
1.1109096 9.423578 3.2561145
1.3407528 9.615114 3.2178073
1.4939818 9.80665 3.4476504
1.6089036 10.0748005 3.9456444
1.532289 10.266336 4.5202527
1.2641385 10.189722 4.9799395
0.80445176 9.844957 4.9799395
0.30645782 9.2703495 4.6351743
-0.07661445 8.734048 4.098873
-0.22984335 8.427589 3.4859576
-0.15322891 8.389282 2.9879637
0.15322891 8.619125 2.873042
0.5746084 9.040505 2.9496565
1.0726023 9.576807 3.1794996
1.5705962 10.304645 3.4859576
1.9153614 10.802638 3.5625722
1.9919758 10.955867 3.4859579
1.8004396 10.879252 3.2561145
1.4556746 10.381258 3.1028855
1.0342951 9.844957 2.9879637
0.5746084 9.308657 2.834735
0.19153613 8.772355 2.834735
-0.076614454 8.389282 2.7198133
-0.19153613 8.312668 2.7581205
0.076614454 8.580819 2.9113493
0.49799395 9.040506 2.9113493
1.0342951 9.691729 2.873042
1.4939818 10.228029 2.6048913
1.7238252 10.457873 2.1068974
1.7621324 10.534488 1.5705963
1.5705962 10.342951 1.1875241
1.3024457 9.998186 0.9193735
0.9959879 9.730036 1.0726024
0.7278373 9.500193 1.532289
0.5363012 9.308657 2.1452045
0.38307226 9.2703495 2.873042
0.30645782 9.346964 3.4859576
0.26815057 9.423578 3.9073372
0.34476504 9.576807 3.9073372
0.53630114 9.691729 3.7158012
0.7278373 9.730036 3.3327289
0.9959879 9.844957 2.834735
1.1875241 9.998186 2.4133554
1.340753 10.113108 1.9919758
1.4173675 10.228029 1.7238252
1.4173675 10.228029 1.6472108
1.340753 10.113108 1.8004396
1.1492168 9.921572 2.1452048
0.8810662 9.691729 2.4899697
0.5746084 9.346964 2.719813
0.26815057 9.040505 2.9496565
0.076614454 8.848969 3.0262709
0.038307227 8.734048 3.1028852
0.076614454 8.810662 3.1794999
0.2681506 9.002199 3.026271
0.42137948 9.232042 2.9113493
0.53630114 9.500193 2.681506
0.61291564 9.691729 2.4133554
0.61291564 9.80665 2.2601264
0.49799395 9.730036 2.1068974
0.34476504 9.461885 1.9153614
0.038307227 9.117121 1.8770541
-0.2681506 8.6574335 1.9536686
-0.53630114 8.274361 2.0685902
-0.8810662 8.082825 2.4899697
-1.0726023 8.0445175 2.8347347
-1.2641385 8.197746 3.1411924
-1.340753 8.465897 3.3327289
-1.1875241 8.772355 3.562572
-0.9959879 9.078814 3.7924156
-0.84275895 9.385271 4.060566
-0.80445176 9.576807 4.405331

