-0.95768064 9.653421 4.5202527
-1.2641385 9.653421 4.673482
0.15322891 8.925584 3.7924156
1.1109096 9.078813 3.7158012
1.7238253 9.4618845 3.371036
2.5665843 9.691729 3.2561142
2.3750482 9.461885 3.1794999
2.2218192 9.155427 3.2561142
2.0685902 8.848969 3.3327286
1.9153614 8.6574335 3.3710358
1.8004396 8.619126 3.2944214
1.7621324 8.6574335 3.1794996
1.8004396 8.772355 3.1794996
1.9919758 9.002198 3.1411924
2.183512 9.11712 3.217807
2.3750482 9.155427 3.217807
2.528277 9.193734 3.1411927
2.5665843 9.11712 3.0645783
2.5282772 8.963891 2.834735
2.4516625 8.887277 2.4516625
2.336741 8.772355 2.1452048
2.2601264 8.772355 1.8387469
2.2601264 8.848969 1.6089035
2.375048 9.002198 1.6855179
2.528277 9.232042 1.8770541
2.7581203 9.461885 2.1068974
3.0262709 9.691729 2.336741
3.1794999 9.844957 2.4516625
3.2561142 9.844957 2.3750482
3.1028855 9.691729 2.2601264
2.834735 9.461885 2.030283
2.4899697 9.232041 1.9153614
1.9919758 9.11712 2.030283
1.9153614 9.155427 2.2984338
1.9536686 9.232041 2.566584
2.1068976 9.346964 2.873042
2.336741 9.461885 2.987964
2.5282772 9.576807 2.987964
2.6431987 9.615114 2.681506
2.6048915 9.5385 2.2601264
2.528277 9.423578 1.9919758
2.4133554 9.346964 1.8004397
2.3367407 9.232042 1.8004397
2.2984335 9.193734 1.7621324
2.2601264 9.155427 1.8004396
2.1835117 9.040505 1.8770541
2.1452045 9.078813 1.9919758
2.183512 9.078813 2.183512
2.2601264 9.193735 2.183512
2.4899697 9.385271 2.1452045
2.4899697 9.461885 2.030283
2.528277 9.461885 1.9153613
2.6048915 9.500193 1.685518
2.834735 9.576807 1.3790601
2.7964277 9.4618845 1.4173675
2.6431985 9.38527 1.5705965
2.4899697 9.193734 1.7238252
2.2218192 9.078813 2.030283
2.1068974 8.963891 2.1068974
2.0685902 8.925584 2.3367407
2.1068974 9.040505 2.6048913
2.2218192 9.193735 2.8347347
2.4516625 9.385271 2.9496565
2.566584 9.5385 2.7964275
2.6431985 9.5385 2.566584
2.681506 9.461885 2.1452045
2.6048915 9.308657 1.685518
2.528277 9.423578 1.6089035
2.528277 9.5385 1.7621324
2.4899697 9.653421 2.0685902
2.4899697 9.691729 2.681506
2.4516625 9.691729 2.9496565
2.2984338 9.615114 2.9496565
1.9536686 9.5385 2.719813
1.7621324 9.461885 2.4133554
1.7238252 9.385271 2.183512
1.8004396 9.385271 1.9536686
1.9536686 9.423578 1.8387468
2.0685902 9.5385 2.0685902
2.0685902 9.576807 2.4899697
1.9919758 9.5385 2.9113493
1.6089035 9.346964 3.1794999
1.3790603 9.155428 3.0645783
1.2641385 9.040506 2.873042
1.1875241 8.963891 2.681506
1.2258313 9.040505 2.566584
1.4939818 9.346964 2.375048
1.6472108 9.576807 2.4516625
1.7238252 9.653421 2.5665843
1.7238252 9.768343 2.719813
1.5322891 9.653421 2.873042
1.2641385 9.423578 2.9879637
0.95768064 9.2703495 2.9879637
0.61291564 9.11712 2.9113493
0.38307226 9.078813 2.9879637
0.30645782 9.155428 2.9879637
0.4213795 9.308657 3.0262709
0.6512229 9.500193 3.1794999
0.91937345 9.730036 3.217807
1.1109096 9.921572 3.2561142
1.1492169 10.036493 3.2561142
1.0342951 9.998186 3.1411927
0.80445176 9.80665 3.064578
0.45968673 9.576807 3.064578
0.076614454 9.308657 3.409343
0.11492168 9.308657 3.5242648
0.19153613 9.346964 3.6391866
0.19153613 9.2703495 3.6391866
0.11492168 9.155428 3.3327289
0.0 9.040506 3.2944217
0.0 8.925584 3.1794999
0.11492168 8.963891 3.0262709
0.2681506 9.002198 3.0645783
0.42137948 9.11712 2.8347347
0.53630114 9.232042 2.6048913
0.53630114 9.308657 2.4516625
0.49799395 9.2703495 2.2984335
0.34476504 9.155428 2.2218192
0.15322891 8.963891 2.2984338
-0.038307227 8.772355 2.4133554
-0.076614454 8.6574335 2.5282772
0.0 8.6574335 2.7581203
0.19153613 8.887278 2.9879637
0.57460845 9.155428 3.1028852
0.9576807 9.385271 2.9879637
1.340753 9.615114 2.566584
1.6089036 9.691729 2.0685902
1.7621324 9.80665 1.6855179
1.7621324 9.959879 1.4939818
1.685518 10.0748005 1.6089035
1.5705962 10.151415 1.8387469
1.3407528 10.0748005 2.183512
1.0726023 9.921572 2.6815057
0.7278373 9.730036 3.0262709
0.4596867 9.423578 3.1028855
0.19153613 9.193735 2.9496565
0.11492168 9.002198 2.566584
0.26815057 8.848969 2.1452045
0.49799395 8.963892 1.7238251
0.9193734 9.193735 1.5705962
1.2258313 9.576807 1.6089035
1.3407528 9.959879 1.9153614
1.187524 10.22803 2.4899697
0.7661445 10.342952 2.9879637
0.19153616 10.151416 3.3327289
-0.4596867 9.768343 3.6008792
-0.9959879 9.38527 3.6774938
-1.3790603 8.925584 3.8307228
-1.5705962 8.734048 4.213795
-1.4939818 8.772355 4.5968676
-1.2641385 8.887278 5.0565543
-0.91937345 9.308657 5.171476
-0.5363012 9.653421 4.8267107
-0.26815057 9.921572 4.213795
-0.11492168 10.189722 3.4093432
-0.076614454 10.151415 2.7581203
-0.19153613 10.0748005 2.2984335
-0.34476504 9.998186 2.1452045
-0.45968673 9.844957 2.0685902
-0.61291564 9.730036 2.2984335
-0.7661445 9.615114 2.681506
-0.8810662 9.423578 2.9879637
-1.0726024 9.155427 3.5242648
-1.340753 8.848969 3.8307228
-1.6472107 8.504204 4.1371803
-1.9919758 8.197746 4.405331

