-2.2218192 7.967903 4.5968676
-2.3367407 7.8912888 4.6351748
-2.3367407 7.929596 4.5585604
2.2984338 8.389283 5.401319
2.719813 8.772355 4.7884035
2.2984335 8.810663 3.9456444
2.375048 9.308657 3.2561142
2.2984335 9.117121 3.0262709
2.2601264 9.193735 2.9879637
2.2218192 9.155427 2.873042
2.2218192 9.193735 2.7964277
2.2601264 9.346964 2.719813
2.3750482 9.423578 2.7581203
2.4516625 9.5385 2.7964275
2.4899697 9.653421 2.719813
2.4516625 9.653421 2.7581203
2.3750482 9.5385 2.719813
2.2601264 9.423577 2.7581203
2.1068974 9.270349 2.9879637
1.9919758 9.155427 3.1028855
1.8387469 9.11712 3.2561142
1.8770542 9.078813 3.3327289
2.030283 9.155427 3.2944217
2.1068976 9.308656 3.2944217
2.2601264 9.423578 3.1028852
2.2984335 9.500193 2.9496565
2.2601264 9.576807 2.873042
2.2984335 9.576807 2.7964277
2.3367407 9.653421 2.834735
2.3750482 9.691729 2.873042
2.3750482 9.653421 2.9113493
2.2984335 9.615114 2.9113493
2.221819 9.5385 2.9113493
2.1068974 9.500193 2.9496565
1.9919758 9.423578 2.9113493
1.9919758 9.423578 2.9113493
1.9919758 9.423578 2.9113493
2.0685902 9.500193 2.873042
2.1835117 9.576807 2.9879637
2.2601264 9.615114 2.9496565
2.2984335 9.615114 2.873042
2.2601264 9.5385 2.7964277
2.0685902 9.385271 2.681506
1.9153614 9.308657 2.834735
1.6089035 9.232042 3.217807
1.4939818 9.193735 3.409343
1.4173673 9.155428 3.4476502
1.4173673 9.078813 3.2944214
1.4939818 9.040505 3.1411927
1.6089035 9.078813 3.064578
1.6472108 9.11712 3.0262709
1.7621324 9.155427 3.064578
1.7621324 9.11712 3.1411927
1.6472108 9.002198 3.1794999
1.4939818 8.848969 3.217807
1.2258313 8.734048 3.1794996
0.9576807 8.6574335 3.1411924
0.842759 8.695741 3.1794999
0.80445176 8.887278 3.2944217
0.842759 9.040506 3.371036
1.0342951 9.308657 3.5242648
1.2258313 9.500193 3.5242648
1.5705963 9.615114 3.409343
1.5322891 9.5385 3.217807
1.340753 9.461885 3.1411927
1.2258313 9.385271 3.1028855
0.9959879 9.078813 3.217807
1.0726024 9.002198 3.4476504
1.1109096 8.963891 3.7541084
1.1875241 9.002198 4.060566
1.1875241 9.078813 4.1371803
1.0726024 9.155427 4.1371803
0.99598795 9.193734 3.9839516
0.91937345 9.232041 3.7158012
0.91937345 9.232041 3.5625722
0.9576807 9.193734 3.4093432
0.9576807 9.155427 3.3327289
0.91937345 9.193734 3.4093432
0.7661446 9.232041 3.4859576
0.6895301 9.193734 3.562572
0.5746084 9.232041 3.715801
0.49799395 9.193734 3.9073372
0.49799395 9.193734 4.060566
0.45968673 9.2703495 4.252102
0.45968673 9.2703495 4.3287163
0.49799398 9.2703495 4.252102
0.49799398 9.2703495 4.2137947
0.5746084 9.385271 4.098873
0.6512228 9.5385 3.9839516
0.7661446 9.768343 3.9839516
0.8810662 9.883265 4.060566
0.84275895 9.921572 4.098873
0.7661445 9.921572 4.060566
0.5746084 9.730036 3.9073372
0.4213795 9.691729 3.715801
0.3830723 9.653421 3.5242648
0.3830723 9.615114 3.5242648
0.45968673 9.730036 3.562572
0.5363012 9.768343 3.6391869
0.61291564 9.80665 3.86903
0.7278373 9.921572 4.098873
0.8810662 10.113108 4.3287163
1.0342951 10.266336 4.1754875
1.1492168 10.266336 3.9073372
1.1109096 10.304644 3.3327286
0.9959879 10.0748005 2.6815057
0.84275895 9.844957 2.375048
0.61291564 9.653421 2.183512
0.49799395 9.38527 2.3750482
0.344765 9.308656 2.8730419
0.26815057 9.308656 3.3710358
0.26815057 9.500193 3.715801
0.30645782 9.730036 3.9456444
0.34476504 9.921572 3.86903
0.38307226 10.0748005 3.715801
0.38307226 10.189722 3.371036
0.344765 10.189722 2.9496565
0.38307226 10.151415 2.7964275
0.49799395 10.189722 3.2178068
0.57460845 10.228029 3.7158008
0.57460845 10.228029 3.9456444
0.49799395 10.113108 3.9456444
0.34476504 9.80665 3.7158008
0.07661445 9.38527 3.2944214
-0.19153613 8.848969 2.7964275
-0.49799395 8.312668 2.2601264
-0.6512228 7.929596 1.838747
-0.6129156 7.8146744 1.685518
-0.4213795 7.967903 1.7621324
-1.4901161E-8 8.274361 2.030283
0.344765 8.695741 2.2984338
0.7278373 9.078814 2.4516625
0.9959879 9.385271 2.6048915
0.9959879 9.576807 2.681506
0.80445176 9.5385 2.681506
-7.4505806E-9 9.002199 2.336741
-0.6512229 8.159439 2.2218192
-0.9193734 7.776367 2.5665843
-0.8810662 7.73806 2.7581205
-0.61291564 7.8146744 3.0645783
-0.26815057 8.121132 3.2944217
0.076614454 8.504205 3.4476504
0.49799395 9.193734 3.524265
0.8810662 9.998186 3.1028855
1.2641385 10.840945 1.877054
1.1875241 10.726024 1.3024457
0.80445176 10.304644 1.1875241
0.34476504 9.921572 1.9919758
-0.038307235 9.730036 2.7198133
-0.34476504 9.730036 4.098873
-0.26815057 9.768343 3.9073372
-0.19153613 9.730036 3.715801
-0.11492168 9.653421 3.4093432
-0.15322891 9.5385 2.9113493
-0.19153613 9.385271 2.4899697
-0.19153613 9.155428 2.2601264
-0.30645782 8.963891 2.2218192
-0.4213795 8.848969 2.2984338
-0.5746084 8.734048 2.4133554
-0.7661445 8.772355 2.566584
-0.8810662 8.810662 2.6815057
-0.9576807 8.925584 2.9496565
-0.9576807 9.155428 3.2561145
-0.9576807 9.346964 3.5242648
-0.9576807 9.653421 3.7158012
-0.9576807 9.80665 3.7158012
-0.9959879 9.921572 3.5625722
-0.9959879 9.959879 3.2944214
-0.9576807 9.998186 2.9879637
-0.9193735 9.998186 2.7964275
-0.9193735 9.959879 2.9496565
-0.9959879 9.921572 3.2944217
-1.1109096 9.730036 3.715801
-1.4173675 9.500193 3.9839516
-1.838747 9.155427 3.8307226
-2.2984335 8.887277 3.4093432
-2.719813 8.695741 2.873042

