0.842759 9.040505 4.1754875
1.340753 9.346963 4.098873
1.7238252 9.423578 3.7158012
1.8004396 9.576807 3.6008797
1.9919758 9.461885 3.4476504
2.1068976 9.385271 3.2561145
2.1452048 9.385271 3.1411924
2.1452048 9.2703495 3.064578
2.0685902 9.2703495 3.0262709
2.1068974 9.232041 3.2944214
2.1068974 9.193734 3.4859576
1.9919758 9.155427 3.6774938
1.9536686 9.078813 3.9073372
1.838747 8.963891 3.9073372
1.8004396 8.848969 3.86903
1.8770541 8.810662 3.9456444
1.9153614 8.772355 3.86903
1.9536686 8.887277 3.7924154
2.030283 9.002198 3.6774938
2.1452045 9.155428 3.371036
2.2601266 9.346964 3.1794999
2.3750482 9.423578 3.0262709
2.3750482 9.5385 2.9113493
2.2601264 9.576807 2.9496565
2.1452048 9.576807 3.1028852
1.9153614 9.576807 3.1794999
1.8004396 9.5385 3.4093432
1.6855179 9.461885 3.7158012
1.4939818 9.461885 3.7924156
1.4173673 9.500193 4.060566
1.2641385 9.500193 4.1754875
1.1492168 9.500193 4.098873
1.1109096 9.461885 3.9456444
1.0342951 9.346964 3.6391864
1.0726024 9.308657 3.371036
1.1875241 9.308657 3.0645783
1.2641385 9.346964 2.9879637
1.3790601 9.385271 2.9113493
1.4556745 9.346964 2.834735
1.4173673 9.270349 2.7964277
1.3790601 9.11712 2.7581205
1.340753 9.002198 2.719813
1.2641385 9.002198 2.7964275
1.2258313 9.002198 2.9879637
1.2258313 9.078813 3.1028852
1.2641385 9.155427 3.1794996
1.3024457 9.193734 3.1028852
1.4173675 9.308657 2.8347347
1.5705962 9.385271 2.6431985
1.685518 9.5385 2.4516625
1.838747 9.653421 2.2601264
1.8770542 9.691729 2.2601264
1.8387469 9.730036 2.3367407
1.6089035 9.576807 2.9113493
1.3024457 9.461885 3.4093432
1.2258313 9.500193 3.4859576
1.2258313 9.5385 3.4093432
1.3024458 9.615114 3.3327286
1.4173673 9.691729 3.1794999
1.532289 9.653421 3.1794999
1.6089035 9.691729 3.1794999
1.5705963 9.653421 3.1794999
1.3407528 9.5385 3.1028852
1.187524 9.423578 3.1028852
1.0726024 9.308657 3.1028852
0.91937345 9.308657 3.1411927
0.80445176 9.232041 3.2944214
0.7661445 9.308657 3.3327286
0.72783726 9.385271 3.2561142
0.80445176 9.423578 3.0262709
0.9576807 9.461885 2.4899697
1.1492168 9.576807 2.6815057
1.3790601 9.730036 2.9879637
1.5705963 9.921572 3.4476504
1.4939818 9.921572 3.8307228
1.0726023 9.576807 3.562572
0.53630114 9.193735 3.0262709
0.11492167 8.772355 2.528277
-0.038307227 8.580819 2.4516625
0.038307227 8.695741 2.719813
0.22984338 8.887277 3.1411924
0.4213795 9.117121 3.5242648
0.57460845 9.461885 3.7924156
0.5746084 9.500193 3.371036
0.4213795 9.308657 3.0262709
0.19153613 9.117121 2.873042
-0.07661445 8.887278 2.9113495
-0.30645782 8.695741 2.987964
-0.4213795 8.6574335 3.1028855
-0.3830723 8.619126 3.1028855
0.114921674 9.117121 3.064578
0.4596867 9.461885 2.9496565
0.7278373 9.844957 2.7581203
0.7661445 10.036493 2.2984338
0.6512228 9.959879 1.838747
0.45968676 9.844957 1.6089036
0.19153613 9.653421 1.6089036
0.0 9.423578 1.9153614
-0.11492168 9.232041 2.2601266
-0.19153613 9.078813 2.7198133
-0.11492168 9.002198 3.1411927
0.038307227 9.040505 3.3327289
0.19153613 9.155428 3.3327289
0.4213795 9.155428 2.9113495
0.5746084 9.155428 2.2601264
0.7278373 9.193735 1.6472108
0.8810662 9.2703495 1.2258313
0.9959879 9.423578 1.0342952
1.1492168 9.615114 0.91937345
1.3024457 9.80665 0.91937345
1.4556746 9.921572 0.9959879
1.532289 10.0748005 1.0726023
1.4939818 10.151415 1.3024457
1.3790603 10.151415 1.685518
1.1492169 10.189722 1.9536686
0.95768064 10.151415 2.0685902
0.88106626 10.113108 2.1452048
0.80445176 10.113108 1.9153614
0.8810662 10.0748005 1.8387469
1.0342951 10.036493 1.9153613
1.1492168 10.0748005 1.9153613
1.2641385 10.0748005 2.030283
1.3790601 10.0748005 1.9536686
1.4173673 10.113108 1.7621324
1.3407528 10.036493 1.532289
1.2258313 9.80665 1.340753
1.0342951 9.576806 1.3024457
0.80445176 9.308656 1.3790603
0.6895301 9.193734 1.6089035
0.6512228 9.232042 1.8770541
0.5746084 9.308657 2.0685902
0.45968673 9.385271 2.2984335
0.3830723 9.423578 2.413355
0.2681506 9.423578 2.375048
0.15322891 9.385271 2.375048
-0.076614454 9.308657 2.2601264
-0.2681506 9.2703495 2.3367407
-0.3830723 9.308657 2.4516625
-0.4213795 9.423578 2.681506
-0.45968673 9.500193 2.9496567
-0.4213795 9.615114 3.2944217
-0.49799395 9.576807 3.5625722
-0.7278373 9.385271 3.6391866
-1.1109096 8.963892 3.9456444
-1.1875241 8.848969 4.0222588
-1.0726024 8.887277 4.1371803
-0.9576807 9.11712 4.0222588
-0.7661445 9.385271 3.9073372
-0.61291564 9.768343 3.7924156
-0.5746084 10.189722 3.6774938
-0.5746084 10.496181 3.5625722
-0.7661445 10.611102 3.5625722
-0.9959879 10.572794 3.6774938
-1.3024457 10.342951 3.7924154
-1.6855179 9.959879 3.9839516
-1.9919758 9.500193 4.060566
-2.3367407 9.002198 3.9073372
-2.6048913 8.695741 3.9456444
-2.7581203 8.580819 3.9839516
-2.834735 8.619126 4.0222588
-2.834735 8.925585 4.098873
-2.7964277 9.117121 3.8307228
-2.7581203 9.2703495 3.371036
-2.7964275 9.385271 2.9496565
-2.8730419 9.308657 2.4899697
-2.9879637 9.232042 2.183512
-3.1794999 9.078813 2.030283
-3.371036 8.925584 1.9536686
-3.4859576 8.887277 2.0685902
-3.4093432 9.078813 2.2601266
-3.1795 9.4618845 2.528277

