-3.7541082 9.155428 4.405331
1.5705965 9.346964 3.7541082
1.3407531 9.270349 3.3710358
1.4173675 9.232041 3.4859574
1.4556746 9.040505 3.3327286
1.4173675 8.963891 3.3710358
1.2641385 8.887277 3.4476504
1.2258313 8.925584 3.4093432
1.3407528 9.040505 3.4093432
1.532289 9.2703495 3.4476504
1.8004396 9.500193 3.4093432
1.9153614 9.615114 3.2178073
1.8770542 9.653421 2.9879637
1.7621324 9.576807 2.7581205
1.5705963 9.5385 2.681506
1.4939818 9.500193 2.7581205
1.4939818 9.5385 2.911349
1.4939818 9.576807 3.064578
1.5705962 9.576807 3.217807
1.6089036 9.576807 3.4476504
1.6472108 9.500193 3.4476504
1.685518 9.423578 3.562572
1.685518 9.346964 3.5242648
1.6089036 9.078814 3.3327289
1.4939818 8.887278 3.0262709
1.4556745 8.695741 2.6431987
1.4556745 8.619126 2.2601264
1.5705963 8.6574335 2.1068974
1.7621324 8.848969 1.9919758
1.9153614 9.040506 1.9536686
1.9153614 9.117121 1.9153614
1.8387468 9.232042 2.0685904
1.7238252 9.193735 2.2601266
1.4939818 9.11712 2.4516628
1.3407528 9.11712 2.6431987
1.3024457 9.078813 2.7581205
1.3024457 9.11712 2.9496567
1.3790601 9.2703495 3.1795
1.5705963 9.385271 3.371036
1.6089035 9.500193 3.4093432
1.5322891 9.576807 3.3327289
1.4556746 9.5385 3.1794999
1.3024457 9.615114 2.9496565
1.3024457 9.653421 2.7964275
1.37906 9.80665 2.681506
1.4939818 9.959879 2.681506
1.685518 10.0748005 2.9113493
1.877054 10.228029 3.1794999
1.9919758 10.228029 3.4476504
2.0685902 10.189722 3.6008792
1.9536686 10.113108 3.6008792
1.7238252 9.921572 3.6774936
1.532289 9.691729 3.6774936
1.3407528 9.4618845 3.6391864
1.2641385 9.232041 3.562572
1.2258313 9.002198 3.4476504
1.3407528 8.925584 3.4093432
1.4939818 8.963891 3.4859576
1.6089036 8.925584 3.6008792
1.685518 8.925584 3.562572
1.6472108 8.848969 3.562572
1.4939818 8.734048 3.4476502
1.4173675 8.734048 3.2944214
1.4173675 8.772355 3.217807
1.4556746 8.848969 3.1028852
1.6089036 8.963891 3.064578
1.7621324 9.11712 2.9879637
1.9153614 9.232041 2.911349
2.030283 9.385271 2.7964275
2.1068974 9.423578 2.6431985
2.1068974 9.346964 2.6431985
2.030283 9.346964 2.7198133
1.9919758 9.346964 2.9879637
1.8770542 9.385271 3.3327289
1.7238252 9.461885 3.6008794
1.532289 9.423578 3.8307228
1.2641385 9.308657 3.86903
0.842759 9.155427 3.9839516
0.7278373 9.155427 4.060566
0.6512228 9.193734 4.1371803
0.5746084 9.193734 4.1371803
0.45968673 9.11712 4.1754875
0.34476504 9.078813 4.098873
0.19153613 9.040505 4.098873
0.11492168 9.002198 4.1371803
0.11492168 9.078813 4.098873
0.11492168 9.155427 4.1371803
0.22984335 9.2703495 4.1371803
0.26815057 9.423578 4.1371803
0.34476507 9.500193 4.1371803
0.34476507 9.576807 4.0222588
0.26815057 9.615114 3.9839516
0.15322891 9.576807 3.9456444
-0.19153613 9.346964 3.8307228
-0.26815057 9.308657 3.8307228
-0.19153613 9.461885 3.9839516
-0.038307227 9.691729 4.367024
0.19153613 9.959879 4.4436383
0.34476504 10.036493 4.4436383
0.34476504 9.959879 4.1754875
0.34476504 9.844957 3.8307228
0.34476504 9.615114 3.86903
0.26815057 9.500193 3.86903
0.30645782 9.346964 3.9073372
0.26815057 9.155428 3.86903
0.19153613 9.040505 3.6008794
0.22984336 8.887277 3.2944217
0.22984336 8.963892 3.1028855
0.344765 9.117121 2.834735
0.49799395 9.232042 2.719813
0.6129156 9.500193 2.8347347
0.7661445 9.5385 2.9879637
0.7661445 9.5385 3.3327289
0.7661445 9.5385 3.562572
0.80445176 9.385271 3.6391869
0.80445176 9.308656 3.6008797
0.88106626 9.11712 3.371036
0.99598795 9.040505 3.1795
1.0726024 9.040505 2.7964277
1.1492169 9.117121 2.4516625
1.1875241 9.346964 2.2218192
1.1875241 9.423578 2.1452048
1.1875241 9.461885 2.4133554
1.1492169 9.423578 2.834735
1.1492169 9.346964 3.371036
1.1492169 9.308657 3.9073372
1.0726024 9.193735 4.2904096
1.0342952 9.078813 4.4819455
0.99598795 8.848969 4.4819455
0.91937345 8.6574335 4.2137947
0.91937345 8.619126 4.0222588
0.8810662 8.734049 3.8307228
0.6895301 9.5385 3.9456444
0.49799395 9.921572 3.9456444
0.2681506 10.113108 4.0222588
0.038307227 10.0748005 3.9456444
-0.19153613 9.921572 3.9456444
-0.45968673 9.576807 3.9456444
-0.6512229 9.232041 3.9456444
-0.7661446 8.963891 3.9839516
-0.842759 8.734048 4.060566
-0.7661445 8.810662 4.290409
-0.72783726 9.040506 4.4436383
-0.72783726 9.232042 4.55856
-0.6895301 9.5385 4.4436383
-0.6512228 9.691729 4.1754875
-0.5363012 9.653421 3.86903
-0.45968676 9.576807 3.4476504
-0.49799395 9.461885 3.2178073
-0.61291564 9.346964 2.9113493
-0.8044518 9.385271 2.6815057
-1.0342951 9.5385 2.566584
-1.2258313 9.653421 2.4899697
-1.3790601 9.844957 2.6048913
-1.5705963 9.883265 2.681506
-1.685518 9.883265 2.873042
-1.8004397 9.883265 2.9879637
-1.8770542 9.730036 3.0262709
-2.030283 9.576807 3.0262709
-2.2601266 9.423578 2.9496565
-2.7581205 9.385271 2.7581203
-2.9113493 9.423578 2.8730419
-2.9879637 9.423578 3.0262709
-2.9879637 9.385271 3.4859576
-2.8730419 9.385271 3.715801
-2.6431985 9.5385 3.9073372
-2.2984338 9.768343 3.9456444
-1.9536686 9.998186 3.715801
-1.685518 10.189722 3.3327289
-1.5705962 10.228029 2.7964277
-1.6089036 10.228029 2.2218192
-1.838747 9.998186 1.5705963
-2.2218192 9.615114 1.3024458
-2.6431987 9.270349 1.2258313
-3.064578 8.887277 1.4556746
-3.3327289 8.772355 1.8770542
-3.4859576 8.772355 2.336741
-3.5242648 8.848969 2.873042
-3.4476504 8.963891 3.2944217
-3.371036 9.002198 3.6774938
-3.371036 9.078813 3.86903
-3.4476504 8.963891 3.7924156

