-3.6774936 8.772354 3.5242648
1.2641385 9.2703495 3.5625722
1.5705962 9.423578 2.6431987
1.877054 9.423578 2.4133554
2.3367407 9.078813 1.8004398
2.3367407 9.155427 1.838747
2.2601264 9.232042 2.1068976
2.2218192 9.385271 2.2984338
2.1452045 9.500193 2.6048913
2.1068974 9.5385 2.6815062
2.0685902 9.5385 2.7198133
2.030283 9.5385 2.719813
2.030283 9.653421 2.681506
2.1068974 9.691729 2.528277
2.2218192 9.768343 2.4899697
2.375048 9.80665 2.4516625
2.4899697 9.80665 2.4899697
2.528277 9.768343 2.6048915
2.4133554 9.730036 2.6048915
2.183512 9.653421 2.5665843
1.9153613 9.5385 2.4516625
1.7238252 9.423578 2.375048
1.6472108 9.346964 2.375048
1.6472108 9.308657 2.375048
1.7238252 9.308657 2.4516625
1.8004397 9.308657 2.5282772
1.8770541 9.308657 2.6431987
1.9919758 9.423578 2.7581205
2.1068974 9.500193 2.7581205
2.1068974 9.5385 2.681506
1.9919758 9.576807 2.566584
1.8004396 9.423578 2.2984335
1.5705963 9.308657 2.183512
1.4173675 9.232041 2.183512
1.3790601 9.155427 2.183512
1.4173675 9.193734 2.375048
1.493982 9.346964 2.528277
1.5705965 9.500193 2.719813
1.5705965 9.615114 2.834735
1.532289 9.653421 2.9113493
1.4556746 9.576807 2.9496565
1.3790601 9.576807 2.9496565
1.340753 9.500193 2.9496565
1.3024458 9.461885 2.9879637
1.2258313 9.423578 3.0262709
1.1109096 9.2703495 2.9496565
0.9959879 9.2703495 2.9879637
0.9193735 9.232042 2.9879637
0.88106626 9.193734 2.9113493
0.842759 9.193734 2.9113493
0.842759 9.078813 2.7581203
0.7661445 9.002198 2.6431987
0.7661445 9.002198 2.681506
0.80445176 9.117121 2.719813
0.80445176 9.2703495 2.9113493
0.842759 9.385271 2.9496565
0.7661445 9.385271 2.9879637
0.6512228 9.270349 2.9113493
0.5746084 9.11712 2.873042
0.5746084 9.040505 2.9496565
0.61291564 9.040505 2.9496565
0.7661445 9.155428 3.1028852
0.9576807 9.385271 3.1794999
1.0726024 9.576807 3.2561142
1.2258313 9.691729 3.3710358
1.2641385 9.730036 3.3710358
1.1492169 9.691729 3.2944214
1.0342951 9.576807 3.1028855
0.8810662 9.576807 2.7964275
0.7278373 9.576807 2.566584
0.68953 9.615114 2.4516625
0.68953 9.730036 2.4899697
0.7278373 9.80665 2.7964275
0.842759 9.921572 3.2561142
0.9193735 10.036493 3.7158008
0.8810662 10.0748005 4.098873
0.7278373 10.036493 4.1754875
0.4596867 9.883265 3.8307228
0.22984336 9.730036 3.3327289
0.15322891 9.691729 2.987964
0.22984336 9.730036 2.9113493
0.34476504 9.80665 3.1411927
0.3830723 9.768343 3.4093432
0.30645782 9.653421 3.5242648
0.038307227 9.461885 3.4476504
-0.22984336 9.232041 3.2944214
-0.49799395 9.078813 3.1028852
-0.6512228 8.925584 2.9496565
-0.6512228 8.848969 2.7964275
-0.5746084 8.887277 2.6431985
-0.30645782 9.002198 2.7581205
-0.038307227 9.193734 2.9113493
0.22984336 9.423578 3.2561145
0.4213795 9.653421 3.5242648
0.49799395 9.730036 3.562572
0.45968673 9.691729 3.4476504
0.38307226 9.615114 3.064578
0.3064578 9.423578 2.7581203
0.22984335 9.193735 2.4516625
0.15322891 9.040505 2.3750482
0.15322891 8.887277 2.4133554
0.2681506 8.963892 2.5282772
0.57460845 9.193735 2.7964277
0.9959879 9.5385 2.9113493
1.4173673 9.883265 3.1028855
1.7238252 10.036493 3.1028855
1.6472108 9.998186 2.8730419
1.4173675 9.730036 2.7964275
1.1109096 9.385271 2.4516625
0.80445176 8.925584 2.4899697
0.84275895 8.963891 2.5282772
0.9959879 9.078813 2.7198133
1.1492168 9.346964 2.873042
1.340753 9.5385 3.1411927
1.4939818 9.653421 3.1794999
1.4173675 9.653421 3.1411927
1.2641385 9.385271 2.9496565
0.95768064 9.040506 2.4516625
0.61291564 8.619126 2.0685902
0.4213795 8.350975 1.8770541
0.38307226 8.350975 1.9153614
0.45968673 8.465897 2.2218192
0.61291564 8.772355 2.48997
0.6512228 8.963891 2.834735
0.5363012 8.925584 2.9879637
0.30645782 8.848969 3.1028852
0.0 8.695741 3.4093432
-0.2681506 8.542512 3.5242648
-0.45968673 8.504205 3.6391866
-0.53630114 8.504205 3.6008794
-0.49799395 8.504205 3.371036
-0.34476504 8.542512 3.217807
-0.15322891 8.619126 2.9113493
0.076614454 8.6574335 2.7198129
0.30645782 8.695741 2.6048913
0.49799395 8.848969 2.336741
0.6512228 9.002199 2.1452048
0.72783726 9.193735 1.7621324
0.80445176 9.308657 1.3790603
0.80445176 9.2703495 1.0342951
0.7278373 9.232041 0.80445176
0.61291564 9.078813 0.84275895
0.30645782 9.078813 1.1875241
-0.15322891 8.963891 2.2984338
-0.30645782 8.887277 3.0262709
-0.344765 8.848969 3.8307228
-0.3064578 8.887277 4.0222588
-0.2681506 8.963891 4.060566
-0.19153613 9.040505 3.9456444
-0.19153613 9.11712 3.9839516
-0.22984336 9.2703495 3.9839516
-0.344765 9.461885 4.098873
-0.53630114 9.500193 4.4436383
-0.7661445 9.5385 4.9416323
-1.0726023 9.500193 5.4779334
-1.3790601 9.5385 6.0525417
-1.6089035 9.576807 6.5505357
-1.8004397 9.576807 6.780379
-1.838747 9.576807 6.856993
-1.8004396 9.423578 6.4739213
-1.8004396 9.308657 5.9376197
-1.7238252 9.193735 5.286397
-1.8004396 9.078813 4.6351743
-1.9536686 9.040505 4.213795
-2.1068976 9.11712 4.060566
-2.2601264 9.2703495 4.1371803
-2.3367407 9.500193 4.290409
-2.3367407 9.768343 4.4819455
-2.2984335 9.844957 4.596867
-2.2601264 9.80665 4.711789
-2.2984338 9.653421 4.7884035

