-2.336741 9.461885 4.9799395
-0.076614454 8.236053 3.7541084
0.6512228 9.002198 4.55856
0.72783726 9.232042 4.405331
1.0342951 9.385271 4.4819455
1.0726024 9.423578 4.0222588
1.0342951 9.423578 3.7541082
1.0342951 9.500193 3.5242648
1.0726023 9.615114 3.7158008
1.0726023 9.653421 4.1371803
1.0726023 9.768343 4.4819455
1.0342951 9.768343 4.7884035
0.9576807 9.730036 4.865018
0.88106626 9.691729 4.8267107
0.80445176 9.500193 4.7500963
0.6895301 9.385271 4.673482
0.61291564 9.308657 4.5202527
0.5363012 9.193735 4.55856
0.5363012 9.193735 4.55856
0.57460845 9.2703495 4.5968676
0.57460845 9.308657 4.711789
0.57460845 9.423578 4.7500963
0.45968673 9.423578 4.7500963
0.34476504 9.423578 4.673482
0.26815057 9.423578 4.596867
0.22984336 9.385271 4.596867
0.26815057 9.423578 4.7117887
0.34476507 9.423578 4.7884035
0.3830723 9.385271 4.865018
0.3830723 9.308657 4.8267107
0.34476504 9.193735 4.673482
0.30645782 8.963892 4.5585604
0.26815057 8.734048 4.4819455
0.26815057 8.619126 4.367024
0.30645782 8.542512 4.3287168
0.2681506 8.504205 4.060566
0.22984335 8.465898 3.9839516
0.22984335 8.542512 3.9839516
0.19153613 8.619126 4.098873
0.19153613 8.695741 4.060566
0.22984335 8.810662 3.9456444
0.26815057 8.848969 3.8307228
0.34476504 8.963891 3.8307228
0.45968673 9.193735 3.9456444
0.61291564 9.423578 4.1371803
0.7661445 9.691729 4.2521024
0.842759 9.921572 4.2904096
0.8810662 9.998186 4.175488
0.7661446 9.998186 4.098873
0.61291564 9.921572 4.060566
0.49799395 9.80665 4.1371803
0.2681506 9.768343 4.290409
0.076614454 9.691729 4.3287163
-0.15322891 9.576807 4.3670235
-0.3064578 9.461885 4.405331
-0.22984335 9.423578 4.4436383
-0.11492168 9.500193 4.5202527
0.076614454 9.576807 4.55856
0.2681506 9.768343 4.2904096
0.30645782 9.844957 4.1371803
0.38307226 9.883265 4.060566
0.49799395 9.998186 4.098873
0.5363012 9.998186 4.252102
0.5746084 9.998186 4.252102
0.5746084 9.921572 4.1371803
0.49799395 9.730036 3.9839516
0.45968673 9.576807 3.7924156
0.49799395 9.423578 3.677494
0.57460845 9.346964 3.562572
0.61291564 9.346964 3.371036
0.6512228 9.308657 3.4476504
0.6512228 9.270349 3.6008792
0.57460845 9.308656 3.7924154
0.49799395 9.308656 3.9456444
0.38307226 9.346964 3.9456444
0.26815057 9.346964 3.7541084
0.19153613 9.117121 3.5242648
0.19153613 9.002198 3.2561145
0.30645782 9.002198 3.0262709
0.49799395 9.040506 2.9496565
0.7278373 9.193735 2.8730419
0.9576807 9.308657 2.8730419
1.0726024 9.308657 2.7964275
1.1109096 9.308657 2.7581203
1.1109096 9.308657 2.873042
1.0726024 9.232042 3.1028855
1.0342952 9.155428 3.4093432
0.9193735 8.963891 3.562572
0.7661445 8.887277 3.4859576
0.57460845 8.69574 3.2561145
0.42137948 8.542511 2.9496565
0.3064578 8.542511 2.6815062
0.2681506 8.542511 2.528277
0.34476504 8.695741 2.3750482
0.49799395 8.848969 2.1452045
0.7661445 9.078814 1.8770541
1.0342951 9.193735 1.6472107
1.2641385 9.385271 1.4556746
1.4173675 9.576807 1.4556746
1.4556746 9.576807 1.532289
1.3790601 9.5385 1.532289
1.2258313 9.461885 1.6089036
1.1109096 9.232042 1.532289
0.9959879 9.040505 1.4939818
0.9576807 8.963891 1.4173675
0.9959879 8.810662 1.1109096
1.0342951 8.810662 0.80445176
1.1875241 8.925584 0.57460845
1.4173673 9.11712 0.6512228
1.6855179 9.500192 0.9959879
1.9153613 9.921572 1.5705963
2.030283 10.457873 2.2601264
1.8770542 10.457873 2.4133554
1.6089035 10.304644 2.4516625
1.3024457 10.113108 2.4516625
0.95768064 9.959879 2.2984335
0.6512228 9.730036 2.0685902
0.49799395 9.576807 1.8004396
0.5363012 9.5385 1.7238252
0.68953013 9.500193 1.685518
0.9959879 9.653421 1.685518
1.4173675 9.844957 1.685518
1.7621324 10.036493 1.5322891
2.1452045 10.304644 1.4939818
2.3367407 10.496181 1.4556746
2.2601264 10.457873 1.4173675
2.0685902 10.304644 1.4556746
1.7238252 9.921572 1.4556746
1.3790601 9.461885 1.532289
1.1109096 9.117121 1.6855179
0.9576807 8.695741 1.877054
0.91937345 8.427589 2.0685902
1.0342951 8.312668 2.183512
1.2641385 8.312668 2.2218192
1.6089034 8.542511 2.1452048
1.9919758 9.002198 2.030283
2.4133554 9.576806 1.8770542
2.7964275 10.151415 1.5705963
3.064578 10.496181 1.340753
3.1794996 10.649409 1.2641385
3.064578 10.496181 1.2641385
2.834735 10.342951 1.4939818
2.4899697 10.113108 1.6472108
2.1452048 9.691729 1.8387468
1.8387468 9.308657 2.1452048
1.532289 8.84897 2.719813
1.1492168 8.580819 3.3327286
0.8044518 8.427589 3.8307226
0.4213795 8.312668 4.098873
0.11492168 8.274361 3.9073372
-0.038307227 8.312668 3.6008794
-0.22984335 8.427589 3.026271
-0.30645782 8.542512 2.528277
-0.38307226 8.580819 1.9919758
-0.4213795 8.619126 1.4173673
-0.38307226 8.542512 1.2641385
-0.34476507 8.504205 1.1492168
-0.30645782 8.580819 1.2641385
-0.38307226 8.580819 1.6089035
-0.42137948 8.772355 2.030283
-0.53630114 9.11712 2.528277
-0.6512228 9.423578 3.064578
-0.6512228 9.691729 3.4476504
-0.7661445 9.80665 3.4859576
-0.8044517 9.768343 3.371036
-0.8044517 9.80665 3.064578
-0.8044517 9.959879 2.7964277
-0.68953 10.189722 2.6815062
-0.57460845 10.419566 2.6431985
-0.45968673 10.457872 3.1028855
-0.49799398 10.381258 3.3327289
-0.5746084 10.266336 3.5625722
-0.6895301 10.228029 3.6391866
-0.80445176 10.189722 3.6391866
-0.91937345 10.036493 3.6008792
-0.99598795 9.80665 3.562572
-1.1109096 9.500193 3.6774938
-1.1875241 9.232041 3.7541082
-1.2258313 9.040505 3.9456444
-1.3024457 9.002198 4.1754875
-1.3024457 9.11712 4.2904096
-1.2641385 9.308657 4.367024
-1.2258313 9.5385 4.252102
-1.2258313 9.691729 4.098873
-1.2641385 9.653421 3.8307228
-1.4556746 9.500193 3.524265
-1.7238252 9.308657 3.3710358
-1.9919759 9.155427 3.1028855
-2.4133554 9.002198 3.1028855
-2.7964277 8.887277 3.2944217
-3.1411924 8.887277 3.6008792
-3.4093432 8.963891 4.175488
-3.4476504 9.078813 4.6351748
-3.5242648 9.11712 4.8267107
-3.6774938 9.078813 4.6351743
-3.9073372 8.925584 4.060566
-4.2137947 8.772355 3.4476504
-4.481945 8.695741 2.9879637
-4.6351748 8.580819 2.7581203

