-4.7500963 8.619126 2.681506
-4.7884035 8.772355 2.6048913
1.0726024 9.308657 3.1411927
1.3790601 9.691729 3.2944217
1.3024457 9.615114 3.3327289
1.6472108 9.844957 3.7541084
1.685518 9.768343 4.060566
1.8004396 9.844957 4.213795
1.8004396 9.80665 4.2904096
1.6472108 9.653421 4.2137947
1.4939818 9.461885 4.098873
1.340753 9.346964 3.86903
1.2641385 9.232041 3.7924156
1.340753 9.270349 3.7158012
1.4173673 9.346963 3.6774938
1.4556746 9.385271 3.6008794
1.4939818 9.423578 3.4476504
1.3790601 9.423578 3.4476504
1.3024458 9.423578 3.5242648
1.2258313 9.461885 3.715801
1.0342951 9.461885 3.9073372
0.95768064 9.385271 3.9456444
0.80445176 9.308657 3.86903
0.6512228 9.193735 3.86903
0.6512228 9.193735 3.8307228
0.6895301 9.308657 3.7541082
0.7661445 9.461885 3.715801
0.95768064 9.691729 3.6008792
1.0726023 9.844957 3.4859576
1.1875241 9.921572 3.4476504
1.2258313 9.959879 3.371036
1.1875241 9.921572 3.371036
1.1109096 9.844957 3.4476504
0.9193735 9.730036 3.6391864
0.8044518 9.615114 3.7924156
0.61291564 9.346963 3.86903
0.6512228 9.232041 3.715801
0.7661445 9.11712 3.7924154
0.9576807 9.155427 3.7924154
1.1109096 9.193735 3.6391864
1.2641385 9.308657 3.4859576
1.3790603 9.461885 3.1411927
1.3790603 9.500193 2.9113493
1.4173675 9.576807 2.6048915
1.4173675 9.653421 2.4133554
1.4173675 9.691729 2.3750482
1.4173675 9.730036 2.4133554
1.3790603 9.730036 2.7581205
1.2641385 9.615114 3.064578
1.0342951 9.423578 3.2561145
0.80445176 9.2703495 3.371036
0.49799395 9.002198 3.2944214
0.34476504 8.887277 3.4093432
0.38307226 8.925584 3.4476504
0.5746084 9.11712 3.4476504
0.9193734 9.423578 3.4859576
1.187524 9.653421 3.2944214
1.4173673 9.883265 3.1411927
1.4556746 9.998186 2.8730419
1.4173675 10.113108 2.6815057
1.3407531 10.151415 2.566584
1.1109096 10.0748005 2.6048913
0.8810662 9.844957 2.9496565
0.5746084 9.576807 3.2178073
0.15322891 9.2703495 3.4859576
-0.4213795 8.772355 3.5242648
-0.45968673 8.734048 3.4476502
-0.22984335 8.772355 3.3327286
0.15322888 8.925584 3.2944214
0.42137948 9.078813 3.217807
0.6512228 9.193735 3.1028855
0.80445176 9.385271 2.9113493
0.80445176 9.423578 2.7581203
0.7278373 9.500193 2.6048913
0.6512229 9.461885 2.6048913
0.5363012 9.346964 2.6048913
0.45968673 9.385271 2.528277
0.45968673 9.308657 2.5665843
0.49799395 9.155427 2.5665843
0.57460845 9.11712 2.719813
0.6512228 9.002198 2.9113493
0.6512228 8.963891 3.1028855
0.5746084 9.040505 3.371036
0.4213795 8.963891 3.5242648
0.30645782 8.887277 3.4093432
0.19153613 8.772355 3.217807
0.11492168 8.6574335 2.9496565
0.11492168 8.734048 2.719813
0.11492168 8.848969 2.719813
0.22984336 9.078813 2.8347347
0.34476504 9.385271 2.9496562
0.4213795 9.5385 3.1411924
0.34476504 9.730036 3.2561142
0.22984335 9.653421 3.217807
0.076614454 9.500193 3.064578
-0.15322891 9.2703495 2.9879637
-0.4213795 8.963892 2.8347347
-0.7278373 8.6574335 2.7581203
-0.9959879 8.465897 2.6431987
-1.1109097 8.389282 2.4133554
-1.0726024 8.389282 2.336741
-0.49799395 8.963891 2.2218192
-0.038307242 9.500192 2.3750482
0.38307226 10.0748005 2.528277
0.6895301 10.611102 2.6048913
0.7661445 10.802638 2.4899697
0.61291564 10.726024 2.336741
0.30645782 10.572794 2.1068974
0.03830722 10.304644 1.9153614
-0.22984336 9.921572 1.8770542
-0.49799395 9.500193 1.7621324
-0.6129156 9.040506 1.685518
-0.6129156 8.772355 1.7238252
-0.38307226 8.810662 1.7621324
0.19153614 9.155427 1.9919759
0.88106626 9.615114 2.2601266
1.4556746 10.036493 2.2984338
1.8004396 10.304644 2.183512
1.8770541 10.419566 1.8770542
1.685518 10.304645 1.4556746
1.3790603 10.113108 1.2258313
0.9959879 9.883265 1.0726024
0.5746084 9.500193 0.9576807
0.19153613 9.117121 0.9576807
-0.19153613 8.695741 0.9576807
-0.38307226 8.427589 1.0342951
-0.38307226 8.465898 1.4556746
0.0 8.810663 1.7238252
0.34476504 9.155428 2.030283
0.6512228 9.576807 2.2218192
0.7661446 9.844957 2.1068976
0.6512229 9.844957 1.9536687
0.4213795 9.653421 1.7238252
0.19153613 9.385271 1.5705963
-0.114921674 9.117121 1.4173673
-0.34476504 9.002198 1.2641385
-0.57460845 9.078813 1.1875241
-0.7661445 9.078813 1.3024458
-0.842759 9.155427 1.5705963
-0.9959879 9.155427 1.8770542
-1.1109096 8.963891 1.9919758
-1.2258313 8.848969 1.9536686
-1.2641385 8.734048 1.8387468
-1.2258313 8.772355 1.8387468
-1.1492168 8.963891 1.8770542
-1.0726024 9.193734 2.1068976
-1.0726024 9.385271 2.3750482
-1.1109097 9.576807 2.5282772
-1.1875241 9.691729 2.834735
-1.3407528 9.768343 3.1028855
-1.685518 9.883265 3.6774938
-1.8387469 9.921572 3.9839516
-1.9919758 9.959879 4.4436383
-2.1068974 9.844957 4.55856
-2.2218194 9.730036 4.596867
-2.336741 9.653421 4.5202527
-2.2984338 9.615114 4.3670235
-2.1452048 9.615114 4.252102
-1.9536686 9.768343 3.9839516
-1.7238252 9.844957 3.86903
-1.5705963 9.998186 3.715801
-1.532289 10.113108 3.5242648
-1.6472108 10.0748005 3.4476504
-1.9919758 10.036493 3.3327286
-2.4516625 9.80665 3.217807
-2.9879637 9.500193 3.1411927
-3.4093432 9.232042 3.1411927
-3.6008794 9.078813 3.1411927
-3.562572 9.078813 3.2561142
-3.2561142 9.308657 3.5242648
-2.9113493 9.5385 3.7541082
-2.6431987 9.730036 3.86903
-2.5665843 9.844957 3.715801
-2.6431987 9.80665 3.2944214
-2.7581203 9.768343 2.8730419
-2.9113493 9.768343 2.4899697
-3.0262709 9.844957 2.336741
-3.1411924 9.959879 2.4516625
-3.2944217 10.113108 2.566584
-3.4476504 10.189722 2.7581203
-3.6008792 10.189722 2.834735
-3.8307228 10.189722 2.873042

