-4.0222588 10.0748005 2.873042
-4.213795 9.883265 2.873042
0.4596867 9.308657 4.290409
0.49799395 9.193735 4.290409
0.68953013 9.193735 4.2137947
1.1492168 9.117121 4.252102
1.4556746 9.078814 4.1371803
1.3024457 8.925584 3.86903
1.187524 8.848969 3.4859576
1.187524 8.925584 3.2178073
1.3024457 9.078813 3.064578
1.4556746 9.193734 3.1028852
1.5705962 9.385271 3.371036
1.6089036 9.461885 3.5242648
1.4173673 9.270349 3.7158012
1.187524 9.040505 3.6008792
1.0342951 8.848969 3.4859576
0.9959879 8.810662 3.4093432
1.0726024 8.810662 3.2944214
1.3024458 9.040505 3.217807
1.6472107 9.346964 2.7964275
1.6855179 9.461885 2.528277
1.6089035 9.423578 2.2218192
1.6472108 9.232041 2.3750482
1.685518 9.11712 2.873042
1.6472108 9.078813 3.1794999
1.5705963 9.040505 3.3327289
1.4939818 8.963891 3.371036
1.4939818 8.925584 3.2178073
1.5322891 8.963891 3.0262709
1.6472108 9.040505 2.7964277
1.7621324 9.078813 2.528277
1.9153614 9.155427 2.4133554
2.030283 9.193735 2.4516625
2.1452045 9.346964 2.6048913
2.1452045 9.461885 2.7581203
2.1068974 9.461885 2.9113493
2.0685902 9.500193 3.1028855
1.9919758 9.423578 3.2561145
1.9919758 9.308657 3.371036
1.9153614 9.308657 3.562572
1.8004396 9.193735 3.6008794
1.6472107 9.155427 3.6008794
1.4939818 9.232041 3.7158012
1.4173673 9.193734 3.7158012
1.340753 9.193734 3.677494
1.2641385 9.155427 3.6008797
1.1492168 9.040505 3.4859576
1.0726024 8.925584 3.3327289
1.0726024 8.887277 3.2178073
1.1109096 8.887277 3.1794999
1.3024458 9.040505 3.1028852
1.4556746 9.270349 3.1794999
1.6089036 9.461885 3.409343
1.7238252 9.653421 3.5242648
1.685518 9.730036 3.6774938
1.5705962 9.691729 3.7541084
1.340753 9.615114 3.6391866
1.1875241 9.423578 3.5242648
0.9959879 9.155428 3.409343
0.8810662 9.002198 3.409343
0.8810662 8.925584 3.6008794
0.80445176 8.887277 3.9839518
0.8810662 9.040505 4.3670244
1.0342951 9.155427 4.6351748
1.2258313 9.346964 4.711789
1.7238252 9.615114 4.596867
1.8770542 9.653421 4.3670235
1.9153614 9.500193 4.098873
1.8387469 9.423578 3.715801
1.7238252 9.346964 3.2944214
1.6472107 9.385271 3.217807
1.5705963 9.423578 3.3710358
1.4939818 9.346964 3.7158008
1.1875241 9.11712 4.1371803
1.0726023 9.078813 4.060566
1.0342951 9.11712 3.9073372
1.0726024 9.232041 3.7924156
1.187524 9.38527 3.6391866
1.2641385 9.576807 3.4476504
1.3790601 9.768343 3.4093432
1.532289 9.998186 3.371036
1.6472107 10.113108 3.4093432
1.6089035 10.113108 3.3327289
1.37906 9.921572 2.873042
1.1492169 9.730036 2.6048915
1.0726024 9.5385 2.4899697
0.9193735 9.385271 2.566584
0.7661445 9.2703495 2.7964275
0.6512228 9.232042 3.1411927
0.57460845 9.346964 3.6774938
0.68953013 9.500193 4.098873
0.9193734 9.80665 4.4436383
1.2641385 10.189722 4.6734815
1.5705963 10.457872 4.6351743
1.685518 10.534487 4.367024
1.6089035 10.457872 3.9073372
1.3790601 10.189722 3.2944217
1.1109096 9.883265 2.8347347
0.80445176 9.615114 2.528277
0.4213795 9.346964 2.4133554
0.3830723 9.423578 2.5665843
0.45968673 9.615114 2.719813
0.5363012 9.730036 2.873042
0.49799395 9.921572 2.9496565
0.38307226 9.883265 3.0262709
0.15322891 9.691729 2.9496565
-0.114921674 9.308657 2.7964275
-0.34476504 8.925585 2.6048913
-0.49799395 8.695741 2.375048
-0.53630114 8.772355 2.2984335
-0.49799395 9.002198 2.2218192
-0.38307226 9.308657 2.2601266
-0.34476504 9.461885 2.4899697
-0.42137948 9.423578 2.6431985
-0.61291564 9.308657 2.9496565
-0.91937345 9.078814 3.1411927
-1.2258313 8.925584 3.1411927
-1.4939818 8.848969 3.0262709
-1.7238252 8.810662 2.834735
-1.8004398 8.925584 2.6431987
-1.838747 9.155428 2.5665843
-1.8004397 9.500193 2.528277
-1.7621324 9.844957 2.4899697
-1.8004397 10.036493 2.4899697
-1.8770542 10.113108 2.3750482
-2.030283 9.959879 2.3750482
-2.2601264 9.653421 2.4899697
-2.566584 9.308657 2.719813
-2.7964275 8.963891 3.0262709
-2.9879637 8.695741 3.2561145
-2.911349 8.734048 3.2944217
-2.719813 8.925584 3.1795
-2.3750482 9.308657 3.026271
-2.030283 9.768343 2.873042
-1.8004396 9.998186 2.681506
-1.6472108 10.228029 2.4516625
-1.6472108 10.228029 2.3750482
-1.6472108 9.998186 2.2984338
-1.685518 9.730036 2.4133554
-1.7621324 9.2703495 2.6431985
-1.9153614 8.810662 2.719813
-2.2218192 8.427589 2.7964275
-2.566584 8.121132 2.9496565
-2.8730419 7.967903 3.1411927
-3.1028852 7.929596 3.371036
-3.1794996 8.0445175 3.6008794
-3.1794996 8.236053 3.6774938
-3.1028852 8.580819 3.6391866
-2.9496565 8.772355 3.562572
-2.834735 8.848969 3.4093432
-2.834735 8.848969 3.1795
-2.873042 8.6574335 3.064578
-3.064578 8.619126 3.0262709
-3.1028852 8.6574335 3.1028852
-3.1794996 8.848969 2.9496565
-3.2561142 9.11712 2.7964277
-3.2944214 9.155427 2.7964277
-3.371036 9.078813 2.873042
-3.4093432 9.040505 3.0645783
-3.4093432 9.002198 3.217807
-3.4476504 9.002198 3.5242648

