-3.4859576 9.002198 3.7541082
-3.6774938 8.887277 3.9073372
0.6895301 8.772354 4.060566
1.1109096 8.887276 3.715801
1.9536686 9.155428 3.371036
2.2601264 9.002198 3.3327289
2.2218192 8.963891 3.562572
2.183512 9.002198 3.677494
2.2601264 9.040505 3.677494
2.3750482 9.193735 3.9073372
2.6048915 9.308657 4.0222588
2.873042 9.423578 4.060566
3.0262709 9.461885 3.86903
3.1794996 9.500193 3.6008792
3.1411924 9.500193 3.217807
2.9879637 9.385271 2.9496562
2.7581203 9.2703495 2.8730419
2.528277 9.11712 2.6815057
2.3367407 9.002198 2.7964277
2.1835117 9.002198 2.9496565
2.1068974 9.040505 3.064578
2.030283 9.078813 3.2944217
2.030283 9.155427 3.4476504
2.1068974 9.155427 3.5242648
2.183512 9.232042 3.677494
2.2601264 9.232042 3.7158012
2.221819 9.193734 3.562572
2.1068974 9.232041 3.371036
1.9536686 9.193734 3.2178068
1.838747 9.11712 3.1411924
1.7621324 9.040505 3.064578
1.7621324 9.002198 3.1028852
1.7621324 9.002198 3.064578
1.7621324 9.155428 3.1028852
1.8004397 9.346964 3.2561145
1.7621324 9.500193 3.4476504
1.7621324 9.5385 3.5242648
1.7621324 9.500193 3.4859576
1.7238252 9.423578 3.4476504
1.7621324 9.308657 3.2561142
1.8004397 9.232042 3.1794999
1.8004397 9.155427 3.1411927
1.8387469 9.078813 3.0262709
1.8770542 9.078813 2.9879637
1.9536686 9.155427 2.9496565
2.0685902 9.308657 3.1028855
2.2218192 9.461885 3.3327289
2.3367407 9.5385 3.6008794
2.336741 9.461885 3.7541084
2.030283 9.308657 3.5242648
1.8770541 9.193734 3.371036
1.8770541 9.193734 3.4476504
1.9153614 9.11712 3.371036
1.9919758 9.11712 3.4476504
2.1068974 9.155427 3.6391866
2.221819 9.193735 3.6774938
2.4133554 9.346964 3.715801
2.4133554 9.346964 3.5242648
2.2984335 9.346964 3.3327286
2.1452048 9.308657 3.1411927
1.9153614 9.193735 2.9879637
1.6089035 9.117121 2.9496565
1.3024457 8.887277 3.0262709
1.3407528 8.925584 3.3327286
1.532289 9.040505 3.5625722
1.685518 9.232042 3.8307228
1.7621325 9.2703495 3.9073372
1.7238252 9.2703495 3.7541082
1.6089035 9.232042 3.4859576
1.4173673 9.078813 3.1411927
1.2641385 9.078813 2.834735
1.2258313 9.078813 2.681506
1.1875241 9.002198 2.7964275
1.3024457 9.078813 3.1028852
1.3024457 9.040505 3.8307228
1.2258313 9.11712 4.0222588
1.0342951 9.155428 4.252102
0.80445176 9.155428 4.5585604
0.4213795 8.810663 4.8267107
0.2681506 8.580819 4.750096
0.19153613 8.42759 4.4819455
0.076614454 8.42759 4.098873
0.11492168 8.619126 3.754108
0.22984336 8.887278 3.3710358
0.49799395 9.2703495 3.1411927
0.9193735 9.844957 3.1028855
1.685518 10.534488 3.1411927
1.8004397 10.649409 2.8347347
1.6089036 10.342952 2.528277
0.9959879 9.730036 2.1835117
0.7278373 9.423578 2.4133554
0.57460845 9.078813 3.1794996
0.68953013 9.193735 3.562572
0.9193734 9.346964 3.7924156
1.532289 9.768343 3.5242648
1.7238252 9.768343 3.1411924
1.685518 9.576807 2.4899697
1.5322891 9.232042 1.8770541
1.2258313 8.695741 1.4173675
0.9193734 8.121132 1.0726024
0.7661445 7.8146744 1.1492168
0.9193734 8.0445175 1.4173673
1.340753 8.6574335 1.9536686
1.8770542 9.5385 2.4899697
2.336741 10.266336 2.9879637
2.3750482 10.49618 3.217807
2.1452048 10.457872 3.1411924
1.6472108 10.151415 3.0262709
1.0726023 9.730036 2.7581203
0.6512228 9.346964 2.4899697
0.34476504 8.963892 2.2984335
0.22984336 8.542512 1.9919758
0.26815057 8.350975 1.7621324
0.4213795 8.389282 1.6855179
0.72783726 8.657433 1.6855179
1.0342951 9.11712 1.8004396
1.2641385 9.500193 1.9536686
1.4173673 9.653421 2.030283
1.3024457 9.615114 1.9919758
1.1109096 9.423578 2.030283
0.95768064 9.193735 2.183512
0.80445176 8.963891 2.3750482
0.6895301 8.734048 2.566584
0.5746084 8.580819 2.7581203
0.4213795 8.542512 2.873042
0.22984336 8.6574335 3.1028855
0.15322891 8.848969 3.4093432
0.11492168 9.117121 3.6774938
0.076614454 9.385271 3.8307228
0.076614454 9.5385 3.9839516
0.038307227 9.576807 3.9073372
-0.076614454 9.500193 3.6391866
-0.15322891 9.346964 3.2944214
-0.22984336 9.232041 2.8730419
-0.26815057 9.232041 2.681506
-0.22984335 9.346964 2.681506
-0.22984335 9.461885 2.7581203
-0.45968673 9.691729 2.9496565
-0.7278373 9.730036 3.1794999
-0.9959879 9.691729 3.4859576
-1.2641385 9.653421 3.7158012
-1.4173675 9.5385 3.86903
-1.532289 9.423578 3.8307228
-1.5705962 9.385271 3.8307228
-1.4939818 9.385271 4.0222588
-1.340753 9.5385 4.1754875
-1.1492168 9.730036 4.3287163
-1.0342952 9.921572 4.290409
-1.0342952 10.036493 4.060566
-1.1875241 9.959879 3.6391864
-1.3790603 9.883265 3.2561142
-1.685518 9.730036 2.9496565
-1.9919758 9.653421 2.834735
-2.2984338 9.691729 2.873042
-2.7198133 9.653421 3.1028855
-3.1028852 9.691729 3.5242648
-3.371036 9.730036 3.9456446
-3.6008792 9.768343 4.481946
-3.6774938 9.80665 4.9033256
-3.6391866 9.844957 5.2480903

