1.1492169 8.963891 4.750096
1.5322891 8.925584 4.060566
1.7621324 9.040505 3.7541084
2.1068974 9.117121 3.7541084
2.413355 9.385271 3.7158012
2.413355 9.500193 3.7158012
2.528277 9.653421 3.7541084
2.681506 9.80665 3.8307228
2.7964277 9.959879 3.7924156
2.7964277 9.998186 3.6008792
2.681506 9.921572 3.2561142
2.4516625 9.768343 2.873042
2.1452048 9.500193 2.528277
1.8770541 9.346964 2.2218194
1.7238252 9.308657 2.183512
1.7238252 9.2703495 2.183512
1.7621324 9.385271 2.4133554
1.8770542 9.5385 2.6815057
1.9536686 9.576807 2.834735
1.9536686 9.653421 2.9879637
1.9536686 9.653421 3.1028855
1.9536686 9.576807 3.2944214
1.9536686 9.500193 3.3710358
1.9536686 9.461885 3.4859576
1.9536686 9.385271 3.6008797
1.8770541 9.308657 3.562572
1.8004396 9.193735 3.6008792
1.7621324 9.155428 3.6008792
1.8004397 9.232042 3.562572
1.8770542 9.2703495 3.677494
1.9536686 9.385271 3.7541084
1.8770541 9.308657 3.6774938
1.7238252 9.193735 3.5242648
1.532289 9.155427 3.3327286
1.4556745 9.155427 3.1794996
1.4939818 9.232042 3.1411924
1.6089036 9.423578 3.217807
1.7621324 9.461885 3.2561142
1.7621324 9.5385 3.4476504
1.7621324 9.576807 3.7541084
1.6472108 9.500193 3.9839516
1.5705965 9.5385 4.213795
1.4939818 9.461885 4.213795
1.3790603 9.346964 4.060566
1.3790603 9.193735 3.7158012
1.3407528 9.11712 3.2944217
1.37906 9.11712 3.026271
1.5705962 9.232042 2.834735
1.7238252 9.423578 2.9113493
1.8770541 9.653421 3.0262709
2.030283 9.768343 3.1411927
2.0685902 9.844957 3.371036
2.030283 9.844957 3.4093432
1.9536686 9.653421 3.4859576
1.8004396 9.500193 3.5242648
1.6089035 9.346963 3.4859576
1.4939818 9.193734 3.5242648
1.4173673 9.155427 3.5242648
1.3790601 9.040505 3.5625722
1.4173673 8.963891 3.4476504
1.4939818 8.963891 3.2944214
1.6472107 8.887277 3.1794999
1.8387469 9.002198 3.0262709
1.9536686 9.078813 2.873042
2.030283 9.232041 2.719813
1.9919758 9.346963 2.6048915
1.7621324 9.346963 2.48997
1.4939818 9.270349 2.5665843
1.187524 9.040505 2.7964277
0.8810662 8.887277 3.1794999
0.7661445 8.848969 3.6391866
0.72783726 8.963892 4.098873
0.7661445 9.078814 4.481946
0.84275895 9.2703495 4.481946
0.8810662 9.308657 4.3287168
0.842759 9.270349 3.9839516
0.7278373 9.232041 3.5242648
0.53630114 9.11712 3.141193
0.34476504 9.078813 2.7964277
0.15322891 9.117121 2.528277
0.0 9.155428 2.528277
-0.11492168 9.117121 2.6815057
-0.2681506 9.040506 2.9113493
-0.4213795 8.848969 3.3327289
-0.53630114 8.6574335 3.562572
-0.53630114 8.619126 3.8307228
-0.38307226 8.734048 4.2137947
-0.114921674 9.002199 4.6351748
0.15322891 9.346964 5.094861
0.22984336 9.5385 5.3630123
0.15322891 9.615114 5.324705
-0.038307227 9.576807 4.9416323
-0.2681506 9.500193 4.481946
-0.4213795 9.423578 4.2137947
-0.5746084 9.308657 4.0222588
-0.6895301 9.155427 3.9839516
-0.8810662 8.925584 3.86903
-1.0342951 8.772355 3.8307228
-1.1875241 8.619126 3.8307228
-1.3024458 8.504205 4.0222588
-1.2641386 8.542512 4.4436383
-1.1492168 8.6574335 4.7884035
-0.9576807 8.925584 5.094861
-0.80445176 9.193735 5.209783
-0.80445176 9.308657 5.1331687
-0.99598783 9.2703495 4.9416327
-1.3024457 8.925584 4.673482
-1.6472108 8.504204 4.5202527
-1.838747 8.197746 4.6351743
-1.8770542 8.0445175 5.133168
-1.7238252 8.0445175 5.899313
-1.4556746 8.159439 6.397307
-1.1492169 8.274361 6.5505357
-0.842759 8.236053 6.0142345
-0.57460845 8.350975 5.094861
-0.34476504 8.542511 4.2137947
-0.26815057 8.734047 3.6008794
-0.22984335 9.11712 3.4476504
-0.30645782 9.346964 3.524265
-0.45968673 9.461885 3.8307228
-0.6895301 9.423578 4.0222588
-0.9959879 9.117121 4.060566
-1.3407528 8.810662 4.098873
-1.6472107 8.504204 4.060566
-1.8770541 8.465897 4.0222588
-2.030283 8.619125 4.252102
-2.0685902 8.848969 4.5202527
-2.0685902 9.117121 4.7500963
-1.9919758 9.2703495 5.1714754
-1.8770541 9.346964 5.3630114
-1.8770541 9.423578 5.4396267
-1.8770541 9.461885 5.6311626
-1.9153614 9.385271 5.5545483
-2.030283 9.232042 5.5162406
-2.0685902 8.963892 5.4779334
-2.1068974 8.6574335 5.1714754
-2.1452048 8.542512 4.9799395
-2.183512 8.504205 4.6734815
-2.2218192 8.619126 4.4436383
-2.183512 8.848969 4.520253
-2.1068974 8.925584 4.673482
-1.9536686 9.040505 4.9799395
-1.6472107 9.11712 5.401319
-1.6472107 9.078813 5.171476
-1.6855179 9.002198 4.673482
-1.8387469 8.848969 4.0222588
-1.9536686 8.6574335 3.371036
-2.0685902 8.580819 2.9496565
-2.183512 8.504205 2.681506
-2.2601264 8.465898 2.6431987
-2.4516625 8.465898 2.7964275
-2.6048913 8.42759 3.064578
-2.7964275 8.350975 3.4859576
-3.026271 8.197746 3.7924154
-3.1795 8.0445175 3.9456444
-3.2178073 7.8912888 4.060566
-3.2178073 7.8912888 4.060566
-3.064578 8.121132 4.0222588
-2.9113493 8.465897 3.9839516
-2.834735 8.887277 3.86903
-2.7581203 9.232041 3.6008794
-2.8347347 9.461885 3.4093432
-3.0262709 9.576807 3.3327289
-3.2561145 9.5385 3.1028852

