-3.562572 9.423578 3.0262709
-3.86903 9.2703495 2.9879637
-4.098873 9.078813 3.1411924
1.3790603 9.385271 4.098873
1.4939818 9.5385 4.2137947
1.7621324 9.308656 4.4436383
1.7238252 9.040505 4.5968676
1.9919758 9.040505 4.7884035
2.0685902 9.002198 4.6351748
2.030283 8.810662 4.55856
1.9536686 8.619126 4.2521024
1.9536686 8.619126 3.9073372
2.030283 8.619126 3.754108
2.1452045 8.772355 3.6008792
2.2601264 8.925584 3.5242648
2.2601264 9.002198 3.6008792
2.2218192 9.078813 3.6391866
2.1452048 9.078813 3.6008794
2.0685902 9.040505 3.6774938
2.030283 9.040505 3.524265
1.9919758 9.078813 3.4093432
1.9919758 9.078813 3.371036
1.9919758 9.155427 3.3327289
1.9919758 9.193734 3.4093432
2.030283 9.308657 3.4476504
2.030283 9.423578 3.4859576
1.9919758 9.500193 3.5242648
1.9536686 9.5385 3.4859576
1.8387469 9.461885 3.5625722
1.7238252 9.385271 3.6391866
1.5322891 9.232042 3.715801
1.340753 9.002198 4.0222588
1.1875241 8.848969 4.1754875
1.0726024 8.772355 4.252102
1.1109096 8.734048 4.252102
1.2258313 8.810662 4.098873
1.4939818 8.925584 3.9839516
1.8004396 9.078814 3.86903
2.0685902 9.308657 3.7924156
2.2984335 9.500193 3.6391866
2.3367407 9.5385 3.4093432
2.2984335 9.500193 2.9496565
2.2601264 9.308657 2.6431987
2.2218192 9.193735 2.566584
2.2601264 9.232042 2.6431987
2.3750482 9.308657 3.2944217
2.4516625 9.576807 3.8307228
2.4133554 9.653421 4.2137947
2.2218194 9.615114 4.5202527
1.991976 9.500193 4.4436383
1.7621324 9.232042 4.405331
1.6472108 9.11712 4.3287163
1.6089036 9.040505 4.2137947
1.4939818 9.040505 3.9839516
1.4556746 9.11712 3.7924156
1.5705962 9.423578 3.7158012
1.8387468 9.576807 3.9456444
2.0685902 9.80665 4.1371803
2.2218192 9.883265 4.405331
2.2218192 9.921572 4.5968676
2.0685902 9.844957 4.7500963
1.8387468 9.653421 4.8267107
1.6089036 9.500193 4.903325
1.4556746 9.346964 4.9416323
1.3790601 9.270349 4.865018
1.4556746 9.270349 4.7884035
1.5705963 9.308656 4.7500963
1.7238252 9.346964 4.711789
1.8387469 9.423578 4.673482
1.8770542 9.423578 4.6351748
1.6472108 9.232042 4.290409
1.5322891 9.11712 4.252102
1.4556746 9.040505 4.3287163
1.4556746 9.040505 4.596867
1.532289 9.155427 4.9416323
1.532289 9.155427 4.903325
1.5705963 9.155427 4.673482
1.7621324 9.155427 4.405331
2.1452045 9.193735 3.6391866
2.221819 9.078814 3.3710358
2.1068974 8.925585 3.409343
1.9536686 8.619126 3.6391864
1.685518 8.465897 3.9839516
1.4173675 8.236053 4.367024
1.1109097 7.967903 4.5585604
0.7661446 7.8529816 4.520253
0.49799395 7.6614456 4.367024
0.34476507 7.546524 3.9839516
0.34476507 7.584831 3.6391864
0.61291564 7.776367 3.4859576
0.9576807 8.082825 3.2944217
1.2641385 8.504205 3.2561145
1.5705963 8.963891 3.1794996
1.5322891 9.040505 3.2944217
1.4173673 9.040505 3.4859576
1.2258313 8.963891 3.9073372
0.91937345 8.810662 4.4436383
0.88106626 8.772355 4.6734815
0.88106626 8.848969 4.6734815
0.9576807 9.002199 4.55856
1.1875241 9.461885 3.86903
1.2258313 9.653421 3.6008792
1.1492168 9.80665 3.4476504
0.9959879 9.768343 3.4859576
0.7278373 9.691729 3.4476504
0.5363012 9.653421 3.5242648
0.34476504 9.500193 3.86903
0.2681506 9.500193 4.1754875
0.19153613 9.461885 4.481946
0.11492168 9.346964 4.5968676
0.076614454 9.232041 4.405331
-0.038307227 9.002198 4.2137947
-0.076614454 8.925584 3.9839516
-0.11492168 8.848969 3.7541084
-0.11492168 8.848969 3.7158012
-0.038307227 8.925584 3.6391866
0.038307227 8.810662 3.562572
0.15322891 8.772355 3.4476504
0.11492168 8.695741 3.2561145
0.11492168 8.734048 3.3327289
0.15322891 8.848969 3.6008797
0.2681506 9.117121 3.86903
0.45968673 9.576807 4.252102
0.57460845 9.959879 4.405331
0.61291564 10.189722 4.2904096
0.5363012 10.189722 3.9839516
0.38307226 10.0748005 3.6008794
0.30645782 9.998186 3.3710358
0.22984336 9.80665 3.1028855
0.15322891 9.768343 2.987964
0.038307227 9.730036 2.987964
-0.15322891 9.576807 2.9496565
-0.49799395 9.461885 3.2561145
-0.6512228 9.2703495 3.4093432
-0.7278373 9.155427 3.4859576
-0.842759 9.078813 3.5242648
-0.842759 9.117121 3.5242648
-0.7661445 9.346964 3.6774936
-0.7661445 9.576807 3.8307228
-0.72783726 9.730036 3.9839516
-0.72783726 9.844957 4.0222588
-0.80445176 9.80665 3.7924154
-0.91937345 9.80665 3.4093432
-0.99598795 9.730036 2.873042
-1.0342952 9.576807 2.566584
-1.0342952 9.346964 2.4516625
-0.9959879 9.11712 2.6048913
-1.0342951 9.040505 3.1411924
-1.1492168 9.040505 3.6774936
-1.1875241 9.193734 4.2904096
-1.1875241 9.38527 4.8267107
-1.1492169 9.423578 5.056554
-0.9959879 9.461885 4.6351743
-0.8810662 9.423578 4.060566
-0.7661445 9.5385 3.4093432
-0.6512228 9.615114 2.873042
-0.61291564 9.5385 2.6431985
-0.68953 9.423578 2.6815057
-0.842759 9.232042 3.1794996
-0.9576807 9.11712 3.9456444
-1.1492168 9.040505 4.711789
-1.4556746 8.963891 5.401319
-1.6089036 8.848969 5.133168
-1.685518 8.772355 4.596867
-1.7621324 8.734048 3.6774936
-1.7621324 8.848969 3.3710358
-1.8004396 9.078813 3.2561142
-1.838747 9.270349 3.1794999
-1.8770542 9.346964 3.2561142
-2.0685902 9.308657 3.371036
-2.2601266 9.040506 3.371036
-2.3750482 8.848969 3.371036
-2.6815057 8.619126 3.2178073
-3.0262709 8.504205 2.987964
-3.3327289 8.619126 2.987964

