-3.6008794 8.810662 2.987964
1.9153614 9.423578 4.1754875
2.4133554 9.193735 4.252102
2.6431985 8.84897 4.1754875
3.0262709 8.734048 4.0222588
3.0262709 8.389282 4.060566
2.9879637 8.236053 4.1754875
3.0645783 8.236053 4.252102
3.217807 8.350975 4.405331
3.4093432 8.619125 4.4436383
3.6391866 8.848969 4.290409
3.7924156 8.963891 3.9073372
3.9073372 9.078813 3.4859576
3.9073372 9.078813 3.1028855
3.7924156 9.002198 2.7964277
3.715801 9.002198 2.834735
3.6008792 8.963891 2.9496567
3.5242648 8.963891 3.1795
3.4476504 8.963891 3.3327289
3.3327289 9.002198 3.4093432
3.2944217 9.002198 3.371036
3.2561142 9.040505 3.3327289
3.2561142 9.078813 3.2944217
3.1794999 9.11712 3.2944217
3.1028852 9.155427 3.3327289
2.9879637 9.155427 3.2944217
2.873042 9.193734 3.4476504
2.7964275 9.155427 3.4859576
2.6431987 9.078813 3.6774936
2.566584 9.078813 3.9456444
2.528277 9.11712 4.098873
2.566584 9.232041 4.2904096
2.566584 9.308656 4.2521024
2.566584 9.270349 4.0222588
2.4516625 9.270349 3.7924156
2.2218192 9.232042 3.3327289
2.1452048 9.346964 3.2944217
2.1452048 9.423578 3.4093432
2.030283 9.500193 3.6008797
1.9919758 9.500193 3.7541084
1.8770542 9.461885 3.9839516
1.7621324 9.385271 4.0222588
1.7621324 9.308657 4.0222588
1.7621324 9.193735 4.0222588
1.8004397 9.155427 3.86903
1.9153614 9.155427 3.6774938
2.0685904 9.232041 3.6391866
2.2218192 9.346964 3.5625722
2.3750482 9.423578 3.5625722
2.4133554 9.423578 3.7158012
2.2984335 9.423578 3.7541084
2.1452045 9.346964 3.7541084
1.9536686 9.232041 3.8307228
1.8004396 9.155427 3.7924156
1.7621324 9.078813 3.86903
1.838747 9.040505 3.9839516
1.9919758 9.078813 3.9456444
2.183512 9.078813 4.0222588
2.2984335 9.078813 3.86903
2.2984335 9.155427 3.6391866
2.2601264 9.11712 3.4093432
2.1452045 9.078813 3.1411927
2.030283 9.040505 2.9879637
1.9153614 8.925584 2.9879637
1.8004398 8.963891 3.1794999
1.7238252 9.040505 3.4476504
1.685518 9.193734 3.8307226
1.6472108 9.308657 4.1371803
1.532289 9.2703495 4.290409
1.3407528 9.193735 4.290409
1.1492169 8.925584 4.1754875
0.95768064 8.772355 3.9456444
0.8810662 8.734048 3.8307228
0.9959879 8.734048 3.7924156
1.1109096 8.925584 3.7541084
1.340753 9.078813 3.9073372
1.5705963 9.155427 3.9073372
1.5705963 9.346964 3.9839516
1.6472108 9.423578 3.8307226
1.5705963 9.423578 3.6008792
1.4173675 9.423578 3.409343
1.3024457 9.232042 3.217807
1.1109096 9.040505 3.2944214
1.0342951 8.925584 3.4859576
0.9576807 8.848969 3.7924156
0.9576807 8.925584 4.1371803
0.9576807 9.078813 4.5202527
0.91937345 9.193735 4.711789
0.8810662 9.2703495 4.7884035
0.91937345 9.346964 4.596867
0.99598795 9.423578 4.1754875
1.0726024 9.461885 3.754108
1.1875241 9.461885 3.409343
1.1875241 9.385271 3.2944214
1.1109096 9.270349 3.4476502
1.0342951 9.232041 3.6391866
1.0342951 9.308657 3.7924156
1.1109096 9.385271 3.9839516
1.1875241 9.423578 4.098873
1.1492168 9.385271 4.3287168
0.9576807 9.2703495 4.290409
0.7278373 9.193734 4.1371803
0.5363012 8.963891 3.9456444
0.22984335 8.580818 3.6391869
0.2681506 8.542511 3.677494
0.4213795 8.734047 4.2137947
0.57460845 8.963891 4.3670235
0.61291564 9.040505 4.4436383
0.6512228 9.040505 4.3287168
0.61291564 9.040505 4.1754875
0.45968673 8.963891 3.9839516
0.30645782 8.848969 3.86903
0.11492168 8.734048 3.7541084
-0.076614454 8.580819 3.677494
-0.22984336 8.350975 3.86903
-0.15322891 8.312668 4.1754875
0.076614454 8.542511 4.55856
0.4213795 8.887277 4.903325
1.1875241 9.959879 5.1714754
1.3024458 10.304645 4.903325
1.2258313 10.342952 4.4819455
0.6895301 9.998187 3.9073372
0.15322891 9.500193 3.371036
-0.2681506 8.963891 3.2178073
-0.53630114 8.580819 3.2178073
-0.45968673 8.465898 3.5242648
-0.22984336 8.580819 3.6391869
0.038307227 8.84897 3.6008797
0.30645782 9.193735 3.4476504
0.61291564 9.615114 3.1028857
0.8810662 9.921572 2.873042
1.0342951 10.0748005 2.566584
0.9959879 10.113108 2.336741
0.842759 9.959879 2.183512
0.57460845 9.730036 2.183512
0.2681506 9.423578 2.4133554
0.038307227 9.078814 2.6815057
-0.22984335 8.963891 3.217807
-0.42137948 8.963891 3.6774938
-0.7278373 9.232042 4.3670235
-0.842759 9.2703495 4.3287163
-0.9959879 9.193734 4.1754875
-1.1109096 9.078813 3.7924154
-1.3024457 8.963891 3.217807
-1.2641385 9.078813 3.0262709
-1.187524 9.346964 3.1028852
-1.187524 9.615114 3.2561145
-1.187524 9.844957 3.4093432
-1.2641385 9.998186 3.7924156
-1.4556746 9.921572 3.9456444
-1.4556746 9.80665 3.9073372
-1.4939818 9.730036 3.562572
-1.4556746 9.576807 3.3327286
-1.4556746 9.576807 3.1411927
-1.5322891 9.576807 3.064578
-1.5322891 9.461885 3.1411927
-1.6089036 9.423578 3.2561145
-1.6472108 9.308657 3.371036
-1.7238252 9.11712 3.5625722
-1.8770542 9.002198 3.6008794
-2.030283 8.963891 3.4476504
-2.1835117 8.925584 3.2561142
-2.2218192 9.040505 3.026271
-2.2601264 9.155428 2.9496565
-2.2218192 9.155428 2.9113493
-2.2218192 9.232042 2.873042
-2.2601264 9.193734 2.7964275
-2.2218192 9.193734 2.6048913
-2.2218192 9.2703495 2.6431985
-2.183512 9.385271 2.911349
-2.1452048 9.461885 3.217807
-2.183512 9.423578 3.6008794
-2.3750482 9.423578 3.677494
-2.681506 9.346964 3.6391869
-2.9879637 9.232042 3.4859576

