-3.2561142 9.117121 3.2561145
-3.4476504 8.887277 3.1411927
2.566584 9.117121 5.0182467
2.030283 8.848969 4.2904096
2.3750482 9.193734 4.213795
2.4516625 9.078813 3.7541084
2.4899697 9.155427 3.3327289
2.2218192 9.11712 2.9879637
1.8004396 8.963891 2.873042
1.6472107 8.887277 2.9496565
1.5705963 8.925584 3.1028852
1.5705963 8.925584 3.2561142
1.6472107 9.11712 3.409343
1.8004396 9.308657 3.562572
1.9153614 9.461885 3.6391866
1.9536686 9.5385 3.677494
1.9153614 9.5385 3.7541084
1.7238253 9.423578 3.7541084
1.5705963 9.308657 3.6774938
1.4556746 9.270349 3.524265
1.4556746 9.270349 3.4476504
1.4939818 9.385271 3.2944214
1.5705963 9.461885 3.2561142
1.6855179 9.576807 3.2944214
1.6855179 9.576807 3.371036
1.7621324 9.576807 3.6008794
1.7621324 9.615114 3.86903
1.7238252 9.615114 4.1371803
1.685518 9.615114 4.367024
1.5705963 9.500193 4.2904096
1.4939818 9.346964 4.2137947
1.3790601 9.193734 3.9839516
1.3024457 9.040505 3.7541082
1.3024457 9.040505 3.6774936
1.3024457 9.078813 3.7158008
1.3024457 9.193734 3.8307228
1.340753 9.308657 3.8307228
1.340753 9.461885 3.86903
1.4173675 9.576807 3.7541084
1.5322891 9.653421 3.7158012
1.6472108 9.768343 3.7924156
1.7621325 9.730036 3.8307228
1.8004397 9.768343 3.8307228
1.8004397 9.730036 3.7924156
1.7238252 9.730036 3.715801
1.6472107 9.730036 3.6774938
1.4939818 9.691729 3.7158012
1.340753 9.615114 3.7924156
1.1492169 9.423578 3.7924156
1.0342952 9.270349 3.8307228
1.0342952 9.155427 3.8307228
1.1109096 9.193734 3.8307228
1.2641385 9.2703495 3.8307228
1.340753 9.346964 3.7541084
1.340753 9.385271 3.6774936
1.2258313 9.423578 3.6391864
1.1109096 9.461885 3.715801
0.9959879 9.461885 3.715801
0.8810662 9.423578 3.715801
0.7278373 9.2703495 3.6774938
0.5746084 9.11712 3.6774938
0.38307226 8.925584 3.6774938
0.19153613 8.810662 3.6391866
0.15322891 8.695741 3.6774938
0.19153613 8.734048 3.6391866
0.34476504 8.848969 3.7158012
0.5746084 9.002198 3.8307228
0.7661445 9.308657 3.86903
0.9959879 9.768343 3.9839516
0.9959879 9.883265 3.9073372
0.9193734 9.80665 3.8307228
0.72783726 9.615114 3.7158012
0.49799395 9.2703495 3.524265
0.22984336 8.848969 3.4093432
-0.114921674 8.427589 3.2561142
-0.38307226 8.082825 3.1794996
-0.53630114 7.73806 3.4476504
-0.26815057 7.776367 3.677494
0.15322891 7.8912888 3.7924156
0.7661446 8.312668 3.7541084
1.7238252 9.346964 3.2561145
1.9919758 9.80665 2.873042
1.9153614 9.959879 2.681506
1.7238252 9.921572 2.6048915
1.3024457 9.615114 2.7964277
0.80445176 9.270349 3.141193
0.30645782 8.848969 3.7158012
-0.22984335 8.427589 4.137181
-0.53630114 8.082825 4.5202527
-0.72783726 7.8146744 4.7884035
-0.72783726 7.8146744 4.673482
-0.53630114 7.929596 4.55856
-0.22984335 8.274361 4.2137947
0.19153613 8.772354 3.6774938
0.6512229 9.232042 3.1028855
1.1109096 9.691729 2.4899697
1.4173675 10.0748005 1.9536686
1.5705963 10.228029 1.685518
1.5705963 10.228029 1.685518
1.4939818 10.228029 1.9153614
1.340753 10.151415 2.2601266
1.1492169 9.959879 2.834735
0.91937345 9.730036 3.2944217
0.61291564 9.461885 3.715801
0.34476504 9.155428 4.1371803
0.11492168 9.040505 4.290409
0.076614454 9.040505 4.367024
0.19153613 9.193734 4.405331
0.34476504 9.576807 4.2904096
0.53630114 9.95988 4.060566
0.61291564 10.304645 3.8307228
0.61291564 10.496181 3.562572
0.49799395 10.496181 3.4476504
0.30645782 10.419565 3.562572
-0.30645782 10.151415 3.9073372
-0.6129157 9.768343 4.098873
-1.3790601 8.963891 4.2137947
-1.8387469 8.619126 4.3287163
-1.9153614 8.619126 4.4053307
-1.7621325 8.925584 4.55856
-1.7621325 9.040505 4.3287168
-1.7621325 9.155427 4.137181
-1.8770542 9.155427 3.86903
-1.9919759 9.040505 3.6391866
-2.0685904 8.925584 3.4859576
-2.1452048 8.810662 3.2561142
-2.183512 8.734048 3.1794999
-2.2218192 8.6574335 3.3710358
-2.2601264 8.619126 3.715801
-2.336741 8.542512 4.1371803
-2.3750482 8.542512 4.443638
-2.3750482 8.619126 4.405331
-2.3367407 8.772355 4.2137947
-2.3367407 8.810662 3.86903
-2.3367407 8.848969 3.5242648
-2.3367407 8.925584 3.4476504
-2.3367407 8.963891 3.562572
-2.413355 9.38527 4.213795
-2.413355 9.461885 4.55856
-2.4899697 9.576807 4.7884035
-2.5665843 9.615114 4.903325
-2.7581203 9.5385 4.865018
-3.026271 9.500193 4.6351748
-3.1794999 9.346964 4.175488
-3.3327286 9.193735 3.7158012

