-3.3710358 9.040505 3.2561145
2.3367407 9.002198 3.4859576
2.8347347 9.078814 3.2561142
2.9879637 9.193735 3.5242648
2.873042 8.925584 3.6008792
2.7964277 8.619126 3.7158012
2.7581203 8.6574335 3.2944217
2.7581203 8.6574335 3.0262709
2.9496565 8.848969 2.7964277
3.1028855 8.925584 2.9496565
3.2561142 9.002198 3.064578
3.371036 9.11712 3.2944214
3.5242648 9.11712 3.3327289
3.5242648 9.155427 3.371036
3.4859576 9.193734 3.2944217
3.3710358 9.155427 3.1794999
3.217807 9.11712 3.1411927
3.0645783 9.002198 3.1411927
2.873042 8.963891 3.217807
2.7198133 8.963891 3.217807
2.566584 9.11712 3.3710358
2.6431985 9.193734 3.409343
2.7964275 9.2703495 3.4476504
2.9496565 9.385271 3.371036
3.0262709 9.461885 3.4093432
2.9879637 9.461885 3.4859576
2.873042 9.461885 3.5242648
2.7581205 9.346964 3.4859576
2.6048915 9.193735 3.4476504
2.528277 9.078814 3.2944217
2.4516625 8.963891 3.1794999
2.3750482 8.925584 3.1411927
2.3750482 9.002198 3.0262709
2.3367407 9.078813 2.9879637
2.3367407 9.193735 2.873042
2.375048 9.232042 2.681506
2.413355 9.232042 2.5665843
2.566584 9.232042 2.48997
2.7581203 9.232042 2.4516625
2.9113493 9.2703495 2.6815062
3.064578 9.2703495 2.873042
3.1028852 9.308657 2.9879637
3.064578 9.2703495 3.1028855
2.9879637 9.193734 3.1411927
2.8730419 9.155427 3.1794999
2.7581203 9.078813 3.2561142
2.6431985 9.002198 3.4093432
2.566584 8.925584 3.371036
2.4516625 8.887277 3.371036
2.3750482 8.810662 3.2944217
2.3750482 8.810662 3.217807
2.4133554 8.848969 3.217807
2.528277 8.810662 3.217807
2.6431985 8.848969 3.217807
2.681506 8.963892 3.2561145
2.6431987 8.963892 3.2944217
2.48997 9.078814 3.3327289
2.3750482 9.117121 3.4093432
2.2601264 9.040505 3.3710358
2.2218192 9.11712 3.3327286
2.2218192 9.078813 3.217807
2.1452048 9.002198 3.217807
2.1068974 8.925584 3.2561145
2.030283 8.887277 3.3327289
1.9536686 8.848969 3.562572
1.8770542 8.925584 3.86903
1.8004398 9.002198 4.1754875
1.685518 9.078813 4.4053307
1.6089036 9.11712 4.443638
1.532289 9.155427 4.252102
1.4939818 9.193734 3.9839516
1.4939818 9.11712 3.7541084
1.4939818 9.232041 3.677494
1.5705963 9.308657 3.677494
1.6472108 9.385271 3.9456444
1.7621324 9.576807 4.1754875
1.8770542 9.5385 4.4436383
1.9153614 9.5385 4.711789
1.9153614 9.461885 4.7884035
1.8770542 9.346964 4.7884035
1.8004397 9.2703495 4.55856
1.7238252 9.155427 4.252102
1.685518 9.155427 3.9839516
1.685518 9.078813 3.715801
1.7238252 9.078813 3.4859576
1.7238252 8.925584 2.9496565
1.6089035 8.810662 2.9113493
1.4556745 8.6574335 2.987964
1.3790601 8.580819 3.2944217
1.3790601 8.6574335 3.6391866
1.4939818 8.848969 4.0222588
1.7238252 9.155427 4.367024
1.9919758 9.423578 4.5585604
2.2218192 9.730036 4.6351748
2.2984338 9.883265 4.3287168
2.183512 9.883265 3.86903
1.8770541 9.768343 3.2178073
1.4939818 9.5385 2.7581205
1.1492168 9.308657 2.528277
0.91937345 9.193734 2.6048913
0.842759 9.232041 3.064578
0.91937345 9.346964 3.5242648
1.0342951 9.500193 3.9456444
1.1875241 9.653421 4.213795
1.2641385 9.691729 4.175488
1.2258313 9.730036 3.8307228
1.1875241 9.80665 3.3327289
1.1109096 9.921572 2.7581203
0.9576807 10.036493 2.3367407
0.7661446 10.0748005 2.1835117
0.5363012 10.036493 2.2601264
0.26815057 9.883265 2.4899697
0.076614454 9.730036 2.7964277
-0.038307227 9.576807 3.1795
-0.15322891 9.346964 3.4476504
-0.26815057 9.155428 3.562572
-0.34476504 9.078814 3.5242648
-0.38307226 9.078814 3.3327286
-0.4213795 9.193735 3.064578
-0.38307226 9.308657 2.9113493
-0.38307226 9.2703495 2.7964275
-0.38307226 9.2703495 2.719813
-0.4213795 9.2703495 2.7964277
-0.5746084 9.193735 2.7964277
-0.7661445 9.078814 2.7581205
-1.1109096 8.810662 2.6048915
-1.4173675 8.542511 2.2984335
-1.5705965 8.389282 2.1452048
-1.532289 8.350975 2.183512
-1.3790601 8.389282 2.2984338
-1.187524 8.465898 2.5665843
-1.1109096 8.619126 2.6048915
-1.1875241 8.810662 2.4516625
-1.3024458 9.040506 2.4133554
-1.4556746 9.232042 2.4133554
-1.6472107 9.2703495 2.566584
-1.8004397 9.2703495 2.6815062
-1.838747 9.193734 2.7964277
-1.7238252 9.232041 2.7964277
-1.1875241 9.5385 3.026271
-0.99598795 9.730036 3.026271
-0.8810662 9.844957 2.911349
-0.80445176 9.883265 2.5665843
-0.7661445 9.959879 2.48997
-0.7661445 10.036493 2.6431987
-0.84275895 10.189722 2.681506
-0.9959879 10.113108 2.6431985
-1.2641385 9.921572 2.528277
-1.5705963 9.653421 2.528277
-1.8387469 9.385271 2.7198129
-2.030283 9.155427 2.9496565
-2.1452045 9.002198 3.3327289
-2.2218192 9.002198 3.6008792
-2.2218192 9.040505 3.7541084
-2.183512 9.155428 3.9456444
-2.1068974 9.2703495 4.0222588
-2.030283 9.423578 4.0222588
-2.0685902 9.500193 3.9456444
-2.1835117 9.500193 3.6774938
-2.336741 9.461885 3.3710358
-2.528277 9.232042 3.1794999
-2.6815057 9.117121 3.064578
-2.8347347 9.040505 3.217807
-2.9496565 9.002198 3.5242648
-3.0262709 9.040505 3.7924154
-3.1028852 9.002198 4.060566
-3.064578 8.963891 4.1371803
-3.064578 8.887277 4.0222588
-3.1028852 8.887277 3.86903
-3.1411927 8.887277 3.715801

