-3.2944217 8.887277 3.6391866
1.5705962 9.193734 4.865018
1.8387468 9.155427 4.7500963
2.2218192 9.002198 4.3287168
2.4899697 8.734048 3.7924156
2.9113493 8.848969 3.6774936
3.0262709 8.887277 3.9073372
3.1028852 8.963891 4.2904096
3.064578 9.002198 4.6734815
2.9879637 8.925584 4.903325
2.7581203 8.887277 4.7884035
2.528277 8.810662 4.5585604
2.413355 8.695741 4.2137947
2.3367407 8.772355 3.86903
2.4133554 8.734048 3.7541084
2.4516625 8.887277 3.6008792
2.4899697 9.078813 3.4476504
2.4899697 9.193735 3.4476504
2.4133554 9.423578 3.5242648
2.4133554 9.5385 3.7158012
2.3750482 9.691729 3.9456444
2.3750482 9.730036 4.098873
2.4133554 9.691729 4.1371803
2.3750482 9.615114 4.060566
2.4133554 9.500193 3.9456444
2.4133554 9.5385 3.86903
2.4899697 9.576807 3.8307228
2.6048913 9.653421 3.86903
2.719813 9.653421 3.8307228
2.7581205 9.576807 3.7924154
2.566584 9.346964 3.6008794
2.4516625 9.2703495 3.6391866
2.4133554 9.2703495 3.715801
2.4133554 9.308657 3.7924154
2.4899697 9.346964 3.9456444
2.528277 9.346964 4.0222588
2.528277 9.2703495 4.0222588
2.4899697 9.11712 4.0222588
2.4133554 9.002198 3.9073372
2.2984335 8.925584 3.7541082
2.2218192 8.810662 3.6391864
2.183512 8.695741 3.5242648
2.2218192 8.734048 3.6008792
2.3367407 8.772355 3.7541084
2.4516625 8.887277 3.9073372
2.5665843 9.117121 4.0222588
2.6431987 9.155428 4.0222588
2.6431987 9.193735 4.060566
2.6048915 9.232042 3.9456444
2.528277 9.078813 3.7924156
2.4516625 9.040505 3.6391864
2.3750482 8.925584 3.5242648
2.3750482 8.848969 3.677494
2.4899697 8.925584 4.0222588
2.566584 8.925584 4.3670244
2.6048913 9.002198 4.520253
2.4899697 8.963891 4.481946
2.2601264 8.887277 4.213795
2.030283 8.734048 3.9073372
1.9536686 8.580819 3.715801
2.0685902 8.542512 3.4476504
2.4516625 8.6574335 3.2561142
2.5665843 8.810662 3.2561142
2.5665843 9.002198 3.3327286
2.5665843 9.232042 3.4476504
2.528277 9.308657 3.562572
2.4516625 9.308657 3.4859576
2.3750482 9.232042 3.4859576
2.183512 9.002198 3.5242648
1.9919758 8.734047 3.5242648
1.8004397 8.580818 3.6391866
1.5705963 8.427589 3.7924156
1.4939818 8.427589 3.9839516
1.4939818 8.542512 4.2904096
1.5322891 8.6574335 4.4819455
1.8387469 8.887277 4.405331
1.9536686 9.002198 4.1371803
2.0685902 9.002198 3.9073372
2.0685902 9.002198 3.6391866
1.9919758 8.925584 3.4476504
1.7621324 8.810662 3.1794996
1.4173675 8.734048 3.1028852
1.0726023 8.6574335 3.1794999
0.6895301 8.542512 3.2944217
0.4596867 8.465898 3.677494
0.38307226 8.465898 3.9073372
0.45968673 8.734048 4.252102
0.57460845 8.963891 4.1754875
0.61291564 9.155427 4.060566
0.68953 9.232041 3.7924156
0.8044517 9.423578 3.562572
0.8810662 9.500193 3.4859576
0.9959879 9.615114 3.4476504
0.9959879 9.730036 3.7158012
0.842759 9.691729 3.9456444
0.61291564 9.653421 4.098873
0.34476504 9.5385 4.2904096
0.15322891 9.346964 4.2521024
0.11492168 9.232041 4.1371803
0.26815057 9.232041 4.0222588
0.6129156 9.500192 3.86903
1.0726024 9.998186 3.8307228
1.4556746 10.496181 3.8307228
1.685518 10.955868 3.715801
1.6472108 10.994175 3.5242648
1.340753 10.840945 3.2561145
0.91937345 10.419565 3.0645783
0.49799395 9.844957 3.1028855
0.076614454 9.385271 3.3327286
-0.2681506 8.925585 3.6391866
-0.57460845 8.542512 4.060566
-0.53630114 8.504205 4.060566
-0.34476504 8.580819 3.7924154
-0.114921674 8.772355 3.6008792
0.11492168 8.925584 3.2944217
0.30645782 9.193734 3.064578
0.22984336 9.232041 2.9113493
-0.30645782 8.772355 2.3750482
-0.91937345 8.082825 2.1452048
-1.1492168 7.8912888 2.3750482
-1.1492168 8.0445175 2.8347347
-0.9959879 8.542512 3.907337
-0.7661445 9.078814 4.3670235
-0.6512228 9.500193 4.520252
-0.45968673 9.921572 4.481945
-0.30645782 10.228029 4.2137947
-0.34476504 10.266336 3.562572
-0.45968673 10.151415 2.9113493
-0.7661445 9.883265 2.4133554
-1.1109096 9.576807 2.030283
-1.3407528 9.232041 2.2984335
-1.4939818 8.925584 2.7581203
-1.4939818 8.734048 3.3710358
-1.4939818 8.772355 4.175488
-1.4556746 8.887277 4.7500963
-1.4556746 9.155427 5.0948615
-1.4556746 9.423577 5.2863975
-1.3790601 9.5385 5.2480903
-1.2258313 9.730036 5.094861
-0.95768064 9.844957 4.903325
-0.6512228 10.0748005 4.596867
-0.38307226 10.266336 4.1754875
-0.19153613 10.342951 3.715801
-0.11492168 10.419565 3.3327286
-0.11492168 10.304644 2.987964
-0.19153613 10.113108 2.834735
-0.45968673 9.883265 3.026271
-0.8044517 9.500193 3.3327289
-1.2641385 9.155428 3.715801
-1.7238252 8.84897 4.060566
-2.0685902 8.6574335 4.098873
-2.260126 8.6574335 4.1371803
-2.2984338 8.695741 4.252102
-2.2984338 8.925584 4.405331
-2.336741 9.078813 4.405331
-2.4899697 9.11712 4.290409

