1.6089035 8.963891 4.060566
2.6431985 9.040505 3.6391866
3.1028852 9.11712 3.2944217
3.256114 9.346964 3.4093432
3.5242648 9.653421 3.0645783
3.4859576 9.653421 2.9113493
3.4093432 9.615114 2.7581203
3.2944217 9.461885 2.719813
3.1794999 9.346964 2.7964275
3.064578 9.2703495 2.873042
2.9496565 9.193734 3.1411927
2.834735 9.193734 3.524265
2.7198133 9.232042 3.9839518
2.5282772 9.232042 4.3670235
2.3750482 9.193735 4.673482
2.2984338 9.078814 4.7500963
2.2218192 8.925584 4.5968676
2.2601264 8.848969 4.405331
2.3367407 8.887277 4.1371803
2.3750482 8.925584 3.86903
2.4133554 9.078814 3.677494
2.4516625 9.193735 3.5242648
2.528277 9.385271 3.371036
2.6431985 9.615114 3.2561145
2.719813 9.730036 3.2561145
2.7581203 9.80665 3.371036
2.5665843 9.691729 3.562572
2.2984338 9.576807 3.7924156
1.9536687 9.385271 3.9456444
1.340753 9.040505 4.060566
1.1875241 8.887277 3.9839516
1.2641385 8.925584 3.9456444
1.6472108 9.155427 3.86903
1.9153614 9.308657 3.9456444
2.0685902 9.308657 4.0222588
2.221819 9.346964 4.060566
2.2601264 9.308657 4.252102
2.1452048 9.232041 4.367024
1.9536686 9.11712 4.405331
1.6472108 8.963891 4.405331
1.4173675 8.772355 4.2137947
1.1875241 8.580819 4.060566
1.0726024 8.580819 3.86903
1.1109096 8.6574335 3.86903
1.1875241 8.925584 3.7924156
1.3790601 9.2703495 3.7924156
1.685518 9.576807 3.9839516
1.9153614 9.80665 4.098873
2.1068974 9.921572 4.2137947
2.1452048 9.844957 4.252102
1.9153614 9.730036 4.1754875
1.6472108 9.5385 4.0222588
1.3024458 9.308657 3.86903
1.0342951 9.193735 3.7924156
0.8810662 9.078813 3.7158012
0.80445176 9.002198 3.7924156
0.84275895 9.11712 3.9456444
0.8810662 9.232042 4.060566
0.9959879 9.385271 4.3287163
1.0726024 9.653421 4.520253
1.0726024 9.730036 4.5585604
1.0342951 9.691729 4.328717
0.8810662 9.615114 3.9456446
0.7661445 9.385271 3.4859576
0.61291564 9.2703495 3.1794999
0.57460845 9.232042 3.2561142
0.61291564 9.155427 3.4476504
0.61291564 9.155427 3.86903
0.61291564 9.11712 4.3287168
0.5363012 9.078813 4.7500963
0.3830723 9.040505 5.0948615
0.15322891 8.887277 5.171476
-0.038307227 8.695741 5.0948615
-0.15322891 8.542512 4.8267107
-0.19153613 8.389283 4.4819455
-0.038307227 8.389283 4.2904096
0.15322891 8.504205 4.2904096
0.34476504 8.695741 4.405331
0.5746084 8.963892 4.673482
0.6895301 9.193735 4.865018
0.7661445 9.308657 4.865018
0.7278373 9.232042 4.6351748
0.49799395 9.078813 4.2904096
0.2681506 8.810662 3.8307228
0.076614454 8.619125 3.4476504
0.0 8.542511 3.371036
0.076614454 8.580818 3.4093432
0.34476507 8.887277 3.715801
0.6512229 9.155427 4.0222588
0.95768064 9.500193 4.1754875
1.2258313 9.80665 4.3287168
1.2258313 9.883265 4.2904096
1.0342951 9.883265 4.2137947
0.7278373 9.691729 4.1371803
0.30645782 9.38527 3.9073372
-0.076614454 9.002198 3.7158012
-0.45968676 8.657433 3.6008792
-0.7661446 8.389282 3.5242648
-0.9576807 8.197746 3.6391864
-0.9959879 8.159439 3.6774936
-0.8810662 8.236053 3.8307228
-0.68953013 8.542511 4.1754875
-0.3830723 8.925584 4.405331
-0.19153613 9.346964 4.596867
0.0 9.691729 4.5202527
0.076614454 9.844957 4.252102
-0.038307227 9.768343 3.8307226
-0.19153613 9.691729 3.4859576
-0.5363012 9.385271 3.3710358
-0.84275895 8.925585 3.217807
-1.1109096 8.542512 3.217807
-1.1875241 8.159439 3.4093432
-0.7661445 8.121132 3.9456441
-0.3064578 8.504204 4.1754875
0.076614454 9.002199 4.1754875
0.4213795 9.5385 3.9073372
0.61291564 9.998186 3.4093432
0.49799395 9.921572 2.873042
0.26815057 9.730036 2.4133554
-0.076614454 9.308656 2.1068976
-0.45968673 8.925584 1.8387469
-0.7661445 8.848969 1.8004397
-1.0726023 8.695741 2.183512
-1.3790603 8.542511 2.873042
-1.6089036 8.465897 3.6391864
-1.7238252 8.504204 4.4053307
-1.6472108 8.657433 4.5968676
-1.4173675 9.002198 4.3287163
-1.1492169 9.232042 3.8307228
-0.91937345 9.385271 3.2178073
-0.84275895 9.461885 2.834735
-1.0726023 9.5385 2.9879637
-1.4173675 9.500193 3.4859576
-1.838747 9.385271 3.9456444
-2.336741 9.193735 4.4436383
-2.7964277 9.040506 4.596867
-3.0645783 8.887277 4.6351743
-3.2561142 8.848969 4.596867
-3.2944214 8.810662 4.3670235
-3.217807 8.810662 4.2137947
-3.1411927 8.887277 4.1371803
-2.9879637 9.040505 4.0222588

