-2.9879637 9.11712 4.0222588
2.1452048 9.078814 4.6734815
2.3750482 9.232042 3.9456444
2.2601266 9.2703495 3.562572
2.0302832 9.002198 3.1794999
1.838747 8.887277 2.9879637
1.838747 8.887277 3.1794999
1.9536686 8.925584 3.4476504
2.1452045 9.078814 3.8307228
2.2984338 9.155428 4.098873
2.4516625 9.193735 4.2137947
2.4899697 9.2703495 4.2137947
2.4516625 9.193734 4.1371803
2.4516625 9.193734 3.9073372
2.3750482 9.193734 3.7541082
2.3367407 9.193734 3.5242648
2.3367407 9.193734 3.371036
2.2601264 9.193734 3.4093432
2.1452045 9.193734 3.4859576
2.0685902 9.155427 3.6391869
2.030283 9.193735 3.7158012
1.9919758 9.193735 3.8307228
2.0685902 9.232042 3.86903
2.1452045 9.308657 3.9073372
2.1452045 9.2703495 3.9073372
2.1452045 9.308657 3.7541084
2.0685902 9.308657 3.6391866
1.9536686 9.308657 3.4476504
1.9153614 9.346964 3.4093432
1.9536686 9.385271 3.4476504
2.030283 9.385271 3.5242648
2.1068976 9.423578 3.6008792
2.1452048 9.500193 3.715801
2.1452048 9.500193 3.7541084
2.1068974 9.500193 3.7541084
2.030283 9.385271 3.7924156
1.9536686 9.232041 3.7541084
1.8387469 9.11712 3.7924156
1.7621325 9.002198 3.6774938
1.7238252 9.078813 3.6008794
1.685518 9.078813 3.5242648
1.7621324 9.155428 3.5242648
1.8770542 9.385271 3.7158012
1.9153614 9.423578 4.0222588
1.8770541 9.500193 4.290409
1.685518 9.423578 4.5202527
1.3024457 9.232042 4.55856
0.95768064 8.963892 4.367024
0.6895301 8.734048 4.137181
0.5363012 8.580819 3.8307228
0.61291564 8.504205 3.6008794
0.7661445 8.542512 3.371036
0.9959879 8.619126 3.2561142
1.1875241 8.734048 3.1028855
1.3024458 8.734048 3.064578
1.340753 8.810662 3.1028852
1.3024457 8.848969 3.1411924
1.2641385 8.848969 3.371036
1.1875241 8.925584 3.4859576
1.1492169 8.925584 3.6008797
1.1109096 8.887277 3.6008797
1.1109096 8.848969 3.371036
1.187524 8.848969 3.141193
1.3790601 8.963891 2.9879637
1.6089035 9.193735 3.0262709
1.8004397 9.385271 3.1028852
1.9153614 9.500193 3.2561145
1.8770542 9.500193 3.4476504
1.8004398 9.423578 3.5625722
1.685518 9.461885 3.7541082
1.6472108 9.500193 3.9839516
1.6472108 9.576807 4.1754875
1.6472108 9.691729 4.3670235
1.6472108 9.653421 4.481946
1.5705965 9.653421 4.443638
1.4556746 9.576807 4.2137947
1.3024457 9.423578 3.8307226
1.2258313 9.423578 3.6391866
1.1875241 9.385271 3.6008794
1.1875241 9.461885 3.715801
1.2641385 9.653421 3.9839516
1.3024457 9.80665 4.060566
1.340753 9.959879 3.9839516
1.340753 10.0748005 3.8307228
1.2258313 9.998186 3.4093435
0.7661446 9.691729 2.7964275
0.49799395 9.423578 2.566584
0.34476507 9.270349 2.566584
0.38307226 9.11712 2.7964275
0.80445176 9.270349 3.524265
1.0726024 9.423578 3.86903
1.3024458 9.615114 3.9073372
1.493982 9.768343 3.6774938
1.5705963 9.730036 2.7581205
1.4556746 9.576807 1.9919758
1.2258313 9.385271 1.2641385
0.9576807 9.232042 0.5746084
0.5363012 9.2703495 0.15322891
0.45968673 9.423578 0.68953013
0.4213795 9.5385 1.2258313
0.38307226 9.615114 1.9536686
0.26815057 9.615114 2.2218192
0.11492168 9.5385 2.0302832
0.0 9.423578 1.8770542
-0.076614454 9.346964 1.6472108
0.038307227 9.385271 1.7238252
0.30645782 9.615114 1.9153614
0.61291564 9.921572 2.1068976
0.80445176 10.266337 2.2601264
0.84275895 10.496181 2.2218192
0.6895301 10.611102 2.2601264
0.4213795 10.534488 2.2601264
0.15322891 10.266336 2.336741
-0.19153613 9.844957 2.4516625
-0.5746084 9.308657 2.4133554
-0.8810662 8.848969 2.4133554
-1.0342951 8.580819 2.3367407
-0.9959879 8.542512 2.1452045
-0.5363012 9.117121 1.9919758
-0.34476504 9.423578 1.9153614
-0.22984335 9.691729 1.9919758
-0.26815057 9.730036 2.0685902
-0.45968673 9.5385 2.1452048
-0.7661445 9.270349 2.2218192
-1.1109096 8.887277 2.2984335
-1.3024458 8.580818 2.3367407
-1.3790601 8.427589 2.3367407
-1.2641385 8.465897 2.4133554
-0.9576807 8.772355 2.4516625
-0.61291564 9.232041 2.4516625
-0.30645782 9.730036 2.4133554
-0.038307227 10.151416 2.2984335
0.038307227 10.342952 2.1068976
-0.038307227 10.381259 1.8387468
-0.19153613 10.266336 1.7238252
-0.45968673 10.113108 1.6089036
-0.7278373 9.959879 1.6089036
-0.9576807 9.691729 1.8004396
-1.1875241 9.500193 1.8770542
-1.3790603 9.193734 1.9919758
-1.6472108 8.925584 2.030283
-1.9153614 8.848969 2.1068976
-2.1452048 8.772355 2.2984335
-2.336741 8.772355 2.4133554

