-2.336741 8.848969 2.681506
-2.2601264 8.887277 2.9113493
1.685518 9.078813 4.5968676
2.0685902 8.848969 4.3287168
2.2984338 8.963891 4.0222588
2.566584 9.002199 3.9073372
2.8347347 9.040506 3.6391869
2.8347347 9.117121 3.4476504
2.719813 8.963892 3.1795
2.566584 8.772355 3.1411927
2.4899697 8.6574335 3.1411927
2.4899697 8.6574335 3.1411927
2.528277 8.734048 3.217807
2.6431987 8.887277 3.2561145
2.834735 9.11712 3.371036
2.9879637 9.270349 3.6008792
3.1794999 9.461885 3.86903
3.2561142 9.5385 3.9839516
3.2561142 9.461885 3.9073372
3.1411927 9.423578 3.7158012
2.7964277 9.2703495 3.524265
2.528277 9.2703495 3.5625722
2.3750482 9.232042 3.6774938
2.183512 9.193735 3.7541084
2.1068976 9.155427 4.0222588
2.1452048 9.11712 4.405331
2.1068974 9.11712 4.6351748
2.0685902 9.078813 4.711789
1.9153613 8.887277 4.4819455
1.685518 8.848969 4.060566
1.6472107 8.772355 3.7924156
1.7238252 8.887277 3.562572
1.9536686 9.193735 3.3710358
2.2601266 9.346964 3.2561142
2.4516625 9.576807 3.2944214
2.4899697 9.691729 3.371036
2.4133554 9.691729 3.4476504
2.183512 9.653421 3.5242648
1.9536686 9.500193 3.3327289
1.838747 9.346964 3.1795
1.8004397 9.2703495 3.1411927
1.9153614 9.308657 3.1411927
1.9919758 9.346964 3.064578
2.030283 9.423578 3.064578
2.030283 9.423578 2.9879637
2.030283 9.461885 2.873042
2.0685902 9.576807 2.9113493
2.1452048 9.691729 2.834735
2.2601266 9.768343 2.7964277
2.336741 9.768343 2.834735
2.4133554 9.653421 2.9879637
2.3750482 9.423578 3.1028855
2.2218192 9.193734 3.1794999
1.9536686 8.887277 3.1028852
1.6089036 8.6574335 2.8730419
1.3024458 8.542512 2.7581203
1.1875241 8.542512 2.7964275
1.340753 8.810662 3.064578
1.685518 9.193734 3.4859576
2.4133554 10.036493 3.9839516
2.5665843 10.228029 3.9839516
2.5282772 10.304644 3.8307228
2.3750482 10.228029 3.6008794
2.183512 10.113108 3.5242648
1.8770541 9.959879 3.4476504
1.6472108 9.730036 3.4476504
1.4173675 9.500193 3.5242648
1.1492169 9.193734 3.6008792
0.99598783 8.925584 3.6774938
0.80445176 8.772355 3.7541084
0.6895301 8.734048 3.86903
0.6895301 8.772355 3.7541084
0.80445176 9.040505 3.562572
0.91937345 9.11712 3.371036
0.9959879 9.193734 3.2944214
0.9959879 9.155427 3.2561142
0.8810662 9.040505 3.1411924
0.7661445 8.963891 3.1794999
0.80445176 9.040506 3.217807
0.99598783 9.2703495 3.4476502
1.2258313 9.461885 3.562572
1.4556746 9.730036 3.6391864
1.532289 9.768343 3.6391864
1.4939818 9.768343 3.4093432
1.4173673 9.768343 3.5242648
1.2641385 9.653421 3.715801
1.1492168 9.730036 4.3287168
1.0726024 9.691729 5.056554
0.8810662 9.500193 5.439626
0.68953013 9.193735 5.554548
0.4213795 8.810662 5.1714754
0.22984335 8.619126 4.673482
0.3064578 8.734048 4.5202527
0.61291564 9.117121 4.55856
0.9959879 9.461885 4.6734815
1.2641385 9.730036 4.6734815
1.3790601 9.883265 4.5202527
1.3024457 9.844957 4.4053307
1.187524 9.80665 4.4053307
1.0342951 9.691729 4.55856
0.842759 9.500193 4.5202527
0.57460845 9.346964 4.367024
0.22984336 9.11712 4.1371803
-0.076614454 8.887277 3.7541082
-0.30645782 8.772355 3.4476504
-0.34476507 8.619126 3.3327289
-0.2681506 8.6574335 3.371036
-0.11492168 8.848969 3.6774938
0.038307227 9.193734 4.098873
0.076614454 9.576807 4.367024
0.0 9.768343 4.5202527
-0.26815057 9.768343 4.4053307
-0.6512228 9.461885 4.1754875
-1.1109096 9.117121 3.9073372
-1.4556746 8.810662 3.677494
-1.6472108 8.542511 3.677494
-1.685518 8.312668 3.7158012
-1.685518 8.121132 3.8307228
-1.7621324 8.00621 3.86903
-1.8387469 8.00621 3.7924156
-1.9536686 8.082825 3.7541084
-1.9919758 8.159439 3.5242648
-1.9153614 8.350975 3.4476504
-1.7238252 8.580818 3.3327289
-1.4939818 8.925584 2.9496565
-1.2641385 9.423578 2.6431987
-1.1875241 9.730036 2.336741
-1.6089035 9.768343 2.3750482
-2.030283 9.346964 2.6815057
-2.7964275 8.504204 3.371036
-2.9879637 8.197746 3.86903
-3.0262709 8.159439 4.2904096
-2.9496565 8.274361 4.7884035
-2.7581203 8.6574335 4.8267107
-2.6048915 9.078813 4.6734815
-2.4899697 9.461885 4.405331
-2.4516625 9.691729 3.8307226
-2.528277 9.691729 3.5242648
-2.6815057 9.500193 3.2561142
-2.873042 9.232042 3.2944214
-3.064578 8.963891 3.5242648
-3.1794996 8.772355 3.715801
-3.2561142 8.848969 3.9839516
-3.2944214 9.002198 4.1371803
-3.4476504 9.078813 4.098873
-3.6391866 9.155427 4.0222588
-3.86903 9.078813 3.7541084
-4.2137947 8.887277 3.217807
-4.4819455 8.6574335 2.719813
-4.711789 8.504205 2.1452048
-4.865018 8.236053 1.532289
-4.903325 8.121132 1.1875241

