-2.873042 9.653421 1.838747
1.1109096 9.232041 5.1714754
1.6089034 8.925584 4.903325
1.9153613 8.963892 4.7500963
2.2601264 9.232042 4.9416323
2.4516625 9.117121 5.094861
2.3367407 9.002198 4.865018
2.3367407 8.925584 4.520253
2.3750482 8.848969 4.0988736
2.4516625 8.887277 3.6391864
2.566584 8.887277 3.371036
2.6431985 8.925584 3.2178068
2.7964275 9.078814 3.3327286
2.9496565 9.155428 3.6008792
3.0262709 9.308657 3.8690298
3.1411924 9.385271 4.1754875
3.0262709 9.385271 4.1371803
2.873042 9.385271 4.098873
2.681506 9.308657 4.0222588
2.4133554 9.232042 4.0222588
2.2984335 9.155427 4.098873
2.183512 9.11712 4.2137947
2.1068974 9.040505 4.4436383
2.0685902 8.963891 4.6351748
1.9536686 8.848969 4.711789
1.8770542 8.810662 4.6351743
1.8770542 8.734048 4.3287168
1.8770542 8.6574335 3.86903
1.9919758 8.734048 3.562572
2.0685902 8.810662 3.217807
2.183512 9.002198 3.064578
2.2601264 9.2703495 3.1028855
2.2984335 9.461885 3.1795
2.3367407 9.576807 3.3327289
2.2601264 9.615114 3.4859576
2.183512 9.5385 3.6008792
2.0685902 9.385271 3.6391866
1.9919758 9.232042 3.6774938
2.030283 9.155427 3.5625722
2.1452045 9.155427 3.3327289
2.4133554 9.308657 3.2561145
2.719813 9.5385 3.2178073
2.9496565 9.768343 3.2944217
3.1411927 9.998186 3.4859576
3.0645783 9.998186 3.5625722
2.873042 9.883265 3.524265
2.336741 9.2703495 3.371036
2.183512 9.002198 3.3327289
2.030283 8.734048 3.4476504
2.030283 8.6574335 3.562572
2.1068974 8.695741 3.6008792
2.336741 8.887278 3.5242648
2.6431985 9.193735 3.4476502
3.0262709 9.5385 2.9879637
3.0262709 9.576807 2.834735
2.9113493 9.461885 2.7198133
2.7581203 9.461885 2.7964277
2.566584 9.308657 3.026271
2.3367407 9.232041 3.4093432
2.1452048 9.193734 3.7924154
1.9536686 9.11712 4.1754875
1.7238252 9.078813 4.2137947
1.5705963 8.963891 4.1371803
1.4939818 8.925584 3.7924154
1.5322891 8.925584 3.2944214
1.6472108 9.117121 3.1411924
1.7238252 9.346964 3.064578
1.8004397 9.461885 3.1028852
1.8387469 9.5385 3.217807
1.6472107 9.461885 3.2944217
1.4173673 9.232042 3.5242648
1.1492168 9.078813 3.6391864
0.842759 8.887277 3.6391864
0.7661446 8.772355 3.6008792
0.7661446 8.772355 3.4476504
0.84275895 8.772355 3.2944217
0.9959879 8.848969 3.1411924
1.2258313 9.002199 3.064578
1.4556746 9.117121 3.064578
1.6472108 9.308657 2.911349
1.8004396 9.385271 2.8730419
1.8004396 9.385271 2.8347347
1.685518 9.2703495 2.719813
1.532289 9.078814 2.7964275
1.3407528 8.925585 2.8347347
1.1492168 8.848969 2.9879637
1.1109096 9.002198 3.371036
1.1875241 9.270349 3.754108
1.2641385 9.5385 3.9456444
1.4173673 9.691729 3.9073372
1.4556746 9.653421 3.6008797
1.4173673 9.461885 3.064578
1.340753 9.232042 2.6048913
1.2258313 8.925584 2.2984335
1.1492168 8.772355 2.4899697
1.2641385 9.040505 2.9496565
1.2641385 9.730036 3.6391866
0.6895301 9.691729 3.4476504
0.26815057 9.423577 3.217807
-0.19153613 9.002198 2.8347347
-0.19153613 9.078813 2.8347347
0.07661445 9.308657 2.8730419
0.7278373 9.998186 2.9879637
1.0726024 10.342951 2.6431985
1.0726024 10.266336 2.2984335
0.9959879 10.151415 2.1068974
0.842759 9.959879 2.030283
0.7278373 9.80665 2.030283
0.61291564 9.768343 2.1452045
0.49799395 9.615114 2.375048
0.42137948 9.576807 2.6431985
0.344765 9.615114 2.9879637
0.30645782 9.615114 3.1411927
0.30645782 9.653421 3.1411927
0.30645782 9.576807 2.987964
0.22984336 9.385271 2.5665843
0.15322891 9.155428 2.336741
0.076614454 8.925584 2.1452048
0.0 8.695741 2.1068974
0.038307227 8.734048 2.4133554
0.076614454 9.040505 3.217807
0.038307227 9.232041 3.4859574
-0.038307227 9.270349 3.5242648
-0.15322891 9.232041 3.371036
-0.22984335 9.270349 3.2178073
-0.19153613 9.385271 3.2178073
-0.19153613 9.576807 3.3327289
-0.19153613 9.844957 3.6774938
-0.22984335 10.036493 3.9839516
-0.34476504 10.228029 4.2904096
-0.45968673 10.266336 4.5585604
-0.6512229 10.266336 4.7884035
-0.9193734 10.151415 4.9416323
-1.2641385 9.959879 4.903325
-1.6089035 9.768343 4.82671
-1.9153613 9.461885 4.596867
-2.1452048 9.232042 4.3670235
-2.336741 9.117121 4.252102
-2.48997 8.963891 4.060566
-2.6048915 8.887277 3.8307228
-2.5665843 8.963891 3.6774938
-2.4899697 9.002198 3.4476504
-2.413355 9.193735 3.2561142
-2.2601264 9.2703495 3.1028852

