2.4516625 8.389282 4.2904096
2.2601264 8.695741 4.3287168
2.183512 10.572795 5.133168
2.183512 12.526463 6.129156
2.183512 14.403517 6.895301
2.7581203 16.01242 7.431602
2.7964275 16.089035 6.8186865
2.528277 15.7825775 5.899313
2.1068974 15.361198 5.0182467
1.4939818 14.824897 4.367024
0.9576807 14.173675 4.0222588
0.61291564 13.67568 3.9073372
0.49799395 13.369223 3.7924156
0.6512228 13.215994 3.9456444
0.9193734 13.1393795 4.213795
1.1875241 12.986151 4.520253
1.3790601 12.756307 4.7884035
1.532289 12.449848 4.8267107
1.7238252 12.258312 4.673482
1.8770541 11.990162 4.290409
1.8770541 11.530476 3.9839516
1.7238252 10.994174 3.7541084
1.3790601 10.266337 3.7158012
1.0726023 9.576807 3.9073372
0.7278373 8.925584 4.0222588
0.38307226 8.236053 3.9839516
0.07661445 7.6231384 3.6008792
-0.30645782 6.8186865 2.873042
-0.7661445 5.8226986 1.7238252
-0.7661445 5.5162406 1.3024457
-0.49799395 5.631162 1.187524
-0.07661444 5.9759274 1.0342951
0.38307226 6.3589993 0.9576807
0.7278373 6.6271505 1.0342952
0.84275895 6.6271505 1.0342952
0.72783726 6.1674633 0.9193735
0.49799395 5.477933 0.7278373
0.19153613 4.711789 0.61291564
-0.19153611 3.9839516 0.4213795
-0.4596867 3.4476504 0.45968673
-0.61291564 3.1411927 0.61291564
-0.61291564 3.1794999 0.68953013
-0.45968673 3.371036 0.8810662
-0.22984338 3.7158012 1.0726024
0.0 4.098873 1.2641386
0.15322891 4.3287168 1.3790601
0.2681506 4.6351743 1.4173673
0.30645782 4.903325 1.3024457
0.344765 5.056554 1.0726023
0.38307226 5.209783 0.8810662
0.49799395 5.3247046 0.6895301
0.68953013 5.5162406 0.61291564
0.9959879 5.861006 0.5363012
1.3790601 6.3589997 0.4213795
1.7621324 6.895301 0.53630114
2.1068974 7.3166804 0.6512228
2.221819 7.4699097 0.8810662
2.221819 7.431602 1.1875241
2.1835117 7.2017584 1.3024457
2.1068974 6.8953004 1.3790601
2.1452045 6.856993 1.4173675
2.2601264 6.856993 1.4939818
2.4899697 7.125144 1.6089035
2.834735 7.469909 1.8004396
3.2561145 7.8146744 1.7238252
3.7924151 8.312668 1.6089036
4.252102 8.887277 1.3024457
4.6734815 9.500193 0.8810662
4.9799395 9.921572 0.5746084
5.056554 10.151415 0.22984336
4.903325 10.036493 0.076614454
4.367024 9.730036 0.19153613
4.1754875 9.615114 0.34476507
4.1754875 9.691729 0.38307226
4.1754875 9.80665 0.30645782
4.2137947 9.921572 0.2681506
4.2521024 10.266336 0.19153613
4.2137947 10.649408 0.15322891
4.2137947 10.955867 0.19153613
4.0222588 11.377247 0.22984335
3.7541082 11.60709 0.42137948
3.4093432 11.530476 0.6895301
2.9113493 11.300632 0.8044517
2.4133554 11.032482 0.8810662
1.877054 10.611102 0.842759
1.3407528 10.304644 0.8044518
0.9576806 10.189722 0.9959879
0.7278373 10.228029 1.1875241
0.53630114 10.381258 1.4173675
0.4213795 10.572794 1.5705963
0.2681506 10.764331 1.5705963
0.0 10.764331 1.4556746
-0.19153613 10.840945 1.3790601
-0.4213795 10.91756 1.340753
-0.7278373 10.802638 1.3024457
-0.95768064 10.6877165 1.1492169
-1.1875241 10.419566 0.9959879
-1.37906 10.113108 0.84275895
-1.4173673 9.844957 0.72783726
-1.4556746 9.346964 0.84275895
-1.3790601 9.078814 0.8810662
-1.3024457 9.002198 0.91937345
-1.1109096 9.155427 0.9576807
-0.842759 9.4618845 0.91937345
-0.53630114 9.883265 0.8810662
-0.3064578 10.189722 0.84275895
-0.15322891 10.189722 0.7661445
-0.19153613 10.113108 0.6895301
-0.42137948 9.959879 0.53630114
-0.6895301 9.730036 0.38307226
-1.0342951 9.5385 0.30645782
-1.3024457 9.346964 0.22984335
-1.532289 9.040506 0.30645782
-1.685518 8.887277 0.3830723
-1.8004397 8.887277 0.3830723
-1.9153614 8.887277 0.45968673
-1.9153614 9.040505 0.5363012
-1.8770542 9.2703495 0.7661445
-1.8004396 9.385271 1.0726023
-1.685518 9.576807 1.2641385
-1.6089036 9.768343 1.4556746
-1.6089036 9.844957 1.4173675
-1.6089036 9.883265 1.2641385
-1.685518 9.844957 1.1109096
-1.8004396 9.730036 1.0342951
-1.9153614 9.461885 0.9576807
-2.0685902 9.155428 0.9959879
-2.183512 8.810662 1.1109096
-2.183512 8.427589 1.2258313
-1.9536686 8.121132 1.6089036
-1.7238252 8.00621 1.7238252
-1.2258313 7.699753 1.3790601
-0.9959879 7.3932953 0.9576807
-0.7661446 7.0868373 0.6895301
-0.57460845 6.742072 0.45968673
-0.45968676 6.4739213 0.49799395
-0.38307226 6.2057705 0.57460845
-0.34476507 6.0525417 0.45968673
-0.30645782 5.93762 0.30645782
-0.22984336 5.8226986 0.22984336
-0.11492168 5.7843914 0.22984336
0.038307227 5.707777 0.26815057
0.22984336 5.66947 0.30645782
0.2681506 5.5928555 0.22984335
0.2681506 5.439626 0.11492168
0.15322891 5.209783 0.11492168
-0.076614454 5.0182467 0.4213795
-0.19153613 4.903325 0.80445176
-0.26815057 4.9416323 1.1109096
-0.19153613 5.209783 1.4556746
0.114921674 5.5545483 1.3790601
0.49799395 6.090849 1.2641385
0.91937345 6.703765 1.1492168
1.1492168 7.125144 0.9576807
1.1492168 7.4316025 0.9959879
0.9193734 7.584831 1.1875241
0.61291564 7.5465236 1.4556746
0.38307226 7.5465236 1.8004396
0.26815057 7.6614456 2.2218192
0.30645782 7.8529816 2.6048913
0.30645782 8.197746 3.0262709
0.30645782 8.504205 3.371036
0.22984336 8.695741 3.5242648
0.11492168 8.810662 3.6008792
0.076614454 8.848969 3.7541084
0.11492168 9.040505 3.9073372
0.30645782 9.423578 4.098873
0.6895301 9.998186 4.1371803
1.6089035 11.377246 3.562572
2.0685902 11.9135475 3.1794999
2.2601264 12.334927 3.1028852
2.2984335 12.679691 3.2944217
2.2218192 12.832921 4.0222588
2.1068974 13.024457 4.903325
2.1068974 13.1393795 5.707777
2.1452045 13.330915 6.1674633
2.2218192 13.484144 6.0525417
2.2601264 13.637373 5.6311626
2.2984338 13.828909 5.0182467
2.2984338 13.982138 4.6734815
2.221819 14.403517 4.596867
2.1068974 14.7482815 4.7500963
1.9536686 15.131354 5.209783
1.7238252 15.322891 5.5162406
1.4939818 15.131355 5.7843914
1.0726024 14.633361 5.861006
0.45968673 13.637373 5.707777
-0.11492168 12.488156 5.66947
-0.57460845 11.492168 5.516241
-0.8810662 10.91756 5.2863975
-0.8810662 10.802638 4.903325
-0.6512228 11.032482 4.405331
-0.4213795 11.377247 3.9839516
-0.11492168 11.60709 3.715801
0.038307227 11.836933 3.4859576
-0.11492168 11.760319 3.2944214
-0.3830723 11.3006315 3.2561142
-0.8810662 10.611102 3.1411927
-1.5705962 9.615114 3.2178073
-2.1452048 8.734048 3.371036
-2.6048915 8.236053 3.5242648
-2.834735 8.082825 3.677494
-2.719813 8.427589 3.7924156
-2.4516625 9.078814 3.9073372
-2.183512 9.844957 3.9073372
-1.9919758 10.534487 4.060566
-1.9919758 10.840945 4.1371803
-2.183512 10.764331 4.1754875
-2.4516625 10.304645 4.2137947
-2.719813 9.730036 4.1371803
-2.9496565 9.155427 3.907337
-3.1794999 8.657433 3.4859576
-3.3327286 8.350975 3.1411927
-3.3327286 8.236053 2.8730419
-3.1794999 8.312668 2.9496565
-2.873042 8.504204 3.3327289
-2.4133554 8.734048 3.8307228
-1.9919758 8.963891 4.2904096
-1.532289 9.078813 4.711789
-1.0342951 9.11712 5.171476
-0.61291564 9.232042 5.5162406
-0.22984335 9.385271 5.707777
-0.038307227 9.576807 5.401319
-0.076614454 9.730036 4.7500963
-0.30645782 9.500193 3.9073372
-0.61291564 8.887278 3.371036
-0.91937345 8.197747 3.4476504
-0.842759 7.8146744 4.252102
-0.57460845 7.8146744 5.2863975
-0.15322891 8.159439 5.9759274
0.38307226 8.69574 6.205771
0.7278373 9.040506 5.66947
0.9959879 9.346964 4.9416323
1.1875241 9.576807 4.405331
1.3790603 9.615114 4.2137947
1.4939818 9.461885 4.5202527
1.6089036 9.11712 5.0182467
1.685518 8.772354 5.4779334
1.8004396 8.69574 5.861006
2.0685902 8.887277 5.9759274
2.4516625 9.270349 5.9759274
2.8347347 9.576807 5.899313
3.1028852 9.5385 5.6311626
3.1794996 9.232042 5.24809
3.1411924 8.810662 4.903325
3.1411924 8.427589 4.55856
3.1794996 8.236053 4.3670235
3.3327289 8.121132 4.1754875
3.4859576 8.0445175 3.9073372
3.7158012 8.0445175 3.6008792
4.0222588 8.0445175 3.3327286
4.3287168 8.082825 3.217807
4.7117887 8.274361 3.4093432
4.9416323 8.427589 3.715801
5.0182467 8.465897 4.060566
4.9799395 8.427589 4.252102
4.7884035 8.197746 4.1754875
4.711789 8.0445175 4.2137947
4.711789 8.121132 4.290409
4.7500963 8.350975 4.520253
4.8267107 8.6574335 4.673482
4.7884035 8.810662 4.6351748
4.596867 8.6574335 4.4436383
4.3287168 8.465897 4.1371803
3.9456444 8.197746 3.9456444
3.6008792 7.929596 3.9456444
3.3327286 7.8146744 4.060566
3.1411924 7.699753 4.3287168
3.0262709 7.73806 4.6351743
2.9113493 7.8146744 4.9416323
2.834735 8.0445175 5.209783
2.7581203 8.389282 5.439626
2.834735 8.810662 5.5545483
2.9113493 9.308657 5.516241
3.0262709 9.768343 5.4013195
3.0262709 10.113108 5.1714754
2.9496562 10.228029 5.056554
2.8347347 10.189722 5.1714754
2.6431985 9.998186 5.439626
2.566584 9.653421 5.592855
2.183512 9.308657 5.7077765
1.7238252 8.963892 5.554548
1.2258313 8.619126 5.3247046

