0.842759 8.465898 5.363012
0.45968673 8.580819 4.9033256
0.8810662 10.419566 5.324705
1.2258313 12.143391 5.516241
1.4939818 13.713987 5.5928555
1.9919758 15.169662 5.9759274
1.7621324 14.824898 5.3630114
1.4939818 14.518439 4.9416323
1.37906 14.288596 4.8267107
1.4939818 14.173675 5.094861
1.8004397 14.135366 5.592855
2.030283 14.020445 5.861006
2.0685902 13.752295 5.9759274
2.030283 13.40753 5.7460837
1.838747 13.024457 5.24809
1.6472108 12.641384 4.865018
1.4939818 12.258312 4.4436383
1.2258313 11.798626 4.060566
0.9959879 11.33894 3.9073372
0.8810662 10.917561 3.9839516
0.80445176 10.496181 4.1371803
0.7661446 9.921572 4.290409
0.6512229 9.232041 4.1754875
0.4596867 8.504205 3.7924156
0.26815057 7.8912888 3.4093432
0.11492168 7.431602 3.1028852
0.15322891 7.2017584 2.9113493
0.30645782 7.125144 2.719813
0.5746084 7.125144 2.3750482
0.8810662 7.163451 2.0685904
1.0342951 7.0102224 1.7621325
1.0342951 6.780379 1.4173675
0.9576807 6.3206925 1.1492168
0.7278373 5.861006 0.9576807
0.4596867 5.516241 0.6895301
0.19153613 5.094861 0.5363012
-0.114921674 4.711789 0.4213795
-0.38307226 4.252102 0.34476507
-0.5746084 3.715801 0.49799395
-0.6512228 3.3710358 0.7661445
-0.6512228 3.217807 1.1875241
-0.5363012 3.2944217 1.4556746
-0.30645785 3.5625722 1.6089035
0.0 3.9839516 1.4939818
0.34476504 4.5585604 1.2258313
0.6512229 5.056554 0.842759
0.80445176 5.439626 0.49799395
0.7661445 5.5545483 0.15322891
0.6512228 5.439626 -0.11492168
0.53630114 5.363012 -0.15322891
0.5746084 5.2863975 -0.07661445
0.7278373 5.477934 0.45968673
0.91937345 5.707777 0.6895301
1.0342951 6.090849 0.7661445
1.340753 6.512229 0.6895301
1.8004397 7.2017584 0.38307226
1.9919758 7.3549876 0.22984335
1.9919758 7.3166804 0.22984335
1.9153614 7.0868373 0.30645782
1.8004396 6.895301 0.15322891
1.8004396 6.742072 0.19153613
2.1068974 6.933608 0.34476507
2.6431987 7.4316025 0.49799395
3.371036 7.8912888 0.7278373
4.098873 8.542511 0.842759
4.673482 9.117121 0.80445176
5.056554 9.653421 0.95768064
5.1714754 10.113108 0.9193734
5.133168 10.266336 0.8044517
4.903325 10.151415 0.5746084
4.7500963 9.80665 0.22984336
4.673482 9.500193 0.11492168
4.711789 9.308656 0.038307227
4.8267107 9.308656 0.0
4.903325 9.4618845 -0.30645782
4.903325 9.730036 -0.80445176
4.903325 10.0748005 -1.2641385
4.9416323 10.496181 -1.532289
4.9416323 10.879252 -1.340753
4.8267107 11.109097 -0.7661445
4.5202527 11.224018 -0.076614454
4.098873 10.91756 0.5363012
3.6391866 10.6877165 0.6895301
3.2561142 10.496181 0.49799395
3.0262709 10.457873 0.11492169
2.873042 10.649409 -0.4213795
2.719813 10.802638 -0.68953013
2.4899697 10.91756 -0.9576807
2.1068974 10.802638 -0.8810662
1.6472108 10.726024 -0.5746084
1.1109096 10.496181 -0.22984336
0.6512228 10.342951 0.26815057
0.2681506 10.419565 0.4213795
-0.038307227 10.534487 0.49799395
-0.3064578 10.6877165 0.38307226
-0.5746084 10.802638 0.19153613
-0.9193734 10.726024 0.11492168
-1.3790601 10.342952 -0.076614454
-1.8387469 9.8832655 -0.19153613
-2.2218194 9.461885 -0.30645782
-2.4516625 9.11712 -0.45968673
-2.4516625 9.040505 -0.61291564
-2.336741 9.193734 -0.68953013
-2.2218194 9.346964 -0.7661445
-2.1452048 9.423578 -0.8810662
-2.183512 9.5385 -0.9193734
-2.2218192 9.500193 -0.9959879
-2.183512 9.423578 -0.9193735
-2.1452045 9.500193 -0.7278373
-2.0685902 9.423578 -0.49799395
-1.9919758 9.461885 -0.26815057
-1.9919758 9.423578 -0.22984336
-1.9919758 9.308656 -0.19153613
-1.9153614 9.270349 -0.15322891
-1.8387469 9.270349 0.038307227
-1.7238252 9.461885 0.3830723
-1.6089035 9.691729 0.80445176
-1.6089035 9.844957 1.0342951
-1.7238252 9.80665 1.1492168
-1.9536686 9.576807 0.9959879
-2.2218192 9.193734 0.7661445
-2.4516625 8.848969 0.68953013
-2.5665843 8.6574335 0.68953013
-2.5665843 8.619126 0.8810662
-2.4899697 8.734048 1.0342951
-2.4133554 8.848969 1.2258313
-2.2984335 9.078813 1.2258313
-2.183512 9.193735 1.3024457
-2.1068974 9.2703495 1.2641385
-1.9536686 9.2703495 1.340753
-1.8770541 9.002199 1.4556746
-1.7621324 8.580819 1.4173673
-1.6089035 8.00621 1.5705962
-1.5322891 7.4316025 1.532289
-1.3790601 6.933608 1.4939818
-1.2258313 6.5888433 1.4173675
-0.91937345 6.435614 1.1875241
-0.45968673 6.3589997 0.88106626
-0.038307227 6.282385 0.6512228
0.4213795 6.2440777 0.42137948
0.6895301 6.129156 0.19153613
0.7661446 5.93762 0.0
0.7661446 5.7077765 -0.2681506
0.61291564 5.363012 -0.45968673
0.4596867 5.0182467 -0.57460845
0.38307226 4.7884035 -0.34476504
0.4596867 4.711789 0.07661447
0.72783726 4.9799395 0.61291564
1.0726023 5.401319 1.1492168
1.4173675 5.9759274 1.340753
1.6472108 6.4739213 1.2258313
1.685518 6.6654572 0.91937345
1.532289 6.6654572 0.49799398
1.1875241 6.282385 0.038307227
0.8810662 5.899313 -0.3064578
0.7278373 5.784391 -0.34476504
0.7661445 5.822698 -0.19153613
0.9959879 6.397307 0.2681506
1.1492169 7.2400656 0.9576807
0.9959879 8.504204 1.9536686
0.7661446 8.925584 2.2601264
0.6512229 9.193734 2.1835117
0.5363012 9.461885 1.9153612
0.57460845 9.691729 1.5705962
0.61291564 9.80665 1.3024457
0.6512228 9.959879 1.4939818
0.68953 10.266336 1.9919758
0.72783726 10.879252 2.6048913
0.6895301 12.066776 3.4859576
0.5746084 12.488155 3.562572
0.34476504 12.603077 3.4476504
0.0 12.526463 3.3710358
-0.3064578 12.258312 3.2944214
-0.61291564 11.951855 3.4093432
-0.7278373 11.798626 3.8307228
-0.6512228 11.990162 4.290409
-0.45968673 12.449849 4.6734815
-0.15322891 13.062764 4.903325
0.076614454 13.637373 4.8267107
0.22984336 13.982138 4.55856
0.26815057 14.135366 4.367024
0.26815057 14.250289 4.3287168
0.22984335 14.288596 4.5202527
0.19153613 14.288596 4.6351748
0.2681506 14.441825 4.7500963
0.2681506 14.326902 4.9416323
0.30645782 14.326902 5.0948615
0.344765 14.403518 5.2480903
0.26815057 14.173674 5.3247046
0.11492168 14.058752 5.056554
-0.15322891 13.713986 4.6351743
-0.4596867 13.101071 4.2137947
-0.7661445 12.373235 3.7924156
-0.9959879 11.60709 3.3327289
-0.9959879 10.879253 3.0645783
-0.842759 10.572794 3.0645783
-0.53630114 10.649408 3.217807
-0.15322891 10.8792515 3.4859576
0.0 11.262324 3.6774938
-0.11492168 11.3006315 3.7541084
-0.45968673 11.070788 3.8307228
-1.0342951 10.611101 4.060566
-1.6089035 10.036493 4.290409
-2.1068974 9.576807 4.4819455
-2.566584 9.232042 4.4819455
-2.834735 9.002199 4.3287168
-3.0262709 8.963891 4.098873
-3.1411924 9.002198 4.060566
-3.1411924 9.193734 4.1371803
-3.1794996 9.500193 4.2904096
-3.2178068 9.768343 4.5202527
-3.2944217 9.998186 4.596867
-3.6008792 10.036493 4.596867
-3.86903 9.921572 4.750096
-4.1754875 9.615114 5.0182467
-4.4436383 9.346964 5.2863975
-4.3670235 9.2703495 5.516241
-4.1754875 9.308657 5.4779334
-3.8307226 9.423578 5.133168
-3.3327286 9.615114 4.6351743
-2.911349 9.615114 4.1371803
-2.4516625 9.385271 3.86903
-1.9536686 9.346964 3.9073372
-1.37906 9.346964 4.1371803
-0.842759 9.423578 4.405331
-0.5363012 9.576807 4.4819455
-0.4213795 9.423578 4.2904096
-0.6512228 9.002198 3.8307228
-1.0342951 8.42759 3.4859576
-1.3407531 7.8529816 3.4093432
-1.5705965 7.2783732 3.6774938
-1.6089036 6.818686 4.5968676
-1.4173675 6.5122285 5.7843914
-1.1875241 6.3206925 6.5888433
-0.95768064 6.3589997 6.8569937
-0.6895301 6.588843 6.5122285
-0.38307226 7.0102224 5.5928555
0.0 7.5465236 4.9799395
0.49799395 7.967903 4.6351748
0.842759 8.197746 4.5968676
1.0726024 8.236053 4.8267107
1.3024458 8.236053 5.056554
1.4939818 8.312668 5.401319
1.685518 8.389282 5.6311626
1.9153614 8.504205 5.707777
2.1452048 8.619126 5.554548
2.4133554 8.734048 5.324704
2.834735 8.887277 4.903325
3.217807 8.925584 4.55856
3.6391866 8.963891 4.290409
4.098873 9.155428 4.2137947
4.520253 9.346964 4.367024
4.865018 9.5385 4.4436383
4.9799395 9.5385 4.367024
4.9799395 9.308656 4.0605664
4.903325 9.078813 3.7541084
4.8267107 8.887277 3.6008792
4.7884035 8.695741 3.7158012
4.6734815 8.580819 4.0222588
4.5202527 8.465898 4.4436383
4.405331 8.389283 4.8267107
4.213795 8.389283 4.865018
4.0222588 8.465898 4.7500963
3.8307228 8.465898 4.6351743
3.6008794 8.427589 4.4819455
3.5242648 8.695741 4.7500963
3.6391864 8.925584 5.018247
3.7924154 9.346964 4.97994
3.9073372 9.80665 4.8267107
3.9073372 9.959879 4.5202527
3.6391866 9.883265 4.3287163
3.2561142 9.5385 4.4819455
2.8347347 9.040505 4.865018
2.2601264 8.427589 5.439626
1.6472107 7.8529816 5.9759274
1.1492169 7.31668 6.282385
0.8044517 6.9719152 6.435614
0.8044517 7.0102224 6.397307
1.0726023 7.2783732 6.1291566
1.340753 7.73806 5.707777
1.6089036 8.350975 5.1331687
1.7238252 8.772355 4.5202527
1.6089034 9.078814 4.0222588
1.37906 9.385271 3.677494
1.0342951 9.423578 3.4859576
0.6895301 9.385271 3.4859576

