-0.34476504 8.619126 4.9416327
-0.19153613 9.653421 5.209783
0.15322891 10.802638 5.4779334
0.19153613 11.9135475 5.7460837
0.38307226 12.947844 6.3206925
0.42137948 13.177687 6.7420716
0.5746084 13.484144 7.2400656
0.9193734 13.790602 7.8146744
1.2641385 14.135366 8.159439
1.4173673 14.288595 8.274361
1.4556746 14.250288 8.082825
1.4173675 14.135366 7.73806
1.3790601 13.905523 7.393295
1.340753 13.637373 6.895301
1.340753 13.369223 6.397307
1.4173675 13.139379 6.0525417
1.5705962 13.024457 5.8226986
1.685518 12.947843 5.8226986
1.8004396 12.756307 5.93762
1.8004396 12.373235 5.8226986
1.6472108 11.87524 5.66947
1.532289 11.338939 5.5928555
1.4556746 10.91756 5.363012
1.4173673 10.534487 5.0182467
1.3790601 10.228029 4.5968676
1.2641385 9.883265 4.0222588
1.0726023 9.385271 3.5242648
0.8810662 8.925584 3.217807
0.7661445 8.504204 2.9113493
0.80445176 8.236053 2.719813
0.88106626 8.159439 2.719813
0.9576807 8.0445175 2.873042
0.9959879 7.8529816 3.1411924
0.9959879 7.5465236 3.371036
0.9193734 7.163451 3.4093432
0.8044517 6.818686 3.217807
0.7278373 6.435614 2.834735
0.68953 6.2057705 2.528277
0.7661445 6.0525417 2.2601264
0.9576807 5.93762 2.1452045
1.1492168 6.0525417 2.2218192
1.3024458 6.1291566 2.183512
1.340753 6.167464 2.2601264
1.3024457 6.244078 2.2984335
1.2641385 6.2057705 2.336741
1.1492169 5.9759274 2.2984335
0.9576807 5.6694694 2.2218192
0.68953013 5.24809 2.1068976
0.38307226 4.7884035 1.838747
0.076614454 4.4819455 1.4939818
-0.076614454 4.4436383 1.0726024
-0.076614454 4.55856 0.6895301
0.114921674 4.903325 0.5363012
0.45968673 5.4013186 0.6512228
0.842759 5.861006 1.0726024
1.3024457 6.3589993 1.685518
1.6472108 6.7803793 1.9919758
1.9153614 7.086837 1.8004396
2.0685902 7.125144 1.2641385
2.030283 7.0102224 0.4596867
1.9153614 6.5505357 -0.30645782
1.9153614 6.435614 -0.07661445
2.1452048 6.512229 0.61291564
2.4899697 6.703765 1.3790603
2.873042 7.0102224 2.1068976
3.371036 7.508217 2.3750482
3.7541084 7.967903 2.1068976
4.2904096 8.504204 1.1492169
4.5202527 8.504204 0.8810662
4.7884035 8.542511 0.7661445
5.2863975 9.002198 0.99598795
5.401319 9.385271 1.0342951
5.401319 9.615114 0.9959879
5.363012 9.768343 0.7278373
5.3247046 9.80665 0.49799398
5.2480903 9.730036 0.30645782
5.133168 9.5385 0.22984336
4.9799395 9.423578 0.11492168
4.8267107 9.423578 -0.15322891
4.5968676 9.500193 -0.38307226
4.3287168 9.615114 -0.4213795
3.9456444 9.615114 -0.11492168
3.4859576 9.346964 0.26815057
3.0262709 8.963892 0.6895301
2.413355 8.619126 1.1109096
1.8770541 8.427589 1.3024458
1.3790601 8.427589 1.6472108
0.9193734 8.619126 1.7238252
0.6895301 9.040506 1.5705962
0.49799395 9.346964 1.3407528
0.30645782 9.691729 0.9959879
0.19153613 9.998186 0.80445176
-0.038307227 10.113108 0.61291564
-0.34476504 10.151415 0.68953013
-0.7278373 10.036493 0.9959879
-1.2258313 9.80665 1.4173673
-1.7238252 9.576807 2.030283
-2.1452045 9.5385 2.4899697
-2.3750482 9.653421 2.719813
-2.4516625 9.998186 2.873042
-2.4516625 10.457873 2.7964277
-2.4516625 10.6877165 2.719813
-2.566584 10.764331 2.719813
-2.7581205 10.764331 2.987964
-2.873042 10.649409 3.4859576
-2.8347347 10.726024 4.1371803
-2.719813 10.994175 4.8267107
-2.6048915 11.185711 5.324704
-2.5282772 11.262325 5.4779334
-2.6431987 11.147404 5.2863975
-2.834735 10.726024 4.903325
-3.1411927 10.0748005 4.367024
-3.715801 8.580819 3.8307228
-3.86903 7.8912888 3.715801
-3.7924156 7.354987 3.562572
-3.5625722 7.086837 3.4859576
-3.217807 7.125144 3.3327289
-2.7964275 7.240066 3.064578
-2.3750482 7.431602 2.719813
-1.9919759 7.5082164 2.2601264
-1.5322891 7.469909 1.685518
-1.1492168 7.393295 1.1875241
-0.842759 7.1251445 0.6512229
-0.6512228 6.5888433 0.0
-0.61291564 6.0142345 -0.5746084
-0.61291564 5.401319 -1.1492168
-0.57460845 4.9799395 -1.6089036
-0.49799395 4.711789 -1.7238253
-0.34476507 4.5968676 -1.6089035
-0.11492168 4.5968676 -1.2258313
0.15322891 4.7884035 -0.6512229
0.45968673 5.0948615 -0.03830725
0.7661445 5.401319 0.5746084
0.9959879 5.6311626 1.1492169
1.1109096 5.66947 1.685518
1.1492168 5.6311626 2.1452048
1.0726024 5.5545483 2.8347347
0.9576807 5.5545483 3.2944214
0.9193735 5.822699 3.4476504
0.842759 6.320693 3.4093432
0.8810662 6.8186865 2.987964
0.99598795 7.354988 2.681506
1.0342951 7.6231384 2.6048915
1.1109096 7.929596 2.681506
1.1109096 8.312668 2.873042
1.0342951 8.734048 3.1411927
0.9959879 9.117121 3.3327286
0.9959879 9.308657 3.4093432
1.1109096 9.461885 3.4859576
1.3024457 9.576807 3.4476504
1.4556746 9.730036 3.5242648
1.4939818 9.921572 3.6391866
1.2641385 10.036493 3.7924154
0.9959879 10.151415 3.9456444
0.7661445 10.304644 4.252102
0.7278373 10.534488 4.55856
0.9193734 10.840946 4.903325
1.1492168 11.224018 5.3630114
1.4556746 11.722012 5.6311626
1.7238252 12.220005 5.746084
2.030283 12.832921 5.66947
2.6431985 13.905523 5.439626
2.7964275 14.288596 5.631162
2.719813 14.250289 5.899313
2.4133554 13.905524 6.090849
1.877054 13.292608 5.8610053
1.3407528 12.603078 5.324704
0.9193734 12.066776 4.5968676
0.7278373 11.836933 3.9456444
0.7278373 11.645397 3.5242648
0.80445176 11.645397 3.562572
0.842759 11.798626 3.9073372
0.842759 11.722012 4.4819455
0.7278373 11.492168 5.133168
0.61291564 11.032482 5.7077765
0.5363012 10.381258 6.0525417
0.5363012 9.959879 5.9376197
0.6512229 9.959879 5.554548
0.7661446 10.189723 4.9416323
0.9959879 10.649409 4.6351743
1.0342951 10.955868 4.6734815
0.8810662 10.955868 4.9799395
0.6895301 10.879253 5.363012
0.22984335 10.496181 5.707777
0.19153613 10.496181 5.861006
0.15322891 10.534488 6.0525417
0.076614454 10.534488 6.282385
-0.11492168 10.611102 6.3589997
-0.38307226 10.649409 6.3206925
-0.61291564 10.6877165 6.244078
-0.88106626 10.764331 6.090849
-1.1492168 10.764331 5.93762
-1.3790601 10.572795 5.899313
-1.8004396 10.113108 5.8226986
-2.336741 9.385271 5.899313
-2.873042 8.619126 6.0525417
-3.2944214 8.082825 6.090849
-3.3710358 8.082825 6.129156
-3.1411927 8.619126 5.93762
-2.7964275 9.500192 5.7460837
-2.4516625 10.266336 5.5162406
-2.2218192 10.649409 5.24809
-2.1068974 10.726024 5.056554
-2.030283 10.419566 4.7884035
-1.9919758 10.0748005 4.4819455
-2.030283 9.423578 4.367024
-2.1452048 8.504204 4.3287168
-2.2984335 7.6231384 4.405331
-2.4133554 6.8186865 4.711789
-2.3750482 6.435614 5.286398
-2.1452045 6.435614 5.899313
-1.8387469 6.7037644 6.359
-1.4173675 7.0485296 6.512229
-1.0342951 7.393295 6.1291566
-0.80445176 7.6231384 5.401319
-0.5746084 7.699753 4.7884035
-0.34476507 7.8146744 4.4819455
-0.03830725 8.00621 4.6351743
0.4596867 8.159439 5.363012
0.9959879 8.274361 6.090849
1.3024457 8.197746 6.6654572
1.4556746 7.929596 6.895301
1.4939818 7.73806 6.6271505
1.4556746 7.546524 6.2057714
1.4556746 7.2783732 5.746084
1.4556746 7.086837 5.363012
1.4556746 6.933608 5.133168
1.5322891 6.895301 5.1714754
1.8004397 7.163451 5.2480903
2.183512 7.6231384 5.363012
2.6048913 8.00621 5.4779334
2.987964 8.312669 5.363012
3.217807 8.350976 5.24809
3.2561142 8.082825 5.056554
3.217807 7.8146744 4.9799395
3.2561142 7.699753 5.056554
3.3327286 7.776367 5.133168
3.562572 7.8912888 5.209783
3.7924154 8.00621 5.0565543
3.9839516 7.929596 4.6351748
4.2137947 7.6614456 3.9073372
4.2904096 7.6231384 3.8307228
4.3287168 7.776367 4.0222588
4.4436383 7.8912888 4.3287163
4.5968676 8.159439 4.788403
4.8267107 8.504204 5.1714754
5.0182467 8.810662 5.439626
5.133168 9.155428 5.516241
5.209783 9.423578 5.4013195
5.1331687 9.5385 5.24809
5.018247 9.500193 5.133168
4.7500963 9.423578 5.094861
4.5202527 9.232041 5.094861
4.2904096 9.11712 5.094861
4.0222588 9.040505 5.056554
3.9073372 8.925584 5.0182467
3.7541084 8.925584 5.094861
3.6008794 8.810662 5.3247046
3.4093432 8.6574335 5.439626
3.2561145 8.465898 5.5545483
3.026271 8.159439 5.516241
2.873042 8.00621 5.4396267
2.873042 7.929596 5.4396267
2.873042 8.082825 5.3630123
2.9879637 8.350975 5.2480907
3.1794999 8.810662 5.094861
3.2561142 8.925584 5.133168
3.217807 9.002198 5.3247046
3.1028855 9.002198 5.516241
2.9496565 8.963891 5.6311626

