2.6048913 8.887277 5.5928555
2.2984335 8.848969 5.6311626
1.340753 8.6574335 5.2863975
1.1875241 10.419565 6.2823853
1.2641385 12.449848 7.2783732
1.532289 14.709976 8.159439
2.4899697 17.00841 8.96389
2.9113493 17.314867 8.274361
2.9496565 16.931795 7.278373
2.6048913 16.050728 6.397307
1.9919758 14.901512 5.8226986
1.3024457 13.637373 5.7843914
0.7661445 12.488156 5.9759274
0.3830723 11.530476 6.2440777
0.076614454 10.764331 6.4739213
-0.15322891 10.113108 6.3206925
-0.30645782 9.461885 5.93762
-0.4213795 8.848969 5.324704
-0.45968673 8.197746 4.711789
-0.30645782 7.776367 4.3670235
-0.114921674 7.584831 4.1754875
0.11492168 7.699753 4.3287168
0.38307226 7.8529816 4.596867
0.5363012 7.776367 4.6734815
0.5746084 7.584831 4.6351743
0.45968673 7.0102224 4.252102
0.22984336 6.4356146 3.86903
0.0 6.0525417 3.5242648
-0.22984336 5.6311626 3.217807
-0.38307226 5.4396267 2.9113493
-0.49799395 5.1714754 2.3750482
-0.5363012 4.711789 1.8004396
-0.61291564 4.3287168 1.1109096
-0.61291564 4.0222588 0.5746084
-0.49799395 4.0222588 0.49799395
-0.42137948 4.252102 0.7278373
-0.34476504 4.55856 1.2258313
-0.30645782 4.7884035 1.8004397
-0.30645782 4.903325 2.0685902
-0.22984336 5.0182467 2.1068974
0.0 5.2480903 1.8387469
0.30645782 5.5162406 1.4939818
0.53630114 5.746084 1.0726024
0.6895301 5.861006 0.6895301
0.6895301 5.93762 0.5746084
0.53630114 5.861006 0.5363012
0.34476504 5.746084 0.61291564
0.15322891 5.66947 0.91937345
0.038307227 5.5545483 1.1492168
0.0 5.4779334 1.3024457
0.076614454 5.5545483 1.5322891
0.26815057 5.746084 1.4939818
0.49799395 6.167464 1.532289
0.80445176 6.7803793 1.3790601
1.1109096 7.3166804 1.1109096
1.3024457 7.8146744 0.8810662
1.4939818 8.082825 0.61291564
1.6472108 8.159439 0.49799395
1.7238252 8.159439 0.45968673
1.838747 8.159439 0.61291564
1.9919758 8.236053 1.0342951
2.2218192 8.427589 1.4939818
2.4899697 8.6574335 1.877054
2.681506 8.772355 1.9919758
2.7964277 8.695741 1.6472108
2.834735 8.465897 1.1875241
2.9496565 8.236053 0.8810662
3.1411927 8.00621 0.6895301
3.3327289 8.00621 0.7661445
3.562572 8.274361 0.9576807
3.7924156 8.619126 1.1109096
4.098873 9.232042 1.1492168
4.903325 10.419566 1.0726024
5.2480903 10.879252 0.9576807
5.516241 11.109097 0.80445176
5.3247046 10.802638 0.6895301
4.9416323 10.419566 0.7278373
4.4819455 10.0748005 0.8810662
3.86903 9.576807 1.340753
3.6774938 9.615114 1.4556745
3.5242648 9.653421 1.3790601
3.2561142 9.844957 1.2258313
2.873042 10.113108 1.1109096
2.5665843 10.228029 1.0726024
2.2218192 10.189722 1.1109096
1.5322891 10.036493 1.1109096
0.07661444 9.385271 1.0726024
-0.6512228 9.078813 1.1109096
-1.1875241 8.772354 1.2641385
-1.6472107 8.657433 1.6089034
-1.7238251 8.848969 1.9919758
-1.532289 9.346963 2.4516625
-1.2258313 10.189722 2.719813
-0.91937345 10.994174 2.7581203
-0.9959879 11.492168 2.566584
-1.4173675 11.453861 2.1452045
-1.9919758 11.032481 1.7238252
-2.6815057 10.419566 1.3790601
-3.2561145 9.80665 1.2258313
-3.6391866 9.308656 1.3024457
-3.86903 9.11712 1.6089036
-3.9073372 9.11712 1.9919758
-3.9073372 9.232042 2.4899697
-3.9456444 9.423578 2.9496565
-3.9839516 9.500193 3.371036
-4.1371803 9.576807 3.9073372
-4.290409 9.576807 4.137181
-4.4053307 9.500193 4.0988736
-4.5202527 9.308657 3.7541084
-4.55856 9.040505 2.9496565
-4.55856 8.887277 2.1835117
-4.4436383 8.887277 1.8004396
-4.290409 8.963891 1.7238252
-4.098873 8.887277 2.030283
-3.9073372 8.580819 2.2984335
-3.6774938 8.159439 2.3367407
-3.4093432 7.776367 2.2218192
-3.1028855 7.508217 1.9536686
-2.719813 7.431602 1.685518
-2.2984338 7.31668 1.4556746
-1.8387469 7.163451 1.2641386
-1.3790601 6.9719152 0.9193735
-0.91937345 6.7803793 0.61291564
-0.57460845 6.703765 0.22984338
-0.34476504 6.703765 -0.11492168
-0.19153613 6.703765 -0.45968676
-0.15322891 6.6271505 -0.7278373
-0.15322891 6.5505357 -0.80445176
-0.076614454 6.435614 -0.80445176
0.11492168 6.4739213 -0.45968673
0.34476504 6.588843 0.07661447
0.49799395 6.6654577 0.57460845
0.49799395 6.6271505 0.88106626
0.34476504 6.359 0.95768064
0.0 6.090849 0.6895301
-0.2681506 5.861006 0.22984335
-0.2681506 5.899313 -0.19153613
-0.03830722 6.397307 -0.57460845
0.53630126 7.1251445 -0.7661445
1.1875241 7.967903 -0.61291564
1.532289 8.734048 -0.4213795
1.4939818 9.040505 0.11492169
1.0726023 8.963891 0.7278373
0.344765 8.465898 1.340753
-0.34476507 7.8529816 2.0685902
-0.7661446 7.469909 2.4133554
-0.842759 7.2783732 2.6048915
-0.5746084 7.5082164 2.3750482
-0.07661446 7.8912888 1.9153614
0.34476504 8.312668 1.4939818
0.5746084 8.6574335 1.0726023
0.5746084 8.810662 0.7661445
0.34476504 8.848969 0.6895301
0.076614454 8.810662 0.8810662
-0.15322891 8.734048 1.340753
-0.22984335 8.772355 2.183512
-0.15322891 8.848969 3.1028855
0.2681506 9.691729 4.098873
0.5363012 10.572795 4.3287163
0.6895301 11.568783 4.1371803
0.6895301 12.449849 3.754108
0.6512229 13.024457 3.2944217
0.5363012 13.292608 2.7581205
0.5746084 13.560759 2.566584
0.7278373 13.867216 2.7581205
0.91937345 14.211981 2.9496565
1.1492168 14.748282 3.4476504
1.4173673 15.322891 4.0222588
1.7621325 15.7825775 4.5202527
1.9919759 16.050728 5.094861
2.030283 15.74427 5.0182467
1.8004397 14.863204 4.6351743
1.2641385 13.560759 3.9839516
0.7278373 12.258313 3.1794999
0.22984338 10.955867 2.5665843
-0.15322891 9.959879 2.1068976
-0.34476504 9.500193 2.1068976
-0.30645782 9.461885 2.7581205
-0.03830722 9.95988 3.7158012
0.15322891 10.457873 4.6351743
0.22984336 10.726024 5.2097826
0.038307227 10.572795 4.9799395
-0.34476504 10.151415 4.290409
-0.6895301 9.768343 3.5625722
-0.8810662 9.576807 2.9113493
-0.8810662 9.691729 2.681506
-0.6129156 10.266336 3.1411924
-0.22984338 11.109096 3.8307228
0.22984335 12.066777 4.7500963
0.49799395 12.871228 5.439626
0.4213795 13.139379 5.477934
0.11492168 13.024457 5.24809
-0.42137948 12.564771 4.673482
-0.842759 11.9135475 4.252102
-1.2641385 11.300632 4.2137947
-1.7238252 10.457873 4.55856
-1.8770542 10.342952 4.7884035
-1.8770542 10.419566 4.7500963
-1.8387469 10.6877165 4.673482
-1.8387469 11.032482 4.4819455
-1.9153614 11.33894 4.3287163
-2.1068976 11.530476 4.3670235
-2.4133554 11.415554 4.4819455
-2.7964277 11.147403 4.788403
-3.217807 10.764331 5.133168
-3.5242648 10.228029 5.401319
-3.86903 9.768343 5.4779334
-4.213795 9.232042 5.2480903
-4.443639 8.695741 4.9416323
-4.673482 8.236053 4.6734815
-4.673482 7.8146744 4.6351743
-4.4436383 7.584831 4.788403
-4.060566 7.6231384 4.903325
-3.4476502 8.197746 4.903325
-2.719813 8.963891 4.711789
-2.0685902 9.691729 4.2137947
-1.6472106 9.998186 3.5242648
-1.532289 9.5385 2.7581205
-1.6089035 8.619126 2.221819
-1.7621324 7.6231384 2.4133554
-1.8387469 6.7803793 2.9496565
-1.685518 6.435614 3.7541082
-1.3407528 6.7037644 4.3287163
-0.95768064 7.2017584 4.290409
-0.53630114 7.852981 3.9073372
-0.1532289 8.274361 3.2944214
0.038307227 8.197746 2.7581203
0.11492168 7.8146744 2.528277
0.11492168 7.2400656 2.6431985
0.038307227 6.933608 3.2178068
0.076614454 6.7803793 4.1371803
0.30645782 6.895301 5.2097826
0.61291564 7.125144 6.090849
0.8810662 7.1634517 6.397307
1.0342951 7.2783732 6.167464
1.187524 7.354988 5.4779334
1.4173673 7.699753 4.7884035
1.8770541 8.274361 4.5968676
2.336741 8.810663 4.673482
2.681506 9.2703495 4.865018
2.9113493 9.615114 5.0182467
2.9496565 9.80665 4.750096
3.0262709 9.959879 4.290409
3.064578 10.113108 3.86903
3.1028852 10.0748005 3.9073372
3.064578 9.80665 4.2521024
2.9496565 9.385271 4.711789
2.7581203 8.465897 5.1714754
2.8347347 8.274361 4.903325
3.1794999 8.465897 4.405331
3.7541082 8.963891 4.1371803
4.55856 9.691729 3.9456444
5.094861 10.304645 3.9839516
5.3247046 10.534488 4.098873
5.1331687 10.304645 3.9839516
4.5968676 9.730036 3.8307228
4.0222588 9.040505 3.6008792
3.4093432 8.42759 3.6774936
2.7964275 7.8912888 3.9456444
2.2984335 7.508217 4.2137947
2.030283 7.4316025 4.520252
2.0685902 7.699753 4.7884035
2.6048915 8.504205 4.9799395
3.371036 9.500193 5.2097826
4.1371803 10.381259 5.286397
4.6351748 10.955867 5.0182467
4.711789 10.994174 4.6351748
4.4053316 10.6877165 4.2137947
3.7924159 10.151415 3.8307228
3.1411927 9.5385 3.7924156
2.566584 9.040505 3.9839516
2.183512 8.695741 4.290409
1.9536686 8.542512 4.8267107
1.8004396 8.619126 5.1714754
1.6472108 8.6574335 5.286397
1.4939818 8.619126 5.24809
1.3790603 8.389282 5.056554
1.3024457 8.159439 5.0182467

