1.2641385 8.0445175 5.133168
1.3024457 8.00621 5.2097826
1.0726024 8.504204 4.9799395
0.9576807 9.615114 4.9416323
0.842759 10.840945 5.133168
0.842759 12.258312 5.5162406
1.1875241 13.330915 6.1674633
1.3790601 13.752295 6.5122285
1.5322891 14.173674 6.7420716
1.6089036 14.403518 6.8186865
1.685518 14.5567465 6.7803793
1.8004398 14.480132 6.703765
1.8004398 14.326902 6.473922
1.8770542 14.135366 6.052542
1.8387469 13.867216 5.707777
1.7238252 13.599066 5.2863975
1.6472107 13.215994 4.865018
1.4556746 12.794614 4.596867
1.3024457 12.296619 4.367024
1.1875241 11.798626 4.2904096
1.2641385 11.33894 4.367024
1.4939818 11.070789 4.6351748
1.7621324 10.955867 5.0182467
1.9919758 10.726024 5.3247046
1.9536686 10.419565 5.439626
1.6855179 9.921572 5.554548
1.3790601 9.2703495 5.4013195
1.0726024 8.772355 5.133168
0.7661445 8.274361 4.903325
0.49799395 7.699753 4.405331
0.19153613 7.2017584 3.9456444
-0.114921674 6.6654577 3.4859576
-0.34476504 6.3589993 3.1028855
-0.45968673 6.090849 2.719813
-0.45968673 5.93762 2.2218192
-0.3830723 5.7843914 1.8004396
-0.19153613 5.66947 1.340753
0.076614454 5.4779334 0.7661446
0.15322891 5.4779334 0.49799395
0.15322891 5.363012 0.15322891
0.22984335 5.477934 0.4213795
0.26815057 5.516241 0.9193734
0.22984335 5.401319 1.2258313
0.07661445 5.1714754 1.3024457
-0.22984335 4.7884035 0.9959879
-0.6512229 4.4436383 0.68953
-0.6512229 4.7884035 0.7661445
-0.5363012 5.3630114 0.9576807
-0.34476504 6.052542 1.3024458
-0.22984336 6.588843 1.8004397
-0.076614454 6.895301 2.4133554
0.076614454 7.125144 2.834735
0.22984335 7.240066 2.834735
0.26815057 7.3549876 2.336741
0.30645782 7.469909 1.7621324
0.34476507 7.6231384 1.340753
0.4213795 7.967903 1.0342951
0.61291564 8.274361 0.9576807
0.8044518 8.580818 0.9576807
0.9959879 8.657433 0.842759
1.0342952 8.427589 0.9576807
0.9959879 8.121132 1.1875241
0.91937345 7.776367 1.3790601
0.84275895 7.699753 1.6472108
0.8810662 7.8146744 1.6089036
0.9959879 8.00621 1.3024458
1.0726024 8.274361 0.88106626
1.1109096 8.312668 0.57460845
1.1109096 8.236053 0.4213795
1.1109096 8.0445175 0.45968673
1.2258313 7.967903 0.91937345
1.493982 8.197746 1.4556746
1.9153613 8.734048 1.9919758
2.3750482 9.461885 2.4133554
2.834735 10.036494 2.3750482
3.1411924 10.419566 2.030283
3.2944217 10.457873 1.4939818
3.3327289 10.304644 1.2258313
3.2561142 9.883265 0.9193734
3.1411927 9.500193 0.7661445
2.9879637 9.232041 0.6512228
2.9113493 9.11712 0.53630114
2.9496565 9.308657 0.7661445
3.064578 9.576807 1.1492169
3.3327286 9.921572 1.5705963
3.5625722 10.381258 1.6472107
3.7541084 10.802638 1.4173673
3.8307228 11.032481 0.9193734
3.6774938 10.955867 0.49799398
3.4476504 10.649408 0.2681506
3.1411927 10.228029 0.30645782
2.834735 9.883265 0.4596867
2.6431987 9.768343 0.4596867
2.4899697 9.768343 0.38307226
2.3367407 9.80665 0.22984335
2.2218192 9.844957 0.038307227
2.030283 9.883265 0.0
1.8004396 9.921572 0.0
1.532289 9.883265 0.038307227
1.2258313 9.844957 0.15322891
0.842759 9.730036 0.30645782
0.45968673 9.500193 0.61291564
0.15322891 9.423578 0.8810662
-0.19153613 9.308657 1.0726024
-0.42137948 9.232042 1.0726024
-0.6895301 9.155428 0.8810662
-1.0726023 9.040505 0.57460845
-1.4556746 9.002198 0.15322891
-1.7621324 9.078813 -0.07661445
-1.8770542 9.385271 7.4505806E-9
-1.8387469 9.844957 0.2681506
-1.6472107 10.266336 0.6895301
-1.5705963 10.572795 1.0726023
-1.6089035 10.764331 1.1492169
-1.7621324 10.726024 1.0342951
-2.030283 10.572795 0.7278373
-2.336741 10.22803 0.22984336
-2.681506 9.768343 -0.30645782
-3.0262709 9.270349 -0.80445176
-3.3327289 8.887277 -0.9959879
-3.5242648 8.695741 -0.7278373
-3.562572 8.695741 -0.114921674
-3.4859576 8.887278 0.6512229
-3.2944214 9.308657 1.340753
-3.0645783 9.768343 1.8004396
-2.9113493 10.036493 1.8004396
-2.873042 10.151415 1.6089034
-2.9879637 9.921572 1.1875241
-3.217807 9.576807 0.6512228
-3.5242648 9.193735 0.22984338
-3.7541082 8.810662 -0.038307227
-3.9456444 8.542511 0.11492168
-4.0222588 8.350975 0.4213795
-4.0222588 8.236053 0.9959879
-4.0222588 8.236053 1.4939818
-4.0222588 8.159439 1.7621324
-4.060566 8.0445175 1.9919758
-4.098873 7.929596 2.1068974
-4.1371803 7.699753 2.0685902
-4.098873 7.546524 2.1068976
-3.9839516 7.4316025 1.9919758
-3.7924156 7.393295 1.7621325
-3.4476507 7.5082164 1.5322891
-3.026271 7.584831 1.1875241
-2.566584 7.6231384 0.7278373
-1.9153614 7.316681 0.15322891
-1.7238252 6.7803793 0.11492168
-1.6089036 6.0142345 0.2681506
-1.4556746 5.24809 0.22984338
-1.187524 4.55856 0.1149217
-0.8810662 4.098873 -0.22984335
-0.49799395 3.9839516 -0.53630114
-0.076614454 4.060566 -0.5746084
0.19153613 4.405331 -0.38307226
0.30645782 4.9416323 -0.03830722
0.2681506 5.2480903 0.19153613
0.15322891 5.477934 0.344765
0.15322891 5.4396267 0.19153611
0.34476504 5.2480903 -0.038307227
0.6512229 5.2480903 -0.15322891
0.9576807 5.2863975 -0.22984336
1.0342951 5.4779334 0.11492169
0.84275895 5.861006 0.49799395
0.45968673 6.3206925 0.9959879
0.0 6.588843 1.6472108
-0.34476504 6.7803793 2.1452048
-0.4213795 6.933608 2.528277
-0.34476504 7.086838 2.719813
-0.15322891 7.508217 2.6048913
0.11492168 8.236053 2.1835117
0.45968673 8.963892 1.8004397
0.80445176 9.653421 1.340753
1.0726023 10.266336 1.2258313
1.2258313 10.611102 1.685518
1.1492168 10.955868 2.566584
0.9959879 11.185711 3.7924154
0.7278373 11.147404 4.673482
0.45968673 11.032482 5.171476
0.19153613 10.6877165 5.0565543
-0.038307227 10.572795 4.711789
0.0 10.649409 4.3287168
0.19153613 10.879252 3.9456444
0.49799395 11.453861 3.9073372
0.8810662 11.9135475 4.098873
1.1875241 12.488156 4.4436383
1.4939818 13.177687 4.711789
1.8004396 13.67568 4.7884035
2.030283 14.058753 4.55856
2.1452045 14.250289 4.1754875
2.0685902 14.288596 3.86903
1.8004396 14.441825 3.677494
1.532289 14.786591 3.6391869
1.4173675 15.284584 3.9456444
1.3790601 15.935806 4.137181
1.340753 16.395493 4.213795
1.1875241 16.587029 4.4819455
0.842759 16.318878 4.367024
0.2681506 15.552734 4.520253
-0.4213795 14.518438 4.865018
-1.685518 12.794615 4.903325
-2.0685902 12.373235 4.865018
-2.1835117 12.29662 4.8267107
-2.1835117 12.411542 4.9416323
-2.1068974 12.564771 5.056554
-1.9919758 12.679692 5.094861
-1.9536686 12.603077 5.056554
-2.030283 12.258312 4.7500963
-2.2218192 11.722012 4.5968676
-2.6431985 10.955868 4.3287168
-3.2178073 10.189722 4.060566
-3.7541084 9.461885 4.098873
-4.175488 8.772355 4.1754875
-4.3287168 8.312668 4.4053307
-4.1754875 8.121132 4.5968676
-3.7541082 8.427589 4.7500963
-3.1411924 9.040505 4.7500963
-2.566584 9.730036 4.4819455
-2.2218192 10.189722 4.060566
-2.2601264 10.036493 3.5242648
-2.6431985 9.500193 3.1028855
-3.1028852 8.619126 2.9113493
-3.4859576 7.699753 2.873042
-3.7158012 6.9719152 3.026271
-3.677494 6.742072 3.217807
-3.371036 7.0102224 3.6008792
-2.7964277 7.73806 4.060566
-1.9919758 8.619126 4.2904096
-1.3024457 9.385271 4.137181
-0.9193734 9.80665 3.4859579
-0.8810662 9.730036 2.873042
-1.0726024 9.346963 2.4516625
-1.2641385 8.810661 2.566584
-1.2641385 8.389282 2.9879637
-0.9959879 8.159439 3.4476504
-0.6895301 8.350975 3.9073372
-0.30645782 8.657433 4.1754875
0.076614454 8.925584 4.443638
0.22984336 9.11712 4.55856
0.30645782 8.963891 4.5202527
0.22984336 8.6574335 4.4819455
0.038307227 8.350975 4.4819455
0.0 8.082825 4.55856
0.19153616 8.159439 4.750096
0.5746084 8.350975 4.903325
0.9959879 8.734047 5.094861
1.4556746 9.155428 5.2863975
1.7238252 9.232042 5.2480903
1.9919758 9.078814 4.9799395
2.183512 8.734048 4.711789
2.2984335 8.312668 4.4436383
2.4516625 7.967903 4.2904096
2.4899697 7.8146744 4.2904096
2.6431987 7.776367 4.252102
2.987964 8.00621 4.367024
3.4093432 8.274361 4.55856
3.9456444 8.580819 4.7884035
4.405331 8.810662 4.6734815
4.5585604 8.734048 4.1371803
4.5585604 8.734048 3.6774938
4.3287168 8.619126 3.2944217
4.1371803 8.42759 3.3327289
4.098873 8.465898 3.677494
4.1371803 8.42759 4.137181
4.367024 8.619126 4.6351748
4.6351748 8.925585 5.1331687
4.865018 9.232042 5.401319
5.0182467 9.576807 5.401319
4.9799395 9.653421 4.9799395
4.7117887 9.883265 4.137181
4.7117887 10.0748005 3.9456444
4.6734815 10.266336 4.175488
4.405331 10.228029 4.4436383
3.86903 9.844957 4.55856
3.2561145 9.423578 4.6734815
2.9113493 9.232042 4.865018
2.7581203 9.2703495 5.018247
2.7581203 9.346964 5.0565543
2.681506 9.346964 4.97994
2.3750482 9.117121 4.711789
2.0685902 8.887277 4.5202527
1.685518 8.6574335 4.290409
1.340753 8.504205 4.252102
1.1492168 8.504205 4.3287163
1.0342951 8.580819 4.3287163
0.9959879 8.6574335 4.4819455
0.9576807 8.734048 4.5202527
0.8810662 8.887277 4.405331
0.80445176 8.963891 4.2137947
0.6512228 8.963891 3.86903
0.53630114 9.040505 3.6008794
0.4213795 9.002198 3.4093432
0.38307226 9.078814 3.4093432
0.49799392 9.2703495 3.5242648
0.6512228 9.385271 3.7541084
0.842759 9.461885 4.060566

