0.842759 9.5385 4.520252
1.187524 11.147404 5.286397
1.4173673 12.7179985 5.899313
1.4939818 14.097059 6.2823853
1.685518 15.169662 6.971915
1.3024458 14.709975 6.818686
0.9576807 14.288595 6.6654572
0.7661445 13.982138 6.5122285
0.5746084 13.67568 6.2823853
0.34476504 13.1393795 6.0142345
0.11492168 12.373234 5.7843914
-0.19153613 11.377247 5.5928555
-0.2681506 10.49618 5.4396267
0.038307235 10.0748005 5.363012
0.53630126 10.036493 5.5545483
1.1492169 10.189722 5.93762
1.6472108 10.304644 6.3589993
1.838747 10.151415 6.703765
1.7621325 9.80665 6.703765
1.685518 9.461885 6.3589997
1.4556746 8.925584 5.516241
1.1109096 8.350976 4.4819455
0.9959879 8.00621 3.6008792
0.9576807 7.8529816 2.9879637
1.0342951 7.967903 2.7581203
1.3024458 8.082825 2.873042
1.493982 8.00621 3.1028855
1.5322891 7.776367 3.2561145
1.5322891 7.4699097 3.371036
1.4173673 7.1251445 3.2561145
1.1492168 6.742072 2.834735
0.7661445 6.1674633 2.2601264
0.3830723 5.51624 1.685518
-0.03830722 4.903325 1.1109096
-0.38307226 4.252102 0.57460845
-0.4596867 3.9839516 0.22984338
-0.4596867 4.098873 0.076614454
-0.26815057 4.3287168 0.4213795
-0.038307227 4.711789 0.95768064
0.076614454 4.903325 1.6089035
0.15322891 4.865018 2.0685902
0.11492168 4.7884035 2.1068974
0.0 4.5585604 1.8004397
-0.15322891 4.367024 1.2641386
-0.22984336 4.2137947 0.72783726
-0.19153613 4.1754875 0.26815057
0.0 4.4436383 0.15322891
0.30645782 4.903325 0.076614454
0.61291564 5.401319 0.076614454
0.80445176 5.93762 0.038307227
0.91937345 6.2057705 -0.038307227
0.9576807 6.282385 -0.038307227
0.99598795 6.3589997 0.15322891
1.1109096 6.3589997 0.38307226
1.2641385 6.5122285 0.53630114
1.4173673 6.742072 0.68953
1.4939818 6.933608 0.6512228
1.6089035 7.163451 0.57460845
1.7238252 7.278373 0.4213795
1.9536686 7.5465236 0.15322891
2.2601264 7.8912888 -0.19153613
2.566584 8.197746 -0.49799395
2.9496565 8.6574335 -0.6895301
3.2944217 8.925584 -0.6512228
3.562572 9.155427 -0.49799395
3.8307228 9.38527 -0.30645782
4.0222588 9.5385 0.0
4.1371803 9.653421 0.11492168
4.252102 9.653421 0.19153613
4.252102 9.576807 0.19153613
4.2137947 9.576807 0.076614454
4.2137947 9.615114 -0.038307227
4.252102 9.883265 -0.11492168
4.405331 10.342951 -0.26815057
4.6351748 10.726023 -0.49799395
4.7500963 11.109096 -0.57460845
4.7500963 11.224017 -0.6512228
4.596867 11.224017 -0.53630114
4.1754875 11.032481 -0.2681506
3.6774938 10.76433 0.0
3.1794999 10.534487 0.2681506
2.681506 10.151415 0.61291564
2.2984338 9.883265 0.8810662
1.9536687 9.730036 0.95768064
1.6089036 9.615114 0.8810662
1.3024458 9.653421 0.61291564
0.91937345 9.844957 0.076614454
0.8810662 9.959879 0.15322891
0.80445176 9.998186 0.26815057
0.61291564 10.036493 0.61291564
0.26815057 9.883265 0.7661446
-0.19153613 9.5385 0.842759
-0.7278373 9.11712 0.88106626
-1.2258313 8.69574 0.6895301
-1.685518 8.274361 0.5746084
-2.030283 8.121132 0.38307226
-2.183512 8.236053 0.19153613
-2.1452048 8.580818 0.15322891
-1.9536686 9.232041 0.22984335
-1.7621324 9.883265 0.45968673
-1.685518 10.496181 0.6895301
-1.8004397 10.764331 0.8810662
-2.1068976 10.764331 0.7661445
-2.528277 10.572795 0.5746084
-2.9496565 10.151416 0.53630114
-3.217807 9.80665 0.72783726
-3.3327286 9.5385 1.1109096
-3.3327286 9.385271 1.532289
-3.2944214 9.385271 1.8770541
-3.2944214 9.500193 1.8770541
-3.2561142 9.768343 1.6855179
-3.1411927 10.151415 1.3790601
-2.9879637 10.572795 1.1492168
-2.8347347 10.802638 1.1875241
-2.9879637 10.6877165 1.8770542
-3.217807 10.266337 2.4516625
-3.562572 9.768343 2.7581203
-3.8307226 9.232041 2.9113493
-3.9839516 8.772355 2.9113493
-3.9839516 8.580818 2.4899697
-3.8307228 8.465897 2.1452048
-3.524265 8.465897 1.8770542
-3.1411927 8.542512 1.8770542
-2.7964275 8.504205 2.0685902
-2.4899697 8.542512 2.2601264
-2.3367407 8.504205 2.3367407
-2.221819 8.350975 2.1068974
-2.1452045 8.197746 1.7238252
-2.030283 7.967903 1.3024457
-1.8387469 7.699753 0.84275895
-1.6472107 7.584831 0.30645782
-1.3790601 7.393295 -0.11492168
-1.1492169 7.2783732 -0.34476504
-0.99598795 7.125144 -0.34476504
-0.88106626 6.7803793 -0.11492168
-0.842759 6.473922 0.038307227
-0.7661445 6.129156 0.0
-0.6512228 5.899313 0.038307227
-0.45968673 5.899313 0.0
-0.22984336 5.861006 0.038307227
-0.038307227 5.861006 0.344765
0.15322891 5.746084 0.6512228
0.15322891 5.6694694 0.842759
0.38307226 5.6694694 0.9959879
0.61291564 5.707777 0.8810662
0.842759 5.746084 0.6512228
0.91937345 5.66947 0.30645782
0.842759 5.746084 0.11492168
0.5363012 5.93762 0.076614454
0.19153613 6.1674633 0.49799398
-0.15322891 6.4739213 1.1492169
-0.34476507 6.703765 1.8770542
-0.30645782 6.933608 2.4516625
-0.11492168 7.163451 2.566584
0.34476504 7.6614456 2.1452045
0.49799398 7.929596 1.7238253
0.61291564 8.42759 1.3790601
0.80445176 9.078814 0.9959879
1.1492168 9.844958 0.7661445
1.3790601 10.611102 0.61291564
1.4556746 11.032482 0.7278373
1.3024458 11.185711 1.2258313
0.9576807 11.185711 1.9919758
0.68953013 11.032481 2.9496565
0.4213795 10.955867 3.6774936
0.22984336 10.764331 3.6774936
0.11492168 10.6877165 3.2561142
0.11492168 10.879252 2.681506
0.34476507 11.262324 2.1452048
0.7661445 11.9135475 2.0685902
1.2641385 12.488155 2.4133554
1.6472107 12.909535 2.911349
1.7621324 13.101071 3.4476502
1.6472107 13.139379 3.907337
1.4173673 13.369223 4.3670235
1.1492168 13.445837 4.6351748
0.9576807 13.522451 4.711789
0.8810662 13.522451 4.8267107
0.80445176 13.177686 4.8267107
0.6895301 12.717999 4.673482
0.5746084 12.220005 4.4819455
0.42137948 11.798626 4.290409
0.22984335 11.530476 3.9839516
0.19153613 11.722012 3.9839516
0.3830723 12.334928 4.2137947
0.68953013 13.101072 4.2904096
0.99598795 13.82891 4.367024
1.1492169 13.905524 4.252102
1.0342951 13.522451 4.060566
0.7661445 12.871229 3.9839516
0.49799392 12.181699 3.86903
0.3064578 11.9135475 3.7158012
0.11492168 11.683704 3.4859576
0.0 11.60709 3.2944217
-0.11492168 11.568783 3.1028855
-0.22984336 11.33894 3.0262709
-0.34476507 11.109096 3.217807
-0.61291564 10.6877165 3.4859579
-0.8810662 10.228029 3.8307228
-1.1492168 9.80665 4.2137947
-1.3790601 9.461885 4.3287163
-1.4556746 9.2703495 4.3287163
-1.4173675 9.155427 4.2137947
-1.37906 9.270349 4.060566
-1.2641385 9.4618845 4.0222588
-1.0726024 9.691729 3.9839516
-0.9576807 10.113108 4.1754875
-0.80445176 10.49618 4.4819455
-0.7661445 10.840945 4.6734815
-0.95768064 11.147404 4.750096
-1.3024457 10.994175 4.596867
-1.8770542 10.534487 4.213795
-2.566584 9.80665 3.9839516
-3.1028855 8.963892 3.86903
-3.6008794 8.389283 3.7924156
-3.7541082 8.159439 3.9073372
-3.6391866 8.312668 4.098873
-3.5242648 8.6574335 4.2137947
-3.2944214 9.002199 4.3287163
-3.217807 9.155428 4.2137947
-3.217807 9.078814 4.0222588
-3.217807 8.963892 3.8307228
-3.1411927 8.734048 3.6008794
-2.9879637 8.580819 3.5242648
-2.719813 8.619126 3.4476504
-2.2984338 8.734048 3.6391866
-1.8004397 8.925584 4.2904096
-1.3790603 9.040505 4.903325
-1.1109096 8.925584 5.4779334
-0.9959879 8.772355 5.592855
-0.9959879 8.6574335 5.0182467
-0.9576807 8.580819 4.367024
-0.842759 8.619126 3.6008792
-0.6512229 8.465898 3.2561145
-0.4213795 8.236053 3.4476504
0.038307235 8.274361 4.098873
0.6895301 8.619126 5.094861
1.3407528 9.193735 5.899313
1.9153612 9.730036 6.1291566
2.0685902 9.959879 5.554548
1.877054 9.80665 4.55856
1.6089034 9.461885 3.6391864
1.3407528 9.078813 3.2178068
1.2258313 8.734048 3.371036
1.3407528 8.504204 3.9456444
1.6089034 8.580818 4.5202527
1.9536686 8.8489685 5.094861
2.336741 9.155428 5.439626
2.6431987 9.2703495 5.3247046
2.7198133 9.040506 4.865018
2.6431987 8.542512 4.1754875
2.4899697 7.8529816 3.6008794
2.3367407 7.240066 3.3710358
2.2601264 6.8569937 3.4093432
2.4133554 6.742072 3.6391866
2.7964275 7.0485296 3.86903
3.3710358 7.699753 4.0222588
4.098873 8.427589 4.252102
4.7884035 9.155427 4.290409
5.209783 9.691729 4.098873
5.3247046 9.844957 3.6391864
5.1714754 9.653421 3.0262709
4.82671 9.308656 2.719813
4.4819455 8.772355 2.7964275
4.060566 8.274361 3.1794999
3.4859576 7.776367 3.9073372
3.7158008 8.274361 4.1754875
4.1371803 8.810662 4.367024
4.9416323 9.921572 4.7884035
4.9799395 10.0748005 4.7500963
4.4819455 9.844957 4.4819455
4.060566 9.500193 4.1754875
3.6391866 9.232042 4.060566
3.3327289 8.963892 3.9839516
3.217807 8.810662 4.060566
3.1411924 8.772355 4.252102
3.1028852 8.734048 4.3287168
3.064578 8.734048 4.5202527
3.0262709 8.925585 4.6351748
2.9879637 9.078814 4.903325

