2.9879637 9.117121 5.1714754
2.9113493 9.193735 5.286397
2.6431987 9.11712 5.24809
1.6472108 8.963891 4.750096
1.1875241 9.80665 4.7117887
0.842759 10.611102 4.903325
0.57460845 11.60709 5.2480903
0.61291564 12.717999 5.6311626
0.6512228 13.024457 6.014235
0.80445176 13.522451 6.550536
1.1109097 14.135366 7.0485296
1.4556746 14.709976 7.2783732
1.685518 15.131355 7.2783732
1.7621324 15.246277 7.086837
1.6089035 15.093048 6.895301
1.3024457 14.633361 6.742072
1.0726023 14.250288 6.8186865
1.0726023 14.058752 6.8569937
1.2258313 13.9438305 6.6654577
1.4939818 13.9438305 6.473922
1.6855179 13.867216 6.320692
1.6472107 13.484143 6.2440777
1.4173673 13.024457 6.5122285
1.0726024 12.5264635 6.7420716
0.7278373 12.028469 6.856993
0.42137948 11.722012 6.895301
0.3064578 11.415554 6.550536
0.22984335 11.147403 5.9759274
0.11492168 10.879252 5.324704
0.11492168 10.726024 4.6734815
0.15322891 10.496181 4.290409
0.22984335 10.381259 4.1754875
0.38307226 10.228029 4.1371803
0.45968673 9.883265 4.1371803
0.3830723 9.500193 4.1371803
0.19153613 8.772355 4.098873
-0.07661445 7.967903 4.1371803
-0.34476504 7.086837 3.9456444
-0.68953 6.244078 3.371036
-1.0726023 5.592855 2.7198133
-1.4173673 5.0182467 1.9536686
-1.8004396 4.4436383 1.4939818
-2.030283 3.9456444 1.6089035
-2.0685902 3.562572 1.9536685
-1.9153614 3.4476504 2.2601264
-1.3024457 3.7541082 2.1068974
-0.19153613 4.6351743 1.6089035
0.45968673 5.3630114 1.8004396
0.9193734 5.93762 2.0685904
1.0726024 6.282385 2.183512
0.842759 6.1674633 2.0685904
0.34476504 5.746084 1.5322891
-0.15322891 5.286397 0.91937345
-0.57460845 4.903325 0.5746084
-0.7661445 4.711789 0.34476504
-0.61291564 4.8267107 0.22984336
-0.34476504 5.2863975 0.22984336
0.11492169 6.014235 0.15322891
0.57460845 6.6271505 0.15322891
0.842759 7.0868373 0.22984336
0.9576807 7.2783732 0.22984336
0.842759 7.1251445 0.26815057
0.61291564 6.9719152 0.22984336
0.45968673 6.8186865 0.34476504
0.3830723 6.703765 0.53630114
0.4213795 6.703765 0.6512228
0.5746084 6.8569937 0.72783726
0.7278373 6.9719157 0.6129156
0.9576807 7.1634517 0.38307226
1.3024457 7.4699097 0.11492168
1.7238252 7.8146744 -0.076614454
2.1452048 8.121132 -0.15322891
2.4899697 8.274361 0.0
2.6431987 8.350975 0.15322891
2.681506 8.389282 0.15322891
2.6048913 8.427589 0.038307227
2.566584 8.619125 -0.22984336
2.6815062 8.695741 -0.61291564
2.834735 8.810662 -0.80445176
3.1028852 8.925584 -0.842759
3.4093432 9.002198 -0.6512228
3.6008792 9.232041 -0.114921674
3.7541084 9.346964 0.42137954
3.86903 9.461885 0.842759
3.86903 9.5385 0.9576807
3.8307228 9.576807 0.842759
3.86903 9.730036 0.61291564
3.9839516 10.266336 0.38307226
4.098873 10.917559 0.5363012
3.9839516 11.147403 0.7661445
3.715801 11.224017 0.8810662
3.2944217 11.147403 0.84275895
2.834735 10.955867 0.8810662
2.2984338 10.802638 0.9193734
1.7238252 10.726024 1.0342951
1.1875241 10.764331 1.2258313
0.61291564 10.91756 1.3024457
0.11492167 10.955867 1.2258313
-0.2681506 10.802638 1.2641385
-0.7661446 10.381259 1.4556746
-1.2258313 9.80665 1.6472107
-1.7621324 9.346963 1.6089035
-2.4133554 9.002198 0.842759
-2.6048915 9.155428 -0.49799395
-2.6048915 9.2703495 -0.8810662
-2.4899697 9.576807 -0.45968673
-2.4516625 9.576807 0.15322891
-2.5665843 9.423578 0.61291564
-2.7581203 9.002198 0.8044517
-2.9879637 8.657433 0.7278373
-3.1411924 8.389282 0.4213795
-3.1794996 8.389282 0.076614454
-3.064578 8.772355 -0.22984335
-2.9113493 9.308657 -0.38307226
-2.7581205 9.921572 -0.30645782
-2.6431987 10.381258 0.0
-2.6815062 10.611102 0.34476504
-2.7964277 10.572795 0.61291564
-2.9113493 10.342951 0.80445176
-3.064578 9.921572 1.1109096
-3.1411927 9.5385 1.4173675
-3.2561142 9.155428 1.685518
-3.3327289 8.772355 1.8770542
-3.371036 8.504204 1.7238252
-3.3327289 8.350975 1.532289
-3.1795 8.465897 1.3024457
-2.9496565 8.734047 1.3024457
-2.6815057 9.078814 1.3407528
-2.528277 9.346964 1.4173675
-2.3750482 9.461885 1.4556746
-2.4133554 9.2703495 1.3790601
-2.4133554 8.963891 1.4556746
-2.4133554 8.504204 1.6472107
-2.2601264 8.121132 1.8004396
-2.030283 7.8912888 1.9153614
-1.6472108 7.967903 1.9153614
-1.1492168 8.389282 1.7621324
-0.7278373 8.810662 1.532289
-0.3830723 9.040506 1.1109096
-0.3064578 8.810662 0.53630114
-0.45968673 8.236053 0.038307235
-0.61291564 7.584831 -0.15322891
-0.7278373 6.9719152 0.038307235
-0.6895301 6.6271505 0.6129157
-0.49799395 6.359 1.2258314
-0.4213795 6.0908494 1.5322891
-0.4213795 5.7843914 1.4556746
-0.49799395 5.4779334 1.1492168
-0.5363012 5.401319 0.7661445
-0.4213795 5.439626 0.38307226
-0.19153613 5.6694694 0.076614454
0.22984336 5.8226986 -0.15322891
0.5363012 5.8226986 -0.38307226
0.7278373 5.899313 -0.49799395
0.842759 5.8226986 -0.3830723
0.80445176 5.746084 -0.30645782
0.72783726 5.66947 -0.2681506
0.5746084 5.4396267 -0.30645782
0.49799395 5.363012 -0.2681506
0.6512229 5.363012 -0.038307242
1.0342951 5.554548 0.3064578
1.7238252 6.090849 0.53630114
2.4133554 6.7803793 0.4213795
2.9496565 7.661445 0.076614454
3.1411927 8.427589 -0.45968676
2.873042 8.810661 -0.7661446
2.3367407 8.810661 -0.7661446
1.5705963 8.504204 -0.38307226
0.8044518 8.0445175 0.22984336
0.30645785 7.6614456 0.9576807
0.15322891 7.699753 1.7621324
0.34476507 8.15944 2.3367407
0.91937345 9.040506 2.7581203
1.6472108 10.266337 3.0262709
2.1452048 11.262325 2.9496565
2.2984338 11.760319 2.719813
2.030283 11.760319 2.528277
1.532289 11.33894 2.2984335
1.0342951 10.840946 2.183512
0.6895301 10.572795 2.030283
0.49799395 10.572795 1.9919758
0.45968673 10.994174 2.2218192
0.68953013 11.798626 2.7581203
0.842759 12.794614 3.6391866
0.9193734 13.52245 4.5968676
0.9193734 13.867216 5.2480903
0.68953013 13.637373 5.5162406
0.53630114 13.1393795 5.401319
0.49799395 12.909536 4.7884035
0.4213795 12.679692 3.9839516
0.26815057 12.449848 2.3750482
0.15322891 12.181698 2.2218192
0.15322891 11.990162 2.6048913
0.4213795 12.220006 3.5625722
1.5705963 13.522451 5.4779334
2.1068974 14.403518 5.746084
2.2601266 15.169662 5.4013186
1.7621324 15.093048 4.903325
0.3830723 13.713987 4.5202527
-0.49799395 12.718 4.5202527
-1.1492168 11.798626 4.711789
-1.7621324 11.032482 4.865018
-2.030283 10.879252 5.2480903
-2.0685902 10.955867 5.4779334
-2.1068974 11.18571 5.746084
-2.1835117 11.3006315 5.66947
-2.2984335 11.262324 5.3630114
-2.6431985 11.147403 4.865018
-3.0262709 10.764331 4.4053307
-3.4093432 10.304644 4.2137947
-3.6774938 9.730036 4.1754875
-3.7541084 9.155428 4.4819455
-3.7158012 8.84897 4.7500963
-3.524265 8.84897 4.865018
-3.217807 9.117121 4.7117887
-2.8347347 9.691729 4.252102
-2.528277 10.151415 3.4859576
-2.2984335 10.381258 2.7964275
-2.2601264 10.304644 2.2218192
-2.3367407 9.768343 2.1068974
-2.2218192 9.040506 2.6815057
-2.1068976 8.350976 3.6774936
-1.9536686 7.8146744 4.6351743
-1.8004398 7.4699097 4.9416323
-1.5322891 8.121132 4.673482
-0.7661445 9.232042 4.4436383
-0.03830722 9.615114 3.9073372
-0.38307226 8.159439 3.9839516
-0.19153613 7.431602 5.209783
0.7661445 8.197746 6.6271505
1.9536686 9.921572 7.776367
2.9113495 12.181699 6.320693
1.8770542 10.764331 4.6351748
0.8044518 8.887277 3.4859576
-0.80445176 6.1291566 3.371036
-1.0342951 5.5162406 4.1754875
-0.9193734 5.439626 5.1714754
-0.5746083 5.5162406 6.0525417
0.07661446 5.899313 6.5888433
0.9576807 6.8569937 6.6271505
1.9919758 7.929596 6.1674633
2.9496565 8.925584 5.3247046
3.562572 9.691729 4.405331
3.7541082 9.80665 3.6008794
3.6391864 9.653421 3.1794999
3.5242648 9.346963 3.217807
3.4093432 8.848969 3.4476504
3.3327289 8.465897 3.8307226
3.2944217 8.00621 4.060566
3.3327289 7.6614456 4.1371803
3.562572 7.6231384 4.252102
3.907337 7.776367 4.1754875
4.3670235 8.082825 4.098873
4.750096 8.580818 3.9456444
5.056554 9.002199 3.562572
5.2480903 9.346964 3.2178073
5.2480903 9.615114 2.873042
5.2097826 9.5385 2.681506
5.094861 9.308657 2.7581203
4.9416323 8.887277 3.1028855
4.711789 8.350975 3.4859576
4.405331 7.8146744 3.9073372
4.098873 7.31668 4.2904096
3.9456444 7.278373 4.405331
4.098873 7.73806 4.5202527
4.4819455 8.695741 4.7500963
5.094861 9.730036 4.711789
5.363012 10.496181 4.2521024
5.363012 10.649409 3.5242648
5.0182467 10.266336 2.6431985
4.2904096 9.5385 2.1452048
3.562572 8.619126 2.2218192
2.7581203 7.8529816 2.834735
2.030283 7.2400665 3.6391866
1.4939818 7.0102224 4.405331
1.2258313 7.163451 5.286397
1.2641386 7.584831 5.899313
1.5705963 8.236053 6.282385
1.9153614 8.925585 6.090849
2.2984335 9.500193 5.3630114
2.566584 10.036493 4.405331
2.6431987 10.304645 3.2561142
2.681506 10.381259 2.528277
2.6048915 10.342952 2.1452048
2.4516625 9.921572 2.030283

