2.2984335 9.500192 2.3367407
0.0 8.695741 4.903325
0.11492168 9.040505 5.094861
0.22984338 9.653421 5.3247046
0.45968673 10.572794 5.3247046
0.5363012 11.45386 5.133168
0.5363012 11.951855 4.903325
0.68953013 12.488156 4.7500963
0.8810662 12.98615 4.903325
1.1492168 13.445837 5.3247046
1.3024458 13.752295 5.746084
1.2258313 13.867216 6.3206925
0.91937345 13.867216 6.703765
0.57460845 13.752295 6.8569937
0.3064578 13.560759 7.0102224
0.076614454 13.445837 7.0102224
0.038307227 13.215994 7.086837
0.038307227 13.062764 7.508217
0.22984335 13.101071 8.0445175
0.6512229 13.177686 8.542512
1.1875241 13.407529 8.848969
1.7621325 13.599066 8.848969
2.221819 13.67568 8.389282
2.528277 13.599066 7.699753
2.6815057 13.254301 6.895301
2.719813 12.832921 5.9759274
2.6048915 12.334927 5.324704
2.4899697 11.760319 4.9799395
2.4899697 11.415554 5.094861
2.4899697 11.070789 5.899313
2.5282772 10.649409 6.9719152
2.681506 10.381259 8.00621
2.681506 9.998186 8.312668
2.6431985 9.691729 7.584831
2.6048913 9.5385 6.1674633
2.2984338 9.423578 4.252102
1.9536686 9.232042 2.566584
1.6472108 9.040505 1.340753
1.2258313 8.887277 0.61291564
0.80445176 8.542511 0.42137948
0.34476504 8.0445175 0.8810662
-0.19153613 7.3166804 1.5705962
-0.7278373 6.3589997 2.566584
-1.685518 4.5585604 4.098873
-2.030283 3.7924156 4.1371803
-2.2984335 3.217807 3.4476502
-2.2601264 2.834735 2.4899697
-1.7238252 3.1794999 1.3790601
-0.9959879 4.098873 0.6895301
-0.03830722 5.24809 0.4213795
0.7278373 6.3589997 0.7661446
1.1109096 7.0485296 1.7238252
0.84275895 6.7420716 2.183512
0.5746084 6.2823853 2.2984335
0.22984335 5.861006 2.2984335
-0.038307227 5.477934 2.528277
-0.038307227 5.286397 2.4899697
0.114921674 5.477934 2.183512
0.5363012 6.0142345 1.7238252
1.0726024 6.703765 0.99598783
1.4939818 7.3549876 0.38307226
1.6089035 7.6231384 0.0
1.4173673 7.508217 -0.11492168
1.0726023 7.1634517 0.26815057
0.80445176 6.856993 0.7661445
0.6895301 6.62715 1.3790601
0.6895301 6.4739213 1.9153613
0.80445176 6.5122285 2.030283
0.9959879 6.62715 1.9536686
1.2258313 6.8953004 1.5705962
1.4939818 7.278373 1.1492168
1.7238252 7.6997523 0.8427589
1.8770542 8.00621 0.7278373
2.030283 8.159439 0.7278373
2.1452048 8.197746 0.8810662
2.2984338 8.082825 1.0726024
2.4133554 7.967903 1.3024457
2.528277 7.8146744 1.4173673
2.6815057 7.776367 1.4939818
2.8730419 7.967903 1.4556746
3.1411927 8.350976 1.1109096
3.4859576 8.848969 0.7661445
3.9839516 9.308657 0.19153614
4.4819455 9.768343 -0.30645782
4.9799395 10.151415 -0.53630114
5.401319 10.534488 -0.5746084
5.5928555 10.802638 -0.5746084
5.6311626 10.91756 -0.61291564
5.4779334 10.802638 -0.5746084
5.171476 10.572795 -0.49799395
4.8267107 10.419565 -0.11492169
4.367024 10.266336 0.5363012
3.6008797 10.342951 1.532289
3.2178073 10.381258 1.685518
2.9496565 10.381258 1.532289
2.6048913 10.304644 1.340753
1.685518 9.998186 1.340753
1.2641385 9.959879 1.5322891
0.30645782 9.844957 1.7238252
-0.61291564 9.38527 1.4939818
-1.1875241 9.078813 1.2641385
-1.6472108 8.810661 0.9959879
-2.1452048 8.580818 0.8810662
-2.5282772 8.274361 0.8044518
-2.681506 8.0445175 0.8810662
-2.7964277 7.967903 1.1109096
-2.7581205 8.00621 1.1492168
-2.6815062 8.504204 1.1109096
-2.4899697 9.232042 1.3024458
-2.2218194 9.959879 1.6089035
-2.030283 10.611101 1.9919758
-1.9919758 10.91756 2.3367407
-2.0685902 10.91756 2.3750482
-2.2218192 10.764331 2.3367407
-2.4133554 10.49618 2.2218192
-2.48997 10.189722 2.2218192
-2.5665843 9.921572 2.2601264
-2.6048915 9.768343 2.375048
-2.6048915 9.691729 2.4516625
-2.6431987 9.768343 2.6048913
-2.681506 9.959879 2.8347347
-2.7581205 10.151415 3.0645783
-2.834735 10.189722 3.4476504
-3.1411927 9.844957 4.098873
-3.3327286 9.500193 4.1754875
-3.562572 9.155428 3.9839516
-3.715801 8.772355 3.562572
-3.7541084 8.427589 3.1028855
-3.715801 8.197746 2.6431987
-3.562572 8.197746 2.3750482
-3.3327286 8.236053 2.336741
-3.064578 8.389282 2.2601266
-2.7581203 8.465898 2.221819
-2.4516625 8.42759 2.1835117
-2.2218192 8.312668 1.9536685
-1.9919758 8.121132 1.7238252
-1.7621324 7.8912888 1.532289
-1.5705962 7.6231384 1.3790601
-1.3407528 7.3932953 1.3024457
-1.1492168 7.086837 1.3024457
-0.9576807 6.895301 1.3024457
-0.8044517 6.6271505 1.0726023
-0.5746084 6.3589997 0.84275895
-0.34476504 6.205771 0.61291564
-0.11492168 6.0142345 0.4213795
0.22984335 6.0142345 0.4596867
0.49799395 6.1674633 0.42137948
0.80445176 6.320692 0.45968673
1.0342951 6.5122285 0.38307226
1.1109096 6.62715 0.26815057
1.0726023 6.5505357 0.22984335
0.95768064 6.4739213 0.076614454
0.80445176 6.3589997 0.076614454
0.6512228 6.205771 0.11492168
0.5363012 6.052542 0.2681506
0.38307226 5.8226986 0.49799398
0.30645782 5.5162406 0.7661445
0.26815057 5.401319 1.1492168
0.30645782 5.554548 1.532289
0.4596867 5.899313 1.7621324
0.5746084 6.3589997 1.8770542
0.6512228 6.62715 1.8004396
0.68953 6.7037644 1.6089035
0.68953 6.62715 1.3790601
0.68953 6.5505357 1.2258313
0.7661445 6.7037644 1.3024458
0.80445176 6.933608 1.5705963
0.842759 7.4316025 2.1452048
0.84275895 8.236054 3.1028852
0.8044517 8.389283 3.2944214
0.8044517 8.312668 3.3327286
0.9576807 8.236053 3.3327286
1.6472108 8.619125 3.1411924
2.1068974 9.232042 2.6815057
2.4516625 10.266336 2.2601264
2.7581203 11.453861 1.6472108
2.9496565 12.564772 1.4173675
2.9879637 13.369223 1.4556746
2.9496565 13.67568 1.7621325
2.7964277 13.599066 3.1411924
2.6048915 13.560759 4.1754875
2.4516625 13.637373 4.9799395
2.2218192 13.752295 5.7077765
1.9919758 14.020445 6.0142345
1.838747 14.326902 5.861006
1.5705962 14.441825 5.592855
1.2258313 14.250289 5.056554
0.88106614 13.828909 4.9416323
0.5363012 13.177686 5.0948615
0.30645782 12.603078 5.439626
0.19153613 12.334927 5.861006
0.15322891 12.296619 5.899313
0.19153613 12.449848 5.66947
0.26815057 12.679692 5.1331687
0.34476504 12.909535 4.5585604
0.38307226 12.832921 3.8307228
0.34476507 12.717999 3.86903
0.34476507 12.5264635 4.2904096
0.30645782 12.449849 4.7500963
0.2681506 12.449849 5.209783
0.15322891 12.488156 5.516241
-0.076614454 12.411542 5.401319
-0.3830723 12.181699 5.2097826
-0.842759 11.683704 4.711789
-1.3024457 11.032481 4.2521024
-1.685518 10.49618 4.098873
-1.9536686 10.113108 4.2904096
-2.030283 10.0748005 4.711789
-2.030283 10.151415 5.171476
-2.030283 10.228029 5.5545483
-1.9919758 10.304644 5.6311626
-2.1068974 10.189722 5.6311626
-2.336741 9.959879 5.4779334
-2.6431987 9.653421 5.24809
-2.9879637 9.232041 5.0182467
-3.2178073 8.772355 4.9799395
-3.2178073 8.580818 5.094861
-3.064578 8.580818 5.324704
-2.834735 8.8489685 5.631162
-2.643199 9.308657 5.861006
-2.643199 9.691729 5.93762
-2.7964277 9.883265 5.93762
-3.1028855 9.844957 5.899313
-3.371036 9.5385 5.66947
-3.6391866 9.155428 5.3247046
-3.9073372 8.734048 4.9416323
-3.9839516 8.312668 4.405331
-3.9456444 8.0445175 3.9456444
-3.7541084 7.967903 3.6008794
-3.4093432 8.121132 3.4093432
-3.0645783 8.350975 3.4476504
-2.834735 8.619125 3.6391864
-2.6048915 8.6574335 3.8307228
-2.3750482 8.619126 3.9456444
-2.183512 8.504205 3.9073372
-1.9919758 8.350975 3.86903
-1.7238252 8.197746 3.9073372
-1.4556746 8.00621 3.9839516
-1.1492168 7.8912888 4.1754875
-0.7661445 7.776367 4.290409
-0.49799395 7.8529816 4.4436383
-0.07661446 8.159439 4.5202527
0.30645782 8.465897 4.367024
0.5746084 8.810661 4.098873
0.80445176 8.925584 3.6391864
0.7661445 8.772355 3.217807
0.72783726 8.504205 2.9879637
0.72783726 8.197746 3.1028855
0.80445176 8.121132 3.6774938
0.9959879 8.121132 4.4436383
1.1492168 8.312668 5.3247046
1.3790603 8.619125 5.8610053
1.5322891 8.810662 6.090849
1.6089035 9.040505 5.8610053
1.7621324 9.232042 5.4396257
1.9153614 9.232042 5.0182467
2.0685902 9.117121 4.5968676
2.2218192 8.925585 4.367024
2.3750482 8.619126 4.3287168
2.6048915 8.504205 4.4436383
2.9879637 8.542512 4.750096
3.4476504 8.465897 5.056554
3.7924154 8.312668 5.2480903
3.9456444 7.929596 5.363012
3.8307228 7.431602 5.209783
3.6008794 6.9719152 5.0182467
3.4093432 6.742072 4.7117887
3.3327286 6.7803793 4.405331
3.562572 7.2017584 4.098873
3.9456444 7.8912888 3.9456444
4.367024 8.580818 4.0222588
4.6351748 9.155428 4.0222588
4.673482 9.308657 4.060566
4.4819455 9.2703495 3.9839516
4.1371803 9.155427 3.7158012
3.7924156 9.002198 3.677494
3.562572 9.040505 3.9839516
3.5242648 9.155427 4.5202527
3.6008794 9.308657 4.9799395
3.7541084 9.461885 5.2480903
3.7158012 9.461885 5.1331687
3.5242648 9.2703495 4.7500963
3.1794996 8.963891 4.4819455
2.834735 8.848969 4.405331
2.6048913 8.925584 4.4436383
2.3750482 9.117121 4.5585604
2.2601264 9.423578 4.6351748
2.0685902 9.615114 4.5968676
1.8004396 9.653421 4.367024
1.4939818 9.653421 4.098873
1.2258313 9.500193 3.9456444
0.9576807 9.385271 3.86903
0.7661446 9.2703495 3.9839516
0.6895301 9.2703495 4.2137947
0.6512228 9.423578 4.4053307
0.72783726 9.653421 4.596867
0.80445176 9.921572 4.6351743
0.8810662 10.0748005 4.673482
0.842759 10.189722 4.711789
0.7278373 9.959879 4.6351748
0.53630114 9.653421 4.673482
0.2681506 9.385271 4.5202527
-0.07661445 8.887277 4.3287163
-0.34476504 8.542511 4.252102
-0.45968673 8.350975 4.252102
-0.45968673 8.197746 4.5202527

