-0.22984338 8.350975 4.903325
0.114921674 8.887277 4.903325
0.19153613 10.113108 4.8267107
0.2681506 11.492168 4.7884035
0.5746084 12.871229 5.401319
0.6512229 14.097059 5.5545483
0.8810662 14.403518 5.516241
1.0342952 14.595054 5.4013195
1.0726024 14.5567465 5.094861
0.842759 14.250288 4.8267107
0.45968673 13.790601 4.55856
0.19153613 13.369222 4.1371803
-0.076614454 13.139379 3.715801
-0.15322891 13.101071 3.371036
-0.11492168 12.98615 3.0645783
-0.076614454 12.794613 2.9113493
-0.038307227 12.488155 2.873042
-0.038307227 12.066776 2.987964
-0.038307227 11.568783 3.2944217
-0.038307227 10.994174 3.562572
0.038307227 10.457873 3.9839516
0.15322891 9.959879 4.405331
0.4213795 9.883265 4.9416323
0.68953013 9.883265 5.66947
0.842759 9.576807 6.167464
0.8044518 9.040506 5.861006
0.57460845 8.121133 5.056554
0.26815057 7.125144 3.9839516
0.076614454 6.435614 2.9496565
0.038307227 6.0142345 2.3750482
-0.038307227 5.707777 1.7621325
0.0 5.5545483 1.0726023
0.22984338 5.5545483 0.45968676
0.5363012 5.746084 0.076614454
0.88106626 6.0142345 0.15322891
1.0726023 6.1674633 0.49799395
0.88106626 6.0525417 0.6512228
0.45968673 5.6694694 0.6512228
-0.11492169 5.2097826 0.5363012
-0.6512229 4.903325 0.26815057
-1.0342951 4.711789 0.19153613
-1.3407528 4.596867 0.038307227
-1.4939818 4.673482 -0.11492168
-1.5705965 4.673482 -0.15322891
-1.4939818 4.7884035 -0.22984336
-1.1875241 5.056554 -0.076614454
-0.7661445 5.363012 0.19153613
-0.30645782 5.746084 0.42137948
0.038307227 6.0525417 0.6895301
0.19153613 6.2823853 0.7661445
0.19153613 6.3206925 0.6895301
0.076614454 6.3589997 0.45968673
-0.076614454 6.3589997 0.19153613
-0.11492168 6.397307 0.076614454
-0.038307227 6.550536 0.15322891
0.19153613 6.8186865 0.4213795
0.5363012 7.2400656 0.84275895
0.8810662 7.73806 1.1492168
1.2258313 8.121132 1.3407528
1.4556746 8.389282 1.4173673
1.685518 8.504205 1.2641385
1.9153614 8.619126 1.1875241
2.183512 8.84897 1.1492168
2.528277 9.078814 1.2258313
2.8347347 9.385271 1.4939818
3.0262709 9.5385 1.685518
3.1028852 9.576807 1.7621324
3.1794999 9.653421 1.8004398
3.3327286 9.730036 1.8770542
3.6008794 9.730036 2.030283
3.9073372 9.691729 2.2601264
4.098873 9.500193 2.4899697
4.1371803 9.2703495 2.4899697
4.1371803 9.232042 2.4133554
4.1371803 9.346964 2.1068974
4.2137947 9.615114 1.5322891
4.367024 9.959879 0.9576807
4.5202527 10.266336 0.49799395
4.673482 10.534488 0.2681506
4.7884035 10.840946 0.30645782
4.7884035 11.070789 0.6895301
4.5968676 11.032482 1.0342951
4.213795 10.802639 1.3407528
3.6774936 10.419565 1.5705962
3.2178073 9.959879 1.4556746
2.873042 9.844957 1.1492168
2.6431985 10.036493 0.6512228
2.528277 10.266336 0.07661447
2.336741 10.572795 -0.344765
2.1452045 10.764331 -0.5363012
1.9153613 10.726024 -0.2681506
1.5705963 10.572795 0.26815057
1.1492168 10.381259 0.8810662
0.5746084 10.036493 1.3790603
-0.11492169 9.615114 1.5705963
-0.80445176 9.232042 1.532289
-1.4939818 8.772355 1.2641385
-2.030283 8.465897 0.9959879
-2.3750482 8.389282 0.6895301
-2.5665843 8.465897 0.5363012
-2.6048915 8.772355 0.5363012
-2.5665843 9.078814 0.5746084
-2.528277 9.308657 0.5746084
-2.528277 9.615114 0.6129156
-2.4899697 9.883265 0.6129156
-2.528277 10.189722 0.72783726
-2.6048915 10.457873 0.95768064
-2.7581205 10.457873 0.95768064
-3.0645783 10.266337 0.95768064
-3.371036 9.959879 0.95768064
-3.6391866 9.576807 0.95768064
-3.8307228 9.2703495 1.1109095
-3.9456444 9.040505 1.3407528
-4.0222588 8.848969 1.4556746
-4.0222588 8.887277 1.4939818
-3.8307226 9.11712 1.5322891
-3.5242648 9.4618845 1.4556746
-3.1411927 9.80665 1.340753
-2.834735 9.998186 1.1492168
-2.6815062 10.113108 0.9959879
-2.6815062 10.036493 0.9193734
-2.7964277 9.80665 0.8810662
-2.9496565 9.500192 1.0342951
-3.1028852 9.002198 1.1875241
-3.1794999 8.542511 1.4173675
-3.1794999 8.197746 1.6089034
-3.1028855 7.967903 1.7621324
-2.9496565 7.967903 1.7238252
-2.719813 8.00621 1.532289
-2.4516625 8.121132 1.340753
-2.1452048 8.236053 1.0726023
-1.8770542 8.082825 0.9576807
-1.685518 7.8912888 0.842759
-1.4556746 7.546524 0.7661446
-1.2641385 7.163452 0.88106626
-1.0342951 6.895301 1.0726023
-0.7278373 6.6271505 1.2641385
-0.49799395 6.4356146 1.4939818
-0.22984338 6.167464 1.4173675
-0.076614454 5.9759274 1.0342951
0.038307227 5.8226986 0.5746084
0.15322891 5.66947 1.4901161E-8
0.22984336 5.66947 -0.4596867
0.4213795 5.66947 -0.4596867
0.5746084 5.7843914 -0.34476504
0.6895301 5.9759274 0.0
0.7661445 6.2057705 0.5746084
0.7661445 6.3973064 1.2258313
0.6895301 6.320692 1.1109096
0.61291564 6.282385 0.8044518
0.49799395 6.282385 0.4596867
0.45968673 6.3589997 -0.038307227
0.5363012 6.6654572 -0.076614454
0.68953013 7.0102224 -0.038307227
0.9193734 7.3549876 0.15322891
1.0726024 7.8146744 0.6512228
1.1875241 8.0445175 1.2258313
1.1492168 8.082825 1.6472107
0.9959879 8.121132 1.9153614
0.91937345 8.121132 1.8387468
0.842759 8.236053 1.5705962
0.9576807 8.542511 1.3407528
1.2258313 9.040505 1.3024457
1.5322891 9.65342 1.7238252
1.532289 10.534488 2.5665843
1.1875241 10.457873 2.681506
0.5746084 10.113109 2.4133554
0.114921674 9.80665 2.0685902
-0.11492168 9.653421 1.7238252
-0.15322891 9.883265 1.6089035
0.0 10.266336 1.532289
0.15322891 10.687716 1.7621324
0.34476504 11.18571 2.1068974
0.53630114 11.645397 2.566584
0.6512228 12.181698 3.3710358
0.7278373 12.603078 4.0222588
0.6129157 12.832921 4.596867
0.26815057 12.7179985 4.7500963
-0.11492168 12.334927 4.5202527
-0.5746084 12.028469 4.098873
-0.8810662 11.836933 3.5242648
-0.9576807 11.990162 3.1411927
-0.9193734 12.411542 2.7581203
-0.7661445 12.871228 2.719813
-0.5746084 13.292608 2.873042
-0.38307226 13.599066 3.2178068
-0.22984336 13.905523 3.7158008
-0.11492168 14.058752 4.1371803
-0.15322891 13.982138 4.4819455
-0.34476504 13.790602 4.673482
-0.6512229 13.254301 4.711789
-1.0342951 12.679691 4.6351748
-1.4173675 12.220005 4.4819455
-1.7621324 11.683704 4.290409
-1.9153614 11.377246 4.1371803
-1.8004396 11.3006315 4.060566
-0.9959879 11.568783 4.1371803
-0.49799395 11.9135475 4.367024
-0.03830722 12.258312 4.4819455
0.22984336 12.488155 4.4436383
0.19153613 12.449848 4.1371803
-0.114921704 12.105083 3.7924156
-0.68953013 11.338939 3.5625722
-1.340753 10.534487 3.4859579
-1.8387468 9.768343 3.6391866
-2.2984335 9.040506 4.098873
-2.2601264 9.078814 4.5202527
-2.1835117 9.461885 4.9416323
-1.9536686 10.0748005 5.3247046
-1.7238252 10.726025 5.6311626
-1.5705963 11.262325 5.66947
-1.5705963 11.492168 5.5162406
-1.8387469 11.262325 5.171476
-2.2601264 10.840946 4.7884035
-2.7581203 10.189723 4.4436383
-3.2178073 9.461885 4.405331
-3.6008792 8.925584 4.55856
-3.7924156 8.465897 4.865018
-3.7924156 8.427589 5.2480903
-3.562572 8.810662 5.5162406
-3.1795 9.423577 5.5162406
-2.7964277 10.113108 5.2480903
-2.528277 10.457872 4.5968676
-2.4516625 10.419565 3.7924154
-2.528277 9.959879 2.9879637
-2.566584 9.346964 2.3750482
-2.4516625 8.925584 2.2601264
-2.1452045 8.580819 2.2601264
-1.7621324 8.465898 2.5282772
-1.3790601 8.504205 2.9113495
-1.0342951 8.504205 3.0645783
-0.8810662 8.542512 3.0645783
-0.7661445 8.619126 2.9879637
-0.7278373 8.619126 2.4899697
-0.7661445 8.504205 2.030283
-0.72783726 8.274361 1.7621324
-0.61291564 8.00621 1.8387469
-0.30645782 7.8912888 2.413355
0.11492168 8.00621 3.2178068
0.5363012 8.274361 4.1754875
0.80445176 8.465898 4.7117887
0.8810662 8.42759 4.82671
0.8044517 8.274361 4.82671
0.7278373 7.967903 4.6351743
0.842759 7.8146744 4.4819455
1.0726024 7.8912888 4.55856
1.4173675 8.121132 4.711789
2.030283 8.734048 4.8267107
2.6431987 9.270349 4.9416323
3.1028852 9.615114 4.865018
3.4476504 9.730036 4.4436383
3.4859576 9.461885 3.9839516
3.4476504 9.078814 3.6008797
3.4859576 8.772356 3.4476504
3.5625722 8.6574335 3.4859579
3.6774938 8.580819 3.6008794
3.9073372 8.695741 3.6774938
4.1754875 8.963891 3.8307228
4.55856 9.155428 3.9839516
5.0182467 9.385271 4.0222588
5.3247046 9.5385 4.0222588
5.477934 9.423578 3.6008797
5.3630123 9.11712 2.987964
5.094861 8.734048 2.4516625
4.711789 8.350975 1.8770542
4.3670235 8.0445175 1.6089035
4.252102 8.0445175 1.7238252
4.3287168 8.274361 2.183512
4.9416323 9.11712 3.4476504
5.209783 9.5385 3.9839516
5.2480903 9.768343 4.1371803
5.018247 9.844957 3.9073372
4.5585604 9.615114 3.4859576
4.0605664 9.423578 2.9496565
3.6391869 9.308657 2.7581203
3.371036 9.346964 2.9496565
3.2178073 9.5385 3.2561142
2.7964275 9.730036 3.6391866
2.4899697 9.730036 3.7158012
2.2601264 9.615114 3.6391866
1.9536685 9.576807 3.7924156
1.6855179 9.5385 3.9839516
1.4173673 9.346964 4.1371803
1.0726024 9.2703495 4.4436383
0.88106626 9.232042 4.5585604
0.80445176 9.193735 4.6351748
0.84275895 9.385271 4.711789
0.95768064 9.615114 4.5585604
1.0342951 9.768343 4.2904096
1.1109096 9.921572 3.9456444
1.187524 9.959879 3.5242648
1.2258313 9.883265 3.4476504
1.187524 9.844957 3.4093432
1.0342951 9.615114 3.562572
0.8044518 9.500193 3.7158012
0.57460845 9.385271 3.7541084
0.49799398 9.2703495 3.9073372
0.57460845 9.385271 4.098873
0.68953013 9.500193 4.2137947
0.7278373 9.653421 4.060566
0.7278373 9.615114 3.9073372
0.61291564 9.423578 3.6391864
0.4213795 9.078813 3.6391864

