0.34476504 8.695741 3.86903
0.22984335 8.427589 4.0222588
0.22984335 8.427589 4.405331
0.42137948 10.381258 4.060566
0.49799395 12.334927 3.7541084
0.5363012 14.288595 3.4093432
0.5363012 15.935806 3.217807
0.5746084 15.897499 3.6008794
1.1109096 15.514427 4.673482
1.3790601 15.20797 5.133168
1.4173673 14.595054 5.5545483
1.3024457 13.9438305 5.707777
1.0726023 13.292607 5.8226986
0.9576807 12.641385 5.66947
0.88106626 12.143391 5.1331687
0.88106626 11.836933 4.481946
0.91937345 11.568783 3.6774938
0.9576807 11.33894 2.9496565
1.1875241 11.185711 2.681506
1.4556746 10.955868 2.873042
1.685518 10.611102 3.2944214
1.7621324 10.189723 3.6391866
1.5705963 9.500193 3.6391866
1.1109096 8.619126 3.217807
0.45968673 7.73806 2.4133554
-0.19153613 7.086837 1.5705962
-0.84275895 6.6271505 0.8810662
-1.3024457 6.3206925 0.49799395
-1.4939818 6.167464 0.4596867
-1.5705962 5.899313 0.61291564
-1.6089036 5.66947 0.8810662
-1.6089036 5.363012 1.0726024
-1.6089036 5.0182467 1.0342951
-1.4939818 4.8267107 1.0342951
-1.2641385 4.7884035 0.9959879
-0.8810662 5.018247 0.9193734
-0.34476504 5.516241 1.0726024
0.15322891 6.0908494 1.187524
0.49799392 6.5505357 1.3024457
0.6512228 6.818686 1.3024457
0.5363012 6.7037644 1.2258313
0.2681506 6.3206925 1.0342951
0.038307227 5.899313 0.842759
-0.22984336 5.477934 0.842759
-0.30645782 5.2097826 0.9576807
-0.19153613 5.2097826 1.1875241
0.15322891 5.5545483 1.4173675
0.61291564 6.090849 1.493982
0.88106626 6.5888433 1.3790601
0.99598795 6.7803793 1.1492168
0.9576807 6.5888433 0.9959879
0.842759 6.3206925 0.9959879
0.8810662 6.129156 1.3024458
1.0342951 6.129156 1.6472107
1.2641385 6.282385 1.8004397
1.6472108 6.62715 1.8004397
2.0685902 6.933608 1.5705963
2.4516625 7.3166804 1.4173673
2.834735 7.699753 1.4556746
3.2178073 8.0445175 1.5705963
3.562572 8.427589 1.7238252
3.9073372 8.734048 1.8004397
4.1371803 9.002198 1.7621324
4.1754875 9.078813 1.532289
4.1371803 9.040505 1.1492168
4.0222588 8.887277 0.7278373
3.9073372 8.772355 0.22984336
3.9073372 8.695741 0.038307227
4.0222588 8.810662 0.11492168
4.1754875 9.11712 0.3064578
4.405331 9.423578 0.5363012
4.5968676 9.768343 0.6895301
4.6351748 10.036493 0.6895301
4.5968676 10.228029 0.61291564
4.481946 10.266336 0.5363012
4.2904096 10.189722 0.3830723
4.060566 10.113108 0.11492168
3.9073372 9.921572 -0.22984335
3.6391866 9.80665 -0.5746084
3.4476504 9.80665 -0.80445176
3.2561142 9.768343 -0.6895301
3.0262709 9.768343 -0.22984336
2.873042 9.80665 0.57460845
2.5665843 9.883265 1.4173675
2.2601264 9.883265 2.1068976
1.8770542 9.730036 2.3750482
1.4173675 9.5385 2.0685904
0.8810662 9.308656 1.4173675
0.22984335 9.078813 0.5746084
-0.45968673 9.002198 -0.22984336
-1.1492168 9.040505 -0.6895301
-1.6472108 9.155428 -0.7278373
-1.9536686 9.308657 -0.34476504
-2.1068976 9.461885 0.19153613
-2.2601264 9.576807 0.6895301
-2.4899697 9.500193 0.8810662
-2.7581203 9.423578 0.7661445
-3.0645783 9.461885 0.6512228
-3.2944214 9.5385 0.53630114
-3.4093432 9.615114 0.5746084
-3.4859576 9.768343 0.49799395
-3.6391864 9.691729 0.34476504
-3.6774936 9.691729 0.22984335
-3.6008792 9.80665 0.19153613
-3.4859576 9.959879 0.45968673
-3.2944214 10.228029 0.76614463
-3.217807 10.304644 1.1109096
-3.2944217 10.342951 1.4173675
-3.4859576 10.228029 1.5705963
-3.6391869 9.959879 1.9153614
-3.7541084 9.615114 2.0685904
-3.7924156 9.11712 2.183512
-3.7924156 8.619126 2.375048
-3.7541084 8.274361 2.4516625
-3.6391869 8.0445175 2.528277
-3.4859579 8.082825 2.566584
-3.1794999 8.197746 2.4899697
-2.7964275 8.350976 2.2984335
-2.4133554 8.504205 2.1452045
-2.030283 8.580819 1.8770541
-1.7238252 8.580819 1.4556746
-1.532289 8.427589 1.0726024
-1.4173673 8.0445175 0.6512228
-1.4173673 7.431602 0.30645782
-1.4173673 6.7037644 0.19153613
-1.3790601 5.8993125 0.15322891
-1.2641385 5.094861 0.22984336
-1.0342951 4.405331 0.38307226
-0.8810662 3.9073372 0.4213795
-0.6512228 3.6391864 0.45968673
-0.49799392 3.7924156 0.45968673
-0.42137945 4.098873 0.45968673
-0.22984336 4.520253 0.49799395
-0.15322891 4.903325 0.38307226
-0.11492168 5.0182467 0.2681506
-0.076614454 5.0182467 0.19153613
-0.19153613 4.8267107 0.30645782
-0.34476504 4.6351748 0.6895301
-0.57460845 4.7884035 1.2641386
-0.842759 5.094861 2.030283
-0.99598795 5.592855 2.4133554
-1.0342951 6.2823853 2.4899697
-0.80445176 6.895301 2.2218194
-0.38307226 7.584831 1.7238253
0.11492169 8.274361 1.5322891
0.45968673 8.887277 1.6855179
0.61291564 9.385271 2.0685902
0.5746084 9.768343 2.336741
0.34476507 9.921572 2.6048913
0.15322891 9.844957 2.6048913
0.038307227 9.615114 2.528277
-0.038307227 9.385271 2.566584
0.0 9.385271 2.566584
0.19153613 9.615114 2.6431987
0.4213795 10.304644 2.719813
0.68953013 11.109096 2.719813
0.9576807 11.87524 2.5282772
1.0726024 12.488156 2.2984338
1.1109096 12.756307 2.1452048
1.1875241 12.871228 2.3750482
1.3024458 12.98615 3.064578
1.5705963 13.292607 3.9073372
1.9153614 13.752295 4.7884035
2.1452048 14.250289 5.363012
2.183512 14.709975 5.363012
1.877054 14.939818 5.1331687
1.3790601 14.671668 4.711789
0.80445176 14.020445 4.175488
0.34476504 13.2543 4.1371803
0.2681506 12.603078 4.367024
0.45968673 12.334927 4.6351743
0.80445176 12.449848 4.865018
1.2258313 12.794614 4.865018
1.5705963 13.215993 4.7117887
1.7238252 13.560758 4.596867
1.7621324 13.752295 4.5202527
1.6089035 13.713987 4.3670235
1.2641385 13.330915 4.2137947
0.8810662 12.641386 4.2521024
0.5746084 11.913548 4.367024
0.38307226 11.147404 4.5968676
0.26815057 10.649409 4.8267107
0.30645782 10.496181 4.7500963
0.30645782 10.611102 4.55856
0.4213795 11.032482 4.4436383
0.6512228 11.492168 4.3287168
0.80445176 11.951855 4.367024
0.9576807 12.220005 4.4819455
0.842759 12.028469 4.290409
0.4213795 11.645397 4.0222588
-0.1532289 10.955867 3.7924156
-0.8810662 10.151415 3.6391866
-1.532289 9.576807 3.7924156
-2.030283 9.155427 4.098873
-2.3750482 9.11712 4.3287168
-2.4899697 9.423578 4.673482
-2.4516625 9.959879 4.9416323
-2.4133554 10.572794 5.0948615
-2.4899697 11.070789 5.2480903
-2.7581205 11.147404 5.2097826
-3.2561145 10.726024 5.1714754
-3.8307228 9.80665 5.133168
-4.2521024 8.887277 5.1714754
-4.4436383 8.159439 5.209783
-4.1754875 8.504204 5.1331687
-3.524265 9.2703495 4.6351743
-2.911349 9.461885 4.4436383
-2.528277 9.385271 4.4436383
-2.1452045 9.423578 4.5585604
-1.7238252 9.2703495 4.481946
-1.3790601 9.078814 4.3670235
-1.1492169 8.772355 4.3287163
-1.0342952 8.274361 4.060566
-0.9193735 7.929596 3.9073372
-0.6895301 7.6614456 3.8307228
-0.26815057 7.546524 3.7541082
0.22984338 7.6231384 3.7924154
0.7661445 7.8146744 3.9073372
1.2641385 8.00621 3.9839516
1.5705963 8.082825 3.715801
1.685518 8.00621 3.4476504
1.685518 7.699753 3.1028855
1.6089035 7.2783732 2.9113493
1.5705963 6.8186865 3.217807
1.6472108 6.435614 3.7541082
1.8004397 6.2057705 4.252102
2.1068976 6.244078 4.5585604
2.6431987 6.6654572 4.4053316
3.2561145 7.31668 4.0988736
3.9839516 8.159439 3.6774938
4.596867 8.925584 3.1794999
4.9799395 9.423578 2.8347347
5.2480903 9.730036 2.566584
5.3247046 9.768343 2.528277
5.363012 9.653421 2.7581203
5.3247046 9.576807 3.1028855
5.2097826 9.423578 3.562572
4.8267107 9.11712 4.1754875
4.5585604 8.963891 4.3287163
4.3287168 8.848969 4.2137947
4.1754875 8.848969 4.0222588
4.1754875 9.155427 3.8307228
4.3670235 9.461885 3.715801
4.596867 9.844957 3.6008792
4.7884035 10.113108 3.6391864
4.865018 10.113108 3.4476504
4.7500963 9.959879 3.2178073
4.55856 9.615114 2.9496565
4.3287168 9.193735 2.7964277
4.1754875 8.887277 2.9879637
4.1754875 8.734048 3.3327289
4.3287163 8.84897 3.9073374
4.481945 9.002199 4.3670244
4.520253 9.2703495 4.443639
4.520253 9.5385 4.2904096
4.4436383 9.691729 3.7924156
4.3287163 9.883265 3.3327289
4.2137947 9.844957 3.026271
3.9456444 9.653421 2.9113493
3.5625722 9.308656 3.1028852
3.217807 8.925584 3.371036
2.8730419 8.619125 3.754108
2.6048913 8.465897 4.060566
2.4899697 8.504204 4.4053307
2.4899697 8.772355 4.5968676
2.6048913 9.232041 4.7500963
2.873042 9.615114 4.7500963
3.0645783 9.883265 4.405331
3.0645783 9.998186 4.137181

