2.9879637 9.921572 3.7924156
2.7581203 9.691729 3.6391864
2.4899697 9.423577 3.7924154
1.5705962 8.772355 4.1371803
1.4556746 10.228029 4.3287163
1.532289 11.9135475 4.481945
1.7238252 13.637373 4.7500963
2.336741 15.284584 4.903325
2.4516625 15.284584 5.1714754
2.4899697 15.169662 5.439626
2.5665843 15.016434 5.746084
2.6431987 14.901511 5.9759274
2.7581205 14.78659 5.93762
2.9113493 14.671668 5.861006
3.0262709 14.595054 5.66947
2.9879637 14.441825 5.439626
2.8347347 14.211982 5.209783
2.566584 13.752295 4.8267107
2.2984335 13.139379 4.4436383
2.1068974 12.373235 4.3287168
2.1068974 11.760319 4.4819455
2.2218192 11.33894 5.0182467
2.336741 11.032481 5.554548
2.4899697 10.840945 5.861006
2.5665843 10.572795 6.0142345
2.4516625 10.228029 5.7843914
2.2601264 9.80665 5.363012
1.9536686 9.346964 4.8267107
1.532289 8.848969 4.2521024
1.2258313 8.465897 3.715801
0.9576807 8.274361 3.4476504
0.5363012 7.967903 3.0645783
0.15322891 7.5848308 2.834735
-0.19153613 7.086837 2.566584
-0.4213795 6.7420716 2.3750482
-0.38307226 6.435614 2.719813
-0.076614454 6.4739213 2.719813
0.30645782 6.588843 2.528277
0.7278373 6.8186865 2.1068974
1.0342951 7.1251445 1.7621324
1.1109096 7.0485296 1.5705963
0.91937345 6.6271505 1.4173673
0.61291564 5.93762 1.3790601
-0.076614454 4.367024 1.3790603
-0.30645782 3.7541084 1.685518
-0.5363012 3.371036 1.9153613
-0.5746084 3.1411924 2.1452045
-0.26815057 3.5242648 2.1835117
0.19153614 4.1371803 1.9536686
0.7278373 4.7500963 1.5705962
1.1875241 5.3247046 1.1492168
1.3790601 5.5928555 0.7661445
1.340753 5.5928555 0.53630114
1.2258313 5.477934 0.53630114
1.0342951 5.3630123 0.95768064
0.91937345 5.2863975 1.532289
0.91937345 5.4013195 2.1068974
1.1109096 5.6311626 2.4899697
1.4939818 6.090849 2.4133554
1.9536686 6.6654577 2.1452045
2.4899697 7.3932943 1.8770541
2.8730419 8.082825 1.8004396
3.1411924 8.542511 1.8387468
3.3327289 8.887277 1.9919758
3.4476504 9.002198 2.0685902
3.562572 9.078813 1.9919758
3.715801 9.193735 1.8387469
3.8307228 9.155428 1.5322891
3.9073372 9.078814 1.1875241
3.9456444 9.193735 0.9193734
3.9839516 9.308657 0.6512228
4.098873 9.653421 0.5746084
4.2904096 10.151415 0.7661445
4.4819455 10.304644 0.91937345
4.55856 10.381258 0.91937345
4.4819455 10.419565 0.7661445
4.290409 10.266336 0.4213795
4.1371803 10.228029 0.0
3.9456444 10.228029 -0.2681506
3.7541084 10.151415 -0.4213795
3.5242648 10.0748005 -0.5363012
3.1028855 9.959879 -0.61291564
2.719813 9.921572 -0.5746084
2.2601264 9.844957 -0.45968673
1.7621324 9.691729 -0.30645782
1.3407528 9.461885 0.0
0.88106614 9.040505 0.19153613
0.49799395 8.848969 0.34476507
0.22984336 8.810662 0.45968676
0.038307227 9.040505 0.34476507
-0.11492168 9.500193 0.22984338
-0.22984336 9.883265 -0.038307227
-0.38307226 10.304644 -0.49799395
-0.6512229 10.534487 -0.7661446
-1.0342952 10.572794 -0.80445176
-1.4556746 10.419565 -0.4213795
-1.8770542 10.151415 0.6129157
-2.2218192 10.036493 1.9536685
-2.3750482 9.998186 3.1794996
-2.4516625 10.228029 3.9456444
-2.528277 10.534487 3.9456444
-2.6048913 10.726023 3.2944217
-2.873042 10.802638 2.3750482
-3.2944217 10.572795 1.3790603
-3.7158008 10.266337 0.7278373
-4.098873 9.959879 0.5363012
-4.3287163 9.653421 0.9576807
-4.367024 9.461885 1.9536686
-4.405331 9.270349 2.9879637
-4.405331 9.11712 3.715801
-4.367024 9.2703495 3.9839516
-4.290409 9.385271 3.6008794
-4.1754875 9.461885 2.9113493
-4.060566 9.461885 2.2984335
-4.0222588 9.155427 1.6089035
-4.0222588 8.734048 1.1875241
-3.9456444 8.350975 0.9576807
-3.7541082 8.159439 0.9959879
-3.0262709 8.465898 1.4173675
-2.183512 9.117121 1.685518
-1.7621325 9.308657 1.5705962
-1.6089035 9.193735 1.0342951
-1.4939818 9.040505 0.4596867
-1.2641385 8.810662 0.15322891
-1.1109096 8.42759 0.038307227
-0.95768064 8.121132 0.19153613
-0.842759 7.699753 0.38307226
-0.88106626 7.240066 0.49799395
-0.9193735 6.5122285 0.6512228
-0.8810662 6.282385 0.72783726
-0.6512228 6.282385 0.95768064
-0.34476504 6.3973064 1.1875241
-0.11492168 6.5888433 1.3407528
0.076614454 6.6654577 1.4939818
-0.038307227 6.512229 1.2641385
-0.3830723 5.899313 0.61291564
-0.61291564 5.401319 0.19153613
-0.7661445 4.4436383 0.0
-0.7661445 4.4436383 0.22984336
-0.6512228 4.865018 0.5363012
-0.57460845 5.401319 0.80445176
-0.49799398 5.861006 0.842759
-0.4213795 5.93762 0.7661445
-0.4213795 5.554548 0.68953013
-0.38307226 5.1714754 0.68953013
-0.3064578 4.865018 0.8810662
-0.2681506 4.8267107 1.1109096
-0.19153613 5.2097826 1.4556746
-0.19153613 5.707777 1.6089035
-0.22984336 6.129156 1.532289
-0.19153613 6.4356136 1.3407528
0.03830722 6.6654572 1.0726024
0.4596867 7.1251445 1.0342951
0.9959879 7.73806 1.3024457
1.4556746 8.465897 1.7238252
1.6472108 9.078813 2.1068976
1.6089036 9.346964 2.4133554
1.3790601 9.768343 2.7964277
1.4939818 10.22803 3.2944217
1.8387469 10.917561 3.86903
2.2984338 11.760319 4.3287168
2.5665843 12.564771 4.711789
2.6431987 13.101071 4.711789
2.336741 13.177686 4.3670244
1.7238252 12.98615 4.175488
1.1109096 12.488156 4.213795
0.5746084 12.028469 4.3287168
0.19153613 11.87524 4.4436383
-0.038307227 11.798626 4.405331
-0.2681506 12.296619 4.2904096
-0.19153613 12.717999 4.5968676
0.0 13.177687 4.9416327
0.19153613 13.828909 5.1331687
0.38307226 14.51844 5.3630123
0.5363012 15.093048 5.6311626
0.61291564 15.591042 5.93762
0.61291564 15.74427 6.3589997
0.49799395 15.629349 6.588843
0.19153613 15.284584 6.588843
-0.2681506 14.748283 6.397307
-0.95768064 13.982138 5.861006
-1.7238252 12.947844 5.2863975
-2.375048 12.028469 5.018247
-2.7581203 11.377247 4.9416327
-2.6431987 11.33894 5.363012
-2.1452048 11.722012 5.861006
-1.6089035 12.258312 5.93762
-1.1875241 12.756306 5.8226986
-1.0726024 12.832921 5.286397
-1.2641385 12.641384 4.7884035
-1.4939818 12.181698 4.520253
-1.8004396 11.568783 4.520253
-2.1452048 10.840945 4.6351748
-2.4899697 10.22803 4.9416323
-2.7581203 9.959879 5.286397
-2.7581203 10.0748005 5.5162406
-2.4899697 10.457872 5.6311626
-2.2218192 10.802638 5.363012
-2.030283 10.840945 4.865018
-2.1068976 10.342951 4.3287168
-2.4899697 9.576807 3.7924156
-2.7964277 8.695741 3.5625722
-2.9496565 7.967903 3.677494
-2.8730419 7.584831 4.0222588
-2.375048 7.6231384 4.711789
-1.7238252 8.0445175 5.1714754
-1.1492168 8.504204 5.2097826
-0.61291564 8.96389 4.9416323
-0.34476504 9.193735 4.252102
-0.22984335 9.232042 3.6008792
-0.076614454 9.040506 3.3327289
-0.038307227 8.695741 3.371036
0.0 8.465897 3.6774938
0.11492168 8.312668 4.098873
0.22984336 8.389282 4.405331
0.45968673 8.542511 4.5968676
0.7661445 8.619126 4.7884035
1.0342951 8.6574335 5.094861
1.2641385 8.619126 5.324704
1.4173673 8.580819 5.286397
1.532289 8.619126 4.903325
1.6855179 8.6574335 4.1754875
1.8770542 8.580819 2.9113493
1.9919758 8.197746 2.6048913
2.2218192 8.159439 2.7964275
2.6048913 8.197746 3.4093432
3.0262709 8.274361 4.1754875
3.4859576 8.350975 4.711789
4.060566 8.465897 4.55856
4.2137947 8.350975 4.060566
4.1371803 8.236053 3.4859576
3.9456444 7.967903 3.1794999
3.7924156 7.8146744 2.7964275
3.8307228 7.8529816 2.566584
4.0988736 8.00621 2.4899697
4.5585604 8.274361 2.528277
5.439626 8.619126 3.064578
5.746084 8.734048 3.5242648
5.899313 8.810662 3.6774938
6.0142345 9.078814 3.5625722
5.93762 9.232042 3.3327286
5.707777 9.385271 3.026271
5.5545483 9.500193 2.9496565
5.3630123 9.500193 3.1411924
5.209783 9.461885 3.4093432
5.1331687 9.423578 3.7158008
5.0182467 9.346964 4.0222588
4.8267107 9.346964 4.098873
4.596867 9.2703495 4.060566
4.405331 9.346964 3.9456444
4.2137947 9.500193 3.7158012
4.2137947 9.653421 3.7158012
4.1754875 9.768343 3.7158012
4.0222588 9.691729 3.86903
3.7924156 9.500193 4.1371803
3.4093432 9.193734 4.4053307
3.1028852 9.040505 4.8267107
2.9496565 9.040505 5.2097826
2.987964 9.193735 5.4013195
3.026271 9.500193 5.516241
2.9496565 9.615114 5.1331687

