2.7964275 9.691729 4.673482
2.566584 9.653421 4.4436383
0.80445176 9.615114 3.9073372
0.5746084 10.419565 4.1371803
0.5746084 11.3006315 4.3287168
1.6472107 12.564771 4.865018
2.1452045 12.564771 4.405331
2.8347347 12.603078 3.8307228
2.9879637 12.526463 3.9456444
2.8730419 12.258312 4.1754875
2.528277 11.798626 4.3287168
2.1068974 11.300632 4.2904096
1.7238251 10.879253 4.060566
1.4939818 10.419566 3.7924156
1.2641385 9.883265 3.4476504
0.80445176 8.350975 3.4093432
0.6895301 7.699753 3.562572
0.8810662 7.5082164 4.0222588
0.7278373 7.393295 3.562572
0.22984338 6.703765 2.873042
-0.61291564 5.1714754 1.8770541
-0.84275895 4.2904096 1.6089035
-0.4596867 4.175488 1.4173675
0.7661445 5.2863975 1.1875241
1.7621324 6.742072 1.685518
1.8004396 6.62715 1.7621324
1.0726024 5.2097826 1.532289
0.11492168 3.7541084 1.6472108
-0.2681506 3.2944217 1.3790601
-0.3830723 3.371036 0.61291564
0.2681506 4.5202527 0.19153613
0.88106626 5.401319 0.2681506
1.7621325 6.550536 0.57460845
2.030283 6.8186865 0.8810662
1.9919758 6.7037644 0.80445176
1.9536686 6.435614 0.6129156
2.030283 6.435614 0.38307226
2.3367407 7.0102224 0.38307226
2.566584 7.584831 0.53630114
2.7964275 8.159439 0.6512228
3.5242648 9.232042 0.7278373
3.9073372 9.500193 0.6512228
4.2521024 9.500193 0.49799395
4.252102 9.155427 0.19153613
4.098873 9.078813 0.19153613
4.0222588 9.232041 0.38307226
4.1754875 9.500193 0.6512229
4.405331 9.921572 0.842759
4.673482 10.304644 0.7661446
4.8267107 10.496181 0.61291564
4.865018 10.496181 0.30645782
4.7884035 10.419565 -0.038307227
4.4436383 10.151415 0.0
4.1754875 10.151415 0.19153613
3.9839516 10.228029 0.57460845
3.6774938 10.189722 0.7661445
3.3327289 10.151415 0.842759
2.9879637 9.998186 0.68953013
2.528277 9.691729 0.30645782
2.1452045 9.5385 -0.038307235
1.8004397 9.385271 -0.3830723
1.4556746 9.308657 -0.4213795
1.3024457 9.423578 -0.19153613
1.1875241 9.576807 0.19153614
1.0342951 9.768343 0.72783726
0.7278373 9.921572 1.2258313
0.19153614 9.844957 1.5705963
-0.49799395 9.653421 1.6472108
-1.3024457 9.308657 1.4173675
-1.9536686 8.848969 1.0342951
-2.528277 8.504204 0.53630114
-2.8730419 8.350975 0.2681506
-2.9496565 8.542512 0.45968673
-2.834735 9.423578 1.3790601
-2.7964277 9.730036 1.7621324
-2.9496565 9.730036 1.8770541
-3.2561142 9.576807 1.8004396
-3.6774936 9.155427 1.7238252
-4.1371803 8.810662 1.6089036
-4.673482 8.542512 1.1875241
-4.711789 8.772356 0.95768064
-4.6351748 9.155428 0.99598783
-4.4436383 9.615114 1.4556746
-4.060566 10.151415 2.4516625
-3.562572 10.726024 3.4859576
-3.0645783 11.185711 4.2137947
-2.719813 11.453861 4.3287163
-2.5665843 11.377247 3.7924154
-2.6048915 10.955868 3.0262709
-2.681506 10.342951 2.183512
-2.7964277 9.615114 1.6089036
-2.9496565 8.963892 1.2258313
-2.9879637 8.42759 1.1492169
-3.0262709 8.00621 1.4939818
-2.873042 7.8146744 1.9919758
-2.6048915 7.73806 2.528277
-2.3750482 7.73806 2.75812
-2.0685902 7.73806 2.6048913
-1.8004396 7.584831 1.9919758
-1.532289 7.3932953 1.1875241
-1.2641385 7.010223 0.5746084
-1.0726024 6.5505357 -0.07661445
-0.9959879 6.0908494 -0.42137948
-1.0342951 5.631162 -0.53630114
-1.1109096 5.324704 -0.6512228
-1.1875241 5.056554 -0.6512228
-1.2258313 4.865018 -0.61291564
-1.1109096 4.865018 -0.5746084
-0.9576807 4.865018 -0.49799395
-0.7661445 5.056554 -0.38307226
-0.57460845 5.4013186 -0.22984335
-0.49799395 5.5928555 -0.22984335
-0.4213795 5.8226986 -0.30645782
-0.30645782 5.746084 -0.19153613
-0.038307227 5.2863975 0.4596867
0.11492168 4.9799395 1.0726023
0.15322891 5.056554 1.4939818
0.19153613 5.324704 1.685518
0.19153613 5.861006 1.4173675
0.19153613 6.3973074 0.7661445
0.30645782 6.742072 -0.114921704
0.5363012 7.0102224 -0.8044518
0.91937345 7.278373 -0.9959879
1.2641385 7.5848308 -0.7661446
1.4556746 7.8146744 0.07661446
1.4556746 8.082825 0.99598783
1.2641385 8.159439 1.7238252
1.0726024 8.159439 2.0685902
0.842759 8.274361 1.838747
0.6512229 8.197746 1.340753
0.5363012 8.159439 0.80445176
0.57460845 8.312668 0.6512228
1.1875241 9.002198 1.2641385
1.4939818 9.730036 1.8004396
1.6472108 10.419566 2.183512
1.6472108 11.147403 2.4899697
1.4939818 11.492168 2.4133554
1.3024457 11.568783 2.336741
1.1875241 11.683704 2.3750482
1.2258313 11.990162 2.6431987
1.3407528 12.449849 2.9113493
1.4556746 13.215994 2.987964
1.4556746 13.905524 2.9113493
1.1492169 14.250289 2.6048913
0.6895301 14.365211 2.336741
0.15322891 14.058752 2.336741
-0.38307226 13.52245 2.528277
-0.6895301 12.947843 3.026271
-0.91937345 12.526463 3.4859574
-0.9576807 12.411541 3.8690298
-0.8810662 12.603077 4.098873
-0.68953013 13.062765 4.098873
-0.11492168 14.173674 4.3287168
0.15322891 14.633361 4.367024
0.19153613 14.863204 4.252102
0.038307227 14.709975 4.060566
-0.49799395 13.828908 3.9456444
-0.72783726 13.407529 4.252102
-0.7661446 13.215993 4.6351748
-0.7661446 13.3309145 4.9416323
-0.88106626 13.40753 4.9416323
-0.95768064 13.560759 4.903325
-1.0726023 13.599066 4.8267107
-1.2641385 13.292608 4.865018
-1.532289 12.909535 4.865018
-1.9536686 12.143391 4.7500963
-2.4516625 11.224017 4.7884035
-2.911349 10.457872 5.056554
-3.064578 9.998186 5.4779334
-2.9879637 9.959879 5.8610053
-2.681506 10.419566 5.93762
-2.336741 11.032482 5.631162
-1.9919759 11.453861 5.1714754
-1.7621324 11.645397 4.711789
-1.7621324 11.377247 4.596867
-1.8770541 10.534488 4.5202527
-2.1068974 9.5385 4.5202527
-2.336741 8.389283 4.82671
-2.4133554 7.354988 5.056554
-2.2218192 6.9719152 5.3247046
-1.7621324 7.0485296 5.3630123
-0.9959879 7.6614456 5.094861
-0.11492166 8.542512 4.673482
0.8044518 9.423578 4.252102
1.5705963 10.036494 3.9073372
2.0685902 10.189723 3.4859576
2.2984338 9.921573 3.141193
2.2218194 9.232042 2.873042
2.1452048 8.465898 2.873042
2.0685904 7.8912888 3.2561145
2.2218192 7.73806 3.754108
2.6048913 8.00621 4.367024
3.064578 8.580818 4.903325
3.5242648 9.193735 4.9799395
3.715801 9.615114 4.5202527
3.7541082 9.768343 3.86903
3.562572 9.5385 3.1794999
3.2944214 9.040505 2.9113493
3.0645783 8.465898 3.0645783
2.834735 7.8146744 3.4093432
2.6815062 6.856993 4.3287168
3.1794999 6.742072 5.1714754
3.6008792 7.04853 5.2097826
3.9839516 7.393295 4.750096
4.2904096 7.8146744 4.098873
4.5202527 8.082825 3.371036
4.673482 8.312668 2.9113493
4.7500963 8.197746 2.834735
4.7500963 8.00621 3.0645783
4.673482 7.776367 3.6391866
4.55856 7.546524 4.367024
4.596867 7.6614456 5.0182467
4.7117887 7.8529816 5.4779334
4.865018 8.236053 5.439626
5.056554 8.542511 5.0182467
5.133168 8.734048 4.4819455
5.133168 8.963891 3.9073372
5.094861 9.040505 3.4859576
4.9799395 9.155427 3.3327289
4.865018 9.270349 3.3327289
4.7500963 9.270349 3.562572
4.6351748 9.193734 3.9839516
4.55856 9.155427 4.405331
4.4819455 9.193734 4.711789
4.3670235 9.155427 4.9416323
4.1754875 9.193734 5.0182467
3.8690298 9.078813 4.865018
3.4476504 8.848969 4.6351743
3.064578 8.810662 4.405331
2.911349 8.963891 4.1754875

