1.3024457 8.657433 3.9073372
0.842759 9.80665 4.060566
1.2258313 11.836933 4.5202527
1.3024457 13.254301 4.405331
1.532289 14.901511 4.4436383
1.685518 15.093047 4.4436383
1.9153614 15.322891 4.6351743
2.030283 15.514427 4.9799395
1.9919758 15.629349 5.401319
1.9153613 15.47612 5.7843914
1.6855179 15.093048 6.0525417
1.4556745 14.595054 6.1674633
1.3790601 14.173674 6.1674633
1.4173675 13.9438305 6.1674633
1.5705962 13.790602 5.9759274
1.8770542 13.905523 5.6694694
2.2601264 14.135366 5.324704
2.528277 14.365211 4.9799395
2.681506 14.288596 4.711789
2.6048915 13.867217 4.5202527
2.2218192 13.101072 4.3670235
1.7621325 12.105084 4.2137947
1.2258313 11.109097 4.252102
0.6895301 10.113109 4.3670235
0.34476504 9.232042 4.405331
0.11492168 8.504205 4.367024
0.038307227 8.00621 4.1754875
0.2681506 7.8529816 4.0222588
0.61291564 7.967903 4.060566
0.9959879 8.121132 4.3287163
1.4173673 8.236053 4.520252
1.6472107 7.584831 4.1371803
1.4173673 6.742072 3.3710358
0.842759 5.5928555 2.528277
0.19153613 4.4053307 1.8004396
-0.3830723 3.3710358 1.3024458
-0.8044518 2.7198129 1.1109097
-0.9959879 2.566584 1.2258313
-1.0342952 2.566584 1.5705962
-0.9193735 2.7964277 1.9536686
-0.7278373 3.1794999 2.2984338
-0.38307226 3.6008792 2.4516625
0.30645782 4.673482 1.838747
0.7278373 5.1331687 1.3790603
1.0342951 5.5162406 0.9576807
1.187524 5.7843914 0.61291564
1.340753 6.0142345 0.38307226
1.3024457 6.090849 0.34476504
1.2641385 6.090849 0.45968676
1.2641385 6.129156 0.68953013
1.2641385 6.0525417 1.0342952
1.3790603 6.129156 1.1875241
1.4556746 6.2057705 1.3024457
1.5705962 6.3206925 1.3407528
1.685518 6.5505357 1.3024457
1.7238252 6.742072 1.1492168
1.8387469 7.0485296 0.842759
1.9536686 7.2783732 0.49799398
2.1452048 7.4699097 0.15322891
2.336741 7.6614456 -0.11492168
2.5282772 7.8912888 -0.19153613
2.7581205 8.082825 -0.076614454
2.987964 8.427589 0.30645782
3.6774938 9.155428 1.1875241
4.0988736 9.615114 1.1875241
4.4053316 9.883265 0.8044518
4.673482 10.151415 0.15322894
4.7884035 10.266336 -0.53630114
4.7500963 10.304644 -0.9193734
4.5968676 10.266336 -1.0342951
4.405331 10.151415 -0.9193734
4.1371803 9.998186 -0.4213795
3.8690298 9.883265 -0.114921674
3.6391864 9.883265 0.0
3.3710358 9.844957 -0.15322891
3.1794999 9.844957 -0.6512229
2.9879637 9.844957 -1.0342951
2.834735 9.80665 -1.3790603
2.6815062 9.844957 -1.5705965
2.4516625 9.921572 -1.5705965
2.183512 9.998186 -1.4173675
1.8387469 9.998186 -0.9959879
1.3024458 9.883265 -0.49799395
0.7661446 9.653421 0.076614454
0.19153614 9.308657 0.4596867
-0.38307226 9.117121 0.6512228
-0.80445176 8.963891 0.6512228
-1.1875241 8.963891 0.4213795
-1.4939818 9.155427 0.038307235
-1.685518 9.2703495 -0.30645782
-1.8004397 9.5385 -0.4596867
-1.8004397 9.80665 -0.22984336
-1.8004397 10.0748005 0.26815057
-1.8770542 10.189722 0.99598783
-2.1068976 10.0748005 1.6855179
-2.7964275 9.576807 2.2984338
-3.1028855 9.461885 2.183512
-3.2561145 9.5385 2.030283
-3.3327289 9.576807 1.8387469
-3.2944217 9.576807 1.5322891
-3.064578 9.576807 0.72783726
-2.9496565 9.691729 0.30645782
-3.1794999 9.883265 0.0
-3.4093432 9.768343 0.076614454
-3.7924156 9.461885 0.22984335
-4.1371803 9.002198 0.6895301
-4.4436383 8.236053 1.6855179
-4.3287163 8.197746 2.1068974
-4.0222588 8.427589 2.1452045
-3.6391864 8.810662 2.221819
-2.9113493 9.500193 1.9153614
-2.719813 9.5385 1.8770541
-2.6431987 9.2703495 1.5705963
-2.6431987 8.887277 1.3024458
-2.719813 8.159439 0.9959879
-2.7581203 7.508217 0.49799395
-2.719813 7.086837 0.4213795
-2.2601264 6.7037644 0.7278373
-1.9153614 6.818686 0.9959879
-1.37906 6.895301 0.95768064
-1.2258313 6.742072 0.61291564
-1.0726023 6.512229 0.34476504
-0.91937345 6.2057705 0.0
-0.8810662 5.631162 -0.53630114
-0.9193734 5.1714754 -0.842759
-0.9959879 4.6734815 -0.9959879
-0.9959879 4.290409 -0.9576807
-0.8810662 4.3287163 -0.5363012
-0.6512229 4.4436383 -0.30645782
-0.38307226 4.7884035 -0.34476507
-0.11492168 5.324704 -0.34476507
0.19153613 5.6694694 -0.49799395
0.5363012 6.2057705 -0.45968676
0.3830723 6.282385 -0.61291564
0.2681506 6.3589997 -0.61291564
0.11492168 6.3206925 -0.38307226
0.0 6.3589997 -0.038307227
-0.076614454 6.3589997 0.2681506
-0.11492168 6.397307 0.5746084
-0.076614454 6.62715 0.61291564
0.038307227 7.0102224 0.49799395
0.22984336 7.546524 0.34476504
0.38307226 8.197746 0.2681506
0.45968673 8.772355 0.49799395
0.53630114 9.308657 1.1875241
0.5746084 9.844957 2.2984338
0.61291564 10.266336 3.3327289
0.6512228 10.802638 4.060566
0.61291564 11.33894 4.2904096
0.5363012 11.722012 4.0222588
0.34476504 12.028469 3.6391869
0.15322891 11.951855 3.2178073
-0.15322891 11.760319 3.217807
0.0 11.951855 3.562572
0.34476507 12.717999 4.1371803
0.8810662 13.752295 4.520253
1.340753 14.939818 4.6351748
1.5322891 15.7825775 4.5202527
1.3790601 15.897499 4.213795
0.9576807 15.361198 3.9839516
0.49799395 14.441825 3.8307228
0.22984335 13.445836 3.7924156
0.15322891 12.794614 3.86903
0.22984336 12.449848 3.9073372
0.38307226 12.334927 3.9839516
0.53630114 12.449848 3.9456444
0.9193734 13.062764 3.7541082
1.0342951 13.330915 3.4476504
0.9959879 13.254301 3.217807
0.7661445 12.871229 2.9879637
0.49799395 12.373234 2.7581203
0.22984335 11.836933 2.8347347
0.038307227 11.530476 3.0262709
-0.076614454 11.377247 3.2944214
-0.30645782 11.377247 3.562572
-0.49799395 11.530476 3.8307228
-0.61291564 11.87524 4.098873
-0.7661445 12.258313 4.2904096
-0.8810662 12.411542 4.6351743
-1.1109096 12.411542 4.8267107
-1.532289 12.028469 4.9416323
-1.9153614 11.530475 4.9799395
-2.2218192 11.262324 4.7884035
-2.3750482 11.147403 4.6351743
-2.336741 11.262325 4.5202527
-2.2984335 11.377247 4.5202527
-2.2218192 11.300632 4.711789
-2.1452048 11.147404 4.9799395
-1.9919758 11.109097 5.094861
-1.8004396 11.109097 5.133168
-1.6472107 11.070789 4.903325
-1.532289 10.649409 4.405331
-1.6089034 10.189723 4.1371803
-1.6472108 9.730036 4.252102
-1.7238252 9.270349 4.3287163
-1.6089035 8.925584 4.4819455
-1.3790601 8.925584 4.6351743
-1.1492168 9.155428 4.4436383
-0.9193734 9.423578 4.137181
-0.6512228 9.308657 3.9073372
-0.45968673 8.887277 3.7924156
-0.38307226 8.0445175 3.86903
-0.30645782 7.2400656 3.9839516
-0.22984336 6.780379 3.9456444
0.076614454 6.856993 3.9456444
0.6512229 7.431602 4.060566
1.3024457 8.082825 4.060566
1.8770542 8.772354 3.7924156
2.1452048 8.963891 3.371036
2.2601264 8.772355 2.9496565
2.1835117 7.8529816 3.2178073
2.0685902 7.3549876 3.6774936
1.877054 7.0485296 3.7924156
1.6855179 6.780379 3.9456444
1.5705963 6.7420716 3.7541082
1.7238251 7.0102224 3.6774938
2.1452045 7.469909 3.8307228
2.681506 8.159439 3.7158012
3.3327286 8.887277 3.4476504
3.8690298 9.232041 3.0262709
4.1754875 9.308656 2.6431987
4.252102 9.155427 2.3750482
4.1371803 8.695741 2.336741
3.86903 8.350975 2.4899697
3.6391864 8.236053 2.566584
3.6008792 8.312668 2.681506
3.8307228 8.772355 2.9879637
4.213795 9.346963 3.2561142
4.5585604 9.883265 3.6008794
4.8267107 10.189722 4.0222588
4.9416323 10.228029 4.2137947
4.903325 10.0748005 4.290409
4.7500963 9.80665 4.252102
4.596867 9.500193 4.060566
4.3287168 9.232042 3.9839516
4.1371803 9.040505 3.7541082
4.060566 8.963891 3.562572
4.098873 9.117121 3.3710358
4.3287168 9.385271 3.0262709
4.55856 9.730036 2.9113493
4.7884035 9.959879 2.8347347
4.8267107 9.998186 2.7964275
4.6351743 9.844957 2.9879637
4.3287168 9.5385 3.2561142
3.9456444 9.155428 3.4476504
3.524265 8.772355 3.8307228
3.1028855 8.427589 4.098873
2.7581203 8.236053 4.2904096
2.528277 8.159439 4.55856
2.336741 8.236053 4.405331

