2.336741 8.389282 4.3287163
0.7661445 8.619126 4.7500963
0.344765 8.695741 4.903325
0.5746084 8.580819 4.7500963
0.5363012 8.963891 4.4436383
0.34476504 9.078813 4.4436383
0.11492168 9.078813 4.290409
-0.11492168 9.385271 4.3287163
0.038307227 9.691729 4.711789
0.22984335 10.419565 5.861006
0.076614454 11.185711 6.2057705
0.038307227 11.836933 6.0525417
0.30645782 13.177687 5.9759274
0.7278373 13.982138 6.0525417
1.1109096 14.51844 6.205771
1.4939818 15.054741 6.4739213
1.6089035 15.47612 6.8569937
1.6089035 15.7825775 7.278373
1.532289 16.089035 7.6614456
1.4939818 16.280571 7.73806
1.532289 16.16565 7.546524
1.532289 15.897499 7.2017584
1.4939818 15.399506 6.895301
1.3407528 14.901511 6.703765
1.1492168 14.403517 6.3589997
0.9193735 13.67568 5.631162
0.9959879 13.330915 5.133168
1.2258313 13.062764 4.750096
1.6472108 12.871228 4.3287168
2.1068974 12.717999 4.2904096
2.3367407 12.488156 4.2904096
2.3367407 12.105084 4.4436383
1.8387469 11.109096 4.5202527
1.1109096 9.883265 4.290409
0.4213795 8.695741 4.060566
-0.19153613 7.5848308 3.8307228
-0.45968673 6.895301 3.6008794
-0.4213795 6.5505357 3.5625722
-0.2681506 6.4739213 3.4093432
-0.15322891 6.550536 3.2561142
-0.038307227 6.550536 3.217807
-0.076614454 6.3973074 3.0262709
-0.22984335 5.9759274 2.7581203
-0.34476504 5.4396267 2.2601264
-0.5363012 4.865018 1.7238252
-0.842759 3.6008794 0.7278373
-0.80445176 3.0645783 0.42137948
-0.6512229 2.719813 0.15322891
-0.11492168 2.9496567 -0.11492168
0.15322891 3.371036 0.114921674
0.49799398 4.060566 0.61291564
0.7278373 4.6351748 1.1875241
0.842759 4.903325 1.685518
0.842759 5.0182467 1.9153614
0.7278373 4.8267107 1.8004396
0.8044517 4.711789 1.4556746
1.1109096 4.903325 1.0342951
1.5705963 5.4396267 0.7661445
2.1068974 6.0525417 0.49799392
2.566584 6.703765 0.42137948
2.873042 7.2400656 0.57460845
3.1028852 7.393295 0.7661445
3.2561145 7.584831 1.2641385
3.2944217 7.6231384 1.685518
3.3327289 7.6614456 2.030283
3.371036 7.8146744 2.1452048
3.5242648 8.121132 1.9536686
3.8307228 8.619126 1.7238252
4.252102 9.078814 1.3024458
4.7117887 9.5385 1.0342951
5.056554 9.844957 0.80445176
5.2863975 10.0748005 0.6512228
5.363012 10.228029 0.61291564
5.3247046 10.342952 0.57460845
5.209783 10.419566 0.49799395
5.0565543 10.419566 0.4213795
4.865018 10.266337 0.34476504
4.596867 10.151415 0.03830722
4.3287168 10.0748005 -0.22984335
4.060566 10.036493 -0.4213795
3.715801 10.0748005 -0.49799395
3.3327289 9.959879 -0.38307226
2.9496565 9.730036 -0.30645782
2.4899697 9.423578 -0.15322891
1.8004397 9.11712 0.076614454
0.9959879 8.963891 0.53630114
0.38307226 8.810662 0.72783726
-0.2681506 8.580819 0.8810662
-0.91937345 8.427589 1.0726024
-1.4173675 8.465897 1.3790601
-1.685518 8.772354 1.8004396
-1.9153614 9.193734 2.1068974
-1.9919758 9.691729 2.1452048
-2.1452048 10.0748005 1.9919758
-2.5282772 10.419566 1.1492168
-2.7964277 10.457873 0.9193734
-3.0645783 10.496181 0.8044518
-3.371036 10.496181 0.9959879
-3.7541084 10.304644 1.2258313
-4.1371803 10.036493 1.6089035
-4.4819455 9.691729 2.0685902
-4.7884035 9.308657 2.528277
-4.9416323 8.963891 3.1794996
-4.903325 8.887277 3.3327289
-4.7500963 8.963891 3.2178073
-4.5202527 9.117121 2.9496565
-4.1371803 9.385271 2.6815062
-3.6391864 9.768343 2.2218192
-3.1028852 10.151415 1.8387469
-2.6431985 10.419566 1.4173675
-2.2984335 10.572795 0.9959879
-2.1068974 10.419566 0.5746084
-2.1068974 10.036493 0.15322891
-2.1452045 9.423577 0.0
-2.221819 8.695741 0.076614454
-2.2984335 8.00621 0.61291564
-2.2601264 7.4699087 1.3790601
-2.183512 7.086837 1.8387469
-2.030283 6.933608 2.0685902
-1.8004396 6.933608 1.9153614
-1.532289 6.8569937 1.4173673
-1.1492168 6.895301 0.9193734
-0.7278373 6.933608 0.34476504
-0.34476507 6.8569937 -0.22984335
0.038307227 6.8569937 -0.7278373
0.19153613 6.7420716 -1.0726024
0.15322891 6.588843 -1.0342951
-0.03830722 6.3206925 -0.7661445
-0.34476504 5.8610053 -0.30645782
-0.61291564 5.286397 0.22984335
-0.842759 4.6351748 0.45968673
-0.99598795 4.1371803 0.53630114
-0.99598795 3.9073372 0.38307226
-0.9193735 4.060566 0.03830722
-0.68953 4.4819455 -0.30645782
-0.34476504 5.24809 -0.6512228
-0.038307227 5.93762 -0.842759
0.22984336 6.512229 -0.91937345
0.34476504 6.8186865 -0.9576807
0.34476504 6.8186865 -0.88106626
0.19153613 6.8569937 -0.57460845
-0.038307227 6.7803793 -0.114921704
-0.22984336 6.7803793 0.45968673
-0.3830723 6.742072 1.0342951
-0.2681506 6.8569937 1.6089036
-0.038307227 7.2017584 1.7621324
0.22984338 7.776367 1.7238252
0.5363012 8.465897 1.6472108
0.7661445 9.078813 1.5705963
0.9576807 9.5385 1.532289
1.1492168 9.844957 1.685518
1.3407528 10.113108 1.9919759
1.5705962 10.342952 2.2984338
1.8004396 10.649409 2.7198133
1.9153614 10.91756 2.9496565
1.8004396 11.032481 3.0645783
1.532289 10.917559 3.1028855
1.1109096 10.649408 2.7964275
1.3790601 10.840944 3.064578
2.4899697 12.066776 4.290409
2.9879637 12.564771 4.8267107
3.217807 12.947843 4.903325
3.1411927 13.101071 4.5202527
2.6431987 13.2543 3.4093432
2.48997 13.177686 2.9879637
2.3750482 13.292608 2.9879637
2.2984335 13.445837 3.1411924
2.2218192 13.522451 3.4476504
2.030283 13.67568 3.7924156
1.9919758 13.713987 3.9073372
1.9919758 13.9438305 4.060566
2.1068976 14.288595 4.098873
2.2601266 14.748283 4.0222588
2.336741 15.20797 4.060566
2.2601264 15.322891 4.098873
1.9153614 15.20797 4.1371803
1.4556746 14.633361 4.2904096
0.84275895 13.752295 4.2521024
0.19153616 12.717999 4.060566
-0.38307226 11.645396 3.7924156
-0.88106626 10.802637 3.4859576
-1.2258313 10.228029 3.4859576
-1.3790601 9.998186 3.4859576
-1.3024457 10.151415 3.4859576
-1.1109096 10.419565 3.4476504
-0.80445176 10.764331 3.2561142
-0.5363012 10.879252 3.0262709
-0.7661445 10.572795 3.0262709
-1.2641385 9.998186 3.0262709
-1.9919758 9.232042 3.2561142
-2.7581203 8.465898 3.715801
-3.371036 7.929596 4.367024
-3.7541084 7.6614456 4.9799395
-3.7924156 7.8146744 5.554548
-3.2944217 8.580819 5.707777
-2.6048915 9.80665 5.554548
-1.8004397 11.109096 5.2097826
-0.9959879 12.105083 4.673482
-0.7661445 12.220005 4.367024
-0.842759 11.45386 4.1754875
-1.1875241 10.266336 4.098873
-1.7238252 9.040505 4.2904096
-2.0685902 8.159439 4.673482
-2.1452048 7.623138 4.9416323
-1.9919759 6.62715 5.2480903
-1.3790601 4.865018 5.2480903
0.22984329 5.3247046 5.5545483
2.3750482 7.8529816 5.975928
4.5202527 11.262325 5.975928
6.0525417 15.054741 6.014235
6.205771 15.974113 5.554548
5.439626 14.135366 4.9416323
4.098873 11.568783 4.6734815
2.5665843 9.155428 4.367024
1.1875241 7.201759 3.86903
0.07661447 6.1291566 3.6774938
-0.26815057 5.66947 3.9073372
0.26815063 6.014235 4.290409
1.3790601 6.9719152 4.8267107
2.6431985 8.121132 5.094861
3.6008792 9.270349 4.711789
4.060566 9.768343 4.213795
3.9839516 9.615114 3.7158012
3.7158012 8.925585 3.4093432
3.4859576 8.274362 3.6774936
3.5242648 8.082825 3.9456444
3.7924151 8.121132 4.2521024
4.1754875 8.350976 4.4436383
4.5202527 8.504205 4.213795
4.673482 8.389282 4.0222588
4.7884035 8.274361 3.86903
4.865018 8.121132 3.6391866
4.865018 7.8912888 3.6391866
4.903325 7.73806 3.677494
4.9416323 7.6614456 3.677494
4.9799395 7.699753 3.7541084
5.171476 7.8912888 3.7158012
5.439626 8.0445175 3.677494
5.6311626 8.082825 3.4859576
5.66947 8.121132 3.1794996
5.5928555 8.0445175 2.9496565
5.4013195 7.8529816 2.681506
5.1331687 7.6614456 2.7581205
4.903325 7.431602 3.1028855
4.6734815 7.3166804 3.6008792
4.5202527 7.4316025 4.252102
4.4436383 7.73806 4.8267107
4.367024 8.0445175 5.133168
4.2137947 8.274361 5.2097826
3.9073372 8.542512 4.9799395
3.6008794 8.695741 4.4436383
3.2944217 8.887277 3.9456444
3.0645783 9.193735 3.5242648
2.9113493 9.308657 3.3710358
2.7581203 9.423578 3.5242648
2.6048915 9.423578 3.8690298
2.3750482 9.270349 4.252102
2.0685902 9.078813 4.520252
1.8004396 8.925584 4.5585604
1.6089035 8.810662 4.520253
1.4939818 8.6574335 4.4819455

