1.4939818 8.695741 4.5202527
1.5705963 8.734048 4.55856
1.1492168 9.040505 4.405331
1.0342951 10.036493 4.405331
0.9576807 11.147403 4.6351743
1.340753 12.679692 5.0182467
1.8387468 14.441824 5.5928555
2.030283 15.169662 6.2823853
2.0685902 15.705963 6.7037644
1.9536686 15.820885 6.856993
1.5705963 15.820885 6.780379
1.1492168 15.667656 6.5505357
0.7661445 15.399506 6.397307
0.42137948 15.093048 6.397307
0.2681506 14.824898 6.3589997
0.2681506 14.671668 6.320692
0.45968673 14.633361 6.3589993
0.8810662 14.824897 6.320692
1.493982 15.016434 6.320692
2.030283 15.131355 6.320692
2.4516625 15.093048 6.282385
2.6431987 14.824898 6.0142345
2.5282772 14.173674 5.6311626
2.2984338 13.292608 5.209783
1.9153614 12.258312 4.711789
1.4939818 11.147404 4.5585604
1.0726024 10.228029 4.3287163
0.7278373 9.385271 4.1371803
0.4213795 8.580818 3.9456446
0.22984335 7.929596 3.5625722
0.19153613 7.4316015 3.4476502
0.42137948 7.163451 3.3327286
1.0726023 7.6614456 3.2944214
1.6089034 8.350975 3.6391864
1.9536686 8.580819 3.9073372
1.5705962 7.776367 4.3287168
0.9959879 6.512229 4.0222588
0.5746084 5.707777 3.6008792
0.19153613 4.9416323 3.064578
0.11492168 4.7500963 2.528277
0.22984336 4.865018 1.9536685
0.34476504 4.865018 1.4939818
0.3830723 4.903325 1.1109096
0.30645782 4.8267107 1.0342951
0.26815057 4.7884035 1.2258313
0.15322891 4.7884035 1.4556746
0.076614454 4.5968676 1.8004396
0.038307227 4.3287168 2.1068974
-0.038307227 4.060566 2.1452045
-0.038307227 3.86903 2.1068974
0.11492168 4.252102 1.5705963
0.22984336 4.4819455 1.2258313
0.45968676 4.903325 0.9576807
0.8810662 5.5928555 0.61291564
0.9576807 5.93762 0.91937345
0.842759 5.899313 1.1492169
0.842759 5.707777 1.2258313
1.2641385 5.9759274 1.2258313
1.532289 6.4739213 1.0726024
1.9919758 7.2783732 0.9193734
2.1452048 7.6614456 0.8044517
2.2984338 7.929596 0.842759
2.5665843 8.121132 0.9193735
2.6431987 7.8529816 1.1875241
2.719813 7.5848308 1.3024458
2.9496565 7.699753 1.2258313
3.5242648 8.542512 0.6512228
4.0222588 9.232042 0.11492168
4.3287163 9.5385 -0.49799395
4.596867 9.921572 -1.4556746
4.290409 9.80665 -1.532289
3.715801 9.500193 -0.7278373
3.371036 9.308657 0.114921674
3.1794999 9.461885 0.26815057
2.9113493 10.228029 0.22984336
2.8347347 10.76433 0.076614454
2.6815057 11.147403 -0.11492168
2.4133554 11.377246 -0.2681506
1.8770542 11.18571 -0.4213795
0.45968676 10.189722 -0.1149217
-0.344765 9.691729 0.038307227
-1.5705962 9.232042 0.038307227
-1.8387469 9.385271 -0.30645782
-1.8770542 9.844957 -0.57460845
-1.7621324 10.457873 -0.61291564
-1.7238252 11.262325 0.15322891
-1.8770541 11.33894 0.7278373
-2.183512 11.18571 1.0342952
-2.528277 10.840945 0.9193735
-2.9879637 10.036493 0.30645782
-2.9496565 9.423578 0.076614454
-2.873042 9.232041 0.076614454
-2.7581205 9.193734 0.22984336
-2.6431987 9.232041 0.4213795
-2.528277 9.423578 0.49799395
-2.3367407 9.80665 0.6512229
-2.1068974 10.266336 0.8810662
-1.8770541 10.649409 0.9576807
-1.685518 10.840945 1.1109096
-1.6472108 10.802638 1.0726024
-1.7238252 10.457873 0.91937345
-1.8770541 9.95988 0.7661446
-2.0685902 9.461885 0.61291564
-2.1452045 9.078813 0.6512229
-2.1068974 8.887277 0.7661445
-2.0685902 8.848969 0.9576807
-1.9536686 8.925584 1.1492168
-1.8004397 9.040506 1.2258313
-1.7238252 9.346964 1.1875241
-1.532289 9.768343 1.0342951
-1.4173673 10.0748005 0.80445176
-1.3790601 10.151415 0.61291564
-1.3790601 9.921572 0.4213795
-1.4939818 9.5385 0.3830723
-1.5705963 8.963891 0.7278373
-1.5705963 8.236053 1.5705963
-1.4173673 8.0445175 1.8387469
-1.0726024 8.236053 1.6472108
-0.88106626 8.350975 1.4173675
-0.7278373 8.389283 1.0726024
-0.30645782 8.274361 0.30645785
-0.11492168 8.0445175 0.11492168
0.076614454 7.73806 0.15322891
0.19153613 7.3549876 0.34476504
0.30645782 6.933608 0.6512228
0.34476504 6.5505357 0.8810662
0.30645782 6.2440777 0.9576807
0.22984336 6.0142345 0.842759
0.076614454 5.899313 0.49799395
-0.038307227 5.7843914 -0.11492169
-0.076614454 5.5928555 -0.842759
-0.076614454 5.4013195 -1.4173675
0.0 5.1331687 -1.8004397
0.11492168 4.903325 -1.685518
0.19153613 4.8267107 -0.9959879
0.19153613 4.7884035 -0.03830722
0.076614454 4.865018 0.8810662
-0.11492168 4.9416323 1.5322891
-0.22984336 4.9416323 1.685518
-0.26815057 4.9416323 1.3790601
-0.15322891 4.9416323 1.0726023
0.11492168 5.0182467 0.61291564
0.38307226 5.4013186 0.53630114
0.61291564 5.93762 0.6512228
0.7278373 6.4356146 0.9576807
0.68953 6.8186865 1.493982
0.57460845 7.2400656 2.1068974
0.57460845 7.5465236 2.3750482
0.7278373 7.967903 2.6048913
0.9193734 8.465897 2.911349
1.2641385 9.002198 3.064578
1.7621324 9.653421 3.3710358
2.2984335 10.49618 3.6391864
2.873042 11.415553 3.7924154
3.3327289 12.29662 4.060566
3.562572 12.909536 4.098873
3.562572 13.024458 4.0222588
3.2944217 12.871229 4.060566
2.834735 12.7179985 3.9839516
2.4516625 12.679691 3.86903
2.183512 13.177686 3.9073372
2.030283 13.790602 3.9456444
1.8387468 14.097059 3.9456444
1.5705962 14.097059 3.9456444
1.1109096 13.560758 3.9839516
0.7278373 12.947843 4.1371803
0.7278373 12.679691 4.5968676
0.8810662 12.909534 5.0182467
1.2258313 13.560759 5.3247046
1.4939818 14.288595 5.363012
1.3790601 14.7482815 4.9799395
1.0342951 14.63336 4.55856
0.5746084 14.020445 3.9839516
0.07661445 13.254301 3.5242648
-0.22984338 12.488155 3.2561142
-0.19153614 12.105083 3.1411924
0.03830722 12.334928 3.4093432
0.4213795 12.794614 3.6774936
0.84275895 13.3309145 3.9839516
1.0342951 13.713987 4.4436383
0.68953013 13.177687 4.711789
0.22984338 12.488155 4.5968676
-0.45968673 11.60709 4.060566
-1.1875241 10.611101 3.4859576
-1.8387468 9.844957 3.0262709
-2.3750482 9.232042 2.7581203
-2.6431987 9.002198 2.719813
-2.681506 9.040505 2.9113493
-2.6048915 9.232041 3.3327286
-2.4133554 9.653421 4.060566
-2.2218192 9.998187 4.8267107
-2.030283 10.151416 5.401319
-1.9919758 10.189723 5.592855
-2.0685902 9.883265 5.133168
-2.2218192 9.500192 4.4436383
-2.4899697 9.232041 3.6774938
-2.6048915 9.002198 3.2944214
-2.6048915 8.963891 3.3710358
-2.3750482 9.155428 3.86903
-1.8004398 9.615114 4.6351748
-1.1109096 10.151415 5.439626
-0.4213795 10.687716 6.0908494
0.15322891 10.955867 6.2823853
0.4213795 10.91756 6.1291566
0.45968673 10.649409 5.477934
0.42137948 10.189722 4.5585604
0.3064578 9.615114 3.7158012
0.2681506 9.040505 3.0645783
0.22984335 8.619126 2.9496565
0.45968673 8.427589 3.524265
1.532289 9.040506 5.363012
2.2601264 9.500193 5.93762
2.7964277 9.921572 5.7077765
3.1028855 10.036493 4.9416323
3.1028855 9.80665 4.0222588
2.9496562 9.232041 2.9879637
2.6048913 8.542511 2.2601264
2.2601264 7.73806 2.030283
2.0685902 7.2017584 2.183512
2.1068976 7.086837 2.75812
2.3750482 7.2017584 3.562572
2.7964277 7.5465236 4.2904096
3.2178073 7.8912888 4.8267107
3.5242648 8.121132 5.0182467
3.7158012 8.082825 4.9799395
3.7158012 7.929596 4.750096
3.7541084 7.8146744 4.367024
3.7541084 7.8529816 4.060566
3.86903 8.082825 3.7158008
4.0222588 8.427589 3.409343
4.060566 8.6574335 3.2944214
4.060566 8.619125 3.3327286
3.9456444 8.465897 3.5242648
3.9073372 8.236053 3.9456444
3.9456444 8.0445175 4.405331
4.060566 8.00621 4.903325
4.252102 8.082825 5.324704
4.4053307 8.159439 5.24809
4.4436383 8.159439 5.056554
4.4819455 8.082825 4.5202527
4.4819455 7.776367 3.9839516
4.405331 7.3932953 3.7924156
4.3287163 7.125144 3.715801
4.1754875 7.0102224 3.9073372
4.0222588 7.354988 4.2137947
4.060566 8.159439 4.4436383
4.2137947 9.155428 4.7500963
4.4819455 9.998186 5.0182467
4.6351743 10.534487 5.0182467
4.5202527 10.49618 4.903325
4.1754875 10.189722 4.6351748
3.562572 9.691729 4.4819455
2.2601264 8.465898 4.9799395
1.7621325 7.967903 5.401319
1.4173675 7.73806 5.707777

