0.22984335 9.346964 2.7581203
0.30645782 9.500193 2.566584
0.4213795 9.653421 2.2601264
0.38307226 9.653421 2.2601264
0.38307226 9.730036 2.2984335
0.344765 9.691729 2.3750482
0.26815057 9.691729 2.4516625
0.30645782 9.730036 2.4516625
0.30645782 9.844957 2.4516625
0.30645782 9.80665 2.2601264
0.30645782 9.80665 2.2984335
0.19153613 9.730036 2.2984335
0.11492168 9.576807 2.2984335
0.038307227 9.5385 2.4899697
0.0 9.500193 2.4133554
0.0 9.500193 2.4133554
0.0 9.5385 2.4133554
0.038307227 9.500193 2.3367407
0.076614454 9.5385 2.4133554
0.11492168 9.500193 2.528277
0.15322891 9.461885 2.4899697
0.15322891 9.576807 2.4899697
0.15322891 9.5385 2.375048
0.15322891 9.5385 2.2218192
0.15322891 9.5385 2.1068976
0.15322891 9.461885 2.1068976
0.19153613 9.500193 2.183512
0.2681506 9.576807 2.2601264
0.34476504 9.615114 2.2601264
0.34476504 9.615114 2.1452045
0.34476504 9.730036 2.2218192
0.3830723 9.768343 2.336741
0.3830723 9.768343 2.4516625
0.3830723 9.730036 2.336741
0.34476504 9.691729 2.2601266
0.30645782 9.576807 2.1452048
0.30645782 9.576807 2.183512
0.38307226 9.653421 2.183512
0.45968673 9.691729 2.2601264
0.49799395 9.653421 2.2218192
0.57460845 9.576807 2.2601264
0.57460845 9.500193 2.2984335
0.61291564 9.423578 2.336741
0.72783726 9.461885 2.3750482
0.8810662 9.576807 2.3750482
0.9576807 9.615114 2.3750482
1.0342952 9.576807 2.336741
1.1109096 9.5385 2.2984338
1.2258313 9.461885 2.2984338
1.3024458 9.423578 2.183512
1.3024458 9.308657 2.2984335
1.2641385 9.2703495 2.336741
1.2258313 9.2703495 2.4899697
1.3024457 9.346964 2.4899697
1.4173675 9.461885 2.528277
1.4939818 9.500193 2.528277
1.5705963 9.5385 2.528277
1.5705963 9.461885 2.4899697
1.532289 9.346964 2.6048915
1.5705963 9.308657 2.681506
1.6089036 9.346964 2.719813
1.6472108 9.346964 2.834735
1.685518 9.423578 2.873042
1.7238252 9.461885 2.9113493
1.7621325 9.423578 2.9113493
1.7621325 9.5385 2.873042
1.8004397 9.500193 2.873042
1.8004397 9.461885 2.7964277
1.8770542 9.423578 2.7198133
1.9919758 9.423578 2.6048913
2.2601264 9.5385 2.4133554
2.336741 9.5385 2.336741
2.4516625 9.5385 2.2218192
2.566584 9.653421 2.030283
2.681506 9.883265 1.685518
2.7581205 9.921572 1.5705962
2.7964277 9.844957 1.532289
2.7581205 9.730036 1.532289
2.681506 9.500193 1.4556746
2.4899697 9.232042 1.5322891
2.2218192 9.078813 1.4556746
2.0685902 8.963891 1.3790601
2.030283 9.078814 1.2641385
1.9919758 9.2703495 1.0726024
2.030283 9.346964 0.9576807
2.030283 9.423578 0.8044518
1.9919758 9.346964 0.9193735
1.9536686 9.423578 1.0342951
1.8770541 9.500193 1.3024458
1.7621324 9.615114 1.8004397
1.6472107 9.730036 2.183512
1.4556746 9.653421 2.6048915
1.1492169 9.423578 2.4899697
1.0342952 9.5385 2.030283
1.0726024 9.653421 1.4939818
1.1109096 9.844957 1.1109096
1.1875241 9.959879 0.9193734
1.1109096 9.921572 1.0726024
1.0342951 9.883265 1.2258313
1.0342951 9.844957 1.4939818
1.0342951 9.80665 1.7621324
1.0726024 9.80665 1.9536686
1.0726024 9.768343 1.8770542
0.9576807 9.691729 1.6472108
0.8810662 9.615114 1.3024457
0.7661445 9.500193 1.0342951
0.6895301 9.423578 1.1875241
0.6512228 9.385271 1.2641385
0.61291564 9.2703495 1.4939818
0.57460845 9.155428 1.6472108
0.57460845 9.11712 1.5705965
0.57460845 9.155427 1.6089036
0.61291564 9.385271 1.6472108
0.6512228 9.653421 1.6472108
0.61291564 9.883265 1.7621325
0.61291564 10.0748005 1.8770542
0.57460845 10.113108 1.9153614
0.45968673 10.151415 1.8004397
0.38307226 10.151415 1.7238252
0.34476504 10.304644 1.7621324
0.34476504 10.534488 1.9536686
0.34476504 10.611102 2.1068974
0.2681506 10.49618 2.1068974
0.15322891 10.342951 2.0685902
0.11492168 10.228029 2.030283
0.076614454 10.151415 2.030283
0.076614454 10.0748005 2.030283
0.15322891 10.189722 1.9536686
0.11492168 10.189722 1.9153614
-0.076614454 10.113108 1.6472108
-0.34476504 10.036493 1.3024457
-0.6512229 9.844957 1.1109097
-0.9959879 9.653421 1.0342951
-1.2258313 9.500193 1.2258313
-1.4556746 9.423578 1.4556746
-1.6472108 9.308657 1.6472108
-1.7238252 9.346964 1.7238252
-1.8004397 9.461885 1.6472108
-1.8387469 9.653421 1.5705963
-1.8770541 9.80665 1.4556746
-1.9536686 9.883265 1.3024458
-2.030283 9.959879 1.1492169
-2.1452045 9.959879 0.99598795
-2.2601266 9.921572 0.91937345
-2.4133554 9.80665 0.9959879
-2.6431985 9.461885 1.1875241
-2.8347347 9.078813 1.4556746
-3.2944214 8.619126 2.0685904
-3.4476504 8.6574335 2.6048915
-3.4093432 8.772355 2.6431987
-3.2561142 8.963891 2.6431987
-3.0262709 9.002198 2.566584
-2.873042 9.040505 2.4133554
-2.681506 9.040505 2.2601264
-2.5282772 8.963891 2.1452048
-2.3750482 9.078813 2.1068974
-2.183512 9.155427 2.0685902
-1.9153614 9.2703495 2.1835117
-1.6089036 9.385271 2.2218192
-1.340753 9.423578 2.1452048
-0.9959879 9.346964 2.183512
-0.7661446 9.155428 2.0685902
-0.61291564 8.963891 1.9536686
-0.3830723 8.772355 1.9536686
-0.2681506 8.810662 1.8387469
-0.11492168 8.887277 1.9153614
0.038307227 9.002198 1.9919758
0.11492168 9.002198 2.0685902
0.076614454 8.810662 2.1068974
-0.038307227 8.389282 1.8387468
-0.11492168 7.8912888 1.6089035
-0.15322891 7.469909 1.3790601
-0.11492168 7.2783732 1.2258313
0.0 7.3166804 1.3024458
0.076614454 7.393295 1.4556746
0.076614454 7.5082164 1.4939818
0.038307227 7.469909 1.5705962
-0.11492168 7.3166804 1.532289
-0.2681506 7.1634517 1.4939818
-0.38307226 7.0102224 1.532289
-0.4213795 6.8569937 1.3790601
-0.45968676 6.7803793 1.1492168
-0.49799395 6.6654577 0.7661445
-0.4596867 6.6271505 0.45968673
-0.49799395 6.703765 0.34476504
-0.34476504 6.895301 0.49799395
-0.19153613 7.125144 0.7278373
-0.076614454 7.31668 0.842759
0.076614454 7.393295 0.7661445
0.11492168 7.3549876 0.61291564
0.15322891 7.3166804 0.5363012
0.11492168 7.201759 0.4213795
0.11492168 7.125144 0.45968673
0.15322891 7.163451 0.5363012
0.19153613 7.163451 0.49799398
0.30645782 7.2017584 0.45968676
0.49799395 7.3166804 0.45968676
0.6512229 7.546524 0.45968676
0.88106626 7.967903 0.4213795
1.0726024 8.274361 0.4213795
1.1109096 8.465897 0.38307226
1.0726024 8.389282 0.19153613
0.9576807 8.197746 0.15322891
0.8810662 8.236053 0.26815057
0.8810662 8.350975 0.53630114
0.9193735 8.580818 0.9959879
0.9959879 8.887277 1.4556746
0.9959879 9.117121 1.7238252
0.91937345 9.461885 1.9536686
0.91937345 9.80665 2.0685902
0.9576807 10.228029 2.0685902
1.0342951 10.726023 1.9536686
1.1109096 11.032481 1.7238252
1.1875241 11.147403 1.5705963
1.0726024 10.994174 1.6472107
0.8810662 10.764331 1.8770541
0.6512229 10.49618 2.1452045
0.42137948 10.419565 2.6048913
0.30645782 10.49618 3.0262709
0.22984335 10.572794 3.371036
0.07661445 10.802638 3.9073372
0.038307227 10.802638 3.86903
0.07661445 10.6877165 3.5242648
0.15322891 10.802638 3.2561145
0.4213795 10.91756 2.873042
0.5363012 11.3006315 2.7581203
0.57460845 11.722012 2.834735
0.61291564 11.836933 2.873042
0.61291564 11.836933 2.681506
0.61291564 11.645397 2.528277
0.57460845 11.415553 2.4516625
0.49799398 11.147403 2.4516625
0.30645785 11.032481 2.7581205
0.11492168 10.955867 3.2178073
-0.076614454 11.147404 3.6774936
-0.22984335 11.377247 3.9839516
-0.22984335 11.568783 3.9456444
-0.19153613 11.9135475 3.7541084
-0.15322891 12.066776 3.4476504
-0.15322891 12.220005 3.3327289
-0.22984336 12.373234 3.562572
-0.38307226 12.411542 3.9456444
-0.49799395 12.449849 4.405331
-0.6512229 12.564771 4.903325
-0.68953013 12.871228 5.363012
-0.7278373 13.024457 5.363012
-0.8044517 13.254301 5.1714754
-0.9193734 13.215994 5.0182467
-1.0342952 13.024458 4.903325
-1.2258313 12.718 4.8267107
-1.3790603 12.334928 4.903325
-1.5705962 11.990162 4.903325
-1.7238252 11.760319 5.094861
-1.9153614 11.453861 5.171476
-2.030283 11.185711 5.056554
-2.1452045 10.840945 4.9416323
-2.2601264 10.419566 4.5585604
-2.2601264 10.151415 4.3287163
-2.3750482 9.844957 4.1754875
-2.4133554 9.615114 4.1754875
-2.4899697 9.5385 4.252102
-2.6048915 9.308657 4.252102
-2.6431987 9.193734 4.1371803
-2.7581205 9.040505 3.9456444
-2.834735 8.810662 3.86903
-2.9113493 8.734048 3.677494
-2.9496565 8.542512 3.6391869
-2.9113493 8.465898 3.562572
-2.9113493 8.465898 3.5242648
-2.834735 8.542512 3.6391864
-2.7581205 8.810663 3.7541082
-2.7198133 9.040506 3.86903
-2.5665843 9.232042 3.8307228
-2.4133554 9.423578 3.6391866
-2.2984335 9.423578 3.4093432
-2.2218192 9.346964 3.2561142
-2.2218192 9.193735 3.1028852
-2.2218192 9.002199 2.9879637
-2.2984338 8.848969 2.834735
-2.221819 8.695741 2.7198133
-2.1068974 8.542511 2.528277
-1.9536686 8.389282 2.3750482
-1.685518 8.312668 2.4133554
-1.4939818 8.427589 2.2601266
-1.2641385 8.6574335 2.183512
-1.0342952 8.963891 2.0685904
-0.842759 9.193735 1.8004397
-0.842759 9.193735 1.7621325
-0.9576806 8.848969 2.030283
-1.2258312 8.312668 2.4899697
-1.532289 7.776367 3.0262709
-1.5705963 7.4699097 3.4476504
-1.340753 7.776367 3.562572
-0.91937345 8.389282 3.371036
-0.7661445 9.040505 2.9879637
-0.8810662 9.423578 2.8347347
-1.1875241 9.270349 2.9496565
-1.5705962 8.8489685 3.2561142
-1.6089035 8.504204 3.715801
-1.4939818 8.350975 3.9456444
-1.4556746 8.42759 3.9839516
-1.493982 8.6574335 4.0222588
-1.6089036 8.695741 3.9073372
-1.7238252 8.6574335 3.9073372
-1.685518 8.772355 3.7158008
-1.4556746 9.002198 3.4476504
-1.0342951 9.5385 3.4093432
-0.15322891 10.419566 3.4093432
0.0 10.534488 3.562572
-0.076614454 10.189722 3.5242648
-0.2681506 9.768343 3.6391866
-0.49799395 9.308657 3.715801
-0.61291564 8.84897 3.8690298
-0.49799395 8.772355 4.1754875
-0.19153613 8.848969 4.290409
0.2681506 9.11712 4.1754875
0.80445176 9.5385 3.7158008
1.3024457 9.768343 2.911349
1.532289 9.883265 2.183512
1.5705962 9.615114 1.8004396
1.4556746 9.193735 1.877054
1.2641385 8.925584 2.2601264
1.3024457 8.772355 2.719813
1.4939818 8.887277 2.9496565
1.7621324 9.002198 2.9496565
2.1068976 9.117121 2.873042
2.336741 9.346964 2.7964277
2.48997 9.5385 2.834735
2.6048915 9.844957 2.834735
2.6431987 9.998186 2.7581203
2.7581205 9.998186 2.4899697
2.873042 10.036493 2.2601264
2.9496565 9.998186 2.1452045
2.9879637 10.113108 2.221819
2.9113493 10.151415 2.566584
2.7581203 10.151415 2.9113493
2.566584 10.151415 3.2561145
2.3367407 9.998186 3.6774938
2.1068976 9.883265 3.9456444
1.9153614 9.691729 3.9456444
1.8004396 9.423578 3.9839516
1.7238252 9.270349 3.8307228
1.7238252 9.11712 3.562572
1.7621324 9.11712 3.4476504
1.8004396 9.155427 3.2561145
1.8770541 9.232042 3.2178073
1.9536686 9.423578 3.2561145
2.030283 9.576807 3.2178073
2.030283 9.653421 3.1411924
1.9536686 9.576807 2.9496565
1.838747 9.461885 2.7964277
1.7238252 9.308657 2.719813
1.685518 9.308657 2.9113493
1.6472107 9.385271 3.2944214
1.5705963 9.461885 3.6391864
1.4173673 9.500193 3.86903
1.2258313 9.385271 3.8307228
1.0726024 9.270349 3.4476507
0.9576807 9.270349 2.987964
0.91937345 9.38527 2.566584
0.9576807 9.615114 2.183512
0.9576807 9.921572 2.2218192
1.0342952 10.189722 2.4899697
1.1109096 10.534487 3.1411927
1.1109096 10.8792515 3.9456444
1.1109096 11.032481 4.367024
0.9959879 11.032481 4.55856
0.7661445 10.802638 4.367024
0.61291564 10.49618 4.060566
0.49799395 10.381258 3.715801
0.45968673 10.342951 3.5625722
0.5746084 10.572795 3.4859576
0.6895301 10.879252 3.5242648
0.842759 11.18571 3.86903
0.9959879 11.530476 3.9839516
0.9959879 11.645397 4.3287168
1.0342951 11.760319 4.596867
1.0342951 11.836933 4.711789
0.9576807 11.9135475 5.056554
0.9959879 12.066776 5.0182467
0.9576807 12.334927 4.7500963
0.9959879 12.641384 4.4819455
1.0726024 12.947843 4.405331
1.0726024 13.292607 4.673482
0.99598795 13.3309145 5.363012
0.7278374 13.139379 6.397307
0.45968673 12.871228 7.0485296
0.2681506 12.603078 7.4316025
0.22984335 12.5264635 7.201759
0.45968673 12.603078 6.3206925
0.8044517 12.756307 5.1714754
1.1875241 12.794614 4.1754875
1.4556746 12.679692 3.8307228
1.5322891 12.603078 3.86903
1.4939818 12.334927 4.252102
1.5322891 12.105083 4.3670235
1.4939818 11.87524 4.2137947
1.6089035 11.60709 3.8307226
1.7238252 11.377247 3.4093432
1.6472108 11.070788 3.0645783
1.6089036 10.726024 2.7581203
1.4173675 10.266336 2.681506
1.0342951 9.80665 2.681506
0.68953013 9.423578 2.9113493
0.4213795 9.193735 3.2561142
0.15322891 9.002198 3.4859576
0.11492168 8.772354 3.4859576
0.15322891 8.542511 3.2561145
0.22984336 8.274361 2.6048915
0.2681506 8.121132 1.9919758
0.22984335 8.0445175 1.6472108
0.11492168 7.8912888 1.6089034
-0.038307227 7.73806 1.7621324
0.0 7.584831 1.9919758
0.19153613 7.699753 2.0685902
0.4213795 8.00621 1.9536686
0.6512228 8.274362 1.8387468
0.61291564 8.274362 1.7238252
0.34476504 7.8912888 1.7238252
0.038307227 7.3932953 1.8387468
-0.15322891 7.0868373 1.9536686
-0.114921674 7.1634517 2.1068974
0.076614454 7.393295 2.183512
0.26815057 7.508217 2.0685902
0.344765 7.6231384 1.9536686
0.38307226 7.6231384 1.8770541
0.4213795 7.6231384 1.7238252
0.49799395 7.73806 1.6089035
0.5746084 7.6231384 1.532289
0.61291564 7.354988 1.2258313
0.6512228 7.125144 1.0726023
0.6512228 6.8569937 1.1109096
0.57460845 6.5888433 1.1492169
0.45968673 6.5505357 1.2641385
0.49799392 6.818686 1.4939818
0.6512229 7.278373 1.4556746
0.91937345 7.7763667 1.4556746
1.1492168 8.00621 1.4939818
0.9959879 7.6614456 1.3024458
0.7278373 7.086837 1.2258313
0.3830723 6.6654572 1.2258313
0.15322891 6.588843 1.2258313
0.19153613 6.742072 1.2641386
0.2681506 6.9719152 1.1492168
0.38307226 7.201759 1.0726024
0.4213795 7.2783732 1.0726024
0.38307226 7.469909 1.0726024
0.38307226 7.6614456 1.3024458
0.30645782 7.6231384 1.1109096
0.26815057 7.584831 0.72783726
0.26815057 7.584831 0.42137948
0.19153613 7.8146744 0.22984335
0.19153613 8.159439 0.45968673
0.19153613 8.427589 0.842759
0.15322891 8.619126 1.2641385
0.11492168 8.695741 1.4556746
0.19153613 8.810662 1.5322891
0.30645782 8.963891 1.5322891
0.4213795 9.040505 1.2258313
0.6512228 9.155427 0.8044517
0.842759 9.308657 0.53630114
0.80445176 9.346964 0.49799395
0.61291564 9.423578 0.7278373
0.19153616 9.346964 1.1109096
-0.11492167 9.308657 1.4173675
-0.1532289 9.461885 1.6089035
0.076614454 9.576807 1.9153614

