0.4596867 9.921572 2.2601264
0.6129156 10.266336 2.4899697
0.6512228 10.419566 2.6431987
0.61291564 10.457873 2.5282772
0.61291564 10.113109 2.1452048
0.6512228 9.653421 1.685518
0.076614454 9.500193 1.9536686
0.19153613 9.653421 1.9919759
0.4596867 9.768343 1.6472108
0.7278373 9.921572 1.4556746
0.9576807 9.921572 1.1109096
0.9959879 9.883265 1.3024457
1.0342951 9.921572 1.4556746
1.1109096 9.80665 1.5705962
1.0726024 9.653421 1.7621324
1.0342952 9.576807 1.7238252
1.0342952 9.385271 1.5705963
1.0342952 9.308657 1.340753
1.1875241 9.423578 1.1492168
1.3024458 9.576807 1.0342951
1.3790601 9.768343 1.1875241
1.3790601 9.883265 1.7238252
1.3790601 9.730036 2.0685902
1.4173675 9.615114 2.1452045
1.4939818 9.576807 2.0685902
1.5705963 9.500193 1.7238252
1.7238252 9.461885 1.3790601
1.8387469 9.461885 1.1109096
1.9153614 9.461885 1.2258313
2.030283 9.5385 1.4556746
2.0685902 9.653421 1.6472108
2.1068974 9.768343 2.030283
2.1068974 9.691729 2.1452048
2.1068974 9.615114 2.1068976
2.0685902 9.500193 2.183512
2.030283 9.385271 2.030283
2.1068974 9.461885 1.8004396
2.2601264 9.461885 1.6472108
2.4133554 9.5385 1.2641385
2.6048915 9.615114 0.9959879
2.719813 9.653421 0.9193734
2.7581203 9.691729 0.8044517
2.8347347 9.730036 0.8810662
2.7964275 9.768343 0.842759
2.719813 9.691729 0.842759
2.528277 9.576807 0.9576807
2.3367407 9.346963 1.0342951
2.2984335 9.155427 1.2258313
2.375048 9.078813 1.0726023
2.528277 9.155427 0.91937345
2.6431987 9.346964 0.7661445
2.719813 9.500193 0.6512228
2.719813 9.615114 0.9959879
2.681506 9.576807 1.4173673
2.6048913 9.461885 1.8004396
2.4516625 9.2703495 1.9919758
2.2218192 9.078813 1.9919758
2.030283 9.002198 1.7238252
1.9536686 9.002198 1.5322891
1.9536686 9.11712 1.3790601
2.0685902 9.270349 1.340753
2.2218192 9.461885 1.493982
2.2601264 9.615114 1.5705965
2.2601264 9.730036 1.6472108
2.2218192 9.730036 1.4939818
2.1452048 9.730036 1.340753
2.1068976 9.691729 1.2258313
2.0685902 9.730036 1.1109096
2.030283 9.844957 1.0342951
2.030283 9.883265 0.7278373
2.1452045 9.998186 0.49799395
2.221819 10.036493 0.344765
2.2601266 10.036493 0.344765
2.2601266 9.959879 0.42137945
2.0685904 9.883265 0.53630114
1.8770542 9.768343 0.61291564
1.7238252 9.730036 0.7278373
1.6089036 9.80665 1.0342951
1.6472108 9.883265 1.1109096
1.7621324 10.036493 1.1875241
1.9153614 10.228029 1.1109096
1.9536686 10.304644 0.9193734
1.8004396 10.189722 0.8044517
1.5705965 10.0748005 0.68953
1.2641385 9.844957 0.7661445
1.0726023 9.768343 0.8810662
0.95768064 9.883265 1.1875241
0.80445176 9.921572 1.4173673
0.6512228 9.998186 1.1875241
0.4596867 9.998186 0.9576807
0.3064578 9.844957 0.61291564
0.3064578 9.768343 0.34476504
0.3064578 9.730036 0.5363012
0.3064578 9.691729 0.5363012
0.38307226 9.768343 0.49799395
0.34476504 9.921572 0.5363012
0.30645782 10.0748005 0.38307226
0.22984336 10.189722 0.4213795
0.11492168 10.266336 0.38307226
0.038307227 10.228029 0.30645782
-0.076614454 10.113108 0.2681506
-0.19153613 10.113108 0.22984335
-0.30645782 10.113108 0.19153613
-0.3830723 10.036493 0.22984336
-0.3830723 10.0748005 0.19153613
-0.30645782 10.151415 0.22984336
-0.30645782 10.342952 0.49799395
-0.34476504 10.496181 0.6512229
-0.45968673 10.457873 0.7278373
-0.61291564 10.228029 0.61291564
-0.6512228 9.921572 0.4213795
-0.68953 9.730036 0.22984336
-0.68953 9.691729 0.22984336
-0.6512228 9.730036 0.22984336
-0.7278373 9.80665 0.15322891
-0.8044518 9.883265 0.22984336
-1.1109096 9.921572 0.61291564
-1.3024457 10.0748005 1.0342951
-1.37906 10.113108 0.9193735
-1.532289 10.189722 0.842759
-1.6472108 10.189722 0.8044518
-1.6472108 10.113108 0.7278373
-1.5705962 10.151415 0.842759
-1.4939818 10.0748005 0.842759
-1.4939818 9.80665 0.6895301
-1.6472108 9.461885 0.6512228
-1.877054 8.925584 0.72783726
-2.0685902 8.504204 0.9959879
-2.1835117 8.274361 1.4556746
-2.1068974 8.197746 1.8004396
-1.8387468 8.312668 2.030283
-1.532289 8.350975 2.030283
-1.2258313 8.236053 1.9536686
-0.9959879 8.0445175 1.9153614
-0.8044518 7.776367 1.8004397
-0.5363012 7.6614456 1.532289
-0.19153613 7.73806 1.2641385
0.076614454 7.8146744 0.9576807
0.22984336 7.776367 0.6895301
0.22984336 7.546524 0.7278373
0.11492168 7.2400665 0.7661446
0.0 6.895301 0.7661446
0.0 6.7803793 0.80445176
0.34476504 6.8569937 0.61291564
0.7278373 7.240066 0.7661445
1.0726024 7.5848308 0.8044518
1.340753 7.929596 0.9193735
1.4173675 8.00621 0.9193735
1.3407528 7.6614456 0.6512229
1.1492169 7.3166804 0.5746084
0.8810662 6.9719152 0.30645782
0.6512228 6.7803793 0.114921674
0.4213795 6.7803793 0.038307227
0.26815057 6.8569937 -0.038307227
0.19153613 6.9719152 0.076614454
0.19153613 7.125144 0.45968673
0.26815057 7.546524 0.91937345
0.34476507 7.929596 1.2641385
0.38307226 8.274362 1.5705962
0.15322891 8.389282 1.6472108
0.0 8.274361 1.685518
-0.076614454 8.389282 1.6089036
-0.076614454 8.542511 1.4173675
-0.038307227 8.619125 1.2258313
0.0 8.619125 1.1492168
0.0 8.542511 1.2641385
0.0 8.389282 1.4556746
0.038307227 8.389282 1.7238252
0.038307227 8.465898 1.532289
-0.11492168 8.350975 0.9576806
-0.19153613 8.350975 0.61291564
-0.2681506 8.42759 0.842759
-0.038307227 8.504205 1.1109097
0.076614454 8.504205 1.4939818
0.19153613 8.542512 1.7238252
0.34476504 8.6574335 1.7621324
0.45968673 8.84897 1.7238252
0.61291564 9.155428 1.6472107
0.7661446 9.576807 1.6089035
0.88106626 9.998186 1.6855179
0.842759 10.342952 1.9919758
0.842759 10.611102 1.9536686
0.9959879 10.764331 1.7621324
1.1109095 10.91756 1.7238252
1.2258313 11.032481 1.532289
1.1875241 11.147403 1.7621324
0.9959879 11.109096 2.336741
0.49799395 10.764331 3.1795
0.30645782 10.611102 3.2561145
0.19153613 10.649409 3.141193
0.11492168 10.726024 2.9879637
0.19153613 11.33894 3.1411927
0.19153613 11.60709 3.409343
0.15322891 11.722012 3.562572
0.076614454 11.722012 3.7924154
0.076614454 11.722012 4.0222588
0.076614454 11.683704 4.1754875
0.15322891 11.9135475 4.55856
0.30645782 12.105083 4.711789
0.38307226 12.181698 4.673482
0.49799398 12.334927 4.55856
0.61291564 12.373234 4.2137947
0.61291564 12.488155 3.9839516
0.57460845 12.603078 3.9073372
0.45968673 12.56477 4.098873
0.22984336 12.488155 4.1371803
0.0 12.181698 4.2904096
-0.15322891 11.87524 4.4819455
-0.30645782 11.760319 4.405331
-0.38307226 11.722012 4.673482
-0.45968673 11.798626 4.7884035
-0.61291564 11.951855 4.903325
-0.7278373 12.028469 4.9799395
-0.842759 12.028469 4.865018
-0.8810662 12.028469 4.6734815
-0.8810662 11.951855 4.4436383
-0.9959879 11.645397 4.405331
-1.1109095 11.262325 4.5585604
-1.3024457 10.955868 4.711789
-1.4556746 10.611102 4.7500963
-1.4939818 10.419566 4.673482
-1.532289 10.266336 4.4436383
-1.6089035 10.036493 4.405331
-1.6472108 9.80665 4.55856
-1.7621324 9.653421 4.596867
-1.8770542 9.576807 4.7884035
-1.838747 9.615114 4.865018
-1.8770542 9.500193 4.6351743
-1.9153614 9.500193 4.6351743
-1.9153614 9.308657 4.481945
-2.0685902 9.11712 4.3287163
-2.183512 9.193734 4.367024
-2.2601264 9.155427 4.405331
-2.5282772 9.2703495 4.55856
-2.6431987 9.232042 4.55856
-2.719813 9.155427 4.252102
-2.7581203 9.040505 4.060566
-2.719813 9.002198 3.7924156
-2.719813 9.11712 3.677494
-2.719813 9.155427 3.7541084
-2.7581203 9.232041 3.7158012
-2.8347347 9.193734 3.7541084
-2.9113493 9.002198 3.6008794
-2.9496565 8.925584 3.371036
-2.9496565 8.810662 3.2561142
-2.9496565 8.695741 3.2561142
-2.9113493 8.580818 3.2561142
-2.834735 8.350975 3.371036
-2.6431987 8.274361 3.371036
-2.336741 8.389282 3.217807
-1.9536686 8.695741 3.2561142
-1.5705965 9.11712 3.1794999
-1.3024457 9.5385 3.1411927
-1.2258313 9.730036 3.1794999
-1.340753 9.461885 3.1411924
-1.6472107 9.002198 3.1794999
-1.9153613 8.389282 3.2944214
-1.9536685 7.967903 3.3327289
-1.6855179 8.082825 3.4476504
-1.2258313 8.619126 3.677494
-0.80445176 9.346964 3.9073372
-0.49799395 10.074801 4.060566
-0.4213795 10.381259 4.0222588
-0.49799395 10.266337 3.7924156
-0.61291564 9.768343 3.562572
-0.7278373 9.155427 3.6774936
-0.8810662 8.619126 4.252102
-0.9576807 8.465897 4.903325
-0.842759 8.6574335 5.401319
-0.61291564 9.078813 5.439626
-0.19153616 9.730036 4.865018
0.22984335 10.036493 4.098873
0.42137948 10.151415 3.562572
0.42137948 9.959879 3.4093432
0.22984335 9.500193 3.562572
0.0 9.155428 3.9073372
-0.11492168 8.84897 4.098873
-0.11492168 8.734048 4.1371803
0.0 8.734048 3.8690298
0.19153613 8.772355 3.6774936
0.3064578 8.810662 3.6391864
0.344765 8.810662 3.754108
0.38307226 8.887277 4.1754875
0.4213795 8.848969 4.4819455
0.61291564 8.887277 4.4436383
0.8810662 9.002199 3.9839518
1.2641385 9.155428 3.1028855
1.6855179 9.385271 2.2218192
2.0685902 9.576807 1.8004398
2.2984335 9.615114 1.9153614
2.2601264 9.5385 2.7964275
1.9919758 9.308657 3.7541082
1.5705962 9.002199 4.4819455
1.2258313 8.619126 4.55856
1.0342952 8.197746 4.060566
1.0726024 7.967903 3.4093432
1.340753 7.929596 2.6431985
1.685518 8.236053 2.528277
2.1068974 8.963891 3.1411927
2.4133554 9.653421 4.1754875
2.4899697 10.151415 5.133168
2.336741 10.151415 5.401319
1.9919758 9.691729 5.094861
1.6089036 9.078813 4.4436383
1.340753 8.580818 3.86903
1.2258313 8.389282 3.5625722
1.3407528 8.427589 3.1411927
1.6472106 8.810662 2.8347347
1.9919758 9.2703495 2.873042
2.336741 9.844957 3.4093432
2.4133554 10.266336 4.060566
2.2984338 10.304644 4.4436383
2.1068976 10.0748005 4.4819455
1.8387469 9.65342 4.060566
1.7238252 9.193734 3.4859576
1.7238252 8.848969 2.9496565
1.6855179 8.772355 2.528277
1.6855179 8.772355 2.336741
1.8004397 9.11712 2.7581205
1.7621325 9.615113 3.5625722
1.7238252 9.844957 4.213795
1.6472108 9.959879 4.5968676
1.3790603 9.691729 4.290409
1.2641385 9.423578 3.371036
1.2258313 9.385271 2.4133554
1.3024458 9.500193 1.7621324
1.4556746 9.768343 1.6089035
1.6089035 10.113108 2.2601264
1.6855179 10.49618 3.4093432
1.6472107 10.649409 4.367024
1.493982 10.649409 4.903325
1.2641385 10.419566 4.8267107
0.9959879 10.151415 4.405331
0.9193734 10.151415 3.8307226
0.9576807 10.228029 3.4093432
0.9959879 10.419566 3.1411927
0.9959879 10.802638 3.1028855
0.91937345 11.224017 3.6391869
0.84275895 11.9135475 4.8267107
0.91937345 12.5264635 5.899313
0.9959879 12.794614 6.742072
0.8810662 12.679692 6.8569937
0.7661445 12.411541 6.1291566
0.61291564 12.334927 5.4779334
0.6512229 12.411541 4.8267107
0.9193735 12.679691 4.55856
1.1492168 12.832921 4.596867
1.3024458 12.909535 4.82671
1.4173673 12.98615 5.24809
1.6089034 13.215994 5.631162
1.8770542 13.522451 5.93762
2.1068976 13.67568 6.0525417
2.1452048 13.522451 5.861006
1.9919759 13.139379 5.516241
1.7238251 12.603078 5.094861
1.4939818 12.028469 4.673482
1.4939818 11.645397 4.3287163
1.6472108 11.224018 4.2904096
1.685518 11.070788 4.367024
1.4556746 10.764331 4.4819455
1.1109096 10.228029 4.405331
0.8810662 9.80665 4.1754875
0.8810662 9.691729 3.9456444
1.187524 9.768343 3.7924156
1.4939818 9.883265 3.4859579
1.685518 9.883265 3.1411927
1.6089036 9.576807 2.9113493
1.3790603 9.155428 2.6431987
1.2258313 8.848969 2.719813
1.0726024 8.465897 3.0645783
0.9959879 8.121132 3.1411927
0.9959879 8.0445175 3.4093432
0.91937345 7.8912888 3.5625722
0.91937345 7.967903 3.524265
0.99598795 8.082825 3.6391866
1.0342951 8.00621 3.3327289
1.0726024 7.929596 2.9496565
1.0342951 7.699753 2.6431987
0.80445176 7.3549876 2.3750482
0.61291564 7.0102224 2.2218192
0.49799395 6.8569937 2.030283
0.49799395 6.895301 1.7621324
0.5746084 7.086837 1.6472107
0.5746084 7.2400656 1.7238252
0.49799395 7.3549876 2.0685902
0.34476504 7.3549876 2.2601264
0.30645782 7.2783732 2.2984335
0.30645782 7.3166804 2.1452048
0.3830723 7.2400656 1.7621324
0.4213795 7.163451 1.3407528
0.4213795 7.0485296 0.7661445
0.49799395 6.9719152 0.19153613
0.5746084 7.0485296 -0.22984336
0.6512228 7.201759 -0.4213795
0.6895301 7.4316025 -0.22984336
0.5746084 7.546524 0.15322891
0.34476504 7.508217 0.7278373
0.19153613 7.3932953 1.340753
0.076614454 7.2783732 1.7238252
0.19153613 7.1634517 1.8387469
0.4596867 7.201759 1.3790601
0.6895301 7.2783732 0.9576807
0.80445176 7.3932953 0.7661445
0.6512228 7.584831 0.80445176
0.38307226 7.546524 1.2641385
0.15322891 7.6231384 1.6472108
0.076614454 7.699753 1.8004397
0.15322891 7.8529816 1.685518
0.3830723 8.274361 1.3024457
0.34476504 8.350975 1.0726023
0.30645782 8.274361 1.0726023
0.26815057 8.274361 0.9959879
0.26815057 8.350975 0.9576807
0.26815057 8.465898 1.0726024
0.22984336 8.6574335 1.2258313
0.22984336 8.810662 1.5705962
0.19153613 8.848969 1.8387468
0.19153613 8.848969 1.9536686
0.19153613 8.734048 1.9153614
0.19153613 8.695741 1.5705963
0.26815057 8.848969 1.3790601
0.38307226 9.040505 1.1875241
0.5363012 9.193734 1.1492169
0.61291564 9.308657 1.2641386
0.61291564 9.346964 1.3790603
0.57460845 9.308657 1.4939818
0.49799395 9.385271 1.4556746
0.49799395 9.423578 1.4556746
0.57460845 9.308657 1.493982
0.7278373 9.308657 1.493982

