0.842759 9.346964 1.5322891
0.8810662 9.385271 1.6472108
0.6512228 9.423578 1.7621325
0.4213795 9.385271 1.9536686
0.15322891 9.2703495 2.030283
-0.076614454 9.308657 2.1068974
-0.26815057 9.346964 2.1452045
-0.11492168 9.691729 2.030283
0.22984336 9.844957 1.9536686
0.5363012 9.883265 1.8387469
0.9576807 9.883265 1.6089035
1.1109096 9.998186 1.5322891
1.1492168 9.959879 1.4556745
1.0342951 9.921572 1.3407528
0.8810662 9.844957 1.3407528
0.8810662 9.730036 1.4939818
0.8810662 9.730036 1.5705963
0.9959879 9.768343 1.6472107
1.1109096 9.844957 1.532289
1.1492169 9.959879 1.340753
1.1875241 10.0748005 1.3024457
1.1492169 10.113108 1.3790601
1.1109096 10.151415 1.4939818
1.1109096 10.113108 1.7238252
1.1109096 9.998186 1.6472107
1.1109096 9.844957 1.4556746
1.1109096 9.615114 1.3024458
1.1492168 9.500193 1.1875241
1.1492168 9.461885 1.2258313
1.1875241 9.461885 1.340753
1.2641385 9.576807 1.4939818
1.3790601 9.423578 1.6089035
1.4556746 9.308657 1.5322891
1.4556745 9.078813 1.532289
1.3790601 9.078813 1.4939818
1.3024457 9.155427 1.5705962
1.2258313 9.2703495 1.5705962
1.4939818 9.500193 1.3024457
1.9153614 9.691729 0.80445176
2.030283 9.730036 0.7278373
1.9536686 9.615114 0.9576807
1.8004397 9.5385 1.2641385
1.6855179 9.461885 1.4173675
1.6472107 9.423578 1.532289
1.685518 9.423578 1.5705962
1.8004397 9.423578 1.4556746
1.8387469 9.500193 1.2258313
1.8770541 9.576807 1.1875241
1.8770541 9.615114 1.0726023
1.8770541 9.768343 0.9193734
1.9919758 9.768343 0.7278373
1.9919758 9.730036 0.5363012
2.0685902 9.615114 0.49799395
2.2218192 9.423578 1.3790603
2.2601264 9.461885 1.7621324
2.2984335 9.691729 2.0685904
2.2218192 9.80665 2.0685904
2.030283 9.844957 1.838747
1.8770541 9.768343 1.6472108
1.7621324 9.500193 1.340753
1.7621324 9.385271 1.0726024
1.8004397 9.308657 0.8044518
1.8770541 9.653421 0.6512228
1.8770541 9.844957 0.7661445
1.9153614 9.959879 0.9576807
1.8770541 9.921572 1.1109096
1.6855179 9.615114 1.6472107
1.4939818 9.576807 1.7238252
1.4173673 9.5385 1.4939818
1.4556745 9.691729 1.1109096
1.5705962 9.844957 0.80445176
1.7621324 10.0748005 0.842759
1.8004396 10.342951 1.2641385
1.6472107 10.228029 1.685518
1.3024457 9.883265 1.7238252
0.9959879 9.576807 1.4556746
0.8810662 9.423578 1.1492168
0.9193734 9.461885 0.842759
0.9959879 9.768343 1.0342951
0.9193735 9.883265 1.3790603
0.6895301 9.921572 1.7621324
0.4213795 9.883265 2.030283
0.30645782 9.844957 1.8770541
0.34476504 9.844957 1.4556746
0.45968673 9.691729 0.6512228
0.5746084 9.500193 -0.2681506
0.6895301 9.461885 -0.91937345
0.7661445 9.5385 -1.1875241
0.7661445 9.768343 -0.7661445
0.7661445 10.113108 -0.11492166
0.49799392 10.151415 0.5363012
0.15322891 9.959879 1.1492169
-0.07661445 9.691729 1.4173673
-0.3064578 9.653421 1.6472107
-0.15322888 9.844957 1.6089035
0.19153613 10.151415 1.1875241
0.5363012 10.419565 0.61291564
0.842759 10.342951 0.19153613
0.7661446 9.921572 0.34476504
0.5363012 9.576807 0.842759
0.19153613 9.346964 1.532289
-0.076614454 9.308657 2.030283
-0.11492168 9.500193 2.0685904
-0.038307227 9.691729 1.7621324
0.19153613 9.998186 1.1492169
0.34476504 10.266336 0.6895301
0.49799395 10.419566 0.3064578
0.38307226 10.496181 0.42137948
0.038307242 10.304645 1.0726024
-0.42137948 9.998186 1.8387469
-1.0342951 9.80665 2.6431987
-1.5705963 9.576807 3.141193
-1.4556746 9.730036 2.528277
-1.1875241 9.998186 1.8004397
-0.9959879 10.304644 1.0342951
-0.9576807 10.457872 0.30645782
-1.2258313 10.457872 0.2681506
-1.6089034 10.266336 0.57460845
-1.9919758 10.036493 1.1109097
-2.375048 9.844957 1.685518
-2.528277 9.768343 1.8004398
-2.4899697 9.768343 1.685518
-2.3750482 9.844957 1.4173675
-2.1452048 10.113108 1.1875241
-1.9536686 10.266336 1.3790603
-1.838747 10.342951 1.4939818
-1.7238252 10.457872 1.8004396
-1.6472108 10.49618 1.9919758
-1.532289 10.49618 1.877054
-1.3790601 10.49618 1.5705962
-1.187524 10.342951 1.1492168
-1.0342951 10.151415 0.80445176
-0.8810662 9.998186 0.61291564
-0.8810662 9.883265 0.91937345
-1.0342951 9.691729 1.340753
-1.1492168 9.500193 1.8004398
-1.2641385 9.346964 2.2218192
-1.2641385 9.155427 2.2601264
-1.1109096 9.11712 1.9919758
-0.9193734 8.963891 1.5322891
-0.7278373 8.734048 1.1109096
-0.5746084 8.542511 0.7661445
-0.5363012 8.274361 0.84275895
-0.49799398 8.0445175 1.0726023
-0.45968676 7.8529816 1.2641385
-0.3830723 7.73806 1.532289
-0.22984335 7.73806 1.5705963
-0.076614454 7.776367 1.4939818
0.038307227 7.8529816 1.4556746
0.11492168 7.73806 1.340753
0.15322891 7.584831 1.1492168
0.15322891 7.393295 0.9576807
0.19153613 7.163451 0.68953013
0.19153613 6.9336076 0.49799395
0.19153613 6.7037644 0.4596867
0.19153613 6.5505357 0.5746084
0.15322891 6.397307 0.6895301
0.2681506 6.473922 0.6895301
0.38307226 6.550536 0.5746084
0.5746084 6.6654577 0.26815057
0.7278373 7.0102224 0.15322891
0.6895301 7.201759 0.19153613
0.5746084 7.3166804 0.19153613
0.34476504 7.3932953 0.4596867
0.19153613 7.240066 0.53630114
0.076614454 7.240066 0.6512228
0.038307227 7.240066 0.8044518
0.0 7.2783732 0.8810662
-0.15322891 7.2783732 0.9576807
-0.2681506 7.240066 1.0342951
-0.34476504 7.3166804 1.1109097
-0.34476504 7.3932953 1.0342951
-0.15322891 7.508217 1.1875241
0.076614454 7.699753 1.3024457
0.2681506 7.967903 1.4556746
0.4213795 8.197746 1.8387468
0.4213795 8.465898 1.9536686
0.30645782 8.580819 1.9919758
0.26815057 8.350975 1.8387469
0.076614454 8.0445175 1.6472108
-0.2681506 7.6231384 1.685518
-0.4213795 7.967903 2.2218192
-0.30645782 8.542512 2.7964275
0.0 9.346964 3.2944214
0.45968673 10.074801 3.562572
0.84275895 10.496181 3.371036
1.1109096 10.6877165 2.9496565
1.1492169 10.381259 2.4899697
1.0342951 9.883265 2.1068976
0.80445176 9.461885 1.9536686
0.5746084 9.193735 1.9536686
0.38307226 9.232042 2.030283
0.22984335 9.691729 2.4133554
0.30645782 10.113108 2.7198133
0.30645782 10.496181 3.1028852
0.30645782 10.802638 3.562572
0.22984338 10.802638 3.6008792
0.038307227 10.764331 3.5242648
-0.11492168 10.649409 3.2561145
-0.2681506 10.611102 2.873042
-0.2681506 10.726024 2.7581205
-0.2681506 11.032482 2.7581205
-0.15322891 11.530476 2.7964275
0.038307227 11.87524 2.719813
0.076614454 12.143391 2.681506
0.15322891 12.220005 2.9113493
0.076614454 12.105083 3.217807
-0.11492168 12.105083 3.715801
-0.2681506 12.143391 4.060566
-0.45968673 12.220005 4.2137947
-0.5363012 12.449849 4.1371803
-0.49799398 12.679692 4.060566
-0.4213795 12.871228 3.9456444
-0.38307226 12.98615 3.8307228
-0.4213795 12.909535 4.0222588
-0.61291564 12.717999 4.060566
-0.7278373 12.488156 4.0222588
-0.7278373 12.411542 3.9839516
-0.6895301 12.449849 3.8307228
-0.6512228 12.449849 3.7924156
-0.6895301 12.449849 3.9073372
-0.80445176 12.181698 4.0222588
-0.9576807 11.87524 4.1754875
-0.9959879 11.645397 4.2904096
-0.9959879 11.377247 4.213795
-1.0342952 11.415554 4.098873
-1.0726024 11.492168 4.060566
-1.1875241 11.492168 4.098873
-1.4939818 11.377247 4.290409
-1.8004396 10.994174 4.405331
-2.1068976 10.572795 4.3287163
-2.336741 10.189722 4.1754875
-2.4133554 9.998186 3.9839516
-2.4899697 9.998186 4.0222588
-2.6048915 9.844957 4.0222588
-2.6815062 9.921572 4.290409
-2.7964277 9.883265 4.55856
-2.9113493 9.844957 4.6351748
-2.9113493 9.921572 4.711789
-2.9496565 9.844957 4.443639
-3.0262709 9.768343 4.137181
-3.1411927 9.461885 3.8307228
-3.2944214 9.078813 3.6774938
-3.4476502 8.619125 3.6774938
-3.4476502 8.312668 3.7541082
-3.2561142 8.312668 3.8307228
-2.9879634 8.619126 3.7924156
-2.6815057 9.040506 3.562572
-2.375048 9.385271 3.3327286
-2.183512 9.691729 3.1794999
-2.0685902 9.653421 3.1411927
-2.0685902 9.423578 3.2944214
-2.1835117 9.040505 3.371036
-2.3750482 8.465898 3.5242648
-2.566584 8.0445175 3.7158012
-2.6048913 7.8529816 3.9073372
-2.528277 8.00621 4.0222588
-2.2601264 8.465898 3.86903
-1.9153614 8.887277 3.5242648
-1.5705962 9.2703495 3.1794999
-1.4939818 9.423578 3.1411927
-1.5322891 9.346964 3.371036
-1.6089035 9.155428 3.715801
-1.7621324 8.848969 3.9839516
-1.7621324 8.542511 3.9073372
-1.5705965 8.389282 3.4476504
-1.3024458 8.427589 2.834735
-1.1492169 8.542512 2.719813
-1.0726024 8.504205 3.2561142
-1.0342951 8.580819 4.213795
-0.91937345 8.695741 5.056554
-0.53630114 9.078813 5.1714754
0.11492169 9.730036 4.252102
0.61291564 10.0748005 3.064578
0.49799398 9.959879 3.1028855
-0.11492166 9.117121 4.0222588
-0.95768064 8.197747 5.746084
-1.685518 7.354988 7.278373
-1.7238252 7.0485296 7.4316025
-1.187524 7.508217 6.550536
-0.45968667 8.197746 4.9416323
0.15322891 8.810663 4.3287168
0.45968673 9.232042 4.903325
0.4213795 9.002198 5.6311626
0.49799395 8.887277 5.5162406
0.7661445 8.848969 4.865018
1.187524 8.925584 3.7541084
1.6472106 9.155428 2.834735
1.9153614 9.2703495 2.336741
1.9153614 9.308657 2.7198133
1.685518 9.232042 3.86903
1.340753 8.887277 5.094861
1.0726024 8.427589 5.861006
1.2641386 8.236053 5.363012
2.1452048 8.427589 3.217807
2.8347347 8.963892 2.2984335
3.2561142 9.423578 2.1835117
3.6391866 9.883265 2.4516625
3.7158012 10.113108 3.064578
3.4093432 9.998186 3.8307223
2.873042 9.500193 4.405331
2.1835117 8.887276 4.7117887
1.7621324 8.350975 4.55856
1.685518 8.350975 3.9456444
1.9536686 8.504204 3.8307228
2.6048915 9.002198 3.7924156
3.0262709 9.576807 3.7158012
3.3327289 9.883265 4.1371803
3.2944217 10.113108 4.213795
2.834735 9.883265 4.2521024
2.4516625 9.538499 4.4819455
1.8770542 9.078813 4.596867
1.9536686 9.11712 4.5202527
2.0685902 9.385271 4.2904096
2.2601264 9.653421 4.1754875
2.2984335 9.844957 4.0222588
2.1068976 10.036493 3.9456444
1.838747 9.883265 4.060566
1.532289 9.768343 4.1754875
1.2258313 9.653421 4.367024
1.0726024 9.500193 4.5202527
0.9576807 9.5385 4.55856
0.80445176 9.576807 4.4436383
0.7661445 9.768343 4.4819455
0.6895301 9.998186 4.4436383
0.7278373 10.189722 4.367024
0.6895301 10.419565 4.5202527
0.61291564 10.496181 4.367024
0.5363012 10.572795 4.175488
0.34476504 10.457872 3.9456446
0.19153613 10.381258 3.4093432
0.038307227 10.304644 3.217807
-0.076614454 10.113108 3.2944214
-0.11492168 10.228029 3.562572
0.34476504 10.955867 4.4819455
1.1492168 12.411541 4.6351743
1.4173673 12.871228 4.5202527
1.3407528 12.832921 4.4436383
1.1109096 12.449849 4.4436383
0.842759 11.990163 4.5202527
0.68953013 11.683704 4.7117887
0.8044517 11.798626 5.056554
0.8810662 12.105083 5.4779334
0.95768064 12.220005 5.7843914
0.842759 12.143391 5.7077765
0.53630114 11.87524 5.439626
0.4213795 11.645397 5.363012
0.38307226 11.683704 5.401319
0.45968673 11.722012 5.631162
0.5363012 11.60709 5.707777
0.4213795 11.300632 5.5162406
0.30645782 10.955868 5.401319
0.2681506 10.802639 5.133168
0.4213795 10.840946 5.056554
0.7661446 11.109097 5.0948615
0.9576807 11.185711 4.9799395
0.9959879 10.955867 5.0182467
0.8810662 10.572795 4.7884035
0.842759 10.151415 4.4436383
0.9576807 9.959879 4.098873
1.1492168 10.036493 3.8307228
1.3024457 10.228029 3.86903
1.3024457 10.304644 3.9456444
1.1109096 10.228029 4.1754875
0.842759 9.80665 4.1371803
0.61291564 9.11712 4.060566
0.4213795 8.657433 3.9456444
0.49799395 8.542511 3.86903
0.6512229 8.810662 4.0222588
0.6895301 9.11712 4.060566
0.5746084 9.078813 3.9073372
0.34476504 8.6574335 3.4476504
0.15322891 8.236053 2.9879637
0.34476504 8.197746 2.873042
0.9959879 8.887276 3.1411924
1.1109096 9.155428 3.371036
0.7661445 8.772354 3.3327289
0.34476504 8.236053 3.2944217
-0.076614454 7.699753 3.2944217
-0.22984336 7.354988 3.2944217
-0.11492168 7.4699097 3.2944217
0.076614454 7.776367 3.2561145
0.19153613 8.00621 3.0262709
0.3064578 8.082825 2.6815057
0.3064578 7.929596 2.2601266
0.34476504 7.776367 2.030283
0.4213795 7.584831 1.7621325
0.3830723 7.3166804 1.6472107
0.34476504 7.240066 1.5322891
0.22984336 7.0485296 1.3024458
0.19153613 7.0102224 1.2641385
0.19153613 7.240066 1.2258313
0.22984336 7.508217 1.4173675
0.26815057 7.699753 1.4939818
0.15322891 7.699753 1.3790603
0.038307227 7.508217 1.2641385
-0.076614454 7.201759 0.95768064
-0.076614454 7.0868373 0.80445176
0.15322891 7.240066 0.8810662
0.42137948 7.431602 0.8810662
0.6512228 7.584831 1.0342951
0.5363012 7.699753 1.532289
0.22984338 7.584831 2.030283
-0.19153613 7.4316025 2.4899697
-0.5363012 7.3166804 2.6431987
-0.5363012 7.125144 2.2984338
-0.45968673 7.0485296 1.8004397
-0.2681506 7.163451 1.3790601
-0.038307227 7.4316025 1.1492168
0.076614454 7.8146744 1.1875241
0.19153613 8.274361 1.4939818
0.11492168 8.389283 1.7621324
0.11492168 8.389283 1.9536685
0.076614454 8.350976 2.1068974
0.038307227 8.236053 2.0685902
0.076614454 8.121132 1.9153614
0.11492168 8.159439 1.6089036
0.2681506 8.465897 1.4939818
0.45968673 8.887277 1.4939818
0.61291564 9.232041 1.5705962
0.7278373 9.5385 1.7621324
0.6895301 9.691729 1.9153614
0.5746084 9.615114 2.0685902
0.45968673 9.615114 2.1452048
0.3830723 9.385271 2.2984335
0.45968673 9.385271 2.336741

