0.5746084 9.500193 2.3750482
0.5746084 9.653421 2.4899697
0.49799392 9.921572 2.6431985
0.3064578 9.844957 2.6431985
0.0 9.615114 2.528277
-0.30645782 9.2703495 1.877054
0.07661447 9.461885 1.877054
0.42137954 9.500193 1.8004396
0.91937345 9.500193 1.685518
1.340753 9.730036 1.838747
1.4173673 9.730036 1.7238252
1.4939818 9.730036 1.685518
1.5705963 9.730036 1.685518
1.6472108 9.730036 1.7621324
1.7621325 9.730036 1.8770541
1.8387469 9.653421 1.9919758
1.8387469 9.615114 2.1452045
1.8004396 9.423578 2.2601264
1.8004396 9.385271 2.336741
1.8770542 9.423578 2.2984335
1.9919758 9.461885 2.221819
2.1835117 9.615114 2.1452045
2.336741 9.768343 2.1452045
2.3750482 9.883265 2.2218192
2.3750482 9.921572 2.2601264
2.2218192 9.883265 2.2218192
2.0685902 9.768343 2.2218192
1.9919758 9.730036 2.2218192
1.9919758 9.844957 2.2218192
2.1068974 9.959879 2.2984335
2.1835117 10.0748005 2.221819
2.2601264 10.151415 2.1452045
2.2601264 10.0748005 2.030283
2.183512 10.036493 1.8770542
2.1452045 9.998186 1.8004396
2.1068974 9.959879 1.7238252
2.030283 9.959879 1.7238252
2.030283 9.998186 1.7621325
1.9919758 9.998186 1.8004397
1.9536686 9.959879 1.8004397
1.8770542 9.883265 1.7238252
1.685518 9.768343 1.6472107
1.5705962 9.615114 1.4939818
1.4173675 9.461885 1.4173673
1.37906 9.423578 1.3024457
1.4939818 9.423578 1.187524
1.6089036 9.500193 1.1109096
1.7238252 9.653421 1.1109096
1.8004396 9.730036 1.3024457
1.8004396 9.730036 1.4556746
1.7238252 9.615114 1.6089036
1.6472108 9.461885 1.532289
1.5705962 9.385271 1.3407528
1.5705962 9.270349 1.0726023
1.6089036 9.346964 0.8810662
1.6472108 9.5385 0.842759
1.7621324 9.768343 0.9193734
1.8004397 9.959879 1.0726023
1.7621324 10.036493 1.3024457
1.6472108 9.921572 1.6472108
1.4173675 9.653421 1.877054
1.1492169 9.500193 2.1835117
0.99598795 9.500193 2.260126
0.91937345 9.5385 1.9919758
0.95768064 9.80665 1.7621324
1.0726023 10.151416 1.532289
1.1109096 10.419566 1.5705963
1.1109096 10.726024 1.8387469
0.91937345 10.649409 2.2601264
0.6512229 10.342951 2.4899697
0.34476504 9.883265 2.528277
0.076614454 9.500193 2.3750482
-0.038307227 9.308657 1.8004397
-0.038307227 9.308657 1.3790603
0.038307227 9.385271 0.9576807
0.11492168 9.461885 0.6895301
0.15322891 9.461885 0.80445176
0.22984336 9.615114 0.9576807
0.30645782 9.883265 1.3024457
0.30645782 9.844957 1.8004397
0.11492168 9.80665 2.1452048
-0.2681506 9.38527 2.2984338
-0.68953013 8.887277 2.1452048
-0.9193734 8.772355 1.7238252
-0.842759 8.848969 1.2258313
-0.61291564 9.117121 0.842759
-0.22984335 9.5385 0.7661445
-0.2681506 9.5385 0.9576807
-0.26815057 9.653421 1.3790601
-0.15322891 9.844957 1.3790601
-0.076614454 10.113108 1.4173673
0.0 10.419566 1.3024457
-0.11492168 10.381259 1.3024457
-0.4213795 10.189723 1.4173673
-0.68953013 9.998186 1.4939818
-1.0726024 9.691729 1.685518
-1.3024457 9.500193 1.5705963
-1.3024457 9.500193 1.1492168
-1.2641385 9.576807 0.91937345
-1.2258313 9.691729 0.99598795
-1.3024457 9.730036 1.1109096
-1.532289 9.883265 1.4939818
-1.7621324 9.921572 1.6089035
-1.9919758 9.844957 1.7621325
-2.183512 9.844957 1.9919759
-2.4899697 9.691729 2.2984335
-2.5665843 9.691729 2.3367407
-2.681506 9.691729 2.2984335
-2.7964275 9.5385 2.2218192
-2.9113493 9.423578 2.2601264
-3.064578 9.308656 2.1835117
-3.1794999 9.11712 1.9919758
-3.1411927 9.155428 1.8770541
-2.987964 9.232042 1.5705963
-2.7581203 9.385271 1.3024457
-2.4516625 9.5385 1.3024457
-2.2601264 9.5385 1.4939818
-2.2601264 9.423578 1.8387468
-2.2984335 9.193735 2.2601264
-2.2984335 9.002199 2.4899697
-2.2601264 8.925584 2.4899697
-2.030283 8.925584 2.3750482
-1.685518 9.002198 2.0685902
-1.3024457 9.040505 1.6472108
-0.84275895 9.002198 1.2641385
-0.5363012 8.925584 1.1109096
-0.34476504 8.772355 1.2258313
-0.34476504 8.6574335 1.5705962
-0.38307226 8.465898 1.9919758
-0.4213795 8.312668 2.2601266
-0.4213795 8.159439 2.336741
-0.344765 7.8529816 2.0685902
-0.3064578 7.584831 1.685518
-0.19153613 7.278373 1.1492168
-0.11492168 7.125144 0.6512229
0.038307227 7.125144 0.4213795
0.11492168 7.201759 0.4213795
0.15322891 7.3166804 0.57460845
0.22984335 7.3166804 0.842759
0.22984335 7.2783732 1.0342952
0.19153613 7.125144 0.9193735
0.19153613 6.933608 0.7661445
0.15322891 6.703765 0.3830723
0.076614454 6.4356146 0.11492168
0.076614454 6.244078 0.038307227
0.038307227 6.090849 0.076614454
0.038307227 6.090849 0.34476504
0.038307227 6.2823853 0.57460845
0.0 6.473922 0.8044518
-0.038307227 6.8186865 1.0342951
-0.15322891 7.0485296 1.0726024
-0.22984335 7.2017584 1.1492168
-0.22984335 7.3549876 1.1109096
-0.15322891 7.240066 0.8810662
-0.076614454 7.240066 0.7661446
0.038307227 7.1634517 0.7278373
0.076614454 7.086837 0.7278373
0.0 7.2017584 0.9959879
-0.038307227 7.354988 1.1492168
-0.076614454 7.508217 1.2258313
0.0 7.8529816 1.3024457
0.22984336 8.197746 1.2641385
0.49799395 8.42759 1.2641385
0.6895301 8.772355 1.3024457
0.842759 9.040506 1.4556746
0.8810662 9.346964 1.685518
0.8810662 9.80665 1.9536686
0.91937345 10.228029 2.0685902
0.8810662 10.649409 2.030283
0.91937345 10.840945 1.8004396
0.7278373 10.840945 1.7238252
0.38307226 10.572795 1.7621324
0.0 10.0748005 1.9919758
-0.57460845 9.730036 2.5282772
-0.91937345 9.959879 3.371036
-0.842759 10.534488 3.6774938
-0.7661445 10.994174 3.6774938
-0.7661445 11.300632 3.6391866
-0.80445176 11.377247 3.5242648
-0.91937345 11.33894 3.217807
-0.842759 11.415554 2.873042
-0.61291564 11.453861 2.5665843
-0.4213795 11.60709 2.4516625
-0.30645782 11.760319 2.6431985
-0.4213795 12.105083 3.064578
-0.5746084 12.449849 3.5242648
-0.7278373 12.832921 3.86903
-0.7661445 13.292608 4.0222588
-0.6512228 13.445837 4.0222588
-0.7278373 13.484144 4.1371803
-0.9193734 13.292608 4.3670235
-1.1492168 12.909535 4.5202527
-1.340753 12.56477 4.6351743
-1.3790601 12.373234 4.5202527
-1.1492168 12.334927 4.290409
-0.8810662 12.526463 4.098873
-0.61291564 12.756307 3.9839516
-0.45968673 12.832921 4.0222588
-0.5746084 12.794614 4.1754875
-0.80445176 12.449849 4.4819455
-1.1492169 12.028469 4.7884035
-1.4556746 11.453861 4.8267107
-1.685518 10.91756 4.711789
-1.8387469 10.419566 4.2137947
-1.8004397 10.457873 4.098873
-1.8004397 10.534488 4.098873
-1.7621325 10.49618 4.252102
-1.8770542 10.381258 4.3287163
-2.0685904 10.189722 4.4053316
-2.2218192 9.921572 4.4053316
-2.4133554 9.691729 4.213795
-2.566584 9.5385 4.1754875
-2.6431987 9.423578 4.252102
-2.7581203 9.461885 4.290409
-2.7964275 9.615114 4.4053307
-2.7964275 9.844957 4.5202527
-2.7964275 10.228029 4.4053307
-2.7964275 10.49618 4.3670235
-2.911349 10.649409 4.4053307
-3.064578 10.534488 4.4436383
-3.2944214 10.189723 4.596867
-3.4859576 9.768343 4.55856
-3.562572 9.308656 4.1754875
-3.5242648 9.002198 3.7541082
-3.4093432 8.848969 3.2561142
-3.2944217 8.772355 3.0262709
-3.2561145 8.695741 3.1411924
-3.2944217 8.427589 3.1411924
-3.2178073 8.082825 3.1794996
-2.9879637 7.8529816 2.9496565
-2.5665843 7.776367 2.6815057
-1.9919758 8.274361 2.4133554
-1.4556746 9.002198 2.1835117
-1.0726023 9.653421 2.1452045
-0.95768064 10.151415 2.2601264
-1.1492168 10.113108 2.9879637
-1.532289 9.385271 3.064578
-1.9536686 8.580819 3.3710358
-2.2218192 7.73806 3.256114
-2.2601264 7.2400656 2.7198129
-2.1452048 7.354988 2.873042
-1.9919758 7.73806 2.9113493
-1.8004397 8.350975 3.2561145
-1.6472107 8.925584 3.562572
-1.532289 9.270349 3.6008792
-1.4173673 9.308656 3.4476504
-1.3407528 9.002198 3.5242648
-1.3790603 8.542512 3.6774936
-1.4173675 8.236053 4.1371803
-1.37906 8.121132 4.673482
-1.2258312 8.465897 4.7884035
-0.9193734 9.002199 4.5202527
-0.61291564 9.461885 4.060566
-0.4213795 9.653421 3.562572
-0.45968673 9.423577 3.4093432
-0.53630114 8.963891 3.562572
-0.45968673 8.657433 4.0222588
-0.26815057 8.695741 4.4819455
0.114921674 9.078813 4.7884035
0.5363012 9.576807 5.094861
0.7278373 9.998186 5.0182467
0.80445176 10.189722 4.5202527
0.6512229 10.113108 3.9456444
0.38307226 9.844957 3.562572
0.30645782 9.576807 3.6774938
0.30645782 9.500193 4.4436383
0.49799395 9.80665 5.133168
0.7661446 10.381259 5.2863975
0.9959879 10.879252 5.0182467
1.1875241 11.377247 4.55856
1.3024458 11.530476 4.4053307
1.3024458 11.415554 4.9799395
1.1875241 11.262324 5.6311626
1.0342951 10.802638 5.8226986
0.8810662 10.266336 5.4396267
0.80445176 9.844957 4.405331
0.8810662 9.5385 3.2561145
1.0342951 9.576807 2.528277
1.2258313 9.921572 2.2984338
1.3024458 10.381258 2.6431987
1.2641385 10.6877165 3.4476507
1.1875241 10.572795 4.3287168
0.8044518 9.921572 4.673482
0.49799398 9.040506 4.367024
0.22984338 8.0445175 3.6774936
-0.076614454 7.201759 2.566584
-0.038307227 6.8186865 1.9536685
0.19153613 6.8569937 1.9536685
0.53630114 7.3932943 2.4516625
1.0342951 8.274361 3.562572
1.3790601 8.925584 4.3287163
1.532289 9.078813 4.290409
1.4939818 8.772355 3.6008792
1.2641385 8.082825 2.681506
1.0726023 7.584831 2.0685904
0.91937345 7.2783737 2.183512
0.95768064 7.4316025 2.6048913
1.2641385 8.082825 3.1411924
1.6855179 8.848969 3.7158008
2.030283 9.615114 4.0222588
2.1068974 9.998186 4.1371803
1.8387469 9.768343 3.9456444
1.4556746 9.232041 3.6774936
1.0342952 8.619126 3.4093432
0.7278373 8.159439 3.2944217
0.6895301 8.197746 3.4093432
0.80445176 8.734047 3.677494
1.1875241 9.423578 3.9839516
1.5322891 10.151415 4.098873
1.685518 10.572794 4.060566
1.685518 10.534487 3.9456444
1.4173673 10.266336 3.6774938
1.1109096 9.844957 3.5242648
0.8044517 9.5385 3.4476504
0.53630114 9.2703495 3.1411927
0.4596867 9.2703495 2.9113493
0.5746084 9.691729 2.9879637
0.80445176 10.266336 3.2944214
0.9959879 10.840945 3.8307226
0.9959879 11.18571 4.098873
0.842759 11.109096 3.8690298
0.6512229 10.764331 3.217807
0.5363012 10.49618 2.183512
0.57460845 10.572794 1.6472108
0.68953013 10.8792515 1.6472108
0.842759 11.377247 2.0685902
0.99598795 12.143391 3.064578
1.3024457 12.794615 4.098873
1.6089034 13.292608 4.8267107
1.9153612 13.752295 5.2097826
2.1068974 13.867216 5.363012
1.9536686 13.828909 5.401319
1.8387468 13.713987 5.4779334
1.8004396 13.522451 5.707777
1.9153613 13.522451 5.8226986
2.2601266 13.637373 5.8226986
2.4516625 13.67568 5.66947
2.4133554 13.522451 5.2863975
2.1068974 13.024457 4.8267107
1.7621324 12.373235 4.405331
1.685518 12.105083 4.1371803
1.8387468 12.066776 3.9839516
2.2218192 12.296619 4.060566
2.5282772 12.603078 4.098873
2.5665843 12.488155 4.1371803
2.4899697 12.220005 4.060566
2.2984335 11.760319 3.9456444
2.1068974 11.032481 3.562572
2.0685902 10.534488 2.9879637
2.030283 9.998186 2.681506
1.9919758 9.615114 2.3750482
2.0685904 9.730036 2.4899697
2.030283 9.844957 2.9879637
1.9153614 10.036493 3.524265
1.7621324 9.883265 4.0222588
1.4939818 9.308657 4.2137947
1.2258313 8.6574335 4.098873
1.1492169 8.159439 3.754108
1.1109096 8.00621 3.4859576
0.9193734 7.8529816 3.4476504
0.68953013 7.661445 3.4476504
0.3830723 7.5082164 3.7158008
0.2681506 7.469909 3.8690298
0.38307226 7.5082164 3.8690298
0.61291564 7.5848308 3.7541082
0.7661445 7.5848308 3.4859576
0.7278373 7.5082164 3.2561142
0.61291564 7.546524 3.064578
0.4213795 7.469909 3.0262709
0.2681506 7.3166804 2.9496565
0.2681506 7.201759 2.7581205
0.30645782 7.086837 2.566584
0.3830723 7.1251445 2.3750482
0.45968673 7.240066 2.336741
0.4213795 7.240066 2.4133554
0.34476507 7.240066 2.4516625
0.38307226 7.240066 2.3750482
0.49799395 7.316681 2.0685902
0.57460845 7.354988 1.8770541
0.7278373 7.240066 1.9536686
0.7278373 7.1634517 2.1452048
0.68953 7.0102224 2.2984338
0.68953 6.9719152 2.2601264
0.61291564 7.086837 2.030283
0.57460845 7.316681 1.7621324
0.53630114 7.508217 1.8004397
0.49799395 7.6231384 1.8004397
0.34476504 7.6614456 1.8004397
0.19153613 7.469909 1.9536686
0.038307227 7.278373 1.8770542
0.038307227 7.163451 1.838747
0.2681506 7.2017584 1.8004396
0.5746084 7.4316025 1.532289
0.8810662 7.699753 1.2641385
0.9959879 7.8912888 1.1492168
0.842759 7.967903 1.1492168
0.5363012 7.8529816 1.37906
0.19153613 7.73806 1.7621324
-0.038307227 7.8146744 2.1068976
-0.076614454 7.8912888 2.4516625
0.0 8.00621 2.6431987
0.076614454 8.121132 2.681506
0.19153613 8.082825 2.566584
0.4213795 8.197746 2.336741
0.53630114 8.427589 2.0685902
0.61291564 8.580819 1.9153614
0.5746084 8.810662 1.9536686
0.38307226 8.887277 1.9536686
0.34476507 8.925584 2.1068974
0.34476507 9.040505 2.0685902
0.4213795 9.117121 1.8387469
0.57460845 9.232042 1.6089035
0.68953013 9.346964 1.2641385
0.7661445 9.461885 1.1109096
0.80445176 9.461885 1.0726023
0.80445176 9.461885 1.1492169
0.80445176 9.461885 1.3407528
0.88106626 9.308657 1.5705962
0.9576807 9.308657 1.7238252
1.0342951 9.2703495 1.7621324
1.0726024 9.232042 1.685518
0.9959879 9.346964 1.6089036
0.80445176 9.308657 1.5705965
0.6512229 9.423578 1.685518
0.5363012 9.576807 1.8770542
0.5363012 9.691729 1.9919758
0.7278373 9.844957 1.9919758

