0.8810662 9.844957 2.0302832
0.9959879 9.768343 1.838747
0.45968673 9.615114 1.7238252
0.6895301 9.615114 1.685518
1.1492168 9.653421 1.4173675
1.5705962 9.653421 1.4556746
1.9153614 9.730036 1.3790601
1.9153614 9.576807 1.3024458
1.9536686 9.346963 1.2641385
2.030283 9.270349 1.187524
1.9919758 9.385271 1.4173673
1.8770541 9.5385 1.532289
1.7621324 9.615114 1.4939818
1.6089035 9.615114 1.6089035
1.532289 9.5385 1.3790601
1.532289 9.423578 1.0342951
1.4939818 9.385271 0.9576807
1.3790601 9.346964 0.9576807
1.3024457 9.193734 1.0726024
1.1875241 9.078813 1.1875241
1.1492169 9.040505 1.1875241
1.2641385 9.078813 1.0726024
1.4556746 9.308657 0.80445176
1.685518 9.423578 0.6512229
1.9153613 9.5385 0.5363012
2.030283 9.576807 0.4596867
2.0685902 9.500193 0.4596867
2.030283 9.385271 0.42137945
1.9153614 9.308657 0.4596867
1.8387468 9.232042 0.6895301
1.7238252 9.078813 0.80445176
1.685518 9.155427 0.8810662
1.838747 9.308656 0.84275895
1.9919758 9.461885 0.72783726
2.1068974 9.691729 0.8044517
2.2218192 9.730036 0.842759
2.1452045 9.691729 0.842759
2.1452045 9.691729 0.9193734
2.221819 9.730036 1.0342951
2.2984338 9.844957 1.4173673
2.2984338 9.80665 1.8004396
2.1068974 9.653421 2.030283
1.8770541 9.5385 2.1452045
1.6089035 9.461885 1.9536686
1.532289 9.423578 1.6089035
1.5705963 9.615114 1.2258313
1.685518 9.921572 0.6512229
1.8004396 10.151415 0.15322891
1.8387469 10.381258 -0.11492168
1.7621324 10.496181 -0.22984336
1.532289 10.457873 0.11492169
1.340753 10.534488 0.57460845
1.1109096 10.572795 0.9193734
1.0342951 10.496181 1.1109096
1.0726023 10.381258 0.84275895
1.1109097 10.228029 0.49799395
1.1875241 10.266336 0.19153613
1.1875241 10.304644 -0.038307227
1.1492168 10.304644 0.038307227
1.1109096 10.342951 0.22984336
1.0726024 10.189722 0.49799395
1.0342952 10.151415 0.84275895
0.9576807 10.113108 1.1109096
0.80445176 10.036493 1.0342952
0.5746084 9.998186 0.842759
0.34476504 9.921572 0.7278373
0.15322891 9.959879 0.6512228
0.0 9.998186 0.7661445
-0.11492168 10.113108 0.9576807
-0.22984336 10.151415 0.8810662
-0.4213795 10.0748005 0.49799395
-0.6512229 9.883265 0.19153613
-0.842759 9.691729 -0.19153613
-0.99598795 9.615114 -0.49799395
-1.0342952 9.653421 -0.61291564
-0.9576807 9.921572 -0.7278373
-0.9576807 10.228029 -0.7278373
-0.9959879 10.49618 -0.45968673
-1.1875241 10.649409 0.038307235
-1.5705965 10.496181 0.53630114
-1.9153614 10.189723 0.8810662
-2.2984338 9.844957 0.8810662
-2.5282772 9.653421 0.61291564
-2.6048915 9.615114 0.38307226
-2.7198133 9.691729 0.22984336
-2.7581205 9.883265 0.34476504
-2.834735 9.883265 0.53630114
-2.9879637 9.730036 0.61291564
-3.1028855 9.461885 0.5746084
-3.2561142 9.117121 0.34476504
-3.3327286 8.734048 0.22984336
-3.3327286 8.695741 0.30645782
-3.1411927 9.040505 0.5363012
-2.8347347 9.385271 0.91937345
-2.528277 9.883265 1.2258313
-2.2984335 10.228029 1.3790601
-2.183512 9.959879 1.2258313
-2.2601264 9.538499 0.9576807
-2.2218192 9.078813 0.61291564
-2.0685902 8.734048 0.4213795
-1.8770542 8.695741 0.19153613
-1.5705963 8.887278 0.19153613
-1.3024458 9.2703495 0.3830723
-1.1492168 9.691729 0.842759
-1.1109096 9.959879 1.4556746
-1.1109096 10.0748005 1.9919758
-1.0726024 10.113108 2.3750482
-0.9576807 10.189722 2.3750482
-0.7661445 10.189722 2.0685904
-0.5363012 10.189722 1.7238252
-0.34476504 9.959879 1.2641385
-0.19153613 9.730036 0.95768064
-0.11492168 9.500193 0.80445176
-0.076614454 9.308656 0.91937345
0.038307227 9.193734 1.3790601
0.11492168 9.002198 1.9153614
0.22984336 8.887277 2.3750482
0.30645782 8.734048 2.4516625
0.30645782 8.465897 2.2218192
0.344765 8.159439 1.8387469
0.4213795 7.699753 1.340753
0.49799395 7.2783737 0.9959879
0.6512228 7.086837 0.9193734
0.842759 7.125144 1.187524
0.9193735 7.393295 1.3407528
0.8810662 7.469909 1.2641385
0.7661445 7.431602 0.91937345
0.53630114 7.2017584 0.6895301
0.3064578 6.933608 0.5746084
0.076614454 6.6654577 0.5746084
-0.076614454 6.473922 0.80445176
-0.2681506 6.473922 0.99598795
-0.3830723 6.3589997 1.1109097
-0.45968673 6.3589997 0.99598795
-0.49799395 6.3589997 1.0726023
-0.6512228 6.512229 1.340753
-0.8044518 6.7803793 1.6472108
-0.9576807 6.9719152 1.6089036
-0.9959879 7.163451 1.4939818
-0.7661446 7.240066 1.2258312
-0.5363012 7.240066 0.8044517
-0.22984335 7.508217 0.45968673
0.0 7.699753 0.076614454
0.038307227 7.929596 -0.15322891
-0.076614454 8.00621 -0.19153613
-0.30645782 7.8146744 -0.19153613
-0.45968673 7.8146744 0.038307227
-0.49799395 8.082825 0.5746084
-0.26815057 8.580819 1.0342952
0.03830722 9.11712 1.4939818
0.2681506 9.500193 1.7238252
0.4213795 9.500193 1.6089035
0.45968673 9.500193 1.8004397
0.4213795 9.615114 1.8770542
0.4213795 9.653421 2.0685902
0.38307226 9.730036 2.1452048
0.30645782 9.653421 1.9919758
0.34476507 9.500193 1.9919758
0.15322891 9.11712 1.8004396
0.11492168 9.155427 1.9536686
-0.076614454 9.11712 1.9536686
-0.26815057 9.232042 2.336741
-0.53630114 9.2703495 2.4133554
-1.0726024 9.423578 2.528277
-1.1492168 9.653421 2.375048
-1.1492168 10.036493 2.3367407
-1.1492168 10.342951 2.2984335
-1.1492168 10.457873 2.3367407
-1.1492168 10.6877165 2.6815057
-1.1109096 10.994174 3.1411924
-0.9959879 11.33894 3.5242648
-0.842759 11.683704 3.7924156
-0.6895301 11.798626 3.5242648
-0.6512228 11.87524 3.371036
-0.7278373 12.028469 3.141193
-0.91937345 11.990162 2.9496565
-1.1492169 12.028469 3.064578
-1.4173675 11.87524 2.9879637
-1.6089035 11.568783 3.0262709
-1.7238252 11.377246 3.1411927
-1.8387469 11.262324 3.2561142
-1.8004396 11.18571 3.4476504
-1.7238252 11.262325 3.715801
-1.6472108 11.453861 3.7924156
-1.532289 11.530476 3.86903
-1.4556746 11.683704 4.1371803
-1.4173675 11.645397 3.9456444
-1.3024458 11.683704 4.060566
-1.1875241 11.87524 4.252102
-1.1109096 12.066776 4.1754875
-1.0342952 12.373234 4.596867
-1.1109096 12.449848 4.82671
-1.2258313 12.373234 4.9799395
-1.340753 12.181698 5.094861
-1.4556746 11.951855 5.0182467
-1.532289 11.836933 4.9416323
-1.5705963 11.760319 4.865018
-1.6472108 11.722012 4.903325
-1.7621324 11.683704 5.0182467
-1.8770541 11.492168 5.056554
-2.1068974 11.262325 5.133168
-2.2601264 10.955868 4.9799395
-2.4516625 10.611102 4.8267107
-2.6815057 10.0748005 4.4819455
-2.7581203 9.883265 4.4819455
-2.834735 9.844957 4.4436383
-2.9496565 9.653421 4.5202527
-3.064578 9.5385 4.596867
-3.1411924 9.500193 4.4436383
-3.1794999 9.385271 4.1754875
-3.1794999 9.423578 3.9456444
-3.1794999 9.385271 3.9073372
-3.217807 9.385271 4.213795
-3.1411924 9.385271 4.5585604
-3.1028852 9.5385 4.4436383
-2.9879637 9.461885 4.367024
-2.9113493 9.346963 3.9839516
-2.9113493 9.155427 3.562572
-2.873042 8.772355 3.4859576
-2.834735 8.848969 3.2944217
-2.7198133 9.117121 3.217807
-2.6431987 9.385271 3.4476504
-2.6431987 9.423578 3.715801
-2.6048913 9.346964 3.9456444
-2.6048913 9.155428 3.8307228
-2.566584 9.078813 3.3327289
-2.4899697 9.155427 2.681506
-2.413355 9.2703495 2.4133554
-2.2984335 9.423578 2.566584
-2.2984335 9.385271 3.2944214
-2.6048913 9.193735 4.4053307
-2.9113493 8.887277 5.324704
-3.064578 8.695741 5.861006
-3.0262709 8.6574335 5.5162406
-2.566584 8.810662 4.55856
-2.0685902 9.155428 3.3327289
-1.7621325 9.346964 2.566584
-1.7238253 9.308657 2.7198133
-1.7238253 9.117121 3.2944217
-1.7621325 9.002198 4.1371803
-1.6472107 9.002198 4.5202527
-1.2641385 9.155427 4.098873
-0.91937345 9.232041 3.3710358
-0.68953013 9.155427 2.566584
-0.61291564 8.925584 2.183512
-0.6512228 8.810662 2.4516625
-0.842759 8.848969 2.9879637
-0.8044518 8.925584 3.5242648
-0.5363012 9.11712 3.9073372
-0.45968676 9.078813 3.9073372
-0.45968676 8.848969 3.86903
-0.6512229 8.580818 3.7541084
-0.842759 8.427589 3.562572
-0.7661445 8.6574335 3.6008792
-0.45968673 9.002199 3.4093432
0.03830722 9.346964 3.3327286
0.30645782 9.423578 3.217807
0.45968673 9.117121 3.064578
0.26815057 8.810663 3.1794999
-0.19153614 8.542512 3.6391866
-0.45968673 8.542512 4.4053307
-0.6512228 8.695741 5.133168
-0.61291564 8.734048 5.51624
-0.4213795 8.772355 5.324704
-0.34476507 8.734048 4.673482
-0.22984336 8.695741 4.0222588
0.0 9.002198 3.8307228
0.15322891 9.308657 3.677494
0.38307226 9.461885 3.6391869
0.5363012 9.615114 3.6008794
0.6129156 9.461885 3.1028855
0.84275895 9.155427 2.7964277
0.91937345 9.078813 2.834735
0.84275895 8.848969 3.1028852
0.6512228 8.580819 3.6391864
0.34476504 8.389282 4.060566
0.15322891 8.0445175 4.3287168
0.15322891 7.929596 4.2137947
0.45968673 8.00621 3.7924154
0.9576807 8.274361 3.4476504
1.5705963 8.810662 3.217807
2.0685902 9.11712 3.1028855
2.375048 9.38527 3.371036
2.2218192 9.11712 3.3327289
2.0685902 8.963891 3.4093432
1.9919758 8.963891 3.4476504
2.030283 9.193735 3.5242648
2.2218192 9.691729 3.6008794
2.4516625 10.151415 3.562572
2.6048913 10.457872 3.562572
2.681506 10.534488 3.3710358
2.5282772 10.381259 3.1028855
2.336741 10.151416 2.873042
2.1068976 9.844957 2.6431987
1.8004397 9.576807 2.7964277
1.6472107 9.385271 2.9879637
1.4556746 9.385271 3.2178073
1.340753 9.500193 3.677494
1.2641385 9.615114 4.0222588
1.1109096 9.615114 4.290409
0.9576807 9.461885 4.443638
0.8044517 9.232042 4.290409
0.68953 9.002198 4.0222588
0.6512228 9.078813 3.8307228
0.7661445 9.346963 3.9073372
0.9193734 9.844957 3.9839516
1.0342951 10.342952 4.098873
0.9959879 10.611102 4.1754875
0.842759 10.649409 3.9839516
0.61291564 10.419565 3.9073372
0.34476507 10.151415 3.677494
0.19153613 9.80665 3.562572
0.038307227 9.653421 3.4859576
-0.038307227 9.80665 3.4476504
0.038307227 10.074801 3.6008792
0.15322891 10.457873 3.715801
0.22984336 10.6877165 3.7924156
0.26815057 10.840945 3.6391866
0.26815057 10.91756 3.3327289
0.22984336 10.994174 2.9496565
0.22984336 11.147403 2.528277
0.19153613 11.147403 2.2601264
0.15322891 11.224017 2.1452048
0.15322891 11.568783 2.6431985
0.42137948 12.143392 3.7541082
0.6895301 12.871228 4.788403
0.8044517 13.292607 5.3630114
0.8044517 13.3309145 5.286397
0.61291564 13.139379 4.5202527
0.57460845 12.947843 3.754108
0.57460845 12.871228 3.3327286
0.57460845 12.871228 2.9113493
0.4213795 12.832921 2.719813
0.15322891 12.832921 2.9496565
0.0 12.794614 3.4093432
0.038307227 13.024457 4.098873
0.34476507 13.3309145 4.7884035
0.7278373 13.407529 5.094861
0.9576807 13.445836 5.056554
1.0342951 13.024457 4.865018
0.80445176 12.373235 4.711789
0.38307226 11.568782 4.711789
-0.038307235 10.802637 4.9416323
-0.30645782 10.457872 5.363012
-0.26815057 10.381258 5.6694694
-0.07661445 10.611101 5.7843914
0.19153613 10.879252 5.746084
0.38307226 10.764331 5.363012
0.45968676 10.457873 4.865018
0.5746084 9.959879 4.3287168
0.6895301 9.576807 3.7541082
0.7661445 9.385271 3.524265
0.7661445 9.308657 3.6008794
0.72783726 9.423578 4.0222588
0.72783726 9.423578 4.55856
0.72783726 9.232042 4.711789
0.72783726 8.6574335 4.3287168
0.72783726 8.236053 3.86903
0.6512228 7.967903 3.4476504
0.5746084 7.6614456 3.064578
0.42137948 7.431602 2.7581205
0.30645782 7.469909 2.6048915
0.26815057 7.546524 2.7581203
0.22984336 7.546524 2.8347347
0.26815057 7.508217 2.9113493
0.22984335 7.316681 2.9113493
0.19153613 7.163451 2.7964277
0.19153613 7.086837 2.6431987
0.15322891 7.0485296 2.6048915
0.15322891 6.8953004 2.4516625
0.15322891 6.780379 2.3367407
0.15322891 6.933608 2.4133554
0.038307227 7.240066 2.528277
-0.038307227 7.546524 2.873042
-0.11492168 7.6231384 3.1411924
0.038307227 7.5082164 3.4093432
0.5363012 7.584831 3.4093432
1.0342952 7.8529816 3.1794999
1.532289 8.312668 2.9496565
1.7238252 8.619126 2.681506
1.4939818 8.389283 2.4516625
0.99598783 7.8529816 2.375048
0.34476504 7.240066 2.4133554
-0.30645782 6.7037644 2.528277
-0.7278373 6.435614 2.681506
-0.8810662 6.473922 2.7198133
-0.80445176 6.5888433 2.528277
-0.53630114 6.8569937 2.1835117
-0.19153613 7.163451 1.7621324
0.15322891 7.469909 1.3024457
0.49799395 7.776367 1.0342951
0.68953013 7.8912888 0.8810662
0.6512228 7.8146744 0.9576807
0.5363012 7.6614456 1.3024457
0.2681506 7.4699097 1.7621325
0.076614454 7.3166804 2.1452048
0.038307227 7.2783732 2.4133554
0.038307227 7.240066 2.2984338
0.11492168 7.240066 1.8770541
0.15322891 7.240066 1.4173673
0.15322891 7.3932953 0.91937345
0.11492168 7.6614456 0.7661446
0.11492168 7.967903 0.91937345
0.15322891 8.427589 1.2258313
0.22984336 8.734048 1.6472108
0.38307226 8.925584 1.9536686
0.53630114 9.002198 2.1068974
0.61291564 9.002198 2.030283
0.68953 9.155427 1.8770542
0.7661445 9.346964 1.7238252
0.8810662 9.500193 1.4939818
0.99598795 9.5385 1.4173673
0.99598795 9.461885 1.4173673
0.9576807 9.461885 1.4173673
0.80445176 9.5385 1.4939818
0.6895301 9.691729 1.5705963
0.61291564 9.844957 1.5705963
0.5363012 9.80665 1.5705963

