0.49799398 9.653421 1.6472107
0.49799398 9.576807 1.6855179
0.49799395 9.768343 1.8770542
0.80445176 9.80665 1.7621324
1.1875241 9.768343 1.5705962
1.6089035 9.576807 1.3790601
1.9536686 9.385271 1.2641385
2.030283 9.346964 1.3024457
2.1068974 9.346964 1.4939818
2.2218192 9.500193 1.685518
2.4516625 9.730036 1.8770542
2.6048913 9.844957 2.0685904
2.681506 9.998186 2.0302832
2.6048915 10.0748005 1.8004398
2.4516625 9.921572 1.685518
2.336741 9.691729 1.6089036
2.2601264 9.500193 1.7621324
2.413355 9.5385 2.2218192
2.4899697 9.730036 2.3750482
2.4899697 9.883265 2.4516625
2.4133554 9.80665 2.4899697
2.2218192 9.653421 2.3750482
2.030283 9.576807 2.2984338
1.9919758 9.385271 1.7621324
2.1452048 9.500193 1.5705965
2.4133554 9.653421 1.1875241
2.4516625 9.730036 1.1109096
2.3750482 9.500193 1.1875241
2.1068976 9.308657 1.2258313
1.5705962 9.078814 1.340753
1.4556746 9.193735 1.2258313
1.6089034 9.461885 0.9576807
1.877054 9.576807 0.6895301
2.1452045 9.615114 0.26815057
2.1068974 9.385271 0.45968676
1.9153613 9.232041 0.7278373
1.6472107 9.155427 1.1109096
1.3024457 9.155427 1.2258313
1.2641385 9.040505 0.9959879
1.340753 8.963891 0.5746084
1.3790601 8.925584 0.4213795
1.493982 9.078813 0.3830723
1.6089036 9.346964 0.5363012
1.6472108 9.5385 0.842759
1.6472108 9.768343 1.3024457
1.4556746 9.730036 1.7621324
1.2258313 9.653421 2.183512
0.9959879 9.653421 2.4516625
0.88106626 9.5385 2.2218192
0.9576807 9.5385 1.6089035
1.0342951 9.5385 0.91937345
1.1109096 9.500193 0.38307226
0.99598795 9.423578 0.30645782
0.842759 9.423578 0.61291564
0.6512229 9.500193 1.1875241
0.45968673 9.768343 1.8004396
0.53630114 10.266336 2.2601264
0.6512228 10.802637 2.4516625
0.8810662 11.18571 2.1068976
1.1492168 11.147403 1.2258313
1.2641385 10.840945 -1.4901161E-8
1.1492168 10.342951 -1.1492168
0.76614445 9.730036 -1.7238252
0.2681506 9.308657 -1.2641385
-0.26815057 8.963891 -0.1915361
-0.6512229 8.887277 0.842759
-0.6895301 9.193735 1.685518
-0.5363012 9.691729 1.7621324
-0.26815057 10.342951 1.3024457
0.076614454 10.726023 0.7661445
0.22984336 10.840945 -2.9802322E-8
0.22984336 10.726024 -0.57460845
0.11492168 10.381259 -0.7661445
-0.19153611 10.113108 -0.5363012
-0.53630114 9.921572 -0.07661447
-0.7661445 9.80665 0.53630114
-0.9193734 9.921572 1.0726023
-0.9959879 10.0748005 1.3790603
-0.9959879 10.342952 1.6089036
-1.0342951 10.572795 1.4939818
-1.0726024 10.572795 1.340753
-1.0342952 10.419565 0.9576807
-0.99598795 9.998186 0.61291564
-0.91937345 9.615114 0.49799395
-0.88106626 9.385271 0.38307226
-0.9193735 9.346964 0.7278373
-1.0342952 9.461885 1.1492169
-1.340753 9.576807 1.6472108
-1.7238252 9.615114 2.0685904
-2.1068974 9.461885 2.0685904
-2.3750482 9.346963 1.7621326
-2.4516625 9.38527 1.1875241
-2.336741 9.4618845 0.57460845
-2.2984335 9.5385 0.0
-2.3367407 9.500193 -0.26815057
-2.4516625 9.2703495 -0.26815057
-2.681506 9.002198 0.114921674
-2.873042 8.925584 0.84275895
-3.0262709 9.040506 1.532289
-3.1411924 9.2703495 1.9919758
-3.217807 9.615114 2.1452045
-3.1411927 9.883265 1.9919759
-3.0645783 9.998186 1.685518
-2.9879637 9.959879 1.5705962
-2.873042 9.768343 1.5705962
-2.834735 9.500193 1.6089036
-2.834735 9.346964 1.7621325
-2.681506 9.423578 1.9536686
-2.528277 9.5385 2.1452048
-2.336741 9.730036 2.3750482
-2.030283 9.844957 2.4899697
-1.838747 9.844957 2.3367407
-1.5705962 9.883265 1.9536686
-1.3024457 9.921572 1.5705963
-1.1109096 9.883265 1.1492169
-0.9576807 9.653421 0.9576807
-0.842759 9.346964 0.9959879
-0.7661445 9.002199 0.9576807
-0.6129156 8.848969 1.1109097
-0.4596867 8.887277 1.1109097
-0.34476507 9.078813 1.0342951
-0.19153613 9.308657 0.9959879
-0.11492168 9.500193 0.9576807
-0.038307227 9.576807 0.9959879
-0.038307227 9.461885 0.9576807
-0.11492168 9.232042 0.9576807
-0.34476504 8.6574335 0.9576807
-0.5363012 7.967903 0.9959879
-0.7661446 7.354988 1.2641385
-0.91937345 6.895301 1.685518
-0.8810662 6.742072 1.9536686
-0.80445176 6.8186865 2.1068976
-0.5746084 7.0485296 1.9153614
-0.38307226 7.163451 1.340753
-0.19153613 7.240066 0.8810662
-0.076614454 7.3166804 0.49799395
0.0 7.1251445 0.42137945
0.0 6.9719152 0.53630114
-0.076614454 6.7037644 0.6512228
-0.26815057 6.2823853 0.6512228
-0.4596867 5.9759274 0.6512228
-0.5363012 5.8226986 0.61291564
-0.5746084 5.7843914 0.5746084
-0.3830723 6.090849 0.53630114
-0.11492168 6.5122285 0.49799395
0.15322891 6.933608 0.53630114
0.49799395 7.431602 0.4596867
0.6512229 7.6231384 0.5363012
0.61291564 7.776367 0.5363012
0.45968673 7.776367 0.84275895
0.11492168 7.584831 1.3024457
-0.22984335 7.4699097 1.8770542
-0.5363012 7.240066 2.3750482
-0.8044518 6.9719152 2.4899697
-0.88106626 7.0102224 2.3750482
-0.6895301 7.240066 1.6089036
-0.344765 7.6614456 1.2641385
-0.07661444 8.082825 1.3024458
0.19153613 8.580819 1.6472108
0.26815057 8.963891 2.1452048
0.15322891 9.232042 2.7198133
-0.15322891 9.346964 3.1794999
-0.30645782 9.232042 2.8730419
-0.4213795 9.078813 2.6048913
-0.49799395 8.963891 2.4516625
-0.5363012 9.002198 2.183512
-0.5363012 9.308657 2.1452048
-0.34476507 9.768343 2.2601266
-0.19153613 10.381259 2.2984338
-0.038307227 10.879252 2.6048915
0.076614454 11.262325 2.6431987
0.11492168 11.530476 2.566584
0.15322891 11.722012 2.4899695
0.11492168 12.028469 2.375048
0.038307227 12.105083 2.4516625
-0.15322891 12.143391 2.4516625
-0.42137948 12.181698 2.5282772
-0.7278373 12.066776 2.2601264
-0.9576807 11.951855 2.2218192
-1.1109096 11.836933 2.2218192
-1.1492169 11.760319 2.2601264
-1.1875241 11.87524 2.528277
-1.1875241 11.990162 2.7581205
-1.2641385 11.9135475 2.9496565
-1.4173673 11.798626 2.9496565
-1.4556746 11.492168 2.9113493
-1.4556746 11.300632 2.719813
-1.2641385 11.224018 2.566584
-0.9576807 11.377247 2.7581203
-0.7278373 11.722012 2.873042
-0.5363012 12.143391 2.9879637
-0.4596867 12.56477 3.1411927
-0.49799395 12.717999 3.1411927
-0.49799395 12.603078 3.0262709
-0.5363012 12.334928 3.2944214
-0.7278373 11.990162 3.4476504
-0.9576807 11.645397 3.4859576
-1.2258313 11.415554 3.6774938
-1.4939818 11.185711 3.4093432
-1.4556745 11.147404 3.2944214
-1.4556745 11.224018 3.7541082
-1.3790601 11.377247 3.6391866
-1.3790601 11.530476 3.86903
-1.4556746 11.568783 3.9456444
-1.4556746 11.492168 3.4093432
-1.4939818 11.415554 3.4093432
-1.4556746 11.262325 3.1794999
-1.4556746 11.185711 3.064578
-1.4556746 11.185711 2.9496565
-1.5322891 11.109097 3.1411927
-1.685518 11.032482 3.371036
-1.8770541 10.879253 3.5242648
-1.9919758 10.726024 3.6774936
-2.030283 10.611102 3.715801
-2.0685902 10.572795 3.562572
-2.1068974 10.572795 3.6391864
-2.2218192 10.381259 3.7541084
-2.4516625 10.304644 3.8307228
-2.6048915 10.304644 4.060566
-2.719813 10.304644 3.7541084
-2.7581203 10.496181 3.4859576
-2.681506 10.534488 3.2944217
-2.719813 10.342951 2.9879637
-2.7964277 10.113108 3.2561142
-3.0262709 9.768343 3.4093432
-3.2561142 9.5385 3.4859576
-3.4093432 9.346964 3.5242648
-3.5242648 9.193735 3.3710358
-3.5242648 9.078813 3.1794999
-3.4859576 8.887277 3.0262709
-3.4859576 8.772355 2.873042
-3.371036 8.734048 2.7581203
-3.2178073 8.734048 2.6431987
-3.0262709 8.887277 2.4899697
-2.7581205 9.078814 2.2601264
-2.566584 9.155428 1.9536686
-2.528277 9.040506 1.685518
-2.566584 8.810662 1.4939818
-2.6048915 8.580819 1.532289
-2.6048915 8.504205 1.685518
-2.4899697 8.695741 1.9919759
-2.336741 9.040505 2.336741
-2.2601264 9.423578 2.5282772
-2.2601264 9.730036 2.6048915
-2.2601264 9.998186 2.719813
-2.3367407 10.228029 2.719813
-2.3750482 10.381259 2.719813
-2.3750482 10.457873 2.7581205
-2.4899697 10.419566 2.719813
-2.6048913 10.189722 2.7581203
-2.6431987 9.998186 3.0262709
-2.681506 9.921572 3.4093432
-2.5282772 10.036493 3.8690298
-2.2218194 10.381258 4.0222588
-1.9153615 10.879252 3.907337
-1.5705963 11.415554 3.4859576
-1.340753 11.798626 2.873042
-1.340753 11.798626 2.528277
-1.685518 11.300632 2.4899697
-2.1068976 10.381258 2.8347347
-2.4516625 9.346964 3.4859576
-2.6431987 8.580818 4.3287168
-2.566584 8.159439 4.9799395
-2.3750482 8.121132 5.0948615
-2.1068974 8.389282 4.481946
-1.7621324 8.6574335 3.2944217
-1.3407528 8.925584 2.1068976
-0.95768064 9.078813 1.532289
-0.6895301 9.155427 1.8387469
-0.5746084 9.2703495 2.5665843
-0.6895301 9.2703495 3.4476504
-0.842759 9.078813 3.6391864
-1.1109095 8.734048 3.3327289
-1.3024457 8.274361 2.834735
-1.2641385 7.929596 2.2601264
-1.1109096 8.0445175 2.030283
-0.7661445 8.350975 1.9919758
-0.30645782 8.887277 2.183512
0.15322891 9.500193 2.3750482
0.45968673 9.730036 2.6431987
0.5746084 9.80665 2.5282772
0.42137948 9.423578 2.2601266
0.19153613 8.925584 1.9153614
0.0 8.542511 1.6855179
-0.076614454 8.274361 1.8770541
0.076614454 8.350975 2.0685902
0.2681506 8.504204 2.1452048
0.57460845 8.734048 2.183512
0.9576807 8.887277 2.030283
1.0726024 9.040505 2.1452048
1.2258313 9.040505 2.1068976
1.1875241 8.963891 2.0685904
1.2258313 8.772355 1.9536686
1.2258313 8.848969 2.0685902
1.37906 9.040505 2.1068976
1.4556746 9.270349 2.2218192
1.4939818 9.500193 2.4133554
1.5705963 9.615114 2.4899697
1.340753 9.615114 2.6048913
1.2258313 9.576807 2.528277
1.340753 9.615114 2.336741
1.4556746 9.730036 2.2218192
1.7621324 9.921572 2.030283
1.9153614 10.228029 2.030283
1.7238252 10.572794 2.3750482
1.4939818 10.726024 2.681506
1.2258313 10.6877165 2.9879634
0.9193734 10.419566 3.0262709
0.9193734 10.036493 2.8730419
0.9193734 9.768343 2.6815057
0.9193734 9.653421 2.3750482
1.0342951 9.691729 2.2984338
1.0726024 9.80665 2.1452045
1.1109096 9.921572 2.0685902
1.1492169 10.0748005 2.0685902
1.1109096 10.113108 1.9153614
0.9959879 9.959879 1.7238252
0.8810662 9.959879 1.4939818
0.80445176 9.921572 1.3407528
0.84275895 9.998186 1.0726023
0.8810662 10.228029 0.88106626
0.9576807 10.381259 0.9193735
0.9959879 10.572795 1.0342952
0.9193735 10.6877165 1.4173675
0.8810662 10.726024 1.7238252
0.61291564 10.6877165 1.8004396
0.49799395 10.611102 1.7621324
0.45968673 10.649409 1.7238252
0.49799395 10.6877165 1.4556746
0.6895301 10.879252 1.4939818
0.91937345 11.262325 1.9153614
0.9959879 11.722012 2.681506
0.84275895 12.105083 3.7541082
0.7661445 12.105083 4.1754875
0.45968676 11.9135475 3.7924156
0.30645782 11.530476 3.064578
0.2681506 11.300632 2.2601264
0.11492168 11.262325 1.7238252
-0.038307227 11.300632 1.7238252
-0.076614454 11.60709 1.9919759
0.19153613 12.143392 2.9879637
0.49799395 12.679693 4.4436383
0.7278373 13.177687 5.401319
0.61291564 13.254301 5.5162406
0.2681506 13.024458 4.8267107
-0.076614454 12.947843 3.9073372
-0.11492168 12.947843 3.6391864
0.1532289 13.177686 3.6008792
0.4596867 13.407529 3.6008792
0.8044517 13.407529 3.2944214
0.9959879 13.445836 2.8347347
1.3024457 13.445836 3.217807
1.532289 13.484143 3.715801
1.4939818 13.407529 4.1371803
1.3790601 12.947843 4.3287163
1.0342951 12.258313 3.8307228
0.6512229 11.60709 3.217807
0.61291564 11.262325 2.7964275
0.7278373 11.032481 2.4133554
0.91937345 10.994174 2.1452048
1.1109096 10.91756 1.9153614
1.1109096 10.572794 1.7238252
0.9959879 10.381258 1.7238252
0.84275895 10.266336 1.7238252
0.7661445 9.998186 1.8387469
0.7661445 9.730036 2.0685902
0.7661445 9.232041 2.2601266
0.5746084 8.580819 2.4516625
0.26815057 8.121132 2.6048913
0.0 7.8912888 2.4899697
-0.11492168 7.8912888 2.1452048
-0.038307227 8.121132 1.685518
0.19153614 8.312668 1.2641385
0.34476507 8.542511 0.95768064
0.4596867 8.810662 0.95768064
0.6512229 8.848969 1.2641385
0.80445176 8.734048 1.4556746
0.91937345 8.465897 1.6089035
0.88106626 8.00621 1.5322891
0.7278373 7.73806 1.1875241
0.45968673 7.584831 0.9576807
0.22984338 7.4316025 0.842759
0.076614454 7.546524 0.9959879
-0.038307227 7.699753 1.4939818
-0.038307227 7.967903 1.8770541
0.15322891 8.465897 2.3367407
0.49799395 8.772354 2.528277
0.76614463 8.69574 2.2601264
0.842759 8.504204 1.8004396
0.7278374 8.082825 1.2258313
0.4213795 7.8529816 0.9576807
0.11492168 7.929596 1.0726024
-0.038307227 8.121132 1.4173673
-0.076614454 8.427589 2.030283
0.0 8.504204 2.4133554
0.15322891 8.312668 2.4133554
0.34476504 8.159439 2.2601266
0.53630114 8.082825 1.838747
0.53630114 7.8529816 1.6472108
0.4213795 7.73806 1.6089036
0.30645782 7.354987 1.4939818
0.22984336 6.9719152 1.3024458
0.34476504 6.933608 0.842759
0.6512229 7.086837 0.5746084
0.80445176 7.4316025 0.6512228
0.80445176 7.6231384 0.95768064
0.7278373 7.584831 1.4173675
0.5363012 7.4699097 1.838747
0.4213795 7.3166804 1.9536686
0.45968673 7.3166804 1.8387468
0.53630114 7.546524 1.6472108
0.57460845 7.776367 1.37906
0.61291564 7.8529816 1.2641385
0.49799395 7.699753 1.1492168
0.30645782 7.4316015 0.9959879
0.15322891 7.354987 1.0342951
0.15322891 7.6231384 1.2258313
0.2681506 8.197746 1.5705962
0.38307226 8.734047 1.8770542
0.45968673 8.963892 1.8004396
0.34476504 8.963892 1.4556746
0.19153613 8.848969 1.1492168
0.076614454 8.734048 1.0342951
0.11492168 8.734048 1.2258313
0.34476504 8.887277 1.4173675
0.6512228 9.155428 1.5322891
0.9576807 9.615114 1.5322891
1.0726024 9.998186 1.5705963
1.1109097 10.151415 1.685518
1.0342952 10.036493 1.7238252
0.9193735 9.730036 1.7238252
0.7661445 9.576807 1.4939818
0.53630114 9.5385 1.3407528
0.344765 9.5385 1.3407528
0.15322891 9.653421 1.4173673
0.11492168 9.615114 1.4939818
0.076614454 9.500193 1.4939818
0.038307227 9.500193 1.4556746
0.076614454 9.5385 1.4556746

