0.19153613 9.576807 1.493982
0.38307226 9.730036 1.6089035
0.53630114 9.883265 1.685518
0.61291564 9.959879 1.6472108
0.114921674 9.768343 1.6472107
0.38307223 9.730036 1.9153614
0.6512229 9.768343 2.0685902
1.1492168 9.883265 2.030283
1.532289 9.80665 2.1068976
1.6472108 9.5385 1.9919758
1.8387468 9.232042 1.9153614
2.030283 8.963892 1.8387469
2.1068974 8.848969 1.7621324
2.1452048 8.848969 1.5705963
2.1452048 9.078813 1.4173673
2.1452048 9.346964 1.4173673
2.2601266 9.653421 1.4556746
2.336741 9.921572 1.5705962
2.4133554 9.959879 1.838747
2.4516625 9.921572 2.0685904
2.4516625 9.768343 2.2218192
2.4516625 9.576807 2.3367407
2.4899697 9.423578 2.1835117
2.528277 9.385271 2.0685902
2.5665843 9.346964 1.8770541
2.5282772 9.461885 1.4173673
2.4516625 9.5385 1.2641385
2.375048 9.691729 1.340753
2.375048 9.768343 1.3790601
2.528277 9.653421 1.6089035
2.6048915 9.500193 1.4173673
2.5665843 9.500193 1.2258313
2.48997 9.5385 0.842759
2.4133554 9.730036 0.26815057
2.4899697 9.844957 0.076614454
2.566584 9.921572 0.076614454
2.566584 9.998186 0.076614454
2.4516625 9.959879 0.038307227
2.2218192 9.730036 0.11492168
1.9536686 9.500193 0.19153613
1.7238252 9.193735 0.2681506
1.6089035 9.040505 0.38307226
1.6089035 9.078813 0.4213795
1.6472107 9.193734 0.4213795
1.6472107 9.385271 0.49799395
1.5705962 9.5385 0.68953013
1.2258313 9.5385 0.9193734
0.8810662 9.461885 1.3407528
0.5746084 9.2703495 1.6089035
0.344765 9.002198 1.8770542
0.26815057 8.848969 2.030283
0.26815057 8.810662 1.9153614
0.30645782 8.963891 1.8387468
0.30645782 9.193735 1.7621324
0.30645782 9.461885 1.7621324
0.22984336 9.653421 2.0685902
0.076614454 9.653421 2.566584
-0.11492168 9.691729 2.7964275
-0.34476504 9.576807 2.8347347
-0.49799395 9.461885 2.6431987
-0.49799395 9.423578 2.2601264
-0.4596867 9.423578 1.9153614
-0.26815057 9.615114 1.6472108
0.076614454 9.921572 1.3024458
0.30645782 10.266336 0.9576807
0.61291564 10.611102 0.7278373
0.842759 10.994175 0.6512228
0.842759 11.224018 0.7278373
0.7278373 11.300632 0.91937345
0.5363012 11.185711 1.2258313
0.22984335 10.802638 1.4173675
-0.11492168 10.304645 1.4556746
-0.30645782 9.921572 1.3790603
-0.4213795 9.691729 1.1109096
-0.38307226 9.653421 0.7661445
-0.19153613 9.80665 0.3830723
0.038307227 10.036493 0.0
0.19153613 10.266337 -0.22984336
0.19153613 10.342952 -0.22984336
7.4505806E-9 10.419566 0.076614454
-0.30645782 10.381258 0.5746084
-0.5746084 10.304644 1.1875241
-0.80445176 10.342951 1.685518
-0.8810662 10.381258 1.8004396
-0.8810662 10.419565 1.6089034
-0.8810662 10.381258 1.1109095
-0.80445176 10.342951 0.5363012
-0.7661445 10.189722 0.038307227
-0.7661445 10.0748005 -0.2681506
-0.842759 10.0748005 -0.2681506
-1.1109096 10.0748005 0.1532289
-1.5705962 9.998186 0.8810662
-2.0685902 9.844957 1.6855179
-2.566584 9.691729 2.2984335
-2.834735 9.500193 2.3750482
-2.7581203 9.461885 2.1068976
-2.566584 9.576807 1.6472108
-2.2984335 9.653421 1.2258313
-2.1068974 9.653421 0.91937345
-2.0685902 9.615114 0.7278373
-2.183512 9.500193 0.6895301
-2.336741 9.385271 0.7278373
-2.4516625 9.232042 0.9193734
-2.6048915 9.117121 1.1875241
-2.681506 8.963892 1.3790601
-2.719813 8.810662 1.532289
-2.681506 8.848969 1.4939818
-2.4516625 8.963891 1.532289
-2.183512 9.155428 1.4556746
-1.8770541 9.385271 1.3024457
-1.6089035 9.5385 1.1875241
-1.4556745 9.615114 0.9576807
-1.3790601 9.691729 0.9576807
-1.3790601 9.615114 1.0726023
-1.4173673 9.461885 1.3407528
-1.532289 9.2703495 1.6855179
-1.6089035 9.040506 1.9536685
-1.5705963 8.925584 2.0685902
-1.4173675 8.848969 1.9919758
-1.1109096 8.925584 1.8387468
-0.6512228 9.040505 1.4939818
-0.2681506 9.193735 1.2641385
0.076614454 9.385271 1.0726024
0.30645782 9.500193 0.8810662
0.38307226 9.461885 0.842759
0.45968673 9.308656 0.80445176
0.3830723 9.040505 0.91937345
0.34476504 8.580818 0.9576807
0.30645782 8.00621 0.9576807
0.26815057 7.546524 0.8810662
0.38307226 7.163451 0.53630114
0.53630114 6.9719152 0.22984335
0.72783726 7.31668 0.15322891
0.95768064 7.8146744 0.2681506
1.1875241 8.389282 0.7278373
1.2641385 8.925584 1.2258313
1.2258313 8.887277 1.532289
1.1109096 8.465897 1.685518
0.80445176 7.6614456 1.5322893
0.38307226 6.6271505 1.1109097
-0.2681506 5.707777 0.6512229
-1.2258313 4.7117887 0.0
-1.4173673 4.788403 0.19153614
-1.2641385 5.133168 0.45968676
-1.0726023 5.592855 0.8044518
-0.88106626 6.0525417 1.0342951
-0.6512228 6.397307 1.0342951
-0.42137948 6.62715 0.9959879
-0.19153613 6.7803793 0.68953
0.038307227 7.0102224 0.19153613
0.5363012 7.4699097 -0.6512229
0.6895301 7.6231384 -0.80445176
0.72783726 7.584831 -0.6512228
0.6512228 7.584831 -0.19153613
0.49799398 7.8146744 0.8810662
0.53630114 7.967903 1.2258313
0.6512228 8.159439 1.3790601
0.9193734 8.389282 1.340753
1.2258313 8.657433 1.2258313
1.4939818 8.925584 1.1109096
1.685518 9.232041 0.6895301
1.7238252 9.423578 0.49799395
1.4939818 9.423578 0.34476507
1.2258313 9.385271 0.19153613
0.8810662 9.155427 0.38307226
0.53630114 9.040505 0.6512228
0.26815057 9.308657 1.3024457
0.22984336 9.615114 1.532289
0.19153613 9.959879 1.6472108
0.11492168 10.381259 1.8004398
0.076614454 10.649409 1.4173675
0.038307227 10.955868 1.2258313
0.0 11.185711 1.1492169
-0.076614454 11.185711 1.0342951
-0.26815057 11.262325 1.4939818
-0.49799395 11.33894 1.7238252
-0.6895301 11.33894 1.8004396
-0.80445176 11.492168 1.8770541
-0.80445176 11.530476 1.8770541
-0.61291564 11.683704 1.9536687
-0.34476504 12.066776 2.2601266
-0.038307227 12.373234 2.3750482
0.2681506 12.871228 2.4516625
0.4213795 13.139379 2.7581203
0.3830723 13.215993 2.719813
0.2681506 13.292607 3.064578
0.076614454 13.2543 3.064578
-0.038307227 13.2543 3.0262709
-0.038307227 13.2543 3.1795
0.038307227 13.215993 3.026271
0.19153613 13.177686 2.987964
0.30645782 13.177686 2.834735
0.34476507 13.024457 2.7964277
0.19153614 12.832921 2.9496565
-0.076614454 12.488156 3.2561145
-0.22984336 12.066776 3.7924156
-0.38307226 11.760319 4.137181
-0.45968673 11.568783 4.175488
-0.34476504 11.60709 3.86903
-0.2681506 11.722012 3.4476504
-0.11492168 11.9135475 2.7964277
0.038307227 12.105083 2.5665843
0.0 12.028469 2.7581203
-0.22984335 11.722012 2.834735
-0.5746084 11.18571 3.2561145
-1.187524 10.0748005 3.7541082
-1.3024457 9.844957 3.8307228
-1.2258313 9.998186 3.7924156
-1.0726023 10.22803 3.7541084
-0.99598795 10.649409 3.5242648
-1.0342951 10.879252 3.2561145
-1.1109096 10.955867 3.2561145
-1.3024457 10.840945 3.2561145
-1.4939818 10.611102 3.4859576
-1.6855179 10.496181 3.9456444
-1.9536685 10.342951 4.2137947
-2.1068974 10.342951 4.4053307
-2.183512 10.419566 4.55856
-2.1452045 10.534488 4.4053307
-1.9919758 10.649409 4.098873
-1.8770542 10.726024 3.7924156
-1.8004398 10.6877165 3.4859576
-1.838747 10.457873 3.371036
-1.9919758 10.189722 3.4093432
-2.2218192 9.921572 3.4476504
-2.4516625 9.653421 3.5242648
-2.6048915 9.576807 3.5242648
-2.681506 9.5385 3.371036
-2.6431985 9.5385 3.1028852
-2.528277 9.576807 2.7581205
-2.4516625 9.461885 2.4133554
-2.4516625 9.346964 2.3750482
-2.7964277 8.925584 2.7964275
-3.0645783 8.734048 3.1411927
-3.1794999 8.465898 3.1794999
-2.9879637 8.236053 2.6048913
-2.6048913 8.389282 2.2218192
-2.183512 8.925584 2.1452045
-1.7238252 9.768343 2.834735
-1.9536686 9.883265 3.4859579
-2.3750482 9.500193 4.098873
-2.7581203 9.002198 4.711789
-2.8730419 8.542512 4.596867
-2.6048913 8.274361 4.252102
-2.1068974 8.427589 3.6008794
-1.4173675 8.925583 2.7964277
-0.72783726 9.653421 2.2984335
-0.22984336 10.342951 2.2601264
-0.11492168 10.649408 2.6431987
-0.34476504 10.381258 3.4093432
-0.842759 9.844957 4.1754875
-1.3024457 9.270349 4.6351748
-1.3790603 8.963891 4.673482
-1.1109096 9.117121 4.367024
-0.5363012 9.653421 4.0222588
0.11492167 10.304644 3.5242648
0.6129156 10.917561 3.064578
0.8810662 11.33894 2.7964275
0.7278373 11.300632 2.7964275
0.30645782 10.840945 3.2944214
-0.26815057 10.189722 4.1754875
-0.842759 9.500192 4.9799395
-1.187524 9.040505 5.3247046
-1.2258313 8.887277 5.056554
-1.0342951 8.963891 4.2521024
-0.6895301 9.423578 3.2561145
-0.22984336 9.844957 2.5282772
0.11492168 10.189723 2.183512
0.2681506 10.419566 2.4516625
0.11492169 10.228029 2.7964275
-0.30645782 9.883265 3.4476504
-0.68953013 9.423578 3.907337
-1.0342952 8.810662 3.8690298
-1.1492169 8.274361 3.7541082
-0.9576807 7.967903 3.217807
-0.7278373 7.8529816 2.681506
-0.4213795 8.0445175 2.3750482
-0.076614454 8.312668 2.2218192
0.22984336 8.504204 2.1452045
0.49799395 8.6574335 2.2601264
0.6512229 8.389283 2.4133554
0.6129157 8.0445175 2.6431987
0.34476504 7.73806 2.9879637
0.076614454 7.431602 3.1411927
-0.11492168 7.546524 3.217807
-0.038307227 7.73806 3.1028855
0.2681506 8.00621 2.7581203
0.6512228 8.350975 2.6048915
1.1109096 8.619126 2.336741
1.4939818 9.117121 2.4133554
1.8004396 9.615114 2.834735
1.8770542 9.998186 3.1028855
1.7621324 10.189722 3.2944214
1.532289 10.036493 3.2561142
1.3407528 9.768343 2.9113493
1.3024457 9.576807 2.6048915
1.3790601 9.615114 2.4899697
1.532289 9.768343 2.566584
1.6089036 10.036493 2.9879634
1.5705962 10.342951 3.3710358
1.4173675 10.457872 3.8307226
1.1875241 10.49618 4.098873
0.91937345 10.266336 3.9839516
0.6895301 9.959879 3.7541084
0.61291564 9.768343 3.4859576
0.61291564 9.615114 3.064578
0.6895301 9.653421 2.7581205
0.84275895 9.80665 2.7198129
0.95768064 10.036493 2.6815057
0.9193734 10.151415 2.7964275
0.7278373 10.113108 2.7964275
0.45968673 9.883265 2.7581203
0.15322891 9.461885 2.6048913
0.076614454 9.308657 2.566584
0.19153613 9.346964 2.6048915
0.38307226 9.5385 2.6431987
0.6129156 9.844957 2.719813
0.68953 10.0748005 2.7581203
0.6512228 10.113108 2.7964275
0.42137948 9.998186 2.834735
0.19153613 9.844957 2.7964277
0.0 9.576807 2.6048915
-0.15322891 9.385271 2.3750482
-0.15322891 9.193734 2.0685902
-0.11492168 9.11712 1.7621324
-0.076614454 9.155428 1.4939818
0.0 9.461885 1.5705963
0.11492168 10.036493 1.9153613
0.19153613 10.534487 2.6048913
0.19153613 10.879252 3.2561142
0.15322891 10.955867 3.562572
0.038307227 10.764331 3.562572
-0.038307227 10.534488 3.2944217
0.0 10.496181 3.1028855
0.076614454 10.534488 3.064578
0.15322891 10.726024 3.1411927
0.22984335 11.032481 3.4093432
0.30645782 11.338939 3.7541084
0.4213795 11.683704 4.1371803
0.6512229 11.9135475 4.405331
0.91937345 12.143391 4.2521024
1.1492168 12.258312 4.022259
1.3024458 12.220005 3.7541084
1.340753 12.143391 3.6008797
1.2641385 12.028469 3.7158012
1.187524 12.105083 3.86903
1.1492168 12.181698 3.9456444
1.187524 12.449849 4.0222588
1.3024457 12.679692 3.9456444
1.3790601 12.756307 3.7924156
1.4939818 12.909535 3.562572
1.5322891 13.024457 3.3327289
1.4173675 13.024457 3.371036
1.340753 12.832921 3.562572
1.1109096 12.564771 3.9073372
0.8810662 12.296619 4.252102
0.8044517 12.028469 4.5202527
0.8044517 11.951855 4.55856
0.9193734 12.028469 4.596867
0.9959879 11.951855 4.596867
0.9576807 11.87524 4.7117887
0.8044518 11.722012 4.865018
0.6512228 11.33894 4.7884035
0.61291564 10.994174 4.711789
0.6512228 10.649409 4.3287168
0.7661445 10.457873 4.0222588
0.8810662 10.266336 3.6391866
0.99598795 10.0748005 3.371036
1.0726024 9.921572 3.1028855
1.1109096 9.730036 2.9113493
1.1492168 9.615114 2.9496565
0.9959879 9.423578 2.9496565
0.8810662 9.385271 3.1028855
0.7661445 9.193735 3.2561145
0.61291564 9.11712 3.3327289
0.6512228 9.11712 3.3327289
0.6512228 9.040505 3.371036
0.7278373 9.040505 3.4093432
0.7278373 8.925584 3.371036
0.6512229 8.772355 3.371036
0.5363012 8.504205 3.0262709
0.34476504 8.121132 2.6431985
0.30645782 7.8146744 2.2984335
0.30645782 7.6614456 2.1452048
0.38307226 7.584831 2.1452048
0.4213795 7.584831 2.2218194
0.34476507 7.584831 2.2984338
0.30645782 7.584831 2.221819
0.26815057 7.6231384 2.1835117
0.26815057 7.73806 1.9919758
0.30645782 7.699753 1.9536686
0.30645782 7.584831 1.7621324
0.19153613 7.3549876 1.7238252
0.038307227 7.163451 1.7238252
-0.15322891 7.086837 1.6472108
-0.26815057 7.086837 1.5705962
-0.26815057 7.278373 1.4939818
-0.07661445 7.469909 1.5705962
0.15322891 7.699753 1.6472107
0.30645782 7.8146744 1.685518
0.4213795 7.73806 1.685518
0.38307226 7.6614456 1.4556746
0.22984336 7.508217 1.2258313
0.038307227 7.3549876 1.1109096
-0.114921674 7.240066 0.9959879
-0.30645782 7.125144 1.1492169
-0.19153613 7.2017593 1.4173675
0.11492168 7.316681 1.7238252
0.34476504 7.4316025 1.9536686
0.61291564 7.4316025 1.8004396
0.6512228 7.316681 1.6089035
0.49799395 7.278373 1.3790601
0.42137948 7.4316025 1.4173675
0.3064578 7.8146744 1.8004398
0.22984335 8.082825 2.183512
0.19153613 8.159439 2.5665843
0.19153613 8.0445175 2.5665843
0.22984336 7.8529816 2.3750482
0.26815057 7.73806 2.030283
0.38307226 8.00621 1.7238252
0.4213795 8.427589 1.6089036
0.45968673 8.772354 1.5705965
0.4213795 9.078813 1.7621324
0.2681506 9.078813 1.9536686
0.11492168 8.925584 2.0685904

