-0.038307227 8.695741 2.183512
-0.11492168 8.504204 2.1068974
-0.11492168 8.465897 2.030283
-0.076614454 8.542511 2.030283
0.0 8.734047 1.9919758
0.22984335 9.615114 1.7238252
0.5363012 9.653421 1.4556746
0.9576807 9.730036 1.3024457
1.340753 9.730036 1.1109096
1.7621324 9.883265 1.0342951
1.7621324 9.959879 1.0726024
1.6855179 9.921572 1.0726024
1.6089035 9.80665 1.1875241
1.4939818 9.691729 1.2641385
1.4556746 9.653421 1.3024457
1.4556746 9.730036 1.3407528
1.4556746 9.844957 1.2258313
1.6089035 9.921572 0.9959879
1.6472108 9.883265 0.8810662
1.6089036 9.844957 0.8810662
1.4939818 9.768343 1.0726023
1.3790601 9.653421 1.4173673
1.4173673 9.653421 1.4939818
1.4556746 9.691729 1.4939818
1.4556746 9.691729 1.3790601
1.4556746 9.691729 1.3790601
1.3790601 9.653421 1.3790601
1.4173673 9.653421 1.3024457
1.4556746 9.768343 1.3024457
1.532289 9.80665 1.187524
1.685518 9.921572 1.1109096
1.7238252 9.959879 0.9576807
1.7238252 10.113108 0.9576807
1.7238252 10.228029 0.842759
1.6472108 10.304644 0.9193734
1.5705965 10.304644 1.1109096
1.3790603 10.0748005 1.2258312
1.1875241 9.921572 1.4173673
0.9959879 9.691729 1.4939818
0.88106626 9.5385 1.5322891
0.9193735 9.500193 1.5705963
0.9576807 9.500193 1.4556746
1.1109096 9.576807 1.340753
1.3024457 9.691729 1.1109096
1.4939818 9.768343 0.91937345
1.6472108 9.80665 1.0342951
1.7238252 9.844957 1.1109096
1.685518 9.80665 1.4939818
1.532289 9.768343 1.8004397
1.3790601 9.768343 1.9919758
1.1875241 9.576807 2.1068974
0.9959879 9.500193 2.030283
0.842759 9.346964 1.8770542
0.7278373 9.11712 1.5705963
0.68953 9.11712 1.2641385
0.8044517 9.11712 0.842759
1.0342951 9.232042 0.5746084
1.2258313 9.423578 0.5746084
1.3790601 9.500193 0.6895301
1.3790601 9.615114 0.9959879
1.3024457 9.653421 1.1492168
1.2258313 9.653421 1.1492168
1.0726024 9.730036 1.0726024
0.9193734 9.691729 0.9576807
0.8044517 9.653421 0.91937345
0.7661445 9.5385 0.9576807
0.842759 9.423578 1.0342952
0.9576807 9.2703495 1.1492168
1.0342952 9.232042 1.3024457
1.0342952 9.308657 1.4173673
0.9576807 9.385271 1.4173673
0.9193735 9.5385 1.3790601
0.88106626 9.691729 1.3790601
0.9959879 9.883265 1.2641385
1.1109096 10.113108 1.3024457
1.2258313 10.189722 1.0342951
1.0726023 9.921572 0.84275895
0.8810662 9.576807 0.61291564
0.6512228 9.385271 0.5746084
0.53630114 9.346964 0.7661445
0.49799395 9.615114 1.2641385
0.57460845 9.998186 1.8004396
0.57460845 10.304644 2.183512
0.53630114 10.49618 2.2984335
0.22984336 10.151415 1.532289
0.038307227 9.844957 0.91937345
-0.076614454 9.500193 0.38307226
-0.15322891 9.308656 0.0
0.0 9.040505 -0.076614454
0.15322891 9.461885 0.19153613
0.22984336 9.883265 0.38307226
0.26815057 10.189722 0.5363012
0.19153613 10.266336 0.61291564
0.038307227 10.189722 0.61291564
-0.19153613 9.998186 0.6512228
-0.4213795 9.80665 0.5746084
-0.5746084 9.615114 0.5363012
-0.6895301 9.5385 0.5363012
-0.72783726 9.461885 0.4213795
-0.6895301 9.461885 0.4213795
-0.61291564 9.615114 0.5363012
-0.61291564 9.80665 0.842759
-0.7661445 10.0748005 1.4556746
-1.0342951 10.228029 2.1452048
-1.4173675 10.189722 2.681506
-1.7238252 10.113108 2.7964275
-1.9153614 10.113108 1.9919758
-1.8004396 10.304644 1.3407531
-1.6855179 10.457873 0.8044518
-1.6089035 10.572795 0.45968673
-2.1835117 10.189722 1.3407528
-2.7581203 9.883265 2.2601264
-3.2944217 9.615114 3.1411927
-3.562572 9.615114 3.8307226
-3.562572 9.80665 3.7924154
-3.2178068 10.113109 3.409343
-2.7198129 10.304645 2.4899697
-2.2601264 10.419566 1.4556746
-1.9153613 10.419566 0.6512229
-1.6855179 10.304644 0.19153613
-1.6089035 10.228029 0.19153613
-1.6472107 10.036493 0.5363012
-1.685518 9.768343 0.91937345
-1.8004397 9.576807 1.340753
-1.9153614 9.346964 1.685518
-1.8770541 9.155428 1.8004397
-1.7621324 9.040506 1.8004397
-1.4556746 9.002198 1.5322891
-1.1109097 8.925584 1.2641385
-0.84275895 8.963891 0.9959879
-0.6512228 9.040505 0.7661446
-0.5363012 9.040505 0.6512229
-0.4213795 9.270349 0.49799395
-0.30645782 9.308656 0.49799395
-0.19153613 9.346964 0.6512228
-0.19153613 9.2703495 0.84275895
-0.26815057 9.002198 1.0342951
-0.38307226 8.734048 1.1492169
-0.45968676 8.427589 1.1492169
-0.45968673 8.082825 1.2258313
-0.34476504 8.00621 1.2258313
-0.2681506 8.00621 1.1875241
-0.15322891 8.0445175 0.9959879
-0.076614454 8.0445175 0.8044518
0.038307227 8.159439 0.61291564
0.11492168 8.121132 0.49799395
0.15322891 8.0445175 0.34476504
0.22984335 7.8912888 0.2681506
0.26815057 7.73806 0.15322891
0.3064578 7.699753 0.076614454
0.344765 7.6231384 0.26815057
0.26815057 7.6614456 0.38307226
0.15322891 7.508217 0.49799395
0.038307227 7.3549876 0.38307226
-0.076614454 7.2017584 0.15322891
-0.076614454 6.9719152 -0.11492168
-0.076614454 6.933608 -0.34476504
0.0 6.8186865 -0.34476504
0.11492168 6.9719152 -0.4213795
0.19153613 7.240066 -0.2681506
0.30645782 7.4316025 -0.22984336
0.30645782 7.6231384 -0.076614454
0.19153613 7.6231384 0.11492168
0.0 7.546524 0.38307226
-0.19153613 7.5082164 0.7278373
-0.26815057 7.431602 0.91937345
-0.038307227 7.469909 1.2641386
0.19153613 7.508217 1.3790601
0.34476504 7.73806 1.4939818
0.49799395 7.929596 1.4173673
0.5363012 8.082825 1.4556745
0.57460845 8.312668 1.3790601
0.6512228 8.465897 1.340753
0.7661445 8.619125 1.3024458
0.9576807 8.810662 1.2258313
1.1492168 9.002198 1.1109096
1.3407528 9.232042 0.8810662
1.532289 9.385271 0.61291564
1.6472108 9.500193 0.49799395
1.6089035 9.461885 0.4213795
1.4939818 9.346964 0.49799395
1.187524 9.11712 0.68953013
0.9576806 9.078813 0.9193734
0.8044517 9.232041 1.1109096
0.7278373 9.423578 1.2258313
0.80445176 9.768343 1.0726023
0.842759 10.113108 0.91937345
0.80445176 10.189722 0.80445176
0.6512228 10.151415 0.7278373
0.344765 10.0748005 0.9576807
-0.038307227 9.883265 1.1875241
-0.34476507 9.768343 1.5705963
-0.6512229 9.80665 2.030283
-0.8044518 9.959879 2.4516625
-0.9193735 10.189722 2.681506
-0.9576807 10.572795 2.6431987
-0.7278373 10.91756 2.4516625
-0.49799395 11.262324 2.2601264
-0.19153613 11.645397 2.183512
0.15322891 11.951855 2.1452045
0.45968673 12.220005 2.2601264
0.6512228 12.411541 2.2984335
0.84275895 12.488156 2.4133554
0.95768064 12.564771 2.7964272
0.8810662 12.717999 3.1411924
0.7661445 12.871228 3.4476504
0.49799395 12.909535 3.6774938
0.114921674 12.641384 3.6774938
-0.19153614 12.066776 3.4476504
-0.45968673 11.377247 3.1028852
-0.49799395 10.802639 2.8347347
-0.4213795 10.611102 2.566584
-0.26815057 10.6877165 2.375048
0.0 10.955867 2.528277
0.11492168 11.185711 2.4899697
0.22984336 11.33894 2.3750482
0.26815057 11.453861 2.4133554
0.19153613 11.415554 2.336741
0.038307227 11.224018 2.4133554
-0.26815057 10.764331 2.6048915
-0.6512228 10.266336 2.873042
-0.8810662 9.844957 3.064578
-0.9576807 9.730036 3.2178073
-0.842759 9.959879 3.4093432
-0.61291564 10.304644 3.4476504
-0.38307226 10.764331 3.4859576
-0.15322891 11.070789 3.3327289
0.038307227 11.377247 3.1795
0.19153613 11.568783 3.141193
0.19153613 11.568783 3.2561145
0.15322891 11.492168 3.562572
-0.038307227 11.3006315 3.9073372
-0.30645782 11.032481 4.0222588
-0.5363012 10.879252 4.0222588
-0.7661445 10.879252 3.9839516
-0.8810662 10.91756 3.7924156
-0.91937345 11.032481 3.8307228
-0.9576807 11.070788 3.7541084
-1.0342952 11.032481 3.8307228
-1.1492168 11.032481 4.060566
-1.3024457 10.879252 4.060566
-1.4939818 10.649408 4.060566
-1.685518 10.266336 3.9073372
-1.9153613 9.768343 3.6774938
-2.1068974 9.500193 3.6008794
-2.1452045 9.385271 3.6008794
-2.1452045 9.615114 3.6008794
-2.030283 9.921572 3.6391866
-1.9153614 10.266336 3.4476504
-1.9919758 10.381258 3.3327286
-2.183512 10.228029 3.2944214
-2.528277 9.883265 3.3327286
-2.9113493 9.385271 3.5625722
-3.1795 8.963891 3.8307228
-3.1795 8.734048 4.060566
-3.0262709 8.734048 4.1371803
-2.7581205 8.963891 4.1754875
-2.3750482 9.308657 4.0222588
-2.0685902 9.691729 3.7924156
-1.7621324 9.998186 3.4859576
-1.5705963 10.036493 3.4476504
-1.6089035 9.921572 3.5242648
-1.7621324 9.5385 4.0222588
-1.8004396 9.155428 4.865018
-1.7238252 8.925585 5.2863975
-1.4556746 9.040506 5.477934
-1.0342951 9.2703495 5.133168
-0.6895301 9.500193 4.520253
-0.4213795 9.653421 4.1371803
-0.26815057 9.5385 3.86903
-0.22984336 9.385271 3.9839516
-0.26815057 9.155428 4.098873
-0.38307226 8.963892 4.2521024
-0.49799395 8.734048 4.711789
-0.6512228 8.580819 5.0182467
-0.7661446 8.580819 5.2480903
-0.6512228 8.6574335 5.0565543
-0.2681506 9.002199 4.2904096
0.9193734 9.691729 2.336741
1.3790603 9.921572 1.6855179
1.5322891 9.959879 1.8004396
1.4173675 9.921572 2.3367407
1.1875241 9.883265 3.1794996
0.7278373 9.921572 3.9839513
0.3830723 9.730036 4.1371803
0.03830722 9.5385 3.9456444
-0.22984335 9.270349 3.6391869
-0.19153613 9.232041 3.371036
-0.22984335 9.385271 3.4476504
-0.11492168 9.500193 3.7158012
-0.038307227 9.653421 3.9073372
-0.038307227 9.308657 3.8690298
0.038307227 8.848969 3.4859574
0.15322891 8.312669 2.911349
0.2681506 7.776367 2.375048
0.30645782 7.5082164 2.1068974
0.4213795 7.5848308 2.2601264
0.57460845 8.082825 2.834735
0.8044518 8.810662 3.4476504
1.1109096 9.385271 3.8307228
1.3024458 9.500193 3.7541084
1.4556746 9.232041 3.1028855
1.4939818 8.772355 2.2984338
1.6472107 8.274361 1.838747
1.877054 8.00621 1.6472108
2.030283 7.8529816 1.7238252
2.413355 8.00621 2.183512
2.7964272 8.695741 2.7581203
3.0262706 9.423578 3.4859576
3.1794999 9.95988 4.0222588
2.9496562 9.95988 4.060566
2.528277 9.385271 3.6774938
2.2218192 8.772355 3.1028852
1.9919758 8.312668 2.7964277
1.9919758 8.121132 2.6048913
2.030283 8.159439 2.6048913
2.030283 8.427589 2.7964275
2.1452048 9.002198 3.064578
2.2218192 9.65342 3.6008792
2.336741 10.342951 4.098873
2.2984335 10.6877165 4.290409
2.2984335 10.726024 4.1754875
2.3367407 10.649409 3.7158008
2.4133554 10.381259 3.064578
2.6048915 10.228029 2.4516625
2.6431987 10.0748005 1.8770541
2.5665843 9.921572 1.4939818
2.4516625 9.959879 1.5322891
2.3367407 10.0748005 1.8004398
2.1835117 10.266336 2.2601264
2.0685902 10.381258 2.7581203
1.9153614 10.266336 2.9113493
1.8770542 10.151415 2.9113493
1.8770542 10.189722 2.681506
2.030283 10.266336 2.2601264
2.2601264 10.49618 1.838747
2.2601264 10.6877165 1.4939818
2.2601264 10.726024 1.3407528
2.183512 10.840945 1.4556746
2.183512 11.147403 1.877054
2.528277 11.645396 2.4516625
2.9113493 12.296619 3.1028852
3.2561145 12.871228 3.7158008
3.4093432 13.177686 4.1371803
3.1794996 13.2543 4.290409
2.7964277 13.101071 4.3287168
2.3750482 12.871228 4.3287168
1.9919759 12.717999 4.2137947
1.9153614 12.641385 4.098873
1.9919758 12.832921 4.098873
2.1452048 12.98615 4.060566
2.2984335 13.101071 4.098873
2.2984335 13.254301 4.2904096
2.2601264 13.101072 4.367024
2.0685902 12.986151 4.4819455
1.9153614 12.718 4.6351748
1.7621325 12.258313 4.673482
1.6089035 11.836933 4.5968676
1.5705963 11.492168 4.4436383
1.5705962 11.109097 3.86903
1.7238252 10.994174 3.6391864
1.8770542 10.994174 3.4476504
1.9919758 10.955867 3.4476504
2.030283 10.76433 3.4476504
1.8770542 10.534487 3.5242648
1.685518 10.113108 3.4859576
1.4939818 9.653421 3.4859576
1.3407528 9.346963 3.5242648
1.2641385 9.155427 3.5242648
1.1492169 9.078813 3.677494
1.0342951 9.040505 3.7924156
0.842759 8.810662 3.4476504
0.6895301 8.734048 3.2944214
0.6512229 8.695741 3.1794996
0.7278373 9.040506 3.6774936
0.80445176 9.002199 3.8307228
0.8810662 8.887278 3.7924156
0.84275895 8.6574335 3.4093432
0.8810662 8.312668 2.873042
1.0342951 8.236053 2.6048915
1.340753 8.427589 2.6431987
1.7238252 8.810662 2.834735
1.8770541 9.11712 3.1795
1.7238252 9.040505 3.1795
1.3407528 8.619126 2.7964277
0.84275895 8.00621 2.4899697
0.5746084 7.4699097 2.183512
0.45968676 7.278373 2.375048
0.38307226 7.2400656 2.6431985
0.4213795 7.31668 2.7964275
0.6512228 7.776367 2.7964275
1.0342951 8.350976 2.413355
1.4173675 8.772355 2.2218192
1.6472108 8.963891 1.9153614
1.4556746 8.580819 1.685518
1.0726023 7.8529816 1.7621324
0.6512228 7.0485296 1.8387469
0.38307226 6.550536 2.030283
0.34476504 6.550536 2.183512
0.38307226 6.8186865 2.3367407
0.5746084 7.3549876 2.2984335
0.7661445 7.8146744 2.1452048
0.95768064 7.8912888 2.030283
1.1109097 7.929596 1.7621325
1.1492169 7.8529816 1.5322891
1.0342951 7.6231384 1.3790601
0.80445176 7.4316025 1.2641385
0.61291564 7.086837 1.1109096
0.4596867 6.8186865 0.9959879
0.49799395 6.8569937 1.0342951
0.7278373 7.2400656 1.1109096
1.1109096 7.967903 1.3790601
1.37906 8.619126 1.7238253
1.4173675 9.002198 1.9153614
1.3024457 8.925584 1.9919758
0.91937345 8.389282 1.7238252
0.6512228 7.967903 1.3790603
0.53630114 7.623138 1.0342951
0.45968673 7.5082164 0.80445176
0.49799398 7.6614456 0.72783726
0.61291564 7.8912888 0.88106614
0.80445176 8.312668 1.0342951
0.9959879 8.657433 1.3024457
1.1492169 8.925584 1.4939818
1.1492169 9.078813 1.532289
0.99598795 8.963891 1.4939818
0.8044518 8.772355 1.3790601
0.61291564 8.427589 1.3024458
0.4213795 8.082825 1.1875241
0.2681506 7.8529816 1.340753
0.19153613 7.8912888 1.4556746
0.11492168 8.197746 1.5705965
0.038307227 8.580819 1.838747
0.038307227 8.963891 1.9536686
-0.076614454 9.232042 2.030283
-0.19153613 9.385271 2.1068974
-0.19153613 9.308657 2.1068974
-0.15322891 9.155428 2.1452045
0.0 9.078813 2.030283
0.22984336 9.193734 1.9919758

