0.4596867 9.576806 1.9536686
0.6512228 10.113108 1.9536686
0.80445176 10.534488 2.1452045
0.80445176 10.6877165 2.2984338
0.1532289 9.768343 1.8004396
0.95768064 9.844957 1.5705963
1.6472107 9.80665 1.5322891
2.1452045 9.615114 1.5322891
2.4899697 9.423578 1.6089035
2.4899697 9.2703495 1.3024458
2.6431987 9.385271 0.88106626
2.873042 9.615114 0.42137948
3.0262709 9.998186 0.038307227
3.1411927 10.342951 -0.15322891
3.0645783 10.342951 0.0
2.873042 10.189722 0.26815057
2.6431987 9.768343 0.6512228
2.3750482 9.2703495 1.1109096
2.0685902 8.963891 1.3024457
1.8004396 8.810662 1.3790603
1.5705963 8.848969 1.340753
1.4173673 9.078813 1.1492169
1.3790601 9.346964 0.99598795
1.4939818 9.576807 0.88106626
1.6472108 9.730036 0.842759
1.8387469 9.768343 0.8810662
1.9536686 9.730036 0.95768064
1.8770542 9.576807 1.1875241
1.4939818 9.5385 1.3790603
1.0342951 9.461885 1.532289
0.7278373 9.500193 1.7238252
0.57460845 9.615114 1.7238252
0.7278373 9.691729 1.532289
0.8810662 9.768343 1.1875241
0.9576807 9.768343 0.7661445
0.91937345 9.844957 0.61291564
0.7278373 9.883265 0.7661445
0.49799395 9.921572 1.1492169
0.15322888 9.959879 1.6089036
-0.15322891 9.844957 1.8770542
-0.34476504 9.80665 1.7621324
-0.4213795 9.730036 1.340753
-0.4213795 9.615114 0.7661445
-0.45968676 9.653421 0.22984338
-0.5363012 9.691729 -0.15322891
-0.5746084 9.921572 -0.076614454
-0.5363012 10.22803 0.076614454
-0.38307226 10.457873 0.30645782
-0.15322891 10.649409 0.6512229
0.0 10.649409 0.7661446
0.038307227 10.534487 0.9193735
0.0 10.49618 0.6512228
-0.11492168 10.49618 0.2681506
-0.22984335 10.419565 -0.11492166
-0.38307226 10.342951 -0.49799395
-0.6512228 10.0748005 -0.49799395
-1.0342951 9.691729 -0.07661445
-1.4556746 9.385271 0.5746084
-1.6089035 9.346964 1.2641385
-1.4939818 9.576807 1.7621324
-1.1109096 10.036493 1.8004396
-0.6512228 10.572794 1.4556746
-0.57460845 10.726024 0.6512228
-0.8810662 10.342952 0.2681506
-1.2258313 9.959879 -0.038307227
-1.3790601 9.615114 -0.45968673
-1.4173673 9.615114 -1.0726023
-1.4173673 9.691729 -0.8810662
-1.532289 9.844957 -0.3064578
-1.6472108 9.959879 0.3830723
-1.7238252 10.304644 1.1492168
-1.685518 10.496181 1.0342951
-1.6472108 10.572795 0.8810662
-1.6472108 10.457873 0.57460845
-1.838747 9.921572 0.26815057
-2.030283 9.615114 0.30645782
-2.2601264 9.308657 0.5746084
-2.4133554 9.117121 0.9959879
-2.4516625 9.155428 1.4939818
-2.336741 9.232042 1.8387468
-2.1452048 9.385271 1.9153614
-1.9536686 9.500193 1.6472106
-1.7238253 9.461885 1.1109095
-1.5322891 9.346964 0.5746084
-1.3790601 9.193735 0.15322891
-1.2258313 9.002199 -0.038307227
-1.1109096 8.734048 -0.038307227
-1.0726024 8.465897 0.038307227
-0.9959879 8.197746 0.19153613
-0.91937345 7.967903 0.34476504
-0.80445176 7.8146744 0.4213795
-0.61291564 7.73806 0.45968673
-0.4213795 7.699753 0.34476504
-0.15322891 7.776367 0.15322891
-0.038307227 7.8146744 0.15322891
0.0 7.73806 0.22984335
-0.076614454 7.546524 0.19153613
-0.15322891 7.201759 0.19153613
-0.30645782 6.818686 0.15322891
-0.4213795 6.5505357 0.26815057
-0.38307226 6.3589997 0.42137948
-0.34476504 6.2823853 0.42137948
-0.22984335 6.3206925 0.34476504
-0.11492168 6.3589997 0.15322891
0.038307227 6.4739213 0.0
0.22984336 6.5888433 -0.11492168
0.38307226 6.703765 -0.076614454
0.49799398 6.933608 0.038307227
0.5363012 7.125144 0.19153614
0.5363012 7.2017584 0.3830723
0.49799395 7.2017584 0.2681506
0.49799395 7.0102224 -0.15322891
0.53630114 6.742072 -0.6512228
0.53630114 6.5122285 -1.1875241
0.53630114 6.3589997 -1.4173675
0.2681506 6.3206925 -0.7661445
0.076614454 6.397307 -0.19153613
-0.11492168 6.5505357 0.30645782
-0.19153613 6.7037644 0.6512228
-0.19153613 7.0102224 1.1109096
-0.15322891 7.508217 1.4939818
0.038307227 7.929596 1.8387468
0.34476507 8.42759 1.8387468
0.7278373 8.772355 1.5705962
1.0342951 8.925584 1.1109096
1.2258313 9.078813 0.6512228
1.2258313 9.155427 0.4213795
1.1492169 9.346964 0.34476507
1.0726024 9.461885 0.61291564
1.0342952 9.5385 0.9959879
0.9576807 9.500193 1.3790601
0.842759 9.385271 1.7238252
0.6895301 9.232042 1.7238252
0.4596867 9.078813 1.6089035
0.30645782 9.117121 1.4173675
0.26815057 9.155428 1.4556748
0.30645782 9.346964 1.3790603
0.3830723 9.691729 1.5705962
0.3830723 9.921572 1.9153614
0.22984336 10.266336 1.8770541
0.038307227 10.496181 2.183512
-0.15322891 10.572795 2.2984335
-0.26815057 10.6877165 2.2218192
-0.38307226 10.649409 2.4899697
-0.5363012 10.764331 2.873042
-0.7661445 10.840945 3.217807
-1.1109096 10.91756 3.86903
-1.340753 10.91756 4.4819455
-1.4939818 11.032481 4.7500963
-1.4173673 11.262325 4.7884035
-1.0342951 11.722012 4.4053307
-0.53630114 12.373235 3.8307226
0.0 12.986151 3.562572
0.34476504 13.560759 3.8307226
0.4213795 13.752295 4.290409
0.22984336 13.790602 4.903325
-0.038307227 13.599065 5.2863975
-0.22984336 13.2543 5.4779334
-0.34476504 13.101071 5.439626
-0.30645782 13.139379 5.056554
-0.15322891 13.292608 4.8267107
0.038307227 13.637373 4.5202527
0.2681506 13.9438305 4.405331
0.45968673 14.211981 4.4819455
0.5363012 14.250288 4.6351748
0.3830723 14.288595 4.8267107
0.19153613 14.518438 5.286397
-0.038307227 15.016434 6.0525417
-0.15322891 15.820885 6.6271505
-0.076614454 16.472107 6.8186865
0.0 16.357185 6.550536
0.0 15.284584 5.7843914
-0.19153613 13.599066 4.9416323
-0.49799395 11.645397 4.2904096
-0.8810662 10.074801 3.86903
-1.2258313 8.963891 3.6391864
-1.5705962 8.350975 3.6391864
-1.877054 8.082825 3.8307228
-2.183512 8.0445175 4.55856
-2.3750482 8.082825 4.5968676
-2.4516625 8.197746 4.5202527
-2.4516625 8.504204 4.4436383
-2.336741 8.848969 3.9073372
-2.2601266 9.308657 4.0222588
-2.2601266 9.730036 4.252102
-2.336741 9.730036 4.098873
-2.6048913 9.500193 3.9073372
-2.873042 9.040505 3.86903
-3.064578 8.542511 3.5242648
-3.1794996 8.274361 3.4859576
-3.1028852 8.236053 3.3327286
-2.9496565 8.274361 3.0262709
-2.7964277 8.274361 2.9113493
-2.6431987 8.465897 2.834735
-2.48997 8.619125 2.9113493
-2.2984338 8.963891 2.9879637
-2.030283 9.423578 3.0262709
-1.8004396 9.576807 2.9879637
-1.6472107 9.615114 2.8730419
-1.6089035 9.423578 2.6431987
-1.5705963 9.078813 2.4516625
-1.4556748 8.734048 2.4133554
-1.340753 8.619125 2.4899697
-1.1492169 8.580818 2.9496565
-0.9193735 8.69574 3.371036
-0.6895301 9.11712 3.4476504
-0.3830723 9.308656 3.2944217
-0.2681506 9.38527 3.064578
-0.38307226 9.423577 2.7964275
-0.5746084 9.270349 2.7964275
-0.80445176 9.078813 2.9879637
-0.80445176 9.193734 2.9879637
-0.61291564 9.385271 2.8347347
-0.30645782 9.576807 2.719813
-0.038307227 9.883265 2.7964275
-0.076614454 9.998186 3.2944214
-0.42137948 9.80665 4.252102
-0.91937345 9.615114 5.094861
-1.2258313 9.38527 5.554548
-1.1492169 9.308656 5.401319
-0.6512229 9.500193 4.8267107
0.15322888 9.883265 4.2904096
0.842759 10.381258 3.677494
1.2641385 10.76433 3.2944217
1.4173673 10.802637 3.2178073
1.1492168 10.534487 3.2944217
0.7278373 10.113108 3.6774936
0.3830723 9.615114 4.1371803
0.11492168 9.308656 4.367024
0.11492168 9.193734 4.1754875
0.3830723 9.078813 3.6774936
0.7278373 9.155427 3.1794996
1.0726024 9.11712 2.681506
1.3790601 9.002198 2.6048913
1.4173673 8.848969 2.9879637
1.1492168 8.427589 3.4093432
0.72783726 7.8529816 3.6391864
0.30645782 7.163451 3.562572
0.0 6.703765 3.217807
-0.038307227 6.512229 2.9879637
0.19153613 6.5888433 2.9496565
0.5746084 7.125144 3.0262709
1.1492167 7.929596 3.2561142
1.7238251 8.772355 3.4093432
2.1452045 9.385271 3.4859576
2.4516625 9.691729 3.2561145
2.528277 9.615114 2.6431987
2.528277 9.308656 2.1452048
2.528277 9.11712 1.7621324
2.4133554 9.002198 1.7621324
2.2984338 8.963891 2.0685904
2.2218192 9.155428 2.4899697
2.183512 9.423578 3.064578
2.2601264 9.691729 3.4093432
2.336741 9.921572 3.6008797
2.4899697 9.998186 3.4476507
2.6431987 9.959879 3.026271
2.719813 9.844957 2.681506
2.7964277 9.80665 2.3367407
2.834735 9.844957 2.1452045
2.7964275 9.998186 2.2218192
2.719813 10.228029 2.4516625
2.566584 10.342951 2.834735
2.2984335 10.304644 3.1028855
1.9919758 10.0748005 3.1794999
1.7621324 9.730036 2.9879637
1.6089035 9.461885 2.681506
1.532289 9.232041 2.528277
1.5705963 9.193734 2.2984338
1.6089035 9.346963 2.260126
1.6472107 9.615114 2.336741
1.7238252 9.998186 2.4899697
1.6472108 10.228029 2.719813
1.4556746 10.189722 2.7964277
1.1875241 9.959879 2.834735
0.8810662 9.691729 2.6815062
0.7278373 9.5385 2.566584
0.8427589 9.730036 2.4516625
1.0726023 10.189722 2.2601266
1.3790601 10.6877165 2.0685904
1.6472108 11.185711 1.9919758
1.6472108 11.415554 1.9536686
1.5322891 11.415554 1.9153614
1.340753 11.224018 1.9536686
1.0726023 11.185711 1.9536686
1.0342951 11.224018 1.9536686
1.1875241 11.568783 2.1452048
1.340753 12.105083 2.2984338
1.6472108 12.526463 2.528277
1.8004398 13.101071 3.0262709
1.7238252 13.177686 3.2944217
1.4939818 13.177686 3.7541084
1.1109095 13.062764 4.098873
0.6895301 12.794614 4.367024
0.45968673 12.717999 4.55856
0.3830723 12.756307 4.673482
0.4213795 12.756307 4.5585604
0.5363012 12.794614 4.4053307
0.68953013 12.947843 4.3670235
1.0726024 13.024458 4.3670235
1.4173673 13.369223 4.5585604
1.685518 13.599066 4.6351748
1.7238252 13.560759 4.711789
1.4173675 13.177686 4.6734815
1.1492169 12.679692 4.5202527
0.9959879 12.373234 4.4053307
0.95768064 12.105083 4.4436383
1.0342951 11.9135475 4.4819455
0.9959879 11.492168 4.4819455
0.9193734 10.994174 4.2137947
0.8044517 10.6877165 4.060566
0.84275895 10.726024 3.9839516
1.0342951 10.649409 3.5242648
1.1492169 10.266337 3.1028852
1.1492169 9.768343 2.4516625
0.91937345 9.040505 1.9153612
0.5746084 8.580818 2.030283
0.4596867 8.6574335 2.6815057
0.49799395 8.925584 3.4859576
0.91937345 9.653421 4.1371803
1.2258313 9.653421 3.562572
1.6089035 9.500193 2.7964277
1.9153614 9.11712 2.0685902
1.9536686 8.6574335 1.685518
1.685518 8.350975 1.9536687
1.1875241 8.082825 2.2984335
0.6512228 7.967903 2.7964277
0.30645782 7.967903 3.1795
0.11492168 7.699753 3.1411924
0.15322891 7.5082164 2.9496565
0.34476504 7.5082164 2.7198129
0.61291564 7.393295 2.3750482
0.7661445 7.3549876 2.1835117
0.84275895 7.2017584 2.0685902
0.7661445 6.9719152 2.030283
0.5746084 6.895301 2.0685902
0.61291564 7.086837 2.2601264
0.7661445 7.3932953 2.4899697
0.95768064 7.6231384 2.5665843
1.0342951 7.73806 2.6431987
0.84275895 7.393295 2.48997
0.49799395 6.895301 2.2984338
0.22984335 6.4739213 2.1452048
0.19153613 6.244078 1.8770541
0.2681506 6.397307 1.5705962
0.38307226 6.703765 1.3790601
0.49799395 6.895301 1.1492168
0.45968673 7.086837 1.0726024
0.38307226 7.125144 1.1109096
0.30645782 7.0485296 1.0726024
0.15322891 7.0485296 1.0726024
0.11492168 6.9719152 1.187524
0.076614454 6.8569937 1.2641385
0.076614454 6.895301 1.340753
0.15322891 6.933608 1.4556746
0.19153613 7.125144 1.4939818
0.30645782 7.584831 1.6472107
0.4213795 8.159439 1.8770541
0.5746084 8.619126 2.030283
0.6512229 8.734048 2.1068974
0.6895301 8.465898 1.9153614
0.5746084 7.8912888 1.4556746
0.38307226 7.584831 1.1875241
0.19153613 7.8912888 0.9959879
0.30645782 8.312668 1.2641385
0.4213795 8.542511 1.4173675
0.45968673 8.695741 1.5705962
0.45968673 8.772355 1.5705962
0.34476504 8.734048 1.685518
0.114921674 8.542512 1.6089035
-0.076614454 8.542512 1.4173673
-0.15322891 8.350975 1.2641385
-0.22984336 8.312668 1.0342952
-0.22984336 8.657433 1.0342952
-0.11492168 8.887278 1.1492168

