-0.11492168 9.385271 1.3790601
0.0 9.883265 1.5322891
0.19153613 10.113108 1.5705963
0.34476504 10.189722 1.5322891
0.5363012 9.844957 1.4556745
0.61291564 9.346964 1.532289
0.0 9.615114 1.8004397
0.6895301 9.5385 1.7238251
1.9919759 9.500193 1.7621325
2.5665843 9.500193 1.9536686
2.681506 9.576807 1.9919758
2.834735 9.653421 2.1068976
2.9879637 9.653421 2.183512
3.064578 9.615114 2.183512
2.8730419 9.385271 1.9536686
2.6815057 9.308657 1.8004396
2.566584 9.308657 1.5705962
2.6048915 9.461885 1.4173675
2.719813 9.653421 1.4173675
2.834735 9.768343 1.4556746
2.9113493 9.768343 1.5705965
2.873042 9.653421 1.6089036
2.7964275 9.576807 1.4939818
2.6431987 9.615114 1.1492168
2.5282772 9.691729 0.95768064
2.4133554 9.576807 0.8810662
2.2218192 9.5385 0.80445176
1.9153614 9.500193 1.1109096
1.7238252 9.500193 1.3407528
1.4556746 9.155427 1.5322891
1.2641386 9.040505 1.6472107
1.3024458 9.155428 1.6089035
1.3790603 9.346964 1.4939818
1.4556746 9.461885 1.1109096
1.6472108 9.576807 0.5363012
1.6089035 9.653421 0.6512228
1.4939818 10.036493 1.3790601
1.2258313 10.0748005 1.7621325
0.9193734 9.998186 1.9153614
0.72783726 9.998186 2.0685902
0.6512228 10.342951 1.6089034
0.8810662 10.572795 1.2641383
1.0726023 10.6877165 0.68953
1.2258313 10.611102 0.30645782
0.95768064 10.381258 0.076614454
0.6129156 10.304644 0.30645782
0.19153613 10.266336 0.5746084
-0.19153611 10.151415 0.91937345
-0.4596867 9.921572 1.1109096
-0.61291564 9.730036 1.1109096
-0.5746084 9.653421 1.0342951
-0.38307226 9.768343 0.84275895
-0.15322891 10.0748005 0.72783726
0.038307227 10.419565 0.6512228
0.038307227 10.6877165 0.6512228
-0.076614454 10.764331 0.5746084
-0.34476504 10.572794 0.49799395
-0.7278373 10.228029 0.38307226
-0.9959879 9.883265 0.30645782
-1.1492168 9.615114 0.5363012
-1.2641385 9.615114 0.7278373
-1.1875241 9.730036 0.8810662
-0.9959879 9.80665 0.84275895
-0.842759 9.921572 0.53630114
-0.61291564 9.921572 0.11492167
-0.49799398 9.921572 -0.11492168
-0.5746084 9.959879 -0.038307227
-0.6512228 10.036493 0.11492168
-0.72783726 10.0748005 0.34476504
-0.84275895 10.036493 0.34476504
-0.9959879 9.883265 0.22984336
-1.2258313 9.346964 0.19153613
-1.4939818 8.887277 0.26815057
-1.685518 8.734048 0.53630114
-1.7621324 8.734048 0.7661445
-1.7621324 9.232042 0.7278373
-1.6855179 9.691729 0.61291564
-1.6089035 9.921572 0.4213795
-1.5705963 10.151415 0.22984336
-1.532289 10.0748005 0.26815057
-1.532289 9.998186 0.26815057
-1.5705963 9.844957 0.38307226
-1.6472107 9.576807 0.6895301
-1.8004397 9.423578 0.95768064
-1.9919758 9.346964 1.4173675
-2.1068974 9.385271 1.7621324
-2.0685902 9.615114 1.8387468
-1.9153614 9.844957 1.6089036
-1.6472108 9.998186 1.1492169
-1.3790603 10.113108 0.6895301
-1.1875241 10.0748005 0.26815057
-1.0726023 9.959879 0.15322891
-1.1109096 9.844957 0.30645782
-1.2258313 9.576807 0.4596867
-1.3790601 9.308657 0.6512228
-1.4939818 9.117121 0.9576807
-1.4556746 8.963891 1.1492169
-1.3024457 9.040505 1.2641385
-1.1109096 9.232041 1.4939818
-0.91937345 9.385271 1.4939818
-0.7278373 9.423578 1.340753
-0.53630114 9.423578 1.340753
-0.34476504 9.2703495 1.2258313
-0.15322891 9.078813 1.1875241
-0.038307227 8.810662 1.1875241
-0.038307227 8.389282 1.0726024
-0.038307227 7.8912888 0.9576807
0.0 7.5082164 0.7661445
0.076614454 7.2017584 0.5746084
0.26815057 7.125144 0.49799395
0.4596867 7.2017584 0.4213795
0.6129156 7.316681 0.34476507
0.72783726 7.4699097 0.3830723
0.7661445 7.4699097 0.4213795
0.72783726 7.3549876 0.45968673
0.6512228 7.0485296 0.61291564
0.49799395 6.7420716 0.5746084
0.38307226 6.4739213 0.4596867
0.30645782 6.2440777 0.26815057
0.22984335 6.1674633 0.038307227
0.38307226 6.129156 -0.076614454
0.53630114 6.129156 -0.076614454
0.7278373 6.397307 0.038307227
0.91937345 6.703765 0.30645782
0.842759 6.933608 0.6895301
0.6512229 7.125144 0.9576807
0.3830723 7.086837 1.0726024
0.19153613 6.8569937 0.9193734
0.15322891 6.7803793 0.7278373
0.19153613 6.7803793 0.49799392
0.22984336 6.895301 0.49799392
0.22984336 7.125144 0.61291564
0.15322891 7.3166804 0.61291564
0.038307227 7.431602 0.842759
-0.038307227 7.431602 0.8810662
-0.076614454 7.469909 0.9576807
-0.038307227 7.5465236 1.3024458
0.038307227 7.6614456 1.1875241
0.15322891 7.8529816 1.1492168
0.15322891 7.967903 0.9959879
0.076614454 8.082825 0.61291564
0.038307227 8.159439 0.5363012
0.038307227 8.274361 0.5363012
0.15322891 8.580818 0.6512229
0.34476504 8.887276 0.8810662
0.53630114 9.308657 1.3024458
0.61291564 9.844957 1.6472108
0.57460845 10.266336 1.9536687
0.4213795 10.572795 1.838747
0.30645782 10.840945 1.6089036
0.22984336 10.91756 1.4173675
0.11492168 11.032481 1.1492168
-0.038307227 11.147403 1.3407528
-0.2681506 11.147403 1.4939818
-0.53630114 11.109096 1.8387468
-0.68953 11.18571 2.3367407
-0.7661445 11.415553 2.719813
-0.842759 11.9135475 2.9496562
-0.842759 12.641385 2.8730419
-0.8044518 13.215993 2.8347347
-0.68953013 13.560759 2.4516625
-0.53630114 13.560759 2.2984338
-0.53630114 13.369223 2.2218192
-0.5746084 13.177687 2.183512
-0.6895301 13.101071 2.4899697
-0.91937345 13.215993 2.873042
-1.0726023 13.407529 3.217807
-1.2258313 13.599065 3.4859576
-1.3024457 13.828909 3.6008792
-1.2641385 13.828909 3.4476504
-1.1875241 13.752295 3.371036
-1.1492169 13.599066 3.2944217
-1.1109096 13.369222 3.217807
-1.1492169 13.3309145 3.2944214
-1.3024457 13.215993 3.2944214
-1.532289 13.101071 3.217807
-1.7621324 12.871228 3.2944217
-1.9919758 12.449848 3.4093432
-2.1068976 12.105083 3.5242648
-2.0685902 11.760319 3.4859576
-2.0685902 11.60709 3.371036
-1.9919758 11.453861 3.217807
-1.9153614 11.338939 3.064578
-1.9153614 11.262324 3.1411927
-1.8770542 11.18571 3.2561145
-1.8387469 11.262325 3.2561145
-1.9153614 11.33894 3.141193
-2.030283 11.185711 3.141193
-2.336741 11.032482 3.2178073
-2.8347347 10.6877165 3.3327289
-3.2561142 10.266337 3.6391869
-3.6391866 10.151415 3.7924156
-3.8307228 10.036493 3.7541084
-3.9073372 10.0748005 3.7924156
-3.9456444 10.0748005 3.7158012
-3.9839516 9.959879 3.562572
-4.060566 9.691729 3.5242648
-4.0222588 9.2703495 3.4093432
-4.0222588 8.887277 3.3327289
-3.86903 8.657433 3.1795
-3.677494 8.69574 3.1411927
-3.5242648 9.155428 3.217807
-3.3327289 9.691729 3.2944214
-3.2561145 10.113108 3.409343
-3.217807 10.151415 3.2944214
-3.1794996 9.768343 2.9113493
-3.064578 9.2703495 2.4516625
-2.9113493 8.84897 2.030283
-2.681506 8.734048 1.8004397
-2.528277 8.810662 1.6472108
-2.566584 8.887277 1.7621324
-2.6815057 8.772355 2.1452048
-2.8730419 8.389282 2.719813
-3.0262709 7.967903 3.3710358
-2.8730419 7.699753 3.562572
-2.4899697 7.699753 3.217807
-1.9153612 8.0445175 2.2601264
-1.2258313 8.542512 1.1492169
-0.6895301 9.040505 0.34476507
-0.4213795 9.385271 0.114921674
-0.49799395 9.576807 0.68953013
-0.842759 9.423578 1.6472108
-1.3790601 9.117121 2.834735
-1.8387468 8.695741 3.7924154
-2.0685902 8.236053 3.9456441
-1.9919758 8.0445175 3.562572
-1.4939818 8.00621 2.6048913
-0.8810662 8.274361 1.4556746
-0.15322892 8.810661 0.8810662
0.4213795 9.5385 1.1492168
0.5363012 10.113108 2.030283
0.34476507 10.342951 3.1411927
-0.15322891 10.151415 3.9839516
-0.7278373 9.576807 4.2137947
-1.2258313 8.542512 3.4476504
-1.0342952 8.312668 2.75812
-0.49799395 8.504205 2.221819
0.22984333 9.11712 2.2601266
0.8810662 10.113108 2.7581205
1.3407528 10.955867 3.6008794
1.532289 11.262324 4.098873
1.4939818 10.802638 3.9073374
1.3024457 9.80665 3.2178073
0.9959879 8.734048 2.4899697
0.7661445 7.929596 2.030283
0.6129156 7.776367 2.030283
0.80445176 8.274361 2.6048915
1.532289 9.615114 3.4859576
2.1068974 10.6877165 4.213795
2.528277 11.070788 4.367024
2.6431987 10.764331 4.060566
2.2984335 9.5385 3.1794999
2.0685902 8.619126 2.4133554
2.0685902 8.159439 2.1068976
2.2601264 8.0445175 1.9919758
2.528277 8.274361 2.0685902
2.9879637 8.848969 2.1835117
3.6008794 9.80665 2.413355
4.1754875 10.840945 2.6048913
4.673482 11.568783 2.6048913
4.711789 11.530476 2.6431985
4.290409 10.91756 2.3750482
3.6774938 9.998186 2.1452048
3.1028855 9.232041 2.2218192
2.7581205 8.848969 2.183512
2.5665843 8.734048 2.2984335
2.6431987 8.887277 2.4899697
2.7581203 9.308657 2.7581203
2.9496565 9.921572 3.1028855
3.217807 10.419565 3.217807
3.3327286 10.802637 3.1411927
3.2944214 10.802637 2.7581203
3.0645783 10.419565 2.2984335
2.6431987 9.921572 1.9919758
2.183512 9.500193 1.838747
1.8387469 9.346964 1.8004397
1.5705963 9.423578 2.030283
1.532289 9.80665 2.528277
1.6855179 10.304644 2.9113493
1.8387468 10.726024 3.3327289
1.9919758 11.109097 3.4859576
1.9919758 11.032481 3.3327289
1.7238252 10.6877165 3.0645783
1.4173675 10.266336 2.6048915
1.0342952 9.844957 2.3367407
0.7278373 9.730036 2.0685902
0.61291564 9.730036 1.9919758
0.5746084 9.921572 2.1452045
0.7661446 10.304644 2.2984338
1.0726023 10.726024 2.6431985
1.3790603 11.377247 2.9879637
1.685518 11.990162 3.1794999
1.4939818 12.488155 2.528277
1.7238252 12.679691 2.6431987
1.6089035 12.526463 3.2561142
1.1875241 12.603077 3.715801
1.1109097 12.411541 4.7500963
0.49799395 12.411541 4.865018
0.30645782 12.641384 4.3670235
0.61291564 12.871227 4.2137947
1.0726024 13.215994 4.098873
1.4939818 13.522451 4.0222588
1.7238252 13.599066 4.1371803
1.6472108 13.215993 4.1754875
1.37906 12.794614 4.1754875
1.1109096 12.526463 4.290409
0.99598795 12.373234 4.3287163
0.9576807 12.258312 4.252102
1.0342951 12.181698 4.252102
1.0726024 11.87524 4.060566
0.9576807 11.492168 3.7924156
0.842759 11.070789 3.715801
0.6512228 10.726024 3.7541082
0.61291564 10.611102 3.9456444
0.8044517 10.611102 4.060566
1.0726023 10.611102 3.8690298
1.3790603 10.649409 3.5625722
1.4939818 10.572795 3.2561142
1.3024457 10.266337 3.2561142
0.8810662 9.844957 3.5242648
0.38307226 9.385271 3.6774936
0.0 9.117121 3.7541084
-0.076614454 9.078814 3.6391864
0.038307227 9.232042 3.1028852
0.2681506 9.461885 2.566584
0.49799395 9.461885 2.1452048
0.61291564 9.346964 1.877054
0.6512228 9.308656 1.9919758
0.6512228 9.11712 2.2984338
0.61291564 8.887277 2.4133554
0.45968673 8.695741 2.3750482
0.2681506 8.389282 2.2984335
0.0 8.00621 2.183512
-0.34476504 7.73806 2.2218192
-0.5746084 7.5082164 2.4516625
-0.5746084 7.431602 2.6431985
-0.38307226 7.6231384 2.6815057
7.4505806E-9 7.776367 2.6048913
0.45968673 7.929596 2.0685902
0.7661445 8.00621 1.6089034
0.8044518 7.776367 1.3790603
0.6512229 7.469909 1.3024457
0.2681506 6.933608 1.4556746
-0.19153613 6.3589997 1.532289
-0.38307226 6.1291566 1.532289
-0.34476504 6.014235 1.4173673
-0.19153613 6.167464 1.1492168
0.0 6.4356146 0.84275895
0.038307227 6.6271505 0.61291564
-0.076614454 6.742072 0.5363012
-0.11492168 6.8569937 0.6512228
-0.076614454 6.933608 0.80445176
0.038307227 6.8569937 0.9576807
0.11492168 6.895301 0.91937345
0.11492168 6.9719152 0.8810662
0.038307227 7.1251445 0.6895301
-0.11492168 7.2783732 0.49799392
-0.19153613 7.431602 0.45968673
-0.19153613 7.73806 0.5363012
-0.22984336 7.967903 0.9576807
-0.22984336 8.350975 1.4939818
-0.26815057 8.6574335 1.9153614
-0.344765 8.772355 2.2218192
-0.19153611 8.887277 2.183512
0.038307227 8.772355 1.7238252
0.344765 8.810662 1.1109096
0.6129156 8.925584 0.5363012
0.72783726 9.155428 0.34476504
0.6512228 9.500193 0.5363012
0.4596867 9.615114 0.9576807
0.19153613 9.500193 1.4556746
0.038307227 9.270349 1.6472108
0.076614454 9.155427 1.685518
0.19153613 9.270349 1.6472108
0.34476504 9.346963 1.4556746
0.30645782 9.38527 1.3790601
0.11492168 9.193734 1.3790601
-0.114921674 8.963891 1.493982
-0.26815057 9.002198 1.7621325
-0.3064578 9.117121 1.8770542
-0.22984335 9.461885 1.9536686
-0.076614454 9.691729 1.9153614
0.0 9.730036 1.7238252
0.11492168 9.615114 1.4939818
0.19153613 9.423578 1.3024458
0.19153613 9.270349 1.2258313
0.22984336 9.308656 1.3024458
0.22984336 9.461885 1.6472108
0.11492168 9.5385 1.9153614
0.038307227 9.615114 2.0685902
-0.038307227 9.5385 2.0685902
-0.19153613 9.500193 1.9153614
-0.19153613 9.461885 1.8770542
-0.19153613 9.385271 1.685518
-0.19153613 9.423578 1.4939818
-0.15322891 9.346964 1.3024458
-0.11492168 9.346964 1.0726024
0.038307227 9.500193 1.1109096
0.11492168 9.576807 1.1875241

