0.22984336 9.730036 1.3024458
0.4213795 9.921572 1.6089035
-0.19153613 9.80665 1.8770542
1.4901161E-8 9.921572 1.6472107
0.61291564 9.768343 1.8004397
1.2258313 9.730036 1.9919758
1.7238252 9.80665 2.1452045
1.7621324 9.844957 2.2601264
1.8770542 9.883265 2.2601264
1.9153614 9.883265 2.2601264
1.9536686 9.844957 2.2218192
2.183512 9.423578 2.1068974
2.4133554 9.346964 1.9536686
2.6431985 9.385271 1.7238252
2.8347347 9.576807 1.6472108
2.9496565 9.921572 1.7238252
2.7964275 9.883265 1.9153614
2.6431987 9.730036 1.9153614
2.528277 9.423578 1.8387468
2.4133554 8.887277 1.2641385
2.4133554 8.6574335 0.9576807
2.4133554 8.6574335 0.68953013
2.4133554 8.695741 0.6512229
2.2601264 8.963891 0.9576807
2.1068974 9.040505 1.340753
1.9536686 8.963891 1.532289
1.7621325 8.963891 1.685518
1.7238252 9.002198 1.4556746
1.7238252 9.040505 1.1109095
1.7238252 9.11712 0.76614445
1.9153614 9.270349 0.6129156
2.1068976 9.346963 0.72783726
2.2218192 9.461885 0.84275895
2.3367407 9.653421 1.0342951
2.3367407 9.691729 1.1492168
2.2601264 9.768343 1.1492168
2.1452048 9.921572 1.2258313
1.9919758 10.0748005 1.4173675
1.8004396 10.228029 1.5322891
1.532289 10.189722 1.6472108
1.3024457 9.959879 1.5705963
1.1109096 9.615114 1.3024457
0.91937345 9.346964 1.0726023
0.91937345 9.346964 0.95768064
0.91937345 9.500193 0.9959879
0.91937345 9.80665 1.2641385
0.99598795 10.113108 1.4939818
0.842759 10.228029 1.685518
0.68953013 10.266336 1.8770542
0.49799398 10.304644 1.8770542
0.22984335 10.228029 1.8387469
0.076614454 10.151415 1.685518
0.0 10.151415 1.4173675
-0.038307227 9.998186 1.1875241
0.038307227 9.844957 0.88106626
0.11492168 9.615114 0.45968673
0.15322891 9.423578 0.0
0.34476504 9.461885 -0.61291564
0.61291564 9.80665 -1.0342951
0.9576807 10.534487 -1.0726023
1.2641385 11.262325 -0.80445176
1.3024458 11.722012 -0.03830725
1.0726024 11.87524 0.7278373
0.6512229 11.45386 1.2641385
0.15322891 10.726024 1.4939818
-0.38307226 9.844957 1.3790601
-0.8810662 9.002198 1.0726024
-1.1492169 8.465897 0.61291564
-1.1109096 8.159439 0.076614454
-0.7278373 8.274361 -0.5363012
-0.22984336 8.542511 -1.0342951
0.15322891 8.887277 -1.2258313
0.30645782 9.346964 -0.9959879
0.19153613 9.653421 -0.5363012
-0.15322891 9.883265 0.11492169
-0.5746084 10.0748005 0.5746084
-0.95768064 9.998186 0.6895301
-1.3024457 9.883265 0.53630114
-1.3790601 9.730036 -0.038307227
-1.2258313 9.461885 -0.68953013
-1.0342951 9.2703495 -1.1492168
-0.72783726 9.155427 -1.340753
-0.4596867 9.193734 -1.0726024
-0.38307226 9.538499 -0.61291564
-0.4213795 10.151415 -0.076614454
-0.6512228 10.764331 0.6512228
-1.0726023 11.109096 1.3790601
-1.532289 11.147403 1.9536685
-1.9536686 10.879252 2.2984335
-2.1068974 10.49618 2.0685902
-1.9919758 10.189722 1.2641385
-1.3790601 9.921572 0.2681506
-0.19153614 9.691729 -1.1109096
0.15322891 9.768343 -0.91937345
0.0 9.959879 -0.114921674
-0.34476507 10.228029 0.7661445
-0.842759 10.496181 1.4173675
-1.3024457 10.572795 1.5705965
-1.5705965 10.419566 1.3790603
-1.6089036 10.113108 0.7661445
-1.4939818 9.691729 0.15322891
-1.1875241 9.308657 -0.26815057
-0.95768064 9.11712 -0.5746084
-0.7661445 9.002198 -0.4596867
-0.5363012 9.078814 -0.07661444
-0.5746084 9.2703495 0.26815057
-0.76614445 9.576807 0.80445176
-1.3407528 10.189723 1.340753
-1.532289 10.304645 1.3024457
-1.5705962 10.266337 0.842759
-1.532289 10.151415 0.5363012
-1.4173675 9.921572 0.5363012
-1.3790603 9.80665 0.61291564
-1.3024457 9.615114 0.842759
-1.2641385 9.385271 0.9959879
-1.2258313 9.308656 0.80445176
-1.1492169 9.193734 0.7661445
-1.1109096 9.308656 0.72783726
-1.0726024 9.615114 0.84275895
-1.0342952 9.883265 1.0342951
-0.9959879 10.151415 1.2258313
-1.0342952 10.228029 1.3024457
-1.0726024 9.998186 1.0342951
-1.1492169 9.615114 0.9959879
-1.37906 8.848969 1.532289
-1.37906 8.734048 2.0685902
-1.3407528 8.848969 2.566584
-1.1492168 9.040505 2.7964275
-0.9959879 9.11712 2.7581203
-0.8044518 9.155427 2.6048915
-0.57460845 9.002198 2.2984338
-0.38307226 8.772355 1.9919758
-0.22984335 8.542511 1.685518
-0.22984336 8.00621 1.5322891
-0.22984336 7.699753 1.5322891
-0.15322891 7.431602 1.5705963
0.0 7.086837 1.4173673
0.19153613 6.933608 1.1492168
0.34476504 6.7803793 0.9959879
0.38307226 6.6654577 0.9959879
0.34476504 6.6654577 1.2258313
0.22984335 6.6654577 1.5705962
0.15322891 6.6271505 1.8004396
0.076614454 6.473921 1.532289
0.076614454 6.282385 1.1875241
0.15322891 6.0525417 0.7661445
0.19153613 6.0142345 0.5363012
0.22984336 6.1291566 0.6895301
0.22984336 6.3206925 0.7278373
0.19153613 6.550536 0.61291564
0.15322891 6.703765 0.34476507
0.11492168 6.9719152 0.038307227
-0.11492168 7.2783732 0.076614454
-0.34476504 7.201759 0.3830723
-0.53630114 7.04853 0.80445176
-0.6895301 7.04853 1.1492168
-0.61291564 7.201759 1.3407528
-0.3064578 7.623138 1.2258313
0.07661446 7.967903 0.84275895
0.5746084 8.274361 0.49799395
0.842759 8.427589 0.22984335
0.9576807 8.427589 0.22984335
1.0342951 8.504204 0.5363012
0.9576807 8.580818 0.842759
0.8810662 8.772354 1.1492168
0.7661445 9.078814 1.340753
0.53630114 9.423578 1.3790601
0.38307226 9.653421 1.2258313
0.34476504 9.768343 1.1875241
0.30645782 9.921572 1.1875241
0.38307226 9.959879 1.1875241
0.4213795 10.113108 1.3407528
0.45968673 10.189722 1.3407528
0.3830723 10.419565 1.3790603
0.34476504 10.611101 1.532289
0.34476504 10.840945 1.7238252
0.2681506 11.109097 1.8387469
0.19153613 11.147404 1.8770541
-0.038307227 11.262325 1.9153614
-0.34476504 11.224018 2.030283
-0.61291564 11.262325 2.1835117
-0.80445176 11.453861 2.4516625
-0.91937345 11.683704 2.7198129
-1.0726024 11.9135475 2.8347347
-1.1875241 11.990162 2.7581203
-1.3024458 11.87524 2.6048915
-1.3790601 11.683704 2.4516625
-1.3790601 11.530476 2.2984335
-1.3790601 11.453861 2.4133554
-1.3024458 11.60709 2.4899697
-1.1875241 11.87524 2.4516625
-1.0726024 12.181698 2.528277
-0.99598795 12.449848 2.528277
-0.99598795 12.5264635 2.719813
-1.1875241 12.334928 2.9496567
-1.4556746 11.990163 3.1028855
-1.6472108 11.60709 3.3710358
-1.8387469 11.33894 3.4476502
-1.8770541 11.33894 3.409343
-1.8387469 11.453861 3.3327286
-1.7238252 11.722012 3.0262709
-1.685518 11.9135475 2.681506
-1.5705963 12.181698 2.6431987
-1.532289 12.488155 2.719813
-1.7621324 12.679691 2.8347347
-1.9919758 12.909535 3.1794999
-2.4516625 12.947843 3.3710358
-2.873042 12.909535 3.6008792
-3.2561145 12.947843 4.098873
-3.6008792 12.832921 4.4436383
-3.7924156 12.871228 4.673482
-4.0222588 12.832921 4.7884035
-4.1754875 12.56477 4.596867
-4.2904096 12.411541 4.2904096
-4.4436383 11.990162 4.0222588
-4.4819455 11.568783 3.7158012
-4.4819455 11.147404 3.2944217
-4.55856 10.764331 2.9879637
-4.673482 10.572795 2.7964277
-4.8267107 10.534488 2.719813
-5.056554 10.572795 2.9113493
-5.2097826 10.457873 3.1028855
-5.4396257 10.036493 2.9113493
-5.7077765 9.538499 2.719813
-5.7843914 9.193734 2.566584
-5.746084 9.270349 2.4133554
-5.4396267 9.5385 2.6431985
-5.0948615 9.80665 2.9113493
-4.7884035 9.768343 3.1795
-4.5585604 9.270349 3.3327289
-4.405331 8.810661 3.2561145
-4.1754875 8.274361 2.9496565
-3.9839516 7.929596 2.528277
-3.7924154 7.8912888 2.1068974
-3.562572 8.159439 1.8770542
-3.3327286 8.772354 1.9153614
-3.1028852 9.2703495 2.1452048
-2.9496565 9.615114 2.6431985
-2.7581203 9.5385 3.1794996
-2.566584 9.193734 3.4476504
-2.183512 9.040505 3.2561145
-1.6472108 8.963891 2.6431987
-1.1109096 9.040505 1.838747
-0.7278373 9.193735 1.0726024
-0.7278373 9.155428 0.5746084
-0.9576807 8.887276 0.6129156
-1.4173673 8.427589 1.1492169
-1.8387468 7.776367 1.7621324
-2.030283 7.3932953 2.3750482
-1.9153614 7.316681 2.4133554
-1.3407528 7.4316025 2.1068976
-0.6512228 7.776367 1.5705963
-0.07661445 8.0445175 0.9193734
0.2681506 8.082825 0.7278373
0.22984336 8.00621 0.68953
-0.038307227 7.8146744 1.1109095
-0.34476504 7.6614456 1.6089034
-0.49799395 7.73806 2.0685902
-0.42137948 8.082825 2.2218192
-0.11492166 8.504204 2.0685904
0.30645782 8.810661 1.8004398
0.61291564 8.887277 1.4173675
0.6512228 8.810662 1.1492169
0.5363012 8.772355 1.1875241
0.38307226 8.772355 1.6089036
0.15322891 8.963891 2.030283
-0.038307227 9.002198 2.2601264
-0.19153613 8.810662 2.4899697
-0.38307226 8.580819 2.681506
-0.61291564 8.504204 2.9496565
-0.5746084 8.734047 3.2944214
-0.49799395 9.4618845 3.409343
-0.15322892 10.457872 3.1794999
0.6512228 11.262324 2.566584
1.3407531 11.951855 1.7238252
2.0302832 12.258312 0.842759
2.5282772 12.220005 0.26815057
2.6048915 12.028469 0.22984336
2.4133554 11.645397 0.6512229
1.9919758 11.147404 1.340753
1.4173675 10.572794 1.9919759
0.6895301 9.959879 2.3750482
0.22984336 9.308657 2.4516625
0.22984336 8.925584 2.4133554
0.49799395 8.848969 2.2601264
1.0726024 9.040505 2.1068974
1.685518 9.576807 1.877054
2.2601264 10.342952 1.877054
2.7581203 10.955867 2.0685902
3.064578 11.377247 1.9536686
3.064578 11.338939 1.9919758
2.7581203 10.76433 1.7238252
2.2984338 10.228029 1.3024457
1.9536686 9.691729 1.4556746
1.7621324 9.385271 1.6472108
1.6089035 9.423578 1.9919758
1.6089035 9.691729 2.6048915
1.6472107 10.304644 3.1794999
1.5322891 10.840946 3.6774938
1.3790603 11.109097 3.8307226
1.0726023 10.879252 3.6391866
0.7278373 10.304645 2.9496565
0.5746084 9.883265 2.2601264
0.5746084 9.461885 1.8770542
0.6895301 9.423578 1.7238252
0.88106626 9.730036 2.1068976
1.1109096 10.457872 3.064578
1.1875241 11.224017 3.907337
1.1109096 11.224017 4.3287163
0.7661445 10.6877165 4.1754875
0.2681506 9.883265 3.3327289
-0.038307227 9.193735 2.3750482
-0.11492168 9.155428 1.6472108
-0.038307227 9.500193 1.3024458
0.22984338 9.959879 1.3790603
0.61291564 10.649409 1.6472108
1.1492169 11.645397 2.2218192
1.9919758 12.641385 3.064578
2.6048913 13.3309145 3.4476504
2.9113493 13.560758 3.217807
2.7581203 13.101071 3.3327286
2.0685902 12.756307 3.1794999
1.3024457 12.526463 3.217807
0.6129156 12.373234 3.7158012
0.2681506 12.679692 3.4859576
0.3830723 12.98615 3.4859576
0.8810662 13.445837 3.6008792
1.685518 14.058753 3.7541082
2.4133554 14.5567465 3.9839516
2.9113493 14.748282 3.9456444
3.0645783 14.518439 3.86903
2.6431987 14.058752 3.86903
2.0685902 13.292607 4.1371803
1.3790603 12.449849 4.55856
0.8044518 11.836933 5.0182467
0.61291564 11.300632 5.24809
0.61291564 10.994174 5.094861
0.9193735 10.91756 4.520253
1.3790601 10.955867 3.7924156
1.8387469 11.262324 3.2178073
2.1452045 11.453861 2.7581205
2.1835117 11.262324 2.48997
1.8770541 10.840945 2.3750482
1.3024457 10.189722 2.4516625
0.68953013 9.653421 2.528277
0.22984335 9.2703495 2.681506
0.11492168 9.117121 2.6431987
0.22984336 9.002198 2.336741
0.45968673 9.002198 2.183512
0.53630114 8.963891 1.9153614
0.4596867 8.695741 1.9153614
0.3064578 8.312668 1.9153614
0.19153613 7.929596 1.7621324
0.3830723 8.0445175 1.6472108
1.2641385 8.772354 1.2641385
1.5705962 8.925583 1.2258313
1.340753 8.542511 1.3790603
0.84275895 8.00621 1.685518
0.22984332 7.4699097 1.9919758
-0.22984336 7.240066 2.0685902
-0.2681506 7.2783732 1.9919758
-0.076614454 7.3549876 1.7621324
0.34476504 7.5082164 1.4556746
0.842759 7.6231384 1.2641385
1.2258313 7.699753 1.2258313
1.3024457 7.776367 1.3407528
1.1109096 7.776367 1.685518
0.6512228 7.699753 2.2218192
0.19153613 7.584831 2.719813
-0.11492168 7.431602 2.9113493
-0.34476504 7.2783732 2.7581203
-0.34476504 7.240066 2.3750482
-0.22984336 7.086837 1.8770542
-0.076614454 7.1251445 1.4556746
0.15322891 7.086837 1.1875241
0.2681506 7.0102224 1.0342951
0.34476504 7.086837 0.91937345
0.45968673 7.0485296 0.9959879
0.45968673 7.163451 1.1492168
0.5363012 7.393295 1.3790601
0.5746084 7.546524 1.6472107
0.5746084 7.8146744 1.7238252
0.5746084 7.73806 1.7621324
0.45968673 7.393295 1.6089036
0.34476504 7.086837 1.4173675
0.22984336 6.9719152 1.5705965
0.15322891 7.2017584 1.7621325
0.15322891 7.5082164 2.1068974
0.15322891 7.8146744 2.2218194
0.15322891 7.776367 2.030283
0.19153613 7.699753 1.685518
0.22984336 7.8529816 1.3790601
0.26815057 7.967903 1.4173673
0.22984336 8.159439 1.532289
0.19153613 8.197746 1.685518
0.11492168 8.159439 1.8004396
0.038307227 8.197746 1.9919758
0.19153613 8.427589 2.2218192
0.34476504 8.8489685 2.4899697
0.53630114 9.117121 2.7581205
0.72783726 9.232042 2.5665843

