0.7661445 9.078814 2.2601264
0.22984338 9.4618845 2.4133554
0.19153613 9.423577 1.9919758
0.6895301 9.576807 2.0685902
0.9193734 9.691729 2.030283
1.0342951 9.691729 1.9153614
1.0726024 9.730036 1.8770542
1.0342952 9.730036 1.8004396
0.99598795 9.730036 1.685518
0.99598795 9.691729 1.6089036
1.0726024 9.691729 1.7238252
1.1875241 9.730036 1.7621324
1.340753 9.80665 1.7238252
1.4556746 9.883265 1.6855179
1.4939818 9.921572 1.5322891
1.4556745 9.883265 1.5322891
1.4173673 9.80665 1.5322891
1.3790601 9.730036 1.6472107
1.340753 9.730036 1.7621325
1.4173673 9.730036 1.7621325
1.4939818 9.653421 1.838747
1.6089036 9.500193 1.7238252
1.7238252 9.232042 1.6472108
1.8770542 9.117121 1.5705963
2.030283 9.117121 1.4556746
2.1068974 9.232042 1.3790601
2.1452045 9.346964 1.2258313
2.1068974 9.346964 1.2258313
2.030283 9.385271 1.1492168
2.030283 9.385271 1.0342951
2.1452048 9.423578 1.1492168
2.2218192 9.5385 1.187524
2.2984335 9.5385 1.3407528
2.2984335 9.576807 1.4939818
2.1835117 9.500193 1.4173675
2.0685902 9.423578 1.3024457
2.030283 9.461885 1.2258313
2.0685902 9.423578 1.3024458
2.0685902 9.500193 1.4173675
2.0685902 9.500193 1.6472107
1.9919758 9.461885 1.9153613
1.8387469 9.423578 2.1068974
1.8004397 9.308657 2.2218192
1.8004397 9.2703495 2.1068974
1.8770542 9.193734 1.8387469
1.9153614 9.155427 1.4939818
1.9153614 9.155427 1.2258313
1.9153614 9.11712 1.1109096
1.8387469 8.963891 0.9959879
1.8387469 8.963891 1.0342952
1.8770542 9.040505 1.3790601
1.838747 9.2703495 1.7238252
1.838747 9.653421 2.0685902
1.838747 9.921572 2.2218192
1.9153614 10.0748005 1.8387468
2.2218192 10.036493 1.2641385
2.4899697 9.998186 0.53630114
2.719813 9.921572 -0.15322891
2.8347347 9.844957 -0.45968673
2.681506 9.768343 -0.38307226
2.4133554 9.576807 0.19153616
2.183512 9.385271 1.1492169
1.8770542 9.308657 2.1068976
1.7238252 9.308657 2.681506
1.8004396 9.500193 2.528277
2.030283 9.691729 1.8004396
2.3750482 9.844957 0.61291564
2.566584 9.959879 -0.49799392
2.566584 9.883265 -1.1875241
2.3750482 9.844957 -1.2641385
2.0685902 9.883265 -0.61291564
1.8387468 9.959879 0.30645782
1.6472107 10.113108 1.2641385
1.4173675 10.151415 1.9536686
1.1109096 9.998186 1.9919758
0.7278373 9.691729 1.6089036
0.4213795 9.423577 0.99598795
0.22984335 9.193734 0.22984336
0.19153613 9.078813 -0.4213795
0.34476504 9.232041 -0.61291564
0.45968673 9.385271 -0.30645782
0.45968673 9.691729 0.34476504
0.4213795 10.151415 1.5705963
0.19153613 10.649408 2.6431987
-0.076614454 10.91756 3.2561145
-0.2681506 10.994174 3.2944217
-0.45968676 10.91756 2.4516625
-0.61291564 10.572795 1.4173675
-0.6895301 10.381258 0.42137948
-0.7661445 10.304644 -0.30645782
-0.80445176 10.189722 -0.26815057
-0.84275895 10.189722 0.2681506
-0.9193734 10.381258 1.2258313
-1.0726023 10.572794 2.3367407
-1.3024457 10.726024 3.0262709
-1.4173673 10.802638 3.0262709
-1.5705962 10.649408 2.528277
-1.7621324 10.189722 1.7621324
-1.9536686 9.691729 0.9959879
-2.2601266 9.2703495 0.49799395
-2.4133554 8.925584 0.22984335
-2.2218192 8.963891 0.38307226
-1.9536686 9.155427 0.842759
-1.6089034 9.500193 1.4939818
-1.3790601 9.921572 2.1068976
-1.4173675 10.189722 2.2984338
-1.6089035 10.342951 1.9536686
-1.8387469 10.113108 1.340753
-2.1452048 9.691729 0.6512228
-2.4133554 9.346964 0.11492168
-2.4899697 9.078813 -0.15322891
-2.4516625 9.11712 -0.15322891
-2.2984335 9.2703495 0.038307227
-2.1452048 9.500193 0.4596867
-2.1452048 9.768343 1.0342952
-2.2984335 9.844957 1.5705963
-2.566584 9.883265 2.030283
-2.9113493 9.730036 2.1452045
-3.1028855 9.423578 1.9536685
-3.1411927 9.308657 1.5705962
-3.0645783 9.346964 1.2641385
-2.7581203 9.423578 0.95768064
-2.4899697 9.615114 0.80445176
-2.3750482 9.615114 0.95768064
-2.2601264 9.461885 1.1109096
-2.2984335 9.385271 1.3790601
-2.2218192 9.385271 1.8004397
-1.9536686 9.423578 1.8004397
-1.5705962 9.730036 1.6472108
-0.72783726 9.844957 0.9959879
-0.53630114 9.80665 0.84275895
-0.53630114 9.500193 0.84275895
-0.5746084 9.193735 0.8810662
-0.61291564 8.963891 1.0342951
-0.45968673 8.925584 1.0342951
-0.22984335 8.963891 1.1109096
-0.038307227 9.11712 1.4173675
0.038307227 9.11712 1.3790603
0.0 8.925584 1.4939818
-0.22984336 8.6574335 1.5705962
-0.4596867 8.274361 1.4939818
-0.6129156 7.8529816 1.4939818
-0.7661445 7.546524 1.2641385
-0.8810662 7.31668 1.1109095
-0.91937345 7.0485296 1.1875241
-0.91937345 6.9719152 1.3790603
-0.80445176 6.933608 1.8004397
-0.61291564 6.933608 2.1452045
-0.4213795 7.086837 2.1452045
-0.22984336 7.0485296 1.9536686
-0.11492168 7.0102224 1.5705963
-0.038307227 6.895301 1.1109096
0.076614454 6.6271505 0.9959879
0.11492168 6.512229 0.9576807
0.15322891 6.3589997 1.0726024
0.11492168 6.2823853 1.3024457
-0.11492168 6.3206925 1.2641385
-0.2681506 6.3206925 1.340753
-0.4213795 6.550536 1.4173675
-0.4213795 6.8569937 1.4939818
-0.22984336 7.0485296 1.532289
-0.076614454 7.2400656 1.4173675
0.076614454 7.2783732 1.1109096
0.11492168 7.1251445 0.7661445
0.0 7.0868373 0.6512228
-0.076614454 7.0485296 0.49799395
-0.19153613 7.0102224 0.49799395
-0.26815057 7.163451 0.61291564
-0.19153613 7.2400656 0.61291564
-0.15322891 7.354987 0.7661445
0.0 7.5082164 0.95768064
0.15322891 7.469909 1.0726023
0.11492168 7.584831 1.0726023
0.076614454 7.73806 1.0726023
0.038307227 7.929596 1.2258313
0.076614454 8.389282 1.2641385
0.30645782 8.848969 1.340753
0.57460845 9.232042 1.2258313
0.7661446 9.500193 0.95768064
0.5746084 9.653421 1.0726023
0.34476504 9.691729 1.37906
0.0 9.844957 1.8770542
-0.2681506 10.151415 2.4133554
-0.22984335 10.572795 2.528277
-0.2681506 10.840945 2.3750482
-0.19153613 11.070789 2.1452048
-0.22984336 11.185711 1.9153614
-0.30645782 11.070788 1.8770542
-0.26815057 11.185711 2.183512
-0.30645782 11.224018 2.528277
-0.49799398 11.262325 2.873042
-0.61291564 11.109096 2.7581203
-0.8810662 10.955867 2.7581203
-0.9576807 10.955867 2.9879637
-0.842759 11.109097 3.2561145
-0.61291564 11.645397 3.6391866
-0.19153613 12.29662 3.9073372
0.11492168 12.756308 3.8307228
0.15322891 13.024458 3.6008792
-0.076614454 12.794615 3.2561145
-0.45968676 12.258312 2.9879637
-0.8044518 11.683704 3.0645783
-0.9959879 11.415554 3.1794999
-1.0726024 11.377247 3.371036
-0.9959879 11.492168 3.3327289
-0.9959879 11.798626 3.0645783
-0.9576807 12.066776 3.026271
-0.842759 12.334928 3.0645783
-0.7278373 12.717999 3.2944217
-0.45968673 12.986151 3.4093432
-0.3830723 13.024458 3.2944214
-0.5363012 12.756306 3.3327286
-0.8810662 12.449848 3.2944214
-1.340753 11.951855 3.562572
-1.685518 11.568783 3.9456444
-1.7621325 11.492168 3.9839516
-1.685518 11.377247 3.9839516
-1.4939818 11.492168 3.86903
-1.3024457 11.722012 3.6008794
-1.1492168 11.798626 3.3327289
-0.9576807 11.87524 3.0262709
-0.8810662 11.87524 2.6048913
-0.84275895 11.87524 2.528277
-1.0726024 11.760319 2.9113493
-1.4173675 11.492168 3.371036
-1.8004396 11.109097 3.9839516
-2.1068974 10.572794 4.2137947
-2.2218192 10.342951 4.098873
-2.1452048 10.304644 3.7924156
-1.9919758 10.419566 3.4093432
-1.9536686 10.572795 3.2561142
-2.0302832 10.457873 3.1794999
-2.2218194 10.266336 3.2944214
-2.5282772 9.959879 3.4859576
-2.681506 9.691729 3.6391866
-2.7964277 9.615114 3.677494
-2.9496565 9.5385 3.7924156
-3.1028852 9.500193 3.86903
-3.2944217 9.385271 3.9073372
-3.4093432 9.2703495 3.7924154
-3.4093432 9.193735 3.5242648
-3.371036 9.078813 3.2561142
-3.371036 8.925584 2.873042
-3.4093432 8.69574 2.9113493
-3.5242648 8.619125 2.9879637
-3.562572 8.619125 2.9496565
-3.6008792 8.810661 3.217807
-3.6008792 9.11712 3.1028855
-3.5242648 9.232042 3.1028855
-3.4859576 9.346964 3.1794999
-3.371036 9.5385 3.1028852
-3.2944217 9.730036 3.064578
-3.2178073 9.959879 2.7964275
-3.2178073 10.189722 2.6431985
-3.4476504 9.998186 2.4133554
-3.754108 9.308656 2.4516625
-4.1371803 8.465897 2.6815057
-4.290409 7.73806 2.8347347
-4.098873 7.699753 2.9879637
-3.7541082 8.082825 3.1794999
-3.3327289 8.810662 3.217807
-3.0645783 9.461885 3.1411927
-2.8347347 9.5385 2.7964275
-2.566584 9.308657 2.3750482
-2.4899697 8.082825 2.7581203
-2.911349 7.393295 4.060566
-3.4859574 7.0868373 5.4013186
-3.6774936 7.2783737 6.1674633
-3.3327286 7.891289 5.93762
-2.4899697 8.84897 5.056554
-1.5705963 9.844957 4.060566
-1.2641385 10.381258 3.5625722
-1.5705962 10.228029 4.1754875
-2.2984338 9.500192 5.0182467
-3.0262709 8.312668 5.6694694
-3.2944214 7.278373 6.090849
-3.1794999 6.933608 5.899313
-2.7581203 7.201759 5.5928555
-2.2218192 8.159439 5.746084
-1.685518 9.346964 6.014235
-0.99598783 10.381259 6.0908494
-0.34476504 11.032481 5.899313
0.15322891 11.147403 5.056554
0.49799395 10.764331 3.86903
0.45968673 9.883265 2.9496565
0.34476504 9.002199 2.6048913
0.11492168 8.69574 3.2561142
-0.38307226 9.002198 4.596867
-0.80445176 9.730036 5.93762
-1.1875241 10.496181 6.9336085
-1.3407528 10.611102 6.9719157
-1.1109096 10.0748005 6.167464
-0.7661445 9.270349 5.171476
-0.30645782 8.580819 4.2904096
-0.038307227 8.542512 3.9073372
0.22984336 8.734048 4.060566
0.4213795 9.117121 4.367024
0.3830723 9.308657 4.4436383
0.4213795 8.887277 4.2521024
0.45968673 8.389282 3.7158012
0.6512228 7.967903 3.1411927
0.91937345 7.699753 2.9496565
1.2641385 7.73806 2.7581203
1.6472106 8.00621 2.8347347
2.030283 8.427589 3.1411924
2.2601264 8.69574 2.9113493
2.2601264 8.465897 2.336741
2.0685902 7.73806 1.6472108
1.9153614 7.0102224 0.842759
2.030283 6.7037644 0.68953013
2.2218192 6.8569937 0.9959879
2.4516625 7.431602 1.6472107
2.6048913 7.967903 2.6815057
2.566584 8.580819 3.371036
2.4899697 8.963891 3.7924156
2.4899697 9.193734 3.8307228
2.3750482 9.270349 3.4093432
2.4133554 9.4618845 3.4476504
2.4133554 9.80665 3.6008792
2.528277 10.342951 3.6774936
2.7964275 11.18571 3.9073372
2.719813 11.33894 4.060566
2.528277 11.185711 3.9839516
2.2984335 10.840946 3.7924156
2.1068974 10.419566 3.6774938
2.030283 10.113108 3.3327289
1.8387469 9.883265 3.1794999
1.6472107 9.80665 3.1028855
1.532289 9.998186 3.3327286
1.340753 10.228029 3.6391866
1.2258313 10.266336 3.7158012
1.1109096 10.0748005 3.6391864
1.0726024 9.691729 3.1794996
1.1109096 9.346964 2.6431985
1.2258313 9.232042 2.3367407
1.3407528 9.423578 2.183512
1.3407528 9.653421 2.2218192
1.2641385 9.844957 2.566584
0.9959879 9.998186 3.064578
0.6895301 9.883265 3.3327286
0.4213795 9.691729 3.562572
0.2681506 9.423578 3.4093432
0.22984336 9.2703495 2.9879637
0.38307226 9.2703495 2.6048913
0.5746084 9.461885 2.2218194
0.6895301 9.691729 2.0685902
0.7661445 9.730036 1.9153614
0.61291564 9.730036 1.9919758
0.49799395 9.691729 2.183512
0.53630114 9.883265 2.336741
0.6512228 10.457873 2.5665843
1.1492169 11.185711 2.7581205
1.7238252 12.29662 3.026271
2.183512 13.254301 3.2944217
2.4133554 13.560759 3.2944217
2.1068974 13.369223 3.2561145
1.4556746 12.488156 3.1794999
0.61291564 11.645397 3.0645783
7.4505806E-9 11.262325 3.4093432
-0.15322891 11.453861 3.907337
-0.038307227 12.105084 4.4053307
0.34476504 12.794614 4.865018
0.7278373 13.254301 4.9799395
0.9959879 13.330915 4.6734815
0.9959879 13.062765 4.3287168
0.8810662 12.526463 4.060566
0.6512229 12.220005 4.1754875
0.38307226 12.105083 4.6351748
0.38307226 12.220006 5.056554
0.5363012 12.5264635 5.324704
0.80445176 12.679692 5.133168
0.99598795 12.56477 4.711789
1.0342951 12.296619 4.213795
0.9959879 11.951855 3.9839516
0.91937345 11.87524 4.098873
0.9576807 12.066776 4.367024
1.2258313 12.143391 4.520253
1.340753 12.066776 4.673482
1.2641385 11.453861 4.481946
1.0726023 10.534487 4.098873
0.8044517 9.883265 3.86903
0.8044517 9.576807 3.6774938
1.0342951 9.730036 3.6391866
1.1492168 10.113108 3.7541084
1.1492168 10.342951 3.8307228
0.842759 10.151415 3.86903
0.49799395 9.691728 3.86903
0.42137948 9.193734 3.7541082
0.4596867 8.810662 3.6008792
0.5746084 8.6574335 3.3327289
0.6512228 8.542512 3.1411927
0.49799395 8.312668 2.9879637
0.30645782 8.00621 2.7964275
0.3830723 8.0445175 2.8347347
0.4213795 8.197746 2.8347347
0.49799395 8.427589 2.9879637
0.53630114 8.734048 3.4093432
0.076614454 8.542512 3.6391866
-0.30645782 8.159439 4.060566
-0.5363012 7.776367 4.0222588
-0.6895301 7.240066 3.5625722
-0.45968673 6.933608 3.0262709
-0.15322891 6.895301 2.4516625
0.0 7.125144 2.2984338
0.19153613 7.584831 2.3750482
0.15322891 7.8529816 2.4516625
0.076614454 8.00621 2.528277
0.038307227 7.776367 2.4516625
0.076614454 7.5082164 2.4133554
0.4213795 7.469909 2.3750482
0.57460845 7.431602 2.1068976
0.7278373 7.546524 1.7621324
0.53630114 7.6614456 1.685518
0.11492168 7.6614456 1.6472108
-0.038307227 7.4316025 1.340753
-0.038307227 7.2783737 1.2641385
0.11492168 7.086837 1.0342951
0.34476504 6.9719152 0.9576807
0.49799395 7.240066 1.3024458
0.61291564 7.3166804 1.3790601
0.6512228 7.3166804 1.3024458
0.5746084 7.2017584 1.1492169
0.42137948 6.9719152 1.0342952
0.11492168 6.8569937 1.2258313
-0.19153613 6.8569937 1.4939818
-0.34476504 6.8186865 1.685518
-0.4213795 6.895301 1.7238252
-0.34476507 7.1634517 1.7238252
-0.19153613 7.3549876 1.5705963
-0.11492168 7.6231384 1.4556746
0.0 7.8146744 1.4556746
0.11492168 7.967903 1.340753
0.11492168 8.082825 1.340753
0.076614454 8.159439 1.3024457
-0.038307227 8.236053 1.2641385
-0.19153613 8.350975 1.3024457
-0.22984336 8.465897 1.3790601
-0.15322891 8.695741 1.340753
-0.038307227 8.963892 1.2641385
0.038307227 9.155428 1.1109096
0.11492168 9.423578 0.9959879
0.076614454 9.615114 0.9576807
0.0 9.653421 0.9959879
-0.076614454 9.653421 1.0342951
-0.038307227 9.730036 1.1109096
-0.038307227 9.844957 1.2258313
0.038307227 9.959879 1.2258313
0.076614454 10.113108 1.4556746
-0.038307227 10.189722 1.685518
-0.038307227 10.266336 1.877054
-0.038307227 10.457873 2.030283
0.076614454 10.381259 2.030283
0.2681506 10.266337 1.8004397
0.3830723 10.228029 1.3024458
0.3830723 10.151415 0.88106626

