0.3064578 10.228029 0.5363012
0.15322891 10.228029 0.42137948
-0.076614454 10.113108 0.61291564
-0.53630114 9.5385 1.5705962
0.11492169 9.5385 1.532289
0.7278373 9.653421 1.7621324
1.1875241 9.730036 1.532289
1.685518 9.730036 1.532289
1.8770542 9.883265 1.3024457
1.9919758 10.036493 1.2258313
2.183512 10.113108 1.2258313
2.2601264 10.266336 1.2641385
2.2601264 10.342952 1.340753
2.1452045 10.304645 1.4939818
1.9153614 10.189723 1.5705963
1.7621324 9.959879 1.4173673
1.532289 9.768343 1.3407528
1.4939818 9.500193 1.0726023
1.532289 9.385271 0.8810662
1.6089034 9.346964 0.8810662
1.8387468 9.308657 0.8810662
1.9153614 9.423578 1.1875241
1.9153614 9.615114 1.4556746
1.8004396 9.80665 1.6089034
1.6089035 9.998186 1.7621324
1.4939818 10.189722 1.6472108
1.340753 10.113108 1.4939818
1.2641385 9.998186 1.340753
1.3024457 9.80665 1.0726023
1.3407528 9.576807 0.8810662
1.4556745 9.461885 0.842759
1.4939818 9.5385 0.9959879
1.340753 9.691729 1.3024457
1.1492168 9.844957 1.7238252
0.8810662 9.998186 1.9919758
0.7661446 9.998186 2.183512
0.842759 9.883265 2.030283
1.0726024 9.80665 1.6089035
1.3790603 9.691729 1.1492168
1.6089036 9.691729 0.61291564
1.6472108 9.691729 0.3830723
1.4556746 9.615114 0.42137948
1.1492168 9.576807 0.6512229
0.80445176 9.346964 0.8810662
0.49799395 9.155427 1.1109096
0.2681506 8.963891 1.2258313
0.19153613 8.772355 1.0342952
0.19153613 8.580819 0.7661445
0.34476504 8.427589 0.4213795
0.57460845 8.427589 0.19153613
0.7278373 8.619126 0.26815057
0.842759 8.925585 0.49799395
0.842759 9.2703495 0.80445176
0.7661445 9.423578 0.9959879
0.6895301 9.308657 1.1109097
0.57460845 9.117121 1.3024458
0.49799398 8.925584 1.2258313
0.4213795 8.772355 1.2258313
0.4213795 8.810662 1.0726024
0.49799395 8.963891 0.88106626
0.6512228 9.040505 0.842759
0.9959879 9.346964 0.6512228
1.4173675 9.576807 0.53630114
1.8004396 9.730036 0.26815057
2.1452045 9.883265 0.11492168
2.1835117 9.959879 -0.038307227
1.8004397 9.883265 0.038307227
1.340753 9.844957 0.076614454
0.9193734 9.691729 0.30645782
0.45968673 9.500193 0.5746084
-0.03830722 9.385271 0.80445176
-0.15322891 9.461885 1.0726024
0.038307227 9.730036 0.9959879
0.49799395 10.151415 0.6512228
1.0342951 10.726023 0.03830722
1.4173675 11.147403 -0.49799395
1.2641385 11.377247 -0.49799395
0.61291564 11.492168 -0.11492169
-0.26815057 11.377247 0.7278373
-1.3790601 11.070789 1.4939818
-2.1068976 10.802639 1.9536686
-2.4133554 10.6877165 2.1068974
-2.4516625 10.649409 1.9153614
-2.2984335 10.764331 1.6472108
-2.2601264 10.840945 1.4939818
-2.375048 10.6877165 1.5705962
-2.7198129 10.419565 1.8387468
-3.1794996 10.151415 2.2984335
-3.4859576 9.80665 2.566584
-3.715801 9.5385 2.2984338
-3.562572 9.461885 1.8004397
-3.2561142 9.385271 1.3024458
-3.1028855 9.500193 0.9193735
-2.9879637 9.653421 1.0342951
-3.1794999 9.768343 1.4173673
-3.371036 9.883265 1.7621324
-3.4476504 9.768343 2.0685902
-3.371036 9.653421 2.2601264
-3.064578 9.461885 2.1835117
-2.6048915 9.308657 1.8004396
-1.9919758 9.308657 1.2641385
-1.3790603 9.461885 0.7661446
-0.7661445 9.691729 0.4213795
-0.34476504 9.844957 0.38307226
-0.19153613 10.0748005 0.7661445
-0.45968673 9.959879 1.6089036
-0.7661445 9.768343 1.838747
-0.9576807 9.5385 1.8004398
-0.9959879 9.346964 1.4556746
-0.91937345 9.270349 0.9576807
-0.7278373 9.193734 0.68953013
-0.5746084 9.078813 0.53630114
-0.45968673 8.963891 0.8044518
-0.4213795 8.772355 1.2258313
-0.4213795 8.6574335 1.685518
-0.4213795 8.542512 2.0685902
-0.4213795 8.350975 2.183512
-0.34476504 8.197746 2.183512
-0.19153613 7.967903 1.8770542
-0.038307227 7.73806 1.4556746
0.11492168 7.584831 1.0342951
0.30645782 7.5082164 0.6512228
0.49799395 7.584831 0.61291564
0.4213795 7.6231384 0.8810662
0.30645782 7.584831 1.3024457
0.15322891 7.354988 1.6472106
0.076614454 7.0102224 1.9153614
0.076614454 6.6271505 1.8004396
0.0 6.2440777 1.4173675
0.038307227 5.93762 0.7661446
0.076614454 5.7843914 0.114921674
0.22984335 5.861006 -0.22984336
0.49799395 6.0142345 -0.38307226
0.6895301 6.3589993 -0.15322891
0.80445176 6.6654577 0.19153613
0.7278373 6.742072 0.45968673
0.53630114 6.703765 0.61291564
0.344765 6.5505357 0.5363012
0.15322891 6.435614 0.34476507
0.076614454 6.3589997 0.22984336
0.0 6.4739213 0.15322891
-0.076614454 6.5888433 0.15322891
-0.11492168 6.7803793 0.38307226
-0.11492168 7.086838 0.7661446
-0.076614454 7.316681 1.1109096
-0.038307227 7.546524 1.4556746
-0.038307227 7.8146744 1.6472108
-0.076614454 8.00621 1.7238252
-0.19153613 8.312668 1.8770542
-0.30645782 8.657433 1.9919758
-0.4213795 8.925584 2.183512
-0.5363012 9.155427 2.1452048
-0.5363012 9.193734 1.8004396
-0.5363012 9.155427 1.3024457
-0.49799398 9.002198 0.7278373
-0.4213795 8.848969 0.42137948
-0.34476504 8.963891 0.61291564
-0.30645782 9.308657 1.1492168
-0.22984336 9.883265 1.8004396
-0.15322891 10.572794 2.183512
-0.15322891 10.955868 2.2984335
-0.26815057 10.994175 2.1452048
-0.53630114 10.764331 1.7621324
-0.91937345 10.419566 1.838747
-1.3024457 10.266337 2.2218192
-1.4939818 10.496181 2.719813
-1.5322891 10.955867 3.3327289
-1.4173673 11.530476 3.6391866
-1.2641385 12.066776 3.6774938
-1.0726023 12.488155 3.6774938
-0.842759 12.756307 3.7158012
-0.6512228 12.947843 3.6774938
-0.42137948 13.139379 3.6391866
-0.19153613 13.330915 3.6391866
-0.038307227 13.484144 3.6774938
0.038307227 13.599066 3.86903
0.076614454 13.752295 4.1371803
-0.038307227 13.790602 4.2137947
-0.15322891 13.790602 4.1371803
-0.22984336 13.713987 3.9456444
-0.30645782 13.522451 3.6391864
-0.34476504 13.177686 3.6008792
-0.4596867 12.832921 3.6391866
-0.6895301 12.449848 3.7541084
-1.187524 12.028469 3.7541084
-1.7238252 11.683704 3.524265
-2.2601264 11.300632 3.4859579
-2.719813 10.955867 3.4093432
-3.026271 10.611102 3.5625722
-3.2178073 10.342951 3.8307228
-3.2944217 10.189722 3.7924154
-3.2944217 10.189722 3.6774938
-3.1028852 10.266336 3.4476504
-2.873042 10.342952 3.1028855
-2.6815057 10.457873 2.9879637
-2.528277 10.534488 3.026271
-2.4899697 10.611102 3.1028855
-2.5282772 10.611102 3.2561142
-2.5282772 10.6877165 3.2944214
-2.4516628 10.6877165 3.1794999
-2.3750482 10.726024 3.064578
-2.2984335 10.802638 3.1411924
-2.2984335 10.726024 3.2561145
-2.413355 10.572795 3.4859576
-2.4899697 10.342951 3.677494
-2.6048915 10.151415 3.677494
-2.681506 9.959879 3.6008792
-2.719813 9.844957 3.4476504
-2.7581203 9.844957 3.371036
-2.7964275 9.768343 3.371036
-2.9113493 9.768343 3.4093432
-3.1411927 9.768343 3.562572
-3.4093432 9.653421 3.562572
-3.6391866 9.653421 3.4859576
-3.86903 9.385271 3.3710358
-4.0222588 9.002198 3.217807
-4.252102 8.619125 3.1794996
-4.4819455 8.0445175 3.256114
-4.673482 7.8529816 3.4476504
-4.865018 7.967903 3.7158008
-4.865018 8.274361 4.060566
-4.865018 8.887276 4.098873
-4.7884035 9.2703495 3.9073372
-4.673482 9.232042 3.4093432
-4.6351748 8.84897 2.681506
-4.55856 8.542512 2.183512
-4.4819455 8.236053 1.8004396
-4.3287163 8.312668 1.7621324
-4.1371803 8.848969 2.1068976
-3.9456444 9.155427 2.528277
-3.7158012 9.5385 2.9496565
-3.524265 9.730036 3.1411924
-3.371036 9.576807 3.0262709
-3.1411927 9.500193 2.9113493
-2.9496565 9.461885 2.9879637
-2.834735 9.423578 3.1028855
-2.681506 9.461885 3.217807
-2.566584 9.5385 3.1411927
-2.375048 9.576807 2.681506
-2.0685902 9.653421 2.2984335
-1.7621324 9.576807 1.8770542
-1.685518 9.308656 1.7238252
-1.8770541 8.810662 2.0685902
-2.2601266 8.427589 2.528277
-2.6431987 8.274361 3.1028855
-2.6431987 8.350975 3.6008794
-2.2984335 8.925584 3.6774938
-1.6089035 9.691728 3.4476504
-0.7278373 10.381258 3.064578
-0.07661444 10.879252 2.375048
0.2681506 10.6877165 1.8004396
0.03830722 9.768343 2.030283
-0.65122294 9.040505 2.6431987
-1.4939818 8.42759 3.8307228
-2.2601264 8.389282 5.4779334
-2.5665843 8.925584 6.397307
-2.4133554 9.232042 6.742072
-2.0685902 9.193735 6.3206925
-1.685518 8.810662 5.24809
-1.3024457 8.350976 4.2521024
-1.0342951 7.8912888 3.7541084
-0.7661445 7.8529816 3.9456444
-0.5363012 8.274361 4.5585604
-0.34476507 8.6574335 5.1714754
-0.34476507 9.193735 5.4013186
-0.34476507 9.423578 5.133168
-0.22984336 9.2703495 4.405331
-7.4505806E-9 9.193734 3.86903
0.22984336 9.040505 3.6008794
0.30645782 9.078814 3.524265
0.34476504 9.232042 3.6391866
0.30645782 9.155428 3.4476504
0.4213795 9.002199 3.1411927
0.61291564 8.772355 2.873042
0.80445176 8.542512 2.834735
0.8810662 8.465898 3.2561145
0.61291564 8.465898 3.9073374
0.30645782 8.389283 4.5968676
-0.22984336 8.350975 5.0565543
-0.7278374 8.350975 5.171476
-0.842759 8.236053 5.2863975
-0.6895301 8.236053 5.363012
-0.15322891 8.197746 5.401319
0.49799395 8.350975 5.2480903
1.3024457 8.69574 4.8267107
2.030283 9.155427 4.2904096
2.6048915 9.691729 3.7158012
3.1411927 9.959879 3.2561145
3.3710358 10.0748005 2.9496565
3.4476504 10.189722 2.873042
3.371036 10.189722 3.217807
3.0262709 10.151415 3.715801
2.6815057 10.0748005 4.2521024
2.2984335 9.921572 4.5202527
2.0685902 9.844957 4.4819455
2.0685902 9.883265 4.2521024
2.183512 10.036493 3.9456444
2.3750482 10.228029 3.7158012
2.4133554 10.228029 3.5242648
2.183512 10.113108 3.4859576
1.838747 9.883265 3.4093432
1.5322891 9.5385 3.4093432
1.3024457 9.423578 3.4476504
1.1875241 9.346964 3.4859576
1.0726024 9.308656 3.6774936
0.91937345 9.385271 3.8690298
0.6512228 9.193735 4.0222588
0.49799395 9.155428 4.1754875
0.4213795 9.2703495 4.2137947
0.30645782 9.2703495 4.3287163
0.26815057 9.385271 4.252102
0.19153613 9.385271 4.252102
0.038307227 9.2703495 4.2137947
0.076614454 9.193734 4.060566
0.19153613 9.193734 3.9839516
0.2681506 9.11712 3.6774936
0.34476504 9.11712 3.4859576
0.1532289 9.2703495 3.562572
-0.038307227 9.423578 3.86903
-0.19153613 9.730036 4.213795
-0.22984336 10.0748005 4.405331
0.0 10.342952 4.2904096
0.34476507 10.764331 3.8307228
0.6512228 11.109097 3.4093432
0.842759 11.262325 3.0645783
0.80445176 11.683704 2.7964277
0.61291564 12.028469 2.9879637
0.49799395 12.5264635 3.4093432
0.4213795 13.215993 3.9839516
0.38307226 13.713987 4.4436383
0.34476507 14.020445 4.7500963
0.34476507 14.135366 4.7884035
0.34476507 14.288596 4.6734815
0.4213795 14.288596 4.711789
0.5363012 14.250289 4.7500963
0.4213795 14.211982 4.903325
0.38307226 13.905523 5.056554
0.38307226 13.560758 5.0182467
0.42137948 13.215993 4.7500963
0.49799392 12.717999 4.2137947
0.49799392 12.373234 3.7924151
0.49799392 12.220005 3.7924151
0.42137948 12.181698 4.1754875
0.38307226 12.028469 4.2521024
0.22984335 11.645397 4.098873
0.076614454 11.147404 3.715801
0.11492168 10.649409 3.6008794
0.34476507 10.457873 3.6008794
0.68953013 10.381259 3.6008794
1.1492169 10.457873 3.6774938
1.1875241 10.572795 4.0222588
0.842759 10.342951 4.405331
0.26815063 9.959879 4.7884035
-0.4213795 9.385271 4.97994
-0.842759 9.040505 4.711789
-0.9193735 8.848969 4.4436383
-0.8044518 8.734048 4.060566
-0.5746084 8.772355 3.86903
-0.2681506 8.580818 3.562572
0.0 8.657433 3.2561142
0.4213795 8.887276 2.9879637
0.7661445 9.040504 2.6431987
1.0726023 9.193735 2.4133554
1.2641385 9.040506 2.0685902
1.1109096 8.772355 1.8004397
0.7661445 8.619126 1.9153614
0.2681506 8.312668 2.0302832
-0.22984335 8.0445175 2.1068976
-0.4596867 7.8912888 2.0685904
-0.38307226 7.699753 1.685518
-0.114921674 7.776367 1.3024457
0.15322891 7.776367 0.88106626
0.19153613 7.4699097 0.6512229
0.22984335 7.2017584 0.61291564
0.076614454 7.086837 1.0726023
0.038307227 7.278373 1.8004396
0.19153613 7.623138 2.336741
0.19153613 7.8529816 2.719813
0.34476504 7.967903 2.681506
0.38307226 7.73806 2.2984338
0.22984335 7.4699097 1.9536687
-0.03830722 7.2400656 1.7621325
-0.42137948 6.933608 1.4556746
-0.842759 6.6271505 1.3790601
-1.0342951 6.550536 1.2258313
-0.9959879 6.6654577 0.9576807
-0.7278373 7.0102224 0.91937345
-0.22984336 7.508217 0.8810662
0.11492168 7.776367 0.9959879
0.34476504 7.8529816 1.2258313
0.3830723 7.73806 1.4173673
0.22984336 7.469909 1.340753
0.11492168 7.125144 1.0342951
-0.038307227 6.8953004 0.6512229
-0.19153613 6.6654572 0.22984335
-0.34476504 6.588843 -0.038307227
-0.49799395 6.742072 -0.038307227
-0.53630114 6.895301 0.0
-0.38307226 7.2400665 0.11492168
-0.19153613 7.6231384 0.22984335
0.038307227 7.8912888 0.34476504
0.19153613 8.121132 0.57460845
0.19153613 8.236053 0.8810662
0.22984336 8.274361 1.1109096
0.15322891 8.389282 1.2258313
0.11492168 8.504205 1.1109096
0.0 8.465897 0.8810662
-0.15322891 8.350975 0.5363012
-0.30645782 8.274361 0.49799395
-0.49799392 8.197746 0.6895301
-0.53630114 8.236053 0.7661445
-0.57460845 8.427589 1.0342951
-0.4213795 8.69574 1.0342951
-0.19153613 9.078814 1.0342951
-0.038307227 9.461885 1.0726024
0.038307227 9.768343 1.1109096
-0.038307227 9.921572 1.2258313
-0.26815057 9.921572 1.3790601
-0.4213795 9.844957 1.6089035
-0.49799395 9.691729 1.7621325
-0.5363012 9.5385 1.8004397
-0.4213795 9.461885 1.8770541
-0.45968673 9.423578 1.9536685
-0.5363012 9.5385 2.1452045
-0.7661445 9.768343 2.4133554
-0.9576807 10.0748005 2.6431987
-1.0726024 10.419565 2.9496567
-1.2641385 10.49618 3.0645783

