-1.2641385 10.304644 3.0262709
0.0 9.040505 3.1411927
0.076614454 9.232041 2.7964275
0.19153613 9.232041 2.6815057
0.88106626 9.155427 2.4899697
1.340753 9.461885 2.6048915
1.7238252 9.615114 2.6431987
2.0685902 9.883265 2.7581205
2.4516625 10.113108 2.873042
2.6048913 10.151415 2.719813
2.6431985 9.959879 2.4516625
2.528277 9.730036 2.2984338
2.4899697 9.653421 2.4516625
2.4516625 9.730036 2.4899697
2.4133554 9.730036 2.528277
2.2984335 9.730036 2.4899697
2.2218192 9.80665 2.4899697
2.1068974 9.730036 2.528277
1.9536686 9.653421 2.4133554
1.8387469 9.423578 2.336741
1.8004397 9.155428 1.9536686
1.7621325 9.002198 1.5705965
1.8770541 9.002198 1.3024458
2.030283 9.232042 1.1109096
2.030283 9.385271 1.1109096
2.0685902 9.653421 1.0726024
1.9919758 9.921572 1.1109096
1.9536686 10.151416 1.1875241
1.9919758 10.457873 1.3024457
2.0685902 10.342952 1.3024458
1.9919758 10.113108 1.2258313
1.7621324 9.768343 1.1109096
1.4173675 9.615114 1.1492168
0.9576807 9.921572 1.5705962
0.8810662 10.266336 1.8387468
0.8044517 10.381258 1.9919758
0.53630114 10.228029 2.1068976
-0.22984336 9.461885 1.8770541
-0.38307226 9.232042 1.6472107
-0.2681506 9.2703495 1.532289
-0.15322891 9.423578 1.3790601
-0.11492168 9.346964 1.1492168
-0.4213795 9.040506 0.9959879
-0.7661445 8.734048 0.88106626
-1.0342952 8.734048 1.0726024
-0.9959879 9.308657 1.7238252
-0.8044517 9.653421 1.8387469
-0.53630114 9.730036 1.5705963
-0.30645782 9.653421 0.842759
0.076614454 9.385271 -0.9959879
0.22984336 9.385271 -1.685518
0.38307226 9.5385 -1.9153614
0.4596867 9.844957 -1.7621324
0.30645782 10.036493 -0.842759
0.15322891 10.113108 -0.30645782
0.11492168 10.381258 -0.076614454
0.19153613 10.649409 0.076614454
0.15322891 11.109096 -0.19153613
0.076614454 10.994174 -0.34476504
-0.11492168 10.840945 -0.34476504
-0.38307226 10.649409 -0.34476504
-0.53630114 10.304645 -0.22984336
-0.80445176 10.151415 -0.076614454
-1.0726023 10.036493 0.076614454
-1.3024457 9.959879 0.4213795
-1.6089035 9.921572 0.68953013
-1.8770541 9.921572 0.8810662
-2.0685902 9.80665 0.8810662
-2.2601264 9.5385 0.6512228
-2.375048 9.308657 0.53630114
-2.3750482 8.810662 0.19153613
-2.183512 8.887277 0.22984335
-1.9919758 9.11712 0.45968673
-1.8770542 9.461885 0.842759
-1.9536686 9.844957 1.532289
-2.0685902 9.768343 1.2641385
-2.030283 9.155427 0.53630114
-1.9153614 9.002198 0.15322891
-1.6472108 9.040505 0.038307227
-1.3790603 9.308657 -0.038307227
-1.0342952 9.883265 -0.038307227
-1.1492168 9.998186 0.076614454
-1.3790601 9.998186 0.26815057
-1.6472107 9.921572 0.61291564
-1.9919758 9.768343 0.9959879
-1.9919758 9.5385 0.8810663
-1.7621324 9.38527 0.65122294
-1.4939818 9.270349 0.2681506
-1.0726024 9.270349 -0.19153613
-0.61291564 9.500193 -0.45968673
-0.34476504 9.730036 -0.7661445
-0.15322891 9.921572 -0.842759
-0.15322891 10.151415 -0.6512228
-0.34476504 10.342951 -0.076614454
-0.38307226 10.381258 0.076614454
-0.4213795 10.0748005 0.076614454
-0.5746084 9.576807 -0.038307227
-0.91937345 8.695741 -0.19153613
-0.9576807 8.619126 -0.11492168
-0.91937345 8.848969 0.114921674
-0.8810662 9.2703495 0.26815057
-0.84275895 9.80665 0.38307226
-1.0342951 9.768343 0.38307226
-1.2641385 9.5385 0.61291564
-1.4939818 9.346964 0.7278373
-1.685518 9.155427 1.1109096
-1.532289 9.2703495 1.0726024
-1.3024457 9.653421 1.1109096
-1.0726024 10.036493 1.1109096
-0.8810662 10.228029 0.9576807
-0.8810662 10.228029 0.9576807
-0.9193734 9.959879 0.9576807
-0.9576807 9.615114 0.9576807
-0.9576807 9.346964 0.9576807
-0.80445176 9.193734 0.8810662
-0.61291564 9.002198 0.7661446
-0.49799395 8.734047 0.6512228
-0.45968673 8.504204 0.7278373
-0.49799395 8.121132 0.842759
-0.53630114 7.776367 1.0342951
-0.57460845 7.584831 1.3024457
-0.57460845 7.240066 1.3790603
-0.49799395 6.9719152 1.3024458
-0.4213795 6.6654572 1.2641386
-0.30645782 6.244078 0.9959879
-0.19153613 5.861006 0.61291564
-0.19153613 5.516241 0.30645782
-0.22984336 5.24809 0.038307227
-0.30645782 5.094861 0.0
-0.30645782 5.1714754 0.4213795
-0.1532289 5.401319 0.842759
0.038307227 5.707777 1.0726024
0.30645782 6.0142345 1.1492168
0.49799395 6.167464 0.7661445
0.5363012 6.014235 0.34476507
0.45968673 5.66947 0.03830722
0.30645782 5.2863975 -0.11492168
0.11492168 4.9416323 0.038307227
0.0 4.9416323 0.2681506
0.0 5.094861 0.4213795
0.11492168 5.363012 0.34476504
0.30645782 5.8226986 0.11492168
0.57460845 6.2823853 -0.30645782
0.9193734 6.8186865 -0.6512228
1.2258313 7.393295 -0.8810662
1.4939818 8.236053 -0.6895301
1.1875241 8.542511 -0.45968673
0.68953013 8.580818 -0.15322891
0.07661447 8.580818 0.38307226
-0.6512229 8.887277 1.3024457
-0.61291564 9.423577 1.685518
-0.34476504 10.0748005 1.7238252
7.4505806E-9 10.611102 1.6855179
0.34476504 10.955867 1.3790601
0.6512229 11.33894 1.3024457
0.842759 11.760319 1.2641385
0.9959879 12.105083 1.2258313
1.0342951 12.488155 1.5705963
0.842759 12.679692 1.838747
0.61291564 12.5264635 1.9919759
0.38307226 12.488156 2.2218192
0.11492168 12.411542 2.2601264
-0.11492168 12.220005 2.183512
-0.68953013 11.683704 2.2984335
-0.9576807 11.377247 2.3750482
-1.0342952 11.224018 2.528277
-0.8810662 11.492168 2.6431985
-0.7661445 11.87524 2.6048913
-0.53630114 12.066776 2.3367407
-0.42137948 12.181698 2.0685902
-0.45968673 11.9135475 1.8004396
-0.38307226 11.722012 1.7621324
-0.34476507 11.836933 2.030283
-0.4213795 11.951855 2.0685902
-0.61291564 11.9135475 1.9153614
-0.9193734 11.722012 1.9153614
-1.2258313 11.453861 2.0685902
-1.4173673 11.492168 2.2601264
-1.4939818 11.683704 2.6048915
-1.4556746 12.028469 2.7581203
-1.3790601 12.449849 2.834735
-1.4173673 12.603078 3.026271
-1.4939818 12.679692 3.0645783
-1.6472108 12.756307 3.1411927
-1.7238252 12.679692 3.2944214
-1.8004396 12.756307 3.371036
-1.8770541 12.947844 3.6391866
-1.8770541 13.1393795 3.9456444
-1.9153614 13.369223 4.0222588
-1.8004396 13.484144 4.0222588
-1.7238252 13.484144 4.0222588
-1.7621324 13.330915 3.9073372
-1.877054 12.986151 3.8307228
-2.1452048 12.449848 3.86903
-2.3750482 11.9135475 3.7158012
-2.48997 11.453861 3.6008792
-2.5665843 11.147403 3.562572
-2.528277 10.994174 3.4859576
-2.528277 10.802638 3.5625722
-2.5665843 10.611102 3.6391866
-2.5665843 10.304645 3.6008794
-2.6048915 10.036493 3.5242648
-2.6048915 9.844957 3.562572
-2.6815062 9.691729 3.5242648
-2.7198133 9.576807 3.5242648
-2.834735 9.423578 3.4476504
-2.9496565 9.193734 3.1794999
-3.0262709 8.772355 2.873042
-3.1794999 8.274361 2.6431987
-3.4093432 7.776367 2.5282772
-3.6774938 7.2783737 2.4516625
-3.9073372 6.9719152 2.566584
-4.0222588 6.9719152 2.7964277
-3.86903 7.278373 2.7964277
-3.6008794 7.5848308 2.681506
-3.2561142 8.0445175 2.6048915
-2.9496565 8.465897 2.4516625
-2.681506 8.887277 2.7581203
-2.6048915 9.576807 3.4476504
-2.6431987 10.036493 3.7541082
-2.7964275 10.304644 3.9456444
-2.9113493 10.228029 3.715801
-2.9113493 9.80665 3.1411924
-2.834735 9.270349 2.9113493
-2.719813 8.887277 2.7581205
-2.834735 8.657433 2.834735
-2.834735 8.69574 3.0262709
-2.873042 9.078813 3.1411924
-2.7581203 9.38527 3.1794996
-2.4516625 9.80665 2.9496562
-2.1068974 10.22803 2.7964275
-1.7238252 10.381259 2.6048915
-1.5705963 10.304645 2.7581203
-1.6472107 9.921572 3.0645783
-1.877054 9.4618845 3.371036
-2.1068974 9.078813 3.4859576
-2.0685902 8.963891 3.1028852
-1.685518 9.002198 2.6431987
-1.2258313 8.925584 2.1068976
-0.8810662 8.810662 2.183512
-0.80445176 8.580818 3.026271
-0.9576807 8.389282 4.1371803
-1.0342951 8.427589 5.0182467
-0.8810662 8.734048 5.209783
-0.49799395 9.002198 4.596867
0.03830722 9.232041 3.4093432
0.49799395 9.308656 2.413355
0.7661445 9.11712 1.838747
0.9193734 9.040505 1.5705962
1.1109096 9.193734 2.2984335
0.9576807 9.423578 3.371036
0.6512228 9.385271 4.405331
0.15322888 9.002198 4.7884035
-0.57460845 8.312668 4.711789
-0.88106626 7.8529816 4.865018
-0.9959879 8.00621 5.286397
-1.0342951 8.734048 6.205771
-0.7661445 9.308657 6.5505357
-0.4596867 9.576807 6.0142345
7.4505806E-9 9.691729 4.7884035
0.8427591 9.461885 3.2944217
1.493982 9.308657 2.2984338
1.9153614 9.11712 1.7621325
2.2984335 9.040505 2.0685902
2.4516625 9.5385 3.217807
2.4133554 10.151415 4.1371803
2.2601266 10.342951 4.4819455
1.9153613 9.998186 4.098873
1.5705963 8.925584 2.9879634
1.532289 7.8912888 2.1068974
1.9153613 7.5082164 1.8004396
2.528277 7.699753 1.7238252
3.1794999 8.274362 1.9153613
3.8307226 9.002199 1.9919758
4.290409 9.768343 1.9536686
4.6351748 10.266336 1.9919759
4.711789 10.419565 1.7621325
4.481946 10.151415 1.5322891
4.0605664 9.576806 1.4939818
3.4476504 9.040505 1.4939818
2.9496565 8.925584 1.9536686
2.528277 9.078814 2.566584
2.183512 9.308657 3.0262709
2.1452048 9.691729 3.3327289
2.4133554 10.151415 3.7158012
2.719813 10.649408 3.6008792
2.9879637 10.994174 3.371036
2.9879637 11.032482 3.1794999
2.566584 10.726024 2.7581205
2.1068974 10.266336 2.7581205
1.6472107 10.036493 2.9879637
1.3790601 9.883265 3.1028852
1.340753 10.0748005 3.1794996
1.5705962 10.611101 3.4093432
1.9536686 11.070788 3.5242648
2.1068976 11.530476 3.5242648
2.1068976 11.377247 3.1028852
1.8387469 11.032482 2.4899697
1.8387469 10.955868 2.183512
1.8004397 11.109097 2.0685902
1.8770541 11.453861 2.2601266
2.030283 11.9135475 2.834735
2.1452048 12.296619 3.2944214
2.2601264 12.717999 3.7541082
2.4133554 13.062764 3.9456444
2.4516625 13.40753 3.9839516
2.4899697 13.599066 3.9073372
2.4133554 13.484144 3.562572
2.1452048 13.40753 3.4476504
1.8387469 13.101071 3.217807
1.4939818 12.832921 3.2944214
1.1875241 12.603078 3.5625722
0.8810662 12.29662 3.715801
0.6895301 12.143392 4.0222588
0.61291564 12.143392 4.4436383
0.72783726 12.373235 4.7117887
1.0342951 12.717999 4.788403
1.3790601 12.756307 4.55856
1.5705962 12.373234 3.9456444
1.6089036 11.760319 3.5242648
1.6089036 11.262324 3.2944217
1.4556746 11.032481 3.2944217
1.3024457 10.994174 3.371036
1.1492168 10.879252 3.2178073
0.9959879 10.726024 2.873042
1.0342951 10.534487 2.6048913
1.1875241 10.381258 2.2984335
1.4173675 10.457872 2.2984335
1.6472108 10.457872 2.4133554
1.7238252 10.266336 2.336741
1.532289 9.921572 2.4133554
1.1875241 9.423578 2.336741
0.842759 9.002199 2.528277
0.6895301 8.848969 2.9113493
0.7278373 8.848969 3.1028852
0.842759 8.887277 3.0262709
1.0342951 8.772355 2.6431985
1.0342951 8.695741 2.2218192
0.9959879 8.542511 2.030283
0.9576807 8.197746 1.9153614
0.8044518 7.8912888 1.9536686
0.68953013 7.73806 1.9153614
0.49799395 7.699753 1.8004396
0.34476504 7.776367 1.8004396
0.34476504 7.8529816 1.6472108
0.45968673 7.8912888 1.6089035
0.7661445 7.929596 1.6089035
1.1492168 8.0445175 1.3790601
1.340753 8.236053 1.0342951
1.4556746 8.0445175 0.6895301
1.3790603 7.776367 0.34476504
1.1109096 7.546524 0.45968673
0.80445176 7.3932953 0.9576807
0.4213795 7.4699097 1.5705963
0.038307227 7.584831 2.1068976
-0.30645782 7.584831 2.3750482
-0.45968673 7.4699097 2.2601264
-0.30645782 7.316681 1.685518
0.038307235 7.086837 0.84275895
0.49799395 7.0485296 -0.038307235
0.8810662 7.163451 -0.49799395
0.95768064 7.3166804 -0.49799395
0.7661446 7.4316025 -0.11492169
0.45968673 7.3549876 0.49799395
0.15322891 7.240066 1.1492168
0.038307227 7.201759 1.6089034
0.076614454 7.240066 1.7621324
0.15322891 7.201759 1.5705962
0.26815057 7.0485296 0.9576807
0.22984335 6.818686 0.4213795
0.11492168 6.6654572 0.19153613
0.076614454 6.6654572 0.22984338
0.038307227 6.8569937 0.6512228
0.038307227 7.0868373 0.9959879
0.15322891 7.3549876 1.1492168
0.38307226 7.73806 1.4173675
0.57460845 8.0445175 1.3790603
0.7278373 8.274361 1.2258313
0.7661445 8.274361 1.1109097
0.5746084 8.00621 0.80445176
0.26815057 7.73806 0.6895301
0.0 7.6231384 0.80445176
-0.19153613 7.699753 0.9576807
-0.26815057 8.082825 1.1109097
-0.19153613 8.427589 1.2641385
-0.038307227 8.657433 1.3024458
0.15322891 8.848969 1.1109096
0.34476507 8.925584 0.9576807
0.5363012 8.963891 0.53630114
0.5746084 9.002198 0.15322891
0.49799395 9.11712 0.11492168
0.34476504 9.193734 0.26815063
0.076614454 9.308657 0.6512229
-0.15322891 9.423578 1.1109097
-0.2681506 9.576807 1.532289
-0.30645782 9.844957 1.8387468
-0.30645782 10.266336 2.1452048
-0.26815057 10.764331 2.566584
-0.19153613 11.185711 2.873042
-0.038307227 11.224018 2.834735
0.26815057 10.840946 2.6048913

