0.49799395 10.304645 2.1068974
0.6512228 9.730036 1.493982
0.68953013 9.461885 1.0726024
-0.8810662 9.5385 2.7964277
0.0 9.576807 2.6431985
1.1492169 9.5385 2.3750482
1.8770541 9.768343 2.528277
2.3750482 9.653421 2.528277
2.2601266 9.385271 2.6815057
2.2218192 9.193734 2.8347347
2.183512 9.078813 2.8347347
2.183512 9.078813 2.7581203
2.1452048 9.2703495 2.4899697
2.030283 9.5385 2.183512
1.9919758 9.730036 1.9919759
1.838747 9.921572 1.8387469
1.8770542 9.883265 1.8770541
1.8387469 9.768343 1.9153614
1.8387469 9.653421 1.7238252
1.9153614 9.653421 0.84275895
1.9153614 9.921572 0.26815063
1.9536686 10.189722 0.0
1.8770542 10.304644 -0.19153613
1.6089035 10.036493 -0.15322891
1.3790603 9.730036 0.0
1.1492169 9.500193 0.30645782
0.9193735 9.461885 0.7661445
0.7278373 9.883265 1.3024458
0.8044517 10.228029 1.2258313
0.9959879 10.266336 1.0342951
1.1492168 10.0748005 0.842759
1.3024457 9.346964 0.6512228
1.187524 9.193735 0.6512228
0.9959879 9.193735 0.68953
0.8044518 9.2703495 0.842759
0.57460845 9.385271 0.9576807
0.4213795 9.461885 1.0342951
0.30645782 9.500193 1.0726024
0.22984336 9.461885 1.1109096
0.22984336 9.423578 1.1875241
0.22984336 9.232041 1.1875241
0.19153613 9.078813 1.1109096
0.076614454 9.040505 1.0342951
-0.22984336 9.078813 0.8810662
-0.26815057 9.155427 1.0726024
-0.19153613 9.270349 1.2258313
-0.076614454 9.461885 1.2258313
0.076614454 9.615114 1.1492168
0.038307227 9.768343 0.9959879
-0.076614454 9.768343 0.91937345
-0.22984336 9.80665 1.1109096
-0.30645782 9.844957 1.1875241
-0.11492168 9.730036 1.1492168
0.2681506 9.730036 0.8810662
0.61291564 9.615114 0.45968673
0.842759 9.5385 0.22984335
0.99598795 9.691729 0.19153613
0.99598795 9.844957 0.34476504
0.9576807 10.036493 0.6512229
0.8810662 10.266337 0.8810662
0.8044517 10.457873 0.9959879
0.68953 10.572795 1.0726024
0.6512228 10.649409 0.8810662
0.6512228 10.649409 0.61291564
0.53630114 10.342952 0.38307226
0.30645782 9.95988 0.19153613
-0.076614454 9.500193 0.11492168
-0.45968673 9.11712 0.30645782
-0.7661446 9.078813 0.4213795
-0.8810662 9.5385 0.4213795
-0.7661445 9.80665 0.15322891
-0.61291564 10.304644 -0.19153613
-0.61291564 10.419565 -0.26815057
-0.80445176 10.611102 -0.26815057
-0.9959879 10.649409 -0.15322891
-1.3407528 10.419566 0.11492166
-1.7621324 9.959879 0.4213795
-2.2218192 9.615114 0.8810662
-2.566584 9.385271 1.1875241
-2.6815057 9.423578 1.3790601
-2.528277 9.691729 1.4173673
-2.1068974 9.921572 1.1492168
-1.7238252 10.0748005 0.7278373
-1.5705963 9.959879 0.2681506
-1.7238252 9.730036 0.2681506
-2.1452045 9.308656 0.61291564
-2.6431985 8.848969 1.1109096
-2.9879637 8.657433 1.7238252
-3.064578 8.69574 1.8004397
-2.8347347 8.925583 1.6089035
-2.528277 9.346964 1.4939818
-2.183512 9.653421 1.2641385
-1.9536686 9.730036 1.1492168
-1.8770542 9.730036 1.1492168
-1.8387469 9.461885 1.1109096
-1.8770542 9.155428 1.0342952
-1.8770542 8.963892 1.0726024
-1.7621325 8.695741 1.0726024
-1.6089035 8.619126 0.9193734
-1.3024458 8.504204 0.842759
-0.9959879 8.427589 0.7661445
-0.7661445 8.427589 0.7661445
-0.53630114 8.427589 0.9576807
-0.49799395 8.465898 1.3024457
-0.5746084 8.350976 1.4939818
-0.6895301 8.121132 1.532289
-0.80445176 7.73806 1.37906
-0.842759 7.3166804 0.8810662
-0.80445176 6.933608 0.53630114
-0.7278373 6.6654572 0.22984335
-0.68953 6.588843 0.22984335
-0.61291564 6.7037644 0.45968673
-0.49799398 6.856993 0.57460845
-0.3830723 7.0102224 0.7661446
-0.34476504 7.0485296 0.6512228
-0.3830723 6.933608 0.53630114
-0.49799395 6.8186865 0.53630114
-0.61291564 6.7803793 0.49799395
-0.61291564 6.8186865 0.61291564
-0.49799395 7.0102224 0.68953
-0.30645782 7.31668 0.68953
-0.15322891 7.623138 0.7661445
0.0 7.8529816 0.7278373
0.038307227 8.00621 0.7661445
0.038307227 8.0445175 0.842759
0.0 7.8529816 0.91937345
-0.038307227 7.699753 0.9959879
-0.038307227 7.508217 0.91937345
0.19153613 7.469909 0.68953
0.38307226 7.6231384 0.68953
0.53630114 7.8146744 0.8044517
0.68953 8.082825 0.9193734
0.72783726 8.312668 1.1492168
0.72783726 8.580818 1.2641385
0.7661445 8.772355 1.4173673
0.7661445 8.963891 1.6089035
0.7661445 9.002198 1.6472108
0.80445176 8.925584 1.7621324
0.84275895 8.887277 1.7238252
0.84275895 8.772355 1.4939818
0.8044517 8.848969 1.2258313
0.7278373 9.002198 0.9193734
0.61291564 9.308656 0.8810662
0.49799398 9.691729 1.1109096
0.3830723 9.959879 1.5705963
0.22984335 10.342951 2.2218192
0.076614454 10.726023 2.6431985
0.0 11.070789 2.9879637
-0.038307227 11.530476 3.064578
-0.076614454 11.798626 2.9113493
-0.076614454 11.87524 2.7964277
-0.15322891 11.951855 2.7581203
-0.38307226 11.836933 2.9496565
-0.6512229 11.760319 3.2944217
-0.9959879 11.645397 3.6391864
-1.3024457 11.568783 3.8307228
-1.4173673 11.492168 3.9073372
-1.340753 11.453861 3.8307228
-0.8044517 11.492168 3.7924156
-0.49799392 11.60709 3.9839516
-0.22984335 11.683704 4.098873
-0.076614454 11.722012 3.86903
-0.038307227 11.722012 3.754108
-0.19153613 11.530476 3.2944214
-0.49799395 11.224018 2.9113493
-0.91937345 10.840945 2.6431987
-0.9576807 10.955867 2.528277
-0.91937345 11.224018 2.4899697
-0.842759 11.530476 2.2601264
-0.8044518 11.645397 2.030283
-0.8044518 11.722012 1.7621324
-0.7661445 11.722012 1.532289
-0.8044518 11.722012 1.5705962
-0.9193735 11.760319 1.9536686
-1.0342952 11.798626 2.3750482
-1.1875241 11.836933 2.9113493
-1.3790601 11.798626 3.1028855
-1.5705963 11.722012 3.3327289
-1.685518 11.683704 3.4859576
-1.7238252 11.722012 3.4859576
-1.6472108 11.798626 3.6008792
-1.532289 11.9135475 3.715801
-1.6089036 11.87524 3.86903
-1.685518 11.798626 3.9839516
-1.7238252 11.683704 4.060566
-1.7621324 11.453861 3.9456444
-1.838747 11.185711 3.7158012
-2.0302832 10.802638 3.7158012
-2.2984338 10.381258 3.7158012
-2.6048915 9.959879 3.677494
-2.8347347 9.5385 3.7158012
-2.9879637 9.193735 3.562572
-3.0262709 9.078814 3.371036
-2.9113493 9.040505 3.2944214
-2.7964277 9.078813 3.217807
-2.7581205 9.155427 3.1794996
-2.7964277 8.963891 3.1411924
-2.9113493 8.695741 3.1794996
-3.064578 8.504205 3.2561145
-3.1028852 8.542512 3.2944217
-3.0262709 8.810662 3.2561145
-2.9496565 9.155428 3.0645783
-2.873042 9.2703495 2.834735
-2.873042 9.117121 2.6431987
-3.026271 8.925585 2.6431987
-3.1411927 8.695741 2.681506
-3.1411927 8.6574335 2.719813
-3.217807 8.695741 2.9113493
-3.2944214 8.619126 3.1028855
-3.4093432 8.580819 3.371036
-3.524265 8.542512 3.6008794
-3.4476504 8.542512 3.6008794
-3.1028855 8.810662 3.4859576
-2.528277 9.308657 3.371036
-1.8770541 9.998186 3.2178068
-1.3024457 10.726024 3.2561145
-1.2258313 10.994175 3.4476504
-1.5705962 10.649409 3.8307226
-2.2218192 9.844957 4.4436383
-2.9113493 8.810662 4.9799395
-3.217807 8.0445175 5.24809
-3.1411924 7.776367 5.24809
-2.7581205 7.929596 5.1714754
-2.2218192 8.350975 5.1714754
-1.7238252 8.925584 5.3630114
-1.340753 9.423578 5.592855
-1.0342951 9.768343 5.592855
-0.7661446 9.959879 5.401319
-0.5363012 9.80665 5.0182467
-0.38307226 9.538499 4.55856
-0.30645782 9.040505 4.060566
-0.344765 8.580818 4.0222588
-0.49799395 8.389282 4.4436383
-0.61291564 8.350975 5.133168
-0.6512228 8.580818 5.66947
-0.53630114 8.810662 5.746084
-0.11492168 9.155427 5.24809
0.42137948 9.576807 4.4819455
0.9576807 9.998186 3.9456444
1.4173673 10.457873 3.5242648
1.6472107 10.496181 3.2561145
1.6089034 10.304644 3.4093432
1.37906 10.0748005 3.8307228
0.84275895 9.576807 4.9799395
0.6512228 9.500193 5.056554
0.61291564 9.308657 4.7117887
0.5363012 9.232042 4.098873
0.5746084 9.078814 3.4476504
0.7661445 9.117121 3.217807
0.84275895 9.232042 3.4476504
0.91937345 9.308657 3.9456446
0.80445176 9.346964 4.5202527
0.49799395 9.232041 4.7500963
0.22984336 9.002198 4.7500963
0.038307227 8.69574 4.405331
0.0 8.389282 3.9456444
0.15322891 8.00621 3.4859576
0.4213795 7.699753 2.9496565
0.7278373 7.699753 2.6048915
1.0342951 7.8529816 2.4133554
1.2641385 8.274361 2.4899697
1.532289 8.963891 2.719813
1.7238252 9.538499 3.026271
1.9536685 10.0748005 3.217807
2.1068974 10.266336 3.1411927
2.030283 10.036493 2.9113493
1.9153614 9.5385 2.681506
1.6472108 9.040506 2.5665843
1.4173675 8.695741 2.5665843
1.3024457 8.580819 2.7581203
1.2258313 8.772355 2.9879637
1.3407528 9.078813 3.4093432
1.4556746 9.423578 3.9073372
1.532289 9.691729 4.290409
1.6089036 9.80665 4.481945
1.685518 9.730036 4.290409
1.8004396 9.576807 3.8690298
1.9536686 9.5385 3.4093432
2.1452048 9.5385 2.9496565
2.2218192 9.5385 2.528277
2.2218192 9.5385 2.2218192
2.1068974 9.423578 2.1068974
1.8387468 9.346964 2.2601264
1.532289 9.308657 2.6048913
1.3024457 9.346964 3.0262709
1.1492169 9.500193 3.371036
1.2258313 9.653421 3.5242648
1.37906 9.80665 3.4859576
1.4556745 9.844957 3.1794996
1.5705963 9.768343 2.7964275
1.6089035 9.730036 2.4516625
1.6089035 9.844957 2.2601264
1.6089035 10.113109 2.4516625
1.5322891 10.419566 2.566584
1.3790603 10.572795 2.7964275
1.340753 10.6877165 2.873042
1.3024458 10.879252 2.7964277
1.4556746 11.032482 2.7964277
1.5705963 11.300632 2.6048915
1.6472108 11.530476 2.4899697
1.685518 11.760319 2.4516625
1.5705963 12.028469 2.4899697
1.4556746 12.181698 2.5665843
1.1492168 12.258312 2.681506
0.8810662 12.258312 2.7964275
0.7661445 12.488156 3.0645783
0.8044518 12.98615 3.4859576
1.0726024 13.637373 3.8690298
1.532289 14.288596 3.907337
1.9153614 14.671668 3.7541082
2.183512 14.595054 3.3327286
2.1452048 14.250288 3.0262709
1.9153614 13.790601 3.217807
1.6472107 13.292607 3.5242648
1.4939818 13.024457 3.907337
1.7621324 12.717999 4.252102
2.030283 12.641385 3.9839516
2.2601264 12.641385 3.7541084
2.375048 12.832921 3.6391866
2.3367407 12.871228 3.9073372
2.0685902 12.603078 4.2137947
1.6472107 12.066777 4.3670235
1.2641385 11.3006315 4.3670235
0.9959879 10.534487 3.907337
0.8810662 9.998186 3.4093432
0.7661445 9.80665 3.1411927
0.6512229 9.730036 2.9113493
0.5363012 9.768343 3.0262709
0.49799395 9.844957 3.2178068
0.6512229 9.768343 3.2561145
0.842759 9.615114 3.064578
0.9576807 9.423578 2.719813
0.9193735 9.2703495 2.4133554
0.8044518 9.078813 2.336741
0.6895301 9.040505 2.4899697
0.49799395 9.117121 2.7581203
0.34476504 9.155428 2.9496565
0.19153613 9.117121 2.9496565
0.11492168 9.002199 2.7581203
0.19153613 8.887277 2.528277
0.38307226 8.810662 2.2601264
0.61291564 8.848969 1.9919758
0.68953013 8.810662 1.7238252
0.68953013 8.619126 1.493982
0.49799395 8.350975 1.4173673
0.19153613 8.0445175 1.5322891
-0.07661445 7.929596 1.8004397
-0.19153613 7.929596 2.0685902
-0.2681506 7.929596 2.336741
-0.30645782 7.929596 2.4899697
-0.30645782 7.776367 2.6815057
-0.34476504 7.6231384 2.7964275
-0.22984335 7.469909 2.566584
0.07661444 7.431602 1.9919758
0.42137948 7.393295 1.2641385
0.7278373 7.2783732 0.5363012
0.842759 7.3166804 -0.11492168
0.7278373 7.2783732 -0.34476504
0.68953013 7.240066 -0.61291564
0.57460845 7.2783732 -0.5363012
0.53630114 7.240066 -0.4213795
0.68953 7.1634517 -0.26815057
0.6512228 7.0102224 -0.076614454
0.61291564 6.9719152 -0.076614454
0.5746084 7.0102224 0.15322891
0.3830723 7.1634517 0.38307226
0.34476504 7.393295 0.5363012
0.34476504 7.3166804 0.5363012
0.3830723 7.1251445 0.2681506
0.34476504 6.9719152 0.30645782
0.2681506 6.933608 0.26815057
0.2681506 7.0102224 0.6512229
0.3064578 7.201759 1.1875241
0.34476504 7.3932953 1.5322891
0.34476504 7.316681 1.8004397
0.22984335 7.086837 1.4939818
0.11492168 6.7803793 1.0726024
0.0 6.550536 0.6512228
-0.038307227 6.6271505 0.38307226
-0.038307227 6.9719152 0.30645782
-0.076614454 7.3932953 0.38307226
-0.038307227 7.8146744 0.5746084
0.0 8.274361 1.0342951
0.076614454 8.695741 1.532289
0.22984335 8.963891 1.8387468
0.34476504 9.11712 1.8004396
0.45968673 9.155427 1.340753
0.61291564 9.078813 0.80445176
0.61291564 9.11712 0.49799395
0.45968673 9.193734 0.5363012
0.22984336 9.2703495 0.91937345
-0.11492168 9.500193 1.6089035
-0.4213795 9.80665 2.3750482
-0.6129156 9.959879 3.1411927
-0.6512228 10.0748005 3.6774938
-0.61291564 10.151415 3.86903
-0.4213795 10.304644 3.6774938
-0.22984336 10.726023 3.1794999

