-0.076614454 10.994174 2.6431987
0.076614454 10.955867 1.9919758
0.15322891 10.496181 1.4556746
-0.38307226 9.576807 2.1452048
0.7278373 10.036493 2.183512
1.6472108 10.266336 2.3750482
2.3750482 10.457873 2.6431987
2.719813 10.572795 2.5282772
2.4899697 10.49618 2.2218194
2.2984335 10.228029 1.8770541
2.1452045 9.883265 1.493982
2.1452045 9.576807 1.3024458
2.1068974 9.270349 1.2641386
1.9919758 9.078813 1.2258313
1.8770541 9.002198 1.0726024
1.3790601 9.078813 0.6512229
1.1492168 9.193734 0.5363012
0.9959879 9.11712 0.68953013
0.842759 9.002198 0.61291564
0.8044517 8.734048 0.38307226
0.8810662 8.848969 0.19153613
1.1492169 9.11712 0.22984336
1.3790603 9.5385 0.19153613
1.5322891 9.883265 -0.22984335
1.4556746 9.844957 -0.34476504
1.187524 9.691729 0.19153613
0.9193734 9.653421 0.6512229
0.6512228 9.653421 0.9576807
0.4596867 9.844957 1.0342951
0.53630114 10.381259 0.80445176
0.6895301 10.572795 0.61291564
0.7661445 10.572795 0.57460845
0.6512228 10.457873 0.5363012
0.038307227 10.189722 0.842759
-0.22984336 10.0748005 1.1109096
-0.4213795 10.036493 1.3407528
-0.6512228 9.959879 1.3790603
-0.8044517 9.768343 0.842759
-0.7278373 9.730036 0.38307226
-0.57460845 9.768343 -7.4505806E-9
-0.34476504 9.844957 -0.22984338
-0.42137948 9.998186 -0.15322891
-0.53630114 10.0748005 0.15322891
-0.7661445 10.228029 0.53630114
-1.0342951 10.151415 0.8810662
-1.4173673 9.921572 1.1109096
-1.532289 9.691729 0.842759
-1.4173673 9.653421 0.3830723
-1.1875241 9.844957 -0.34476507
-1.0342952 10.0748005 -0.61291564
-1.0726024 10.342952 -0.45968673
-1.1492169 10.572795 -0.15322891
-1.3024457 10.649409 0.4213795
-1.5705962 10.611102 0.9576807
-1.685518 10.572795 1.2258313
-1.7621324 10.496181 1.0342951
-1.7238252 10.342952 0.57460845
-1.685518 10.266336 0.30645782
-1.8004396 10.266336 0.22984335
-1.9919758 10.189722 0.49799395
-2.336741 10.151415 0.8810662
-2.6431985 10.113108 1.1109096
-2.911349 9.998186 1.3024457
-3.064578 9.959879 1.3407528
-3.064578 9.959879 1.3790601
-2.9113493 9.883265 1.1492168
-2.719813 9.844957 1.0726023
-2.4516625 9.844957 0.6512228
-2.4516625 9.730036 0.6512228
-2.6431987 9.270349 0.53630114
-2.9113493 8.772355 0.45968673
-3.2561142 7.6231384 0.34476504
-3.217807 7.3932953 0.49799395
-2.834735 7.354988 0.9959879
-2.5665843 7.546524 1.1109096
-2.2984335 7.8912888 1.1492169
-1.9919758 8.350975 1.1109096
-1.3790601 8.887277 0.8044517
-1.3024457 8.887277 0.7661445
-1.3407528 8.619125 0.8044517
-1.4173673 8.274361 0.9576807
-1.532289 7.929596 1.1109096
-1.4173673 7.4699097 1.4556746
-1.2258313 7.546524 1.6089036
-0.95768064 7.73806 1.685518
-0.6512229 8.00621 1.685518
-0.38307226 8.312668 1.532289
-0.11492168 8.504204 1.3024457
0.076614454 8.542511 1.1109096
0.19153613 8.465897 0.9959879
0.19153613 8.121132 0.91937345
0.038307227 7.6614456 1.0342951
-0.15322891 7.1251445 1.1109096
-0.22984336 6.6654572 1.1875241
-0.2681506 6.3589997 1.1109096
-0.19153613 6.2440777 0.9193734
0.038307227 6.320692 0.72783726
0.30645782 6.4739213 0.344765
0.61291564 6.780379 0.11492168
0.9576807 7.0485296 0.076614454
1.1492169 7.3166804 0.19153613
1.0342951 7.546524 0.6512228
0.7278373 7.3166804 0.53630114
0.344765 6.8569937 0.15322891
0.114921674 6.244078 -0.30645782
-0.11492168 5.592855 -0.6512228
-0.26815057 5.2863975 -0.7278373
-0.26815057 5.363012 -0.5363012
-0.38307226 5.746084 -0.114921674
-0.45968676 6.3206925 0.26815057
-0.5746084 6.895301 0.49799395
-0.7661445 7.1634517 0.5746084
-0.9576807 7.1634517 0.6129156
-1.0726024 7.1634517 1.0342952
-1.1492169 7.201759 1.7621325
-1.1875241 7.546524 2.528277
-1.1875241 8.082825 3.2561145
-1.1875241 8.695741 3.5242648
-1.1492169 9.002198 3.3327289
-1.1492169 9.11712 3.3327289
-1.0726023 9.193734 3.3327289
-0.88106626 9.308656 3.3327289
-0.57460845 9.653421 3.4476504
-0.07661447 10.151416 3.2944214
0.4213795 10.764331 3.1028855
0.6895301 11.185711 3.0262709
0.84275895 11.415554 2.873042
0.6512228 11.453861 2.873042
0.42137948 11.377247 2.9113493
0.26815057 11.262325 2.9113493
0.11492168 11.262325 3.1411927
0.15322891 11.33894 3.2944217
0.15322891 11.415554 3.4093432
0.15322891 11.492168 3.4093432
0.15322891 11.568783 3.2944217
0.15322891 11.683704 3.4093432
0.11492168 11.798626 3.5242648
0.0 11.990162 3.715801
-0.22984335 12.066776 3.9073372
-0.53630114 11.990162 3.8307228
-0.8810662 11.87524 3.7541084
-1.1492168 11.60709 3.562572
-1.2641385 11.33894 3.5242648
-1.2641385 11.262325 3.6774938
-1.2258313 11.33894 3.9456444
-1.1875241 11.683704 4.5202527
-1.1875241 12.143391 5.056554
-1.1875241 12.526463 5.3247046
-1.1875241 12.641385 5.3247046
-1.2641385 12.449848 5.018247
-1.3790601 12.028469 4.5968676
-1.5705963 11.377247 4.2904096
-1.7238252 10.802637 4.2137947
-1.7621324 10.419565 4.252102
-1.7238252 10.419565 4.596867
-1.6089035 10.764331 5.133168
-1.3790601 11.377247 5.631162
-1.1109096 12.066776 6.0142345
-0.7661445 12.603078 6.0525417
-0.4596867 12.947843 5.861006
-0.26815057 12.98615 5.6311626
-0.22984335 12.794613 5.66947
-0.38307226 12.411541 5.746084
-0.61291564 12.028469 5.899313
-0.8044517 11.760319 5.899313
-0.9959879 11.568783 5.7843914
-1.1492168 11.453861 5.8226986
-1.340753 11.492168 6.0142345
-1.5322891 11.492168 6.320693
-1.6472108 11.530476 6.473922
-1.7238252 11.530476 6.2440786
-1.685518 11.300632 5.7843914
-1.7238252 11.032482 5.4013195
-1.838747 10.611102 5.1714754
-2.1068976 10.266336 5.133168
-2.4516625 9.921572 5.133168
-2.834735 9.385271 5.094861
-3.217807 9.040506 5.094861
-3.4859576 8.6574335 5.133168
-3.6774938 8.42759 5.133168
-3.7924156 8.465898 5.094861
-3.86903 8.42759 4.8267107
-3.9073372 8.504205 4.5968676
-3.9456444 8.580819 4.4436383
-3.9073372 8.695741 4.252102
-3.7541082 8.848969 4.252102
-3.6008792 8.887277 4.1371803
-3.409343 8.810662 3.9456444
-3.2561142 8.427589 3.7924156
-3.1794999 7.967903 3.6008792
-3.1411924 7.584831 3.3327289
-3.064578 7.2400656 3.1794999
-2.9496565 7.3932953 3.1794999
-2.7581203 7.776367 3.2561142
-2.4516625 8.350975 3.4859576
-2.2601264 9.002198 3.8307228
-2.2218192 9.232042 4.0222588
-2.4133554 8.925584 3.9456444
-2.911349 7.469909 3.677494
-2.9879637 6.8953004 3.4476504
-2.6431985 6.933608 3.3327289
-1.9919758 7.5465236 3.562572
-1.2641385 8.542512 4.1371803
-0.8044518 9.385271 4.8267107
-0.68953013 9.730036 5.2863975
-0.88106626 9.308657 4.9416323
-1.0342951 8.350976 3.7924154
-0.7278373 6.9719152 2.0685902
-0.49799395 6.8569937 2.6048913
-0.4213795 7.316681 4.2137947
-0.49799395 8.082825 6.3206925
-0.49799395 8.810662 7.73806
-0.4213795 9.232041 7.852982
-0.11492169 9.155427 6.78038
0.4596867 8.734048 4.9416323
1.1492168 8.734048 3.2944217
1.8004396 9.002198 2.221819
2.3750482 9.80665 2.1068974
2.719813 10.764331 2.566584
2.719813 11.18571 2.9879637
2.4516625 11.109096 3.217807
1.8387468 10.266336 2.9496565
1.2258312 9.040506 2.4133554
0.7661445 8.082825 2.2218192
0.53630114 7.6231384 2.4133554
0.7278373 7.776367 2.873042
1.0342952 8.350976 3.371036
1.4556746 9.155427 3.86903
1.8004397 9.921572 4.213795
1.8770542 10.228029 4.2521024
1.7621324 9.883265 3.9839516
1.3790603 9.117121 3.7924156
0.9959879 8.197746 3.5242648
0.7278373 7.546524 3.3327286
0.68953013 7.2783732 3.1794996
0.9576807 7.393295 2.6431985
1.5322891 7.929596 2.413355
2.2601266 8.848969 2.4516623
2.834735 10.0748005 2.7581203
3.1411924 11.070788 3.2944214
3.1028852 11.60709 3.907337
2.719813 11.530476 4.1754875
2.3750482 11.032481 4.2521024
2.1452048 10.266337 3.8307228
1.9919758 9.423578 3.0262709
2.0685902 9.002198 2.2984335
2.2601264 8.925584 1.7238252
2.528277 9.155427 1.6089035
2.681506 9.576807 1.9153613
2.6048915 9.844957 2.375048
2.3750482 9.844957 2.9496565
2.030283 9.730036 3.4859576
1.8004396 9.653421 3.907337
1.8387468 9.5385 4.098873
1.9536686 9.500193 4.1371803
2.1452048 9.423578 3.9456444
2.3750482 9.308657 3.6008792
2.4516625 9.232041 3.1794996
2.4899697 9.232041 2.8730419
2.4133554 9.308656 2.6815057
2.2601266 9.423578 2.566584
2.183512 9.500193 2.719813
2.1068976 9.5385 2.7581205
2.183512 9.615114 2.873042
2.2984338 9.730036 2.9496565
2.3750482 9.883265 2.834735
2.4899697 9.921572 2.873042
2.4899697 10.0748005 2.873042
2.4516625 10.228029 2.9879637
2.413355 10.419566 3.1411927
2.3367407 10.764331 3.1028855
2.2601264 10.726024 2.9496565
2.1068974 10.534487 2.681506
1.9536686 10.189722 2.4516625
1.6472108 9.653421 2.2984335
1.3790603 9.423578 2.4516623
1.5705965 9.959879 2.9496565
1.9153614 10.879252 3.6391866
2.528277 11.990162 4.1754875
3.2561142 13.2543 4.5585604
3.7924154 14.211981 4.7884035
4.060566 14.939818 5.056554
4.0222588 15.20797 5.5162406
3.6008792 14.978126 5.861006
2.9113493 14.135366 6.0142345
2.2984338 13.3309145 5.9759274
1.9919758 12.909535 5.631162
1.9919758 12.756307 5.2863975
2.0685904 12.794614 4.9416323
2.183512 12.832921 4.55856
2.183512 12.947843 4.5202527
2.1452048 12.947843 4.55856
2.1068976 12.871228 4.596867
2.0685902 12.794614 4.711789
1.9919758 12.679692 4.903325
1.8004396 12.488155 5.094861
1.6089035 12.105083 5.2097826
1.4556746 11.645397 5.2097826
1.4556746 11.224018 4.865018
1.5705963 10.955867 4.4436383
1.685518 10.764331 3.9456444
1.685518 10.342951 3.3327286
1.493982 9.883265 3.0262709
1.4556748 9.576807 2.9879637
1.493982 9.576807 2.9879637
1.6089036 9.768343 3.1411927
1.8770542 9.959879 3.1028855
1.8770542 9.921572 2.7581203
1.7238252 9.576807 2.528277
1.532289 9.078813 2.3367407
1.2258313 8.504205 2.183512
0.9576807 7.967903 2.2601264
0.7278373 7.699753 2.2601264
0.53630114 7.6231384 2.3750482
0.53630114 7.6231384 2.2601266
0.7661445 7.8529816 1.9153614
1.1492169 8.082825 1.7238252
1.3790603 8.121132 1.4173675
1.2258313 7.967903 1.4939818
0.34476504 7.3166804 1.9153613
0.0 7.240066 2.030283
0.11492168 7.3166804 1.8004398
0.4213795 7.4699097 1.4556746
0.80445176 7.6614456 1.1109096
1.0726024 7.73806 0.8810662
1.0726024 7.699753 0.8810662
0.91937345 7.5465236 0.9576807
0.7278373 7.278373 0.9576807
0.6895301 7.163451 0.8810662
0.6895301 7.240066 0.7661445
0.72783726 7.3932953 0.57460845
0.80445176 7.508217 0.45968673
0.7661445 7.508217 0.34476504
0.61291564 7.4316025 0.3064578
0.38307226 7.3549876 0.57460845
0.076614454 7.3166804 0.88106626
-0.11492168 7.3549876 1.2641385
-0.076614454 7.3549876 1.5705962
0.15322888 7.4316025 1.4939818
0.45968673 7.699753 1.1875241
0.7278373 7.8912888 0.8044518
0.88106626 8.159439 0.57460845
0.91937345 8.312668 0.57460845
0.7278373 8.274361 0.9576807
0.38307226 8.082825 1.3790601
0.038307227 7.776367 1.7238253
-0.34476507 7.584831 1.8387469
-0.49799398 7.431602 1.6089035
-0.4213795 7.431602 1.4173673
-0.2681506 7.776367 1.1109096
-0.076614454 8.0445175 1.0726024
0.076614454 8.236053 1.1109096
0.15322891 8.312668 1.0342951
0.11492168 8.082825 0.91937345
0.076614454 7.8529816 0.7278373
0.076614454 7.73806 0.61291564
0.076614454 7.8146744 0.68953013
0.11492168 8.0445175 0.8044517
0.15322891 8.350975 0.842759
0.15322891 8.542512 0.8810662
0.11492168 8.695741 0.842759
0.076614454 8.6574335 0.95768064
0.0 8.504204 0.80445176
-0.076614454 8.389282 0.80445176
-0.15322891 8.389282 0.7661445
-0.26815057 8.580818 0.5746084
-0.34476507 8.848969 0.80445176
-0.4596867 9.078813 0.7661446
-0.4596867 9.232042 0.842759
-0.22984336 9.308657 1.0726023
0.0 9.5385 1.187524
0.26815057 9.883265 1.532289
0.4213795 10.113108 1.7238252
0.34476507 10.266336 1.7238252
0.22984336 10.113108 1.7238252
0.076614454 9.883265 1.7621324
-0.076614454 9.691729 1.877054

