-0.11492168 9.691729 1.6855178
0.45968673 9.5385 1.532289
1.0342952 9.346964 1.4173673
2.336741 9.461885 1.4556746
2.5665843 9.691729 1.4556746
2.6048915 9.615114 1.6472107
2.566584 9.615114 1.7238252
2.528277 9.615114 1.8004396
2.4516625 9.691729 1.7238252
2.3750482 9.844957 1.6472108
2.3367407 9.883265 1.5705963
2.2984335 9.921572 1.4173673
2.375048 9.921572 1.340753
2.4899697 9.998186 1.1109096
2.6431987 10.151416 0.99598795
2.7581203 10.381259 0.8810662
2.719813 10.496181 0.8810662
2.566584 10.496181 1.1109096
2.3367407 10.419565 1.4939818
2.1068976 10.304644 1.8387469
1.9536686 10.228029 2.1068974
1.9153614 10.113108 2.1452048
1.9919758 9.921572 1.8004397
2.1452048 9.653421 1.340753
2.2984335 9.500193 0.8044518
2.4899697 9.385271 0.34476507
2.5665843 9.423578 0.19153613
2.5282772 9.5385 0.3830723
2.2984335 9.576807 0.8044518
1.8770542 9.615114 1.4173675
1.4556746 9.500193 1.8770542
1.1492168 9.2703495 2.030283
1.2258313 9.11712 1.9153614
1.5705963 9.11712 1.340753
2.1452048 9.346964 0.68953013
2.6431987 9.730036 0.19153614
2.6431987 10.113108 0.0
2.2984335 10.266336 0.38307226
1.6472107 10.189722 0.9576807
0.8810662 9.921572 1.532289
0.3830723 9.461885 1.9536686
0.11492168 9.117121 1.9536686
0.038307227 9.078814 1.8387469
0.22984336 9.193735 1.6855179
0.4596867 9.308657 1.2641385
0.6895301 9.308657 0.7661445
0.80445176 9.193734 0.30645782
0.7661445 9.002198 -0.038307227
0.6895301 9.002198 -0.076614454
0.57460845 9.232041 0.22984336
0.3830723 9.423578 0.5363012
0.15322891 9.653421 0.7661446
0.0 9.844957 0.88106626
-0.076614454 10.0748005 0.7278373
0.076614454 10.381259 0.45968673
0.38307226 10.611102 0.07661445
0.5746084 10.764331 -0.22984338
0.61291564 10.572795 -0.30645782
0.4596867 10.228029 -0.07661447
0.15322891 9.959879 0.26815057
-0.15322891 9.844957 0.72783726
-0.30645782 9.883265 0.9193734
-0.4213795 10.036493 0.84275895
-0.38307226 10.189722 0.7278373
-0.34476504 10.113108 0.49799395
-0.45968673 9.998186 0.49799395
-0.61291564 9.921572 0.6512228
-0.8044517 9.768343 0.8044517
-0.9193734 9.768343 0.9193734
-0.9193734 9.883265 0.8044518
-0.8044517 9.883265 0.61291564
-0.7278373 9.921572 0.49799395
-0.68953 9.921572 0.4596867
-0.9193734 9.730036 0.72783726
-1.3407528 9.423578 1.1492168
-1.8387468 9.193735 1.6089035
-2.2984335 9.002198 1.8770541
-2.4899697 8.963891 1.9153613
-2.4516625 9.117121 1.5705962
-2.2601264 9.2703495 0.9193734
-2.1068976 9.423578 0.38307226
-1.9919758 9.461885 -0.22984335
-2.030283 9.346964 -0.61291564
-2.1068974 9.117121 -0.6895301
-2.2218192 8.848969 -0.6895301
-2.3750482 8.695741 -0.15322891
-2.48997 8.810663 0.49799395
-2.719813 9.117121 1.0342951
-2.7964277 9.500193 1.5705965
-2.834735 9.768343 1.6089036
-2.873042 9.883265 1.6472108
-2.834735 9.844957 1.6472108
-2.7581203 9.730036 1.5322891
-2.681506 9.691729 1.6472108
-2.528277 9.730036 1.6089036
-2.2984335 9.768343 1.6089036
-2.1452048 9.883265 1.685518
-1.9919758 9.921572 1.7621324
-1.9153614 9.921572 1.9153614
-1.9153614 9.883265 2.1068974
-1.8770541 9.691729 2.1835117
-1.7621324 9.423578 1.9919758
-1.4939818 9.078813 1.6089034
-1.0726024 8.810662 1.0726023
-0.6512229 8.619126 0.49799395
-0.22984336 8.695741 0.15322891
0.11492168 8.848969 0.15322891
0.19153613 9.078813 0.5363012
0.19153613 9.423577 1.0342951
0.15322891 9.653421 1.6089036
0.038307227 9.730036 1.8770542
0.0 9.576807 1.9919758
-0.15322891 9.155427 2.1068976
-0.34476504 8.542511 1.9153614
-0.53630114 7.929596 1.7621324
-0.6895301 7.31668 1.6089034
-0.6895301 6.8569937 1.4173675
-0.6512228 6.5888433 1.3407528
-0.49799395 6.4739213 1.3407528
-0.2681506 6.62715 1.2258313
0.03830722 6.818686 1.2258313
0.30645782 7.086837 1.2258313
0.53630114 7.3166804 1.1109096
0.6895301 7.2783732 0.9959879
0.6895301 7.201759 0.7661446
0.6512228 6.895301 0.5363012
0.5363012 6.588843 0.45968676
0.4213795 6.5122285 0.49799395
0.4213795 6.435614 0.5363012
0.49799395 6.5505357 0.45968673
0.61291564 6.6654577 0.34476504
0.6895301 6.703765 0.19153613
0.61291564 6.703765 0.19153613
0.49799395 6.7803793 0.4213795
0.4213795 6.8186865 0.7661445
0.38307226 6.895301 1.1492169
0.38307226 7.0102224 1.3024458
0.4213795 7.0485296 1.4173675
0.45968673 7.201759 1.3790603
0.49799395 7.393295 1.2258313
0.57460845 7.584831 1.1875241
0.61291564 7.8912888 1.1109097
0.61291564 8.159439 1.0726024
0.61291564 8.389282 1.0726024
0.61291564 8.695741 1.1492168
0.6512228 8.887277 1.1109096
0.72783726 9.155427 0.9576807
0.7661445 9.155427 0.842759
0.72783726 9.078813 0.9576807
0.6129156 9.002198 1.1109096
0.4213795 9.002198 1.4556746
0.22984336 9.155427 1.8004396
0.076614454 9.500193 2.0685902
0.0 9.844957 2.1452045
0.15322891 10.0748005 1.9536686
0.30645782 10.266336 1.685518
0.34476504 10.151415 1.3790601
0.26815057 10.151415 1.1492168
-0.07661445 10.151415 1.2258313
-0.5746084 10.304644 1.6089034
-1.0726024 10.649408 2.1835117
-1.532289 10.91756 2.8347347
-1.9536686 11.147403 3.4476504
-2.4133554 10.840945 3.677494
-2.4133554 10.572794 3.524265
-2.183512 10.457872 3.0645783
-1.7621324 10.534487 2.6431985
-1.340753 10.8792515 2.2601264
-0.9959879 11.377246 2.183512
-0.7661445 11.951855 2.6048915
-0.72783726 12.564771 3.2944217
-0.80445176 13.177686 4.1754875
-1.0342951 13.484144 5.056554
-1.3407528 13.560759 5.66947
-1.6472108 13.369223 5.899313
-1.8770542 12.832922 5.8226986
-1.9536686 12.373235 5.516241
-1.9919758 12.028469 5.324705
-1.9536686 11.798626 5.1714754
-1.9153614 11.951855 5.133168
-1.838747 12.334927 5.1714754
-1.7621324 12.679691 5.056554
-1.838747 12.871228 5.094861
-1.9919758 12.717999 5.1714754
-2.2601264 12.29662 5.2863975
-2.6048913 11.836933 5.477934
-2.7964275 11.492168 5.66947
-2.9879637 11.262325 5.8226986
-3.0262709 11.147404 5.899313
-2.9496565 11.070788 5.861006
-2.873042 11.032481 5.707777
-2.681506 11.032481 5.6311626
-2.4899697 10.955867 5.5928555
-2.336741 10.994174 5.5162406
-2.2218192 10.840945 5.439626
-2.1452048 10.611102 5.2097826
-2.1452048 10.266336 4.903325
-2.183512 9.730036 4.6351748
-2.2601264 9.308657 4.5202527
-2.4133554 8.925585 4.6351743
-2.6048915 8.734048 4.7500963
-2.7964275 8.695741 4.903325
-2.9113493 8.580818 4.903325
-2.9496565 8.619125 4.7884035
-2.9879637 8.619125 4.5585604
-2.9879637 8.504204 4.290409
-3.064578 8.504204 4.1371803
-3.217807 8.389282 4.0222588
-3.371036 8.427589 4.1754875
-3.562572 8.542511 4.4819455
-3.7541084 8.810662 4.7117887
-3.86903 9.040505 4.7117887
-3.9456444 9.193735 4.596867
-4.060566 9.2703495 4.2904096
-4.2521024 9.040506 4.098873
-4.711789 8.274361 4.060566
-4.865018 7.776367 4.098873
-4.865018 7.4699097 4.0222588
-4.711789 7.4316025 3.9456444
-4.367024 7.9295964 3.9073372
-3.9456444 8.619126 4.060566
-3.4859576 9.346964 4.060566
-3.064578 9.80665 3.9456444
-2.7964277 9.768343 3.6774938
-2.566584 9.461885 3.0645783
-2.2984338 9.040506 2.7198133
-2.1068974 8.695741 2.5282772
-1.9153614 8.389282 2.5282772
-1.685518 8.197746 2.9113493
-1.4173675 8.312668 3.3327289
-1.1492168 8.657433 3.8307226
-0.8810662 9.232041 4.405331
-0.6512228 9.768343 4.7884035
-0.61291564 9.921572 4.903325
-0.5363012 9.768343 4.7500963
-0.4213795 9.423577 4.2521024
-0.30645782 9.040505 3.6391864
-0.076614454 9.040505 3.217807
0.076614454 9.2703495 3.2561142
0.15322891 9.576807 3.7924156
0.076614454 10.036493 4.711789
-0.15322891 10.151415 5.554548
-0.4213795 10.113108 5.975928
-0.7661445 9.730036 5.975928
-1.0342951 9.232042 5.4779334
-1.1492169 8.848969 4.865018
-1.0342951 8.465898 4.098873
-0.6895301 8.465898 3.5242648
-0.30645785 8.6574335 3.4476504
0.0 8.925584 3.6774938
0.19153613 9.193735 4.290409
0.15322891 9.346964 4.9799395
0.11492168 9.232042 5.2480903
0.076614454 8.810662 5.1331687
-0.076614454 8.350975 4.520253
-0.11492168 7.73806 3.6391866
0.07661445 7.3932953 3.1411927
0.30645785 7.508217 3.064578
0.6512229 7.8529816 3.6391864
0.99598795 8.542511 4.55856
1.1875241 9.155428 5.133168
1.3790603 9.423578 5.3630114
1.532289 9.232042 5.0182467
1.7238252 8.772355 4.2137947
1.8387469 8.236053 3.2944217
1.9536686 7.776367 2.528277
2.1452045 7.584831 1.9919758
2.2218192 7.4699097 1.8387468
2.2601264 7.431602 1.9536686
2.2601264 7.4699097 2.183512
2.2984335 7.8146744 2.719813
2.4899697 8.312668 3.1794999
2.873042 8.84897 3.6774938
3.217807 9.385271 4.0222588
3.4476502 9.615114 4.098873
3.5242648 9.615114 4.0222588
3.2944217 9.500193 3.7924156
3.064578 9.2703495 3.6008794
2.7964277 9.040506 3.5625722
2.6431987 9.078814 3.6391866
2.719813 9.155428 3.7541084
2.8730419 9.423578 3.86903
3.1028855 9.844957 3.715801
3.3327289 10.266337 3.371036
3.2944217 10.342952 3.217807
3.1028852 10.266336 3.2561142
2.8347347 10.113108 3.562572
2.4899697 9.921572 3.754108
2.2218192 9.500193 3.9073372
1.9919758 9.117121 3.86903
1.9153614 8.734048 3.562572
1.9919758 8.580819 3.2944214
2.183512 8.887277 3.1794999
2.4899697 9.346964 3.2561142
2.7964275 10.036494 3.4093432
3.0262709 10.649409 3.6008794
3.1028852 10.917561 3.6008794
3.1028852 10.917561 3.4859576
2.9113493 10.687717 3.2561142
2.6431985 10.304644 2.9496565
2.3750482 9.921572 2.7581203
2.0685902 9.653421 2.7964277
1.8770542 9.653421 2.9879637
1.8004398 9.844957 3.2178068
1.838747 10.266336 3.371036
1.9919758 10.726023 3.371036
2.1452045 11.109096 3.2944214
2.1452045 11.18571 3.409343
1.8387468 11.070788 3.9839513
1.685518 11.109096 4.5202527
1.6472108 11.415554 4.9799395
1.7621324 11.87524 5.2863975
2.0685904 12.411541 5.5545483
2.6048915 13.062765 5.1714754
2.681506 13.215994 4.903325
2.6431987 13.1393795 4.673482
2.6048915 12.909535 4.2904096
2.6048915 12.832921 3.9456444
2.7198133 12.832921 3.6008792
2.834735 12.909535 3.2944217
2.9496565 13.1393795 3.3327289
2.9879637 13.215994 3.4093432
2.9113493 13.024458 3.4859576
2.7581205 12.641386 3.562572
2.681506 12.258313 3.5242648
2.6048915 11.87524 3.4476504
2.6048915 11.722012 3.3327289
2.6048915 11.683704 3.1794996
2.4516625 11.453861 3.1028852
2.2984338 11.224018 3.1028852
2.1452048 10.955867 3.2561142
2.0685902 10.764331 3.409343
1.9919758 10.611101 3.6391864
1.8770542 10.419565 3.8307228
1.8004397 10.189722 3.7541082
1.685518 9.844957 3.6774938
1.7238252 9.653421 3.2561145
1.9153614 9.423578 2.7581205
2.1452048 9.346964 2.3750482
2.4516625 9.461885 2.1068974
2.6048915 9.500193 1.8387469
2.5282772 9.576807 1.9153613
2.2218192 9.385271 2.1068974
1.7621324 9.002199 2.3367407
1.3024457 8.580819 2.873042
1.0342951 8.236053 3.1411924
0.99598795 8.197746 3.2944217
1.1109096 8.274361 3.141193
1.3790601 8.465897 2.643199
1.7238252 8.734048 1.9919758
1.9153613 8.657433 1.2258313
1.9536686 8.350975 0.6512228
1.8387469 8.00621 0.38307226
1.6089035 7.584831 0.53630114
1.4173673 7.393295 0.80445176
1.2641385 7.4699097 1.0342951
1.187524 7.6231384 1.187524
1.1492168 7.8529816 1.2258313
1.1492168 8.082825 1.3024457
1.1875241 8.236053 1.3407528
1.1875241 8.236053 1.3024457
1.0342951 8.0445175 1.2258313
0.7661445 7.6997523 1.187524
0.49799395 7.469909 1.2258313
0.30645782 7.3166804 1.4173675
0.30645782 7.201759 1.5705962
0.38307226 7.201759 1.4939818
0.45968676 7.1634517 1.4173675
0.3830723 7.0102224 1.340753
0.11492168 6.895301 1.1492169
-0.19153613 6.703765 1.0726024
-0.49799395 6.512229 1.1109096
-0.6512228 6.512229 1.1109096
-0.5746084 6.6654577 1.0342951
-0.30645782 6.895301 0.9193734
0.03830722 7.125144 0.53630114
0.30645782 7.2783732 0.11492166
0.45968673 7.3166804 -0.15322891
0.4213795 7.240066 -0.22984336
0.22984336 7.0102224 -0.11492168
0.0 6.780379 -0.038307227
-0.19153613 6.588843 0.11492168
-0.30645782 6.588843 0.15322891
-0.34476504 6.9719152 0.15322891
-0.22984336 7.4699097 0.22984336
-0.11492168 8.0445175 0.38307226
0.076614454 8.542512 0.6512229
0.22984336 8.734048 1.0342952
0.2681506 8.6574335 1.4173675
0.22984335 8.389282 1.8004397
0.15322891 8.159439 1.9536686
0.038307227 7.967903 1.8004397
-0.038307227 7.967903 1.532289
0.0 8.197746 1.2258313
0.0 8.465897 1.2258313
0.076614454 8.848969 1.4173675
0.22984336 9.193735 1.685518
0.34476504 9.385271 1.8387469
0.45968673 9.576807 1.8387469
0.5746084 9.653421 1.8770542
0.49799395 9.768343 1.9153614
0.38307226 9.768343 1.8770541
0.19153613 9.653421 1.7238252
0.0 9.500193 1.532289
-0.076614454 9.270349 1.2641385
-0.19153613 9.308656 1.0342951
-0.19153613 9.38527 0.8810662
-0.076614454 9.576807 0.7278373

