0.2681506 9.883265 0.842759
0.34476504 9.921572 0.9959879
-0.11492168 9.691729 1.0726023
-0.11492168 9.691729 0.9959879
0.0 9.730036 0.9959879
-0.076614454 9.80665 0.9193734
0.038307227 9.691729 1.0342951
-0.038307227 9.691729 1.187524
0.0 9.730036 1.5705962
0.11492168 9.768343 1.8004396
0.2681506 9.959879 2.0685902
0.5363012 9.998186 2.2601264
0.6895301 10.0748005 2.1068974
0.7278373 10.113108 1.8770541
0.7278373 10.0748005 1.4556746
0.6512228 10.0748005 1.0726023
0.7278373 10.036493 1.0342951
0.9193734 9.998186 1.1875241
1.0342951 9.844957 1.4939818
1.1875241 9.615114 2.0685902
1.3790601 9.5385 2.2984335
1.4173673 9.461885 2.3367407
1.4173675 9.346964 2.5282772
1.3024457 9.2703495 2.4133554
1.3024457 9.308657 2.1452048
1.4556746 9.308657 1.8770542
1.8770541 9.615114 1.5705962
2.1835117 9.883265 1.4173673
2.2984335 10.036493 1.340753
2.4133554 10.266336 1.340753
2.4899697 10.342951 1.3024457
2.3750482 10.304644 1.1875241
2.183512 10.151415 1.1109097
1.5705962 9.730036 1.2258313
1.3790603 9.5385 1.4556745
1.3024457 9.423578 1.3790601
1.4173675 9.423578 1.2641385
1.8770542 9.653421 0.38307226
1.877054 9.921572 -0.076614454
1.532289 9.921572 0.076614454
1.0726023 9.691729 0.4213795
0.61291564 9.423578 0.7661445
0.38307226 9.193735 1.0342951
0.38307226 9.040505 1.1492168
0.61291564 9.040505 1.0726024
0.8810662 9.155427 0.842759
1.1875241 9.423578 0.57460845
1.3790601 9.615114 0.2681506
1.340753 9.691729 -0.076614454
1.2258313 9.615114 -0.2681506
0.95768064 9.346964 -0.07661446
0.6512228 9.040505 0.26815057
0.4213795 8.772355 0.7278373
0.30645782 8.6574335 1.2641385
0.22984336 8.695741 1.2641385
0.15322891 8.925585 1.0726023
0.15322891 9.2703495 0.7661445
0.19153613 9.615114 0.2681506
0.34476504 9.883265 -0.15322891
0.61291564 10.113108 -0.57460845
0.9193734 10.151415 -0.91937345
1.1109096 10.036493 -1.1109096
0.84275895 9.80665 -0.8810662
0.34476504 9.500193 -0.72783726
-0.15322891 9.155428 -0.5746084
-0.4213795 8.84897 -0.34476507
-0.3830723 8.810663 -0.34476507
-0.11492168 9.040506 -0.19153613
0.19153613 9.308657 -0.076614454
0.45968673 9.691729 -0.15322891
0.61291564 9.883265 -0.11492168
0.5746084 9.921572 -0.3064578
0.5746084 9.883265 -0.4596867
0.53630114 9.576807 -0.80445176
0.49799395 9.346963 -1.1109096
0.53630114 9.155427 -1.0726024
0.45968673 8.963891 -0.9193734
0.2681506 8.963891 -0.42137948
-0.07661445 8.963891 0.07661446
-0.26815057 9.040505 0.30645782
-0.30645782 9.308656 0.34476504
-0.19153613 9.500193 0.076614454
0.42137948 9.653421 -0.842759
0.7661445 9.691729 -1.3790601
1.0342951 9.80665 -1.8004396
1.3024457 9.921572 -1.9536685
1.2641385 10.036493 -1.6089035
0.91937345 10.228029 -0.9193734
0.5363012 10.49618 -0.07661444
-0.076614454 11.300632 0.99598795
-0.038307227 11.492168 0.842759
0.076614454 11.530476 0.2681506
0.22984336 11.453861 -0.42137948
0.30645782 11.262325 -1.0726023
0.30645782 11.032481 -1.4556745
0.15322891 10.6877165 -1.2641385
-0.19153613 10.266336 -0.7661445
-0.57460845 9.998186 -0.038307227
-0.95768064 9.883265 0.7278373
-1.2258313 10.0748005 1.2258313
-1.340753 10.266337 1.1875241
-1.3790601 10.342952 0.72783726
-1.4939818 10.457873 0.076614425
-1.7621324 10.228029 -0.91937345
-1.9153614 10.151415 -1.0726024
-1.9919758 9.844957 -0.9959879
-2.1068974 9.500193 -0.95768064
-2.2601264 9.078813 -0.72783726
-2.4899697 8.6574335 -0.4213795
-2.6431987 8.389282 -0.15322891
-2.681506 8.427589 0.038307227
-2.6048913 8.772354 -0.15322891
-2.3750482 9.461885 -0.53630114
-2.030283 10.266336 -1.0726024
-1.685518 10.917561 -1.4939818
-1.4939818 11.453861 -1.5705963
-1.5705962 11.453861 -1.493982
-1.9536685 10.994174 -0.9193735
-2.4899697 10.342951 -0.22984335
-2.7964275 9.691728 0.61291564
-2.7581203 9.155427 1.1875241
-2.4133554 9.193734 0.842759
-2.0685902 9.308657 0.19153616
-1.5705963 9.576807 -0.34476504
-1.0342951 9.844957 -0.49799392
-0.61291564 10.0748005 -0.49799392
-0.38307226 10.0748005 -0.38307223
-0.45968673 9.691729 -0.19153613
-0.7278374 9.193734 0.038307227
-1.0726024 8.657433 0.22984338
-1.3024458 8.159439 0.45968673
-1.340753 7.8529816 0.61291564
-1.3024458 7.6614456 0.61291564
-1.1492169 7.5465236 0.6512228
-1.0342952 7.5848308 0.6512228
-0.8044518 7.73806 0.61291564
-0.5363012 7.8912888 0.61291564
-0.2681506 7.967903 0.61291564
-0.038307227 7.929596 0.49799395
0.0 7.6231384 0.5363012
-0.076614454 7.240066 0.5746084
-0.15322891 6.933608 0.6129156
-0.19153613 6.6654572 0.6512228
-0.15322891 6.5505357 0.5746084
0.0 6.6654572 0.49799395
0.15322891 6.8186865 0.45968673
0.34476504 6.933608 0.6512228
0.38307226 7.086837 0.842759
0.38307226 6.8569937 0.91937345
0.34476504 6.4356136 0.80445176
0.22984335 5.861006 0.22984335
0.15322891 5.286397 -0.2681506
0.038307227 5.094861 -0.61291564
-0.038307227 5.2097826 -0.61291564
-0.038307227 5.592855 -0.19153613
0.076614454 6.1674633 0.15322891
0.2681506 6.588843 0.38307226
0.49799395 6.856993 0.45968673
0.7278373 6.9719152 0.30645782
0.8810662 6.895301 0.15322891
0.9193735 6.933608 0.11492168
0.842759 7.0485296 0.11492168
0.68953013 7.393295 0.3830723
0.5746084 7.8146744 0.842759
0.5363012 8.159439 1.2641385
0.61291564 8.465898 1.532289
0.842759 8.772356 1.532289
1.2641385 9.346964 1.0726024
1.3790601 9.5385 0.8044518
1.4556746 9.615114 0.7661446
1.4939818 9.615114 0.9576807
1.4556746 9.500193 1.3024458
1.3024457 9.500193 1.7238252
0.8810662 9.423578 1.9536686
0.4213795 9.346964 1.9919758
0.0 9.461885 1.9536686
-0.22984335 9.691729 2.2218192
-0.26815057 10.151416 2.566584
-0.19153613 10.764331 2.8347347
-0.11492168 11.262325 3.064578
-0.26815057 11.60709 3.217807
-0.6895301 11.492168 3.6008794
-1.340753 11.070788 4.367024
-1.8770542 10.534488 4.9416323
-2.1068976 10.036493 5.0182467
-1.685518 9.959879 4.405331
-0.6895301 10.457873 3.2561142
1.0342952 12.143392 1.6472106
1.1492169 12.947844 1.6855179
0.6129156 13.177687 2.3750482
-0.1532289 13.1393795 3.256114
-1.0342951 12.756308 4.098873
-1.685518 12.181699 4.711789
-2.030283 11.87524 4.7884035
-2.0685902 11.798626 4.6351748
-1.8770542 11.990162 4.481946
-1.5705963 12.56477 4.3287168
-1.1875241 13.254301 4.252102
-0.842759 13.828909 4.252102
-0.5363012 14.288595 4.367024
-0.30645782 14.403517 4.55856
-0.22984335 14.135366 4.7500963
-0.26815057 13.905523 4.9799395
-0.34476504 13.67568 5.1714754
-0.49799395 13.522451 5.363012
-0.7278373 13.445837 5.66947
-1.1109096 13.101072 5.9759274
-1.532289 12.56477 6.090849
-1.8770542 12.105083 5.9759274
-2.1068974 11.722012 5.707777
-2.1452048 11.453861 5.2863975
-2.1452048 11.33894 4.903325
-2.183512 11.185711 4.7500963
-2.2601264 10.91756 4.711789
-2.413355 10.611102 4.7500963
-2.6431985 10.304644 4.7884035
-2.9496565 9.921572 4.8267107
-3.2178068 9.730036 4.711789
-3.4093432 9.730036 4.5585604
-3.6008792 9.768343 4.481946
-3.7541082 9.883265 4.3287168
-3.9456444 9.844957 4.3287168
-4.1754875 9.768343 4.5202527
-4.252102 9.768343 4.6351748
-4.2137947 9.768343 4.5968676
-4.098873 9.883265 4.290409
-3.9839516 9.80665 3.7924154
-3.86903 9.500193 3.4859576
-3.7541084 9.232041 3.1411927
-3.5242648 9.002198 2.911349
-3.2178073 9.078813 2.719813
-2.9879637 9.2703495 2.528277
-2.873042 9.308657 2.7964275
-2.9496565 9.155428 3.1794999
-2.9496565 8.963891 3.4859576
-2.8347347 8.772355 3.5242648
-2.4516625 8.619126 2.9496565
-1.9153613 8.580818 2.3750482
-1.5705963 8.121132 1.7238251
-1.8770542 7.73806 1.9919758
-2.3750482 7.4316025 2.3750482
-2.8347347 7.2400656 2.7581203
-3.1028855 7.125144 2.7581203
-3.1028855 7.393295 2.6431985
-2.9113493 7.73806 2.528277
-2.681506 8.121132 2.6048913
-2.4133554 8.6574335 3.0262709
-2.2218192 9.040506 3.4476504
-1.9919758 9.500193 3.6774938
-1.6089034 9.921572 3.4859576
-1.187524 10.228029 2.873042
-0.88106614 10.496181 2.2218192
-0.88106614 10.381259 1.7238252
-1.1875241 9.95988 1.9153614
-1.7238252 9.2703495 2.911349
-2.4133554 8.389283 4.0222588
-2.9496565 7.699753 4.673482
-3.1411924 7.31668 4.711789
-2.9879637 7.31668 3.9073372
-2.566584 7.73806 2.9879637
-2.0685902 8.465898 2.6048913
-1.6089036 9.270349 2.528277
-1.1875241 9.921572 2.719813
-0.7661446 10.189722 3.0262709
-0.49799395 9.998186 3.1794999
-0.5363012 9.423578 3.2944214
-0.8427591 8.657433 3.5242648
-1.2258313 8.0445175 3.5242648
-1.4556746 7.73806 3.3710358
-1.3790601 7.8912888 3.064578
-0.95768064 8.619125 2.6431985
-0.42137945 9.730036 2.7198129
0.038307235 10.76433 2.9496565
0.19153613 11.18571 3.2561145
-0.114921674 10.228029 2.4133554
-0.38307226 8.963891 1.6472108
-0.4213795 7.776367 1.0342951
-0.26815057 7.2783732 1.0342951
0.22984336 7.8912888 2.4516625
0.61291564 9.423578 3.9073372
1.1109096 11.530475 4.8267107
0.9959879 11.070787 3.86903
0.80445176 9.653421 2.719813
0.53630114 8.274361 2.2218192
0.22984335 7.3932943 2.1452048
0.19153613 7.0485296 2.336741
0.57460845 7.4316025 2.4899697
1.4173673 8.6574335 2.566584
2.48997 10.381258 2.7581203
3.3327289 11.836932 2.8730419
3.6391866 12.220006 3.064578
3.2944217 11.492167 2.8347347
2.566584 9.998186 2.528277
1.9153614 8.580819 2.2984335
1.4556746 7.8912888 2.1452048
1.4173675 7.73806 2.0685902
1.8004397 8.197746 2.0685902
2.528277 9.193735 2.2601264
4.2521024 11.45386 3.217807
4.4819455 12.066776 3.4476504
4.098873 11.683704 3.217807
3.3327289 10.76433 2.7581203
2.4133554 9.461885 2.2984335
1.7238252 8.542511 2.4133554
1.3024458 8.389282 2.9879637
1.4939818 8.963891 3.1794996
1.8387469 9.500193 3.2944214
2.2984335 10.22803 3.5242648
2.4516625 10.802638 3.6774938
2.4516625 11.032482 3.7541082
2.2984338 10.955867 3.6774936
1.9919759 10.419565 3.3710358
1.685518 9.730036 3.1794999
1.340753 9.155428 3.0645783
1.0726023 8.84897 3.0262709
0.8810662 8.925585 3.217807
0.84275895 9.308657 3.4476504
1.0726024 9.883265 3.4859576
1.3024459 10.419565 3.4093432
1.6089036 10.764331 3.2561142
1.8770542 10.840945 2.9113493
1.9536686 10.649409 2.6048913
1.9536686 10.342951 2.336741
1.8004397 10.0748005 2.1452048
1.6089035 9.959879 2.183512
1.4556746 9.998186 2.4516625
1.340753 10.266336 2.7964275
1.2641385 10.572795 3.1028852
1.2641385 10.91756 3.256114
1.3024457 11.33894 3.1794996
1.4556746 11.760319 2.9113493
1.7621324 12.258312 2.6048913
2.030283 12.679691 2.375048
2.1068976 12.832921 2.2984335
1.9536686 12.794614 2.566584
1.5705965 12.603078 2.9879637
1.0726023 12.373234 3.4476504
0.7661446 12.296619 3.7541082
0.7661446 12.564771 3.9839516
1.0342952 13.101072 4.098873
1.3024457 13.445837 3.86903
1.3790601 13.637373 3.7158008
1.2258313 13.599066 3.6391864
1.0726023 13.522451 3.7924154
1.1492169 13.905523 4.3287163
1.4173675 14.326903 4.673482
1.7621324 14.441825 4.711789
1.9919758 14.097059 4.2904096
1.9153614 13.407529 3.7541084
1.685518 12.603078 3.4476504
1.3790601 11.798626 3.1795
0.9959879 11.185711 3.0645783
0.8810662 10.802639 2.9879637
1.0726024 10.6877165 3.026271
1.3790601 10.840945 3.0645783
1.6089035 10.91756 3.1411927
1.6472107 10.802638 3.3710358
1.4173673 10.496181 3.409343
1.1109096 9.921572 3.3710358
0.842759 9.308656 3.1028852
0.5746084 8.848969 2.6431985
0.34476504 8.6574335 2.3367407
0.22984336 8.734048 2.375048
0.11492168 8.887277 2.566584
0.19153613 8.887277 2.7581203
0.26815057 8.580818 2.719813
0.19153613 8.236053 2.4516625
0.114921674 8.00621 2.2984335
-0.19153613 7.8912888 2.2218192
-0.49799395 7.929596 2.2601264
-0.5746084 8.159439 2.2601264
-0.49799395 8.389282 2.1068976
-0.22984336 8.427589 1.8770542
0.0 8.619125 1.6089036
-0.076614454 8.69574 1.6089036
-0.30645782 8.772354 1.8770542
-0.61291564 9.040505 2.4899697
-0.7278373 9.193734 3.3327286
-0.61291564 9.155427 3.7924154
-0.30645782 9.078813 3.8690298
0.114921674 8.963891 3.4476504
0.7278373 8.848969 1.9919758
0.9576807 8.925584 1.532289
1.0342951 9.002198 1.1875241
1.0342951 8.963891 0.9959879
1.1109096 8.772355 0.8810662
1.1109096 8.542511 0.6512228
1.1109096 8.236053 0.49799395
1.1109096 8.00621 0.61291564
0.7661445 7.508217 1.2258313
0.5363012 7.0485296 1.3790601
0.30645782 6.6271505 1.1492168
0.076614454 6.282385 0.9193734
-0.11492168 6.0525417 0.6129156
-0.2681506 6.0525417 0.49799395
-0.34476504 6.0142345 0.30645782
-0.38307226 5.861006 -0.114921674
-0.3064578 5.899313 -0.30645782
-0.22984335 6.0525417 -0.34476504
-0.15322891 6.397307 0.07661446
0.038307227 6.8569937 0.7278373
0.22984336 7.240066 1.0342951
0.34476504 7.3549876 1.0342951
0.30645782 7.201759 0.7661446
0.076614454 6.933608 0.61291564
-0.19153613 6.62715 0.7661445
-0.49799398 6.435614 1.0342952
-0.5746084 6.5505357 1.2258313
-0.49799395 6.8569937 1.1875241
-0.42137948 7.201759 1.0726024
-0.19153613 7.73806 0.91937345
-0.038307227 8.159439 0.842759
0.038307227 8.312668 0.7661445
0.11492168 8.389282 0.5746084
0.22984335 8.465897 0.42137948
0.26815057 8.6574335 0.30645782
0.3064578 8.887277 0.30645782
0.3064578 9.232042 0.6512228
0.22984335 9.461885 0.9193734
0.3064578 9.5385 1.2641385
0.3064578 9.80665 1.5705963
0.3064578 10.0748005 1.6089036
0.2681506 10.304644 1.7621324
0.038307227 10.266336 1.7238252
-0.15322891 9.844957 1.4939818
-0.38307226 9.346963 1.1492169
-0.53630114 9.002198 0.84275895
-0.6512228 9.040505 0.6512228
-0.61291564 9.500193 0.6895301
-0.57460845 9.844957 0.842759
-0.53630114 10.0748005 0.9959879

