-0.45968673 10.266336 1.2641385
-0.49799395 10.419565 1.3790601
-0.49799395 10.611102 1.5705962
-0.45968673 10.036493 1.9536686
0.22984338 9.921572 1.9153614
0.91937345 9.883265 1.838747
1.532289 9.653421 1.9153614
1.9919758 9.5385 1.9153614
1.9919758 9.385271 2.0685902
1.9919758 9.232042 2.1068974
2.1452045 9.117121 1.877054
2.2984335 9.117121 1.6089034
2.4516625 9.117121 1.2258313
2.6431987 9.193735 1.0726024
2.719813 9.2703495 1.0342951
2.719813 9.2703495 1.1109096
2.6431987 9.308657 1.4556746
2.5665843 9.2703495 1.8387469
2.5282772 9.2703495 2.2601264
2.5282772 9.193734 2.4133554
2.48997 9.155427 2.2601264
2.48997 9.232041 1.7621324
2.4516625 9.423578 1.1875241
2.4133554 9.615114 0.8810662
2.528277 9.768343 0.6895301
2.566584 9.768343 0.5746084
2.4899697 9.615114 0.5746084
2.4133554 9.5385 0.49799395
2.183512 9.5385 0.3830723
1.9536686 9.576807 0.45968673
1.8004396 9.691729 0.49799395
1.5705962 9.691729 0.49799395
1.3407528 9.615114 0.61291564
1.1492169 9.5385 0.49799395
1.0342951 9.5385 0.4213795
0.9576807 9.576807 0.4213795
0.8810662 9.653421 0.5363012
0.6512229 9.768343 0.91937345
0.30645782 9.730036 1.3024458
-0.038307227 9.615114 1.6472108
-0.2681506 9.461885 1.5705963
-0.15322891 9.385271 0.842759
0.15322891 9.691729 0.15322891
0.15322891 9.691729 0.076614454
-0.1532289 9.500193 0.22984335
-0.49799395 9.270349 0.53630114
-0.7661445 9.193734 0.9959879
-0.7661445 9.270349 1.4173675
-0.6512228 9.5385 1.4556746
-0.38307226 9.844957 1.0726023
-0.038307227 9.921572 0.26815063
0.15322891 9.883265 -0.6129156
0.30645782 9.768343 -1.2641386
0.38307226 9.653421 -1.340753
0.30645782 9.768343 -0.8810662
0.22984336 9.959879 -0.34476507
0.076614454 10.342952 0.53630114
-0.11492168 10.496181 0.6512228
-0.2681506 10.611102 0.8810662
-0.3830723 10.649409 1.1109095
-0.4213795 10.649409 1.0726023
-0.344765 10.496181 0.8044517
-0.19153613 10.304645 0.2681506
-0.19153613 10.151415 -0.3064578
-0.3830723 9.959879 -0.49799392
-0.9193735 9.653421 0.22984335
-1.1875241 9.615114 0.91937345
-1.1109097 9.615114 1.5705963
-0.91937345 9.768343 1.9153614
-0.61291564 9.883265 1.8004397
-0.26815057 9.80665 1.1492169
-0.076614454 9.691729 0.11492169
-0.038307227 9.461885 -0.80445176
-0.11492168 9.461885 -1.3790601
-0.2681506 9.5385 -1.3024457
-0.61291564 9.653421 -0.84275895
-0.9959879 9.691729 -0.15322891
-1.4173675 9.576807 0.5363012
-1.8004397 9.423578 0.9576807
-1.8387469 9.308657 1.0342951
-1.6472107 9.461885 0.6895301
-1.2641385 9.730036 0.19153613
-0.842759 10.0748005 -0.34476504
-0.5746084 10.457873 -0.5363012
-0.5746084 10.649409 -0.34476507
-0.80445176 10.802638 0.19153611
-1.1109096 10.764331 0.80445176
-1.5705962 10.572794 1.4173675
-1.9536686 10.342951 1.7621324
-2.1452048 10.113108 1.685518
-2.183512 9.998186 1.532289
-1.9919759 9.883265 1.1492168
-1.7621324 9.80665 0.68953013
-1.5705963 9.615114 0.34476504
-1.4173673 9.5385 0.19153613
-1.4173673 9.615114 0.15322891
-1.4173673 9.730036 0.45968676
-1.5322891 9.959879 0.84275895
-1.7238252 10.036493 1.0726023
-1.8387469 9.921572 1.2641385
-2.030283 9.5385 1.3024457
-2.1068974 9.117121 1.1875241
-2.030283 8.887278 0.95768064
-1.7621324 8.887278 0.6512228
-1.3407531 9.193735 0.34476507
-0.9193735 9.576807 0.22984336
-0.61291564 9.844957 0.2681506
-0.61291564 10.0748005 0.4213795
-0.80445176 10.113108 0.68953013
-1.3024457 9.844957 1.0342951
-1.4556745 9.500193 1.1492168
-1.4556745 9.308657 1.1875241
-1.4173673 9.193734 1.2258313
-1.3024457 9.193734 1.2641385
-1.1109095 9.308657 1.3024457
-0.91937345 9.346964 1.3024457
-0.7278373 9.308657 1.3407528
-0.5363012 9.2703495 1.4173675
-0.4213795 9.193734 1.3790601
-0.26815057 9.155427 1.2641385
-0.22984336 9.11712 0.9959879
-0.22984336 8.848969 0.7661445
-0.22984336 8.619125 0.7278373
-0.30645782 8.427589 0.8810662
-0.26815057 8.350975 1.0342951
-0.19153613 8.42759 1.3024457
-0.076614454 8.542512 1.532289
0.038307227 8.619126 1.5705963
0.11492168 8.580819 1.4556746
0.15322891 8.542512 1.1492168
0.15322891 8.350975 0.7661445
0.076614454 8.082825 0.61291564
-0.076614454 7.73806 0.7278373
-0.2681506 7.3166804 0.91937345
-0.5363012 6.8569937 1.1109096
-0.7278373 6.4739213 1.1492168
-0.842759 6.282385 1.187524
-0.842759 6.2057705 1.3407528
-0.6895301 6.282385 1.37906
-0.5746084 6.397307 1.2641385
-0.4213795 6.4739213 0.91937345
-0.38307226 6.4739213 0.49799395
-0.4213795 6.435614 0.26815057
-0.34476504 6.4739213 0.19153613
-0.22984336 6.6654572 0.4213795
-0.038307227 7.0102224 0.6512228
0.19153613 7.431602 0.7661445
0.38307226 7.776367 0.80445176
0.5363012 7.967903 0.80445176
0.6512228 8.082825 0.7661445
0.72783726 8.197746 0.6895301
0.80445176 8.236053 0.5363012
0.84275895 8.312668 0.30645782
0.91937345 8.427589 0.038307227
0.9576807 8.619125 0.038307227
0.9576807 8.963891 0.34476504
0.9193735 9.193734 0.6895301
0.8044518 9.270349 1.0726023
0.68953013 9.155427 1.2641385
0.5746084 9.078813 1.2641385
0.49799395 9.11712 1.3407528
0.3830723 9.346964 1.3790603
0.22984338 9.691729 1.3790603
0.038307227 9.730036 1.2641385
-0.19153613 9.691729 0.95768064
-0.3064578 9.576807 0.91937345
-0.3064578 9.346964 1.0342951
-0.15322891 9.461885 1.4173675
0.15322888 9.921572 1.9153614
0.49799392 10.534487 2.336741
0.7661445 11.262324 2.6431987
0.842759 11.798626 2.9496565
0.6895301 11.9135475 3.217807
0.34476504 11.683704 3.4476504
-7.4505806E-9 11.300632 3.562572
-0.22984336 10.879253 3.5242648
-0.2681506 10.649409 3.3327289
-0.15322891 10.726024 3.064578
0.11492168 10.955867 2.9113493
0.38307226 11.224018 2.834735
0.42137948 11.300632 2.9879637
0.38307226 11.300632 3.2561142
0.22984335 11.224018 3.6008792
0.038307227 11.147403 3.86903
0.038307227 11.262325 4.098873
0.11492168 11.377247 4.1371803
0.22984336 11.377247 3.8307226
0.30645782 11.377247 3.524265
0.22984336 11.224017 3.1028855
0.11492168 10.955867 2.9113493
-0.11492168 10.840945 3.0262709
-0.38307226 10.6877165 3.1794996
-0.49799395 10.6877165 3.4859576
-0.5746084 10.91756 3.7158012
-0.5746084 11.262324 3.9456444
-0.45968673 11.645397 4.0222588
-0.30645782 11.951855 3.86903
-0.2681506 12.066776 3.6008792
-0.22984336 12.028469 3.3327286
-0.19153613 11.990162 3.217807
-0.19153613 12.028469 3.2944214
-0.11492168 12.181698 3.6391866
-0.11492168 12.258312 3.9456444
-0.26815057 12.296619 4.4436383
-0.4213795 12.181698 4.9416323
-0.5746084 11.9135475 5.133168
-0.57460845 11.453861 5.133168
-0.53630114 11.262324 4.903325
-0.45968673 11.109096 4.5968676
-0.4213795 10.994174 4.4819455
-0.45968676 10.879252 4.4436383
-0.49799395 10.764331 4.5202527
-0.6512229 10.611102 4.6734815
-0.8044518 10.342951 4.711789
-0.9576807 9.998186 4.5585604
-1.2641385 9.078814 4.1371803
-1.4173675 8.6574335 3.9456444
-1.5705962 8.350975 4.060566
-1.6089036 8.274361 4.2137947
-1.6472108 8.465897 4.405331
-1.6472108 8.734047 4.55856
-1.6089036 9.002198 4.5202527
-1.6472108 9.11712 4.3287168
-1.7621324 9.002198 4.098873
-1.8770542 8.6574335 3.715801
-2.030283 8.312668 3.4859576
-2.2218192 8.082825 3.4093432
-2.4133554 7.8912888 3.2944214
-2.6431987 7.967903 3.371036
-2.873042 7.967903 3.4093432
-3.0262709 8.0445175 3.5242648
-3.064578 8.389282 3.7541082
-2.9496565 8.810662 3.86903
-2.873042 9.11712 3.6774938
-2.681506 9.385271 3.6008792
-2.6048913 9.461885 3.4476504
-2.528277 9.346964 3.2944217
-2.4133554 9.346964 3.371036
-2.336741 9.385271 3.371036
-2.2218192 9.500193 3.4093432
-2.1068974 9.691729 3.4476504
-2.030283 9.730036 3.4476504
-2.0685902 9.80665 3.4859576
-2.1452045 9.844957 3.4476504
-2.2601264 9.959879 3.4859576
-2.4516623 9.921572 3.6008797
-2.566584 9.730036 3.7541084
-2.6431987 9.423577 3.7924156
-2.6048915 9.002198 3.7541084
-2.2984335 8.848969 3.6391864
-1.8770542 9.002198 3.2944217
-1.4556746 9.423578 2.9496565
-1.1492168 9.883265 2.7581203
-1.0726024 10.151415 2.681506
-1.3024458 10.113108 2.9879637
-1.685518 9.80665 3.4859576
-2.0685902 9.385271 3.86903
-2.3750482 9.11712 4.2137947
-2.3750482 8.963891 4.060566
-2.2218192 8.925584 3.7924154
-1.9536686 9.040505 3.3327286
-1.685518 9.232041 2.7581205
-1.4173675 9.500193 2.4899697
-1.1492169 9.844957 2.528277
-0.9959879 9.959879 3.064578
-0.9959879 9.730036 3.9456441
-1.2641385 9.346964 5.056554
-1.6472106 8.810662 5.7077765
-1.8387468 8.427589 5.7077765
-1.7238252 8.350975 5.0182467
-1.3790603 8.312668 3.8307228
-0.88106626 8.389282 2.9496565
-0.49799395 8.734048 2.6048913
-0.34476507 9.040505 3.1028852
-0.15322891 9.844957 4.673482
-0.15322891 9.80665 5.018247
-0.15322891 9.615114 4.7500963
-0.2681506 9.002199 4.1371803
-0.34476504 8.274362 3.4476504
-0.34476504 7.6614456 2.7581205
-0.15322891 7.2783732 2.4899697
0.11492168 7.6231384 2.9113493
0.38307226 8.350975 3.715801
0.57460845 9.346964 4.865018
0.49799395 10.189722 5.7843914
0.38307226 10.381258 6.1291566
0.22984335 9.959879 5.707777
0.038307227 9.232042 4.711789
-0.038307227 8.465898 3.5242648
-0.11492168 7.929596 2.566584
-0.076614454 7.8146744 2.4516625
0.076614454 8.274361 3.371036
0.22984335 9.002198 5.133168
0.30645782 9.730036 6.5888433
0.22984338 9.959879 6.895301
0.038307227 9.423578 6.0525417
-0.076614454 8.580819 4.4436383
-0.038307227 7.8529816 3.1794999
0.15322891 7.6614456 2.6048915
0.45968673 7.8529816 2.6431987
0.8044517 8.312668 2.7964277
1.2641385 8.887277 3.0645783
1.7621324 9.653421 3.7541084
2.183512 10.457872 4.405331
2.48997 11.070788 4.9799395
2.48997 11.224018 4.9799395
2.2984338 10.726025 4.4436383
2.0685904 10.036493 3.7924154
1.7621324 9.385271 3.2561142
1.532289 9.002199 3.064578
1.4173673 8.925584 3.1411924
1.4173673 9.11712 3.4859576
1.5705963 9.500192 4.060566
1.8387469 9.959879 4.673482
1.9919758 10.381259 5.0948615
2.030283 10.457873 5.1331687
1.9153614 10.22803 4.711789
1.685518 9.921572 4.175488
1.5322891 9.5385 3.6391866
1.4173675 9.2703495 3.1411927
1.340753 9.193734 2.8730419
1.340753 9.11712 2.7964275
1.3790601 9.232042 2.9496565
1.340753 9.423578 3.2944217
1.3790601 9.5385 3.371036
1.4556745 9.691729 3.2561145
1.5705962 9.768343 2.9113493
1.685518 9.730036 2.4133554
1.6472108 9.691729 2.183512
1.4556746 9.576807 2.0685902
1.1492169 9.385271 2.183512
0.8810662 9.346964 2.4516625
0.6895301 9.423578 2.9496565
0.49799395 9.576807 3.524265
0.34476504 9.80665 3.9839516
0.22984335 9.921572 4.252102
0.15322891 9.883265 4.0222588
0.19153613 9.730036 3.562572
0.22984336 9.576807 2.873042
0.30645782 9.653421 2.3750482
0.4213795 9.80665 2.2984338
0.5746084 10.151415 2.528277
0.6895301 10.611102 3.064578
0.6895301 10.840945 3.4476504
0.5746084 10.840945 3.4476504
0.30645782 10.572794 3.1028852
0.076614454 10.304644 2.7964275
-0.038307227 10.342951 2.7581203
0.0 10.611101 2.9879637
0.038307227 11.109097 3.2944214
0.15322891 11.530476 3.5242648
0.30645782 11.951855 3.5242648
0.34476507 12.258313 3.2178073
0.34476507 12.29662 2.873042
0.15322891 12.105084 2.2984335
-0.076614454 11.798626 1.9153614
-0.2681506 11.60709 1.8770541
-0.2681506 11.87524 2.1068974
-0.19153613 12.488155 2.7581203
-0.11492168 13.024458 3.2561142
0.038307227 13.599066 3.6774938
0.15322891 13.9438305 3.9456444
0.34476504 14.058752 3.86903
0.4213795 14.020445 3.7924156
0.38307226 13.905523 3.715801
0.2681506 13.560759 3.4476504
0.11492168 13.101071 3.1411924
0.038307227 12.717999 2.873042
0.038307227 12.334927 2.6815057
0.19153613 12.181698 2.7964277
0.4213795 12.258312 2.9879637
0.7278373 12.258312 3.2561142
0.9959879 12.143391 3.409343
1.1492168 11.990162 3.6391866
1.1875241 11.760319 3.9839516
0.9959879 11.453861 4.252102
0.7661445 11.109096 4.5202527
0.49799395 10.611101 4.55856
0.19153613 10.0748005 4.5968676
0.038307227 9.691729 4.673482
-0.038307227 9.385271 4.7500963
0.038307227 9.155428 4.6351748
0.19153613 9.002198 4.2904096
0.4213795 9.002198 3.86903
0.61291564 9.193734 2.873042
0.49799395 9.232041 2.6048913
0.2681506 9.040505 2.4516625
-0.038307227 8.772354 2.4516625
-0.2681506 8.465897 2.3750482
-0.3830723 8.082825 2.2218192
-0.45968673 7.776367 1.9536686
-0.4213795 7.6231384 1.5705962
-0.30645782 7.699753 1.532289
-0.19153613 7.929596 1.7238252
-0.076614454 8.236053 1.9536686
0.038307227 8.465898 2.2218194
0.15322891 8.580819 2.336741
0.22984336 8.619126 2.2984335
0.26815057 8.580819 2.2601264
0.22984336 8.504204 2.1068974
0.038307227 8.350975 1.8004396
-0.15322891 8.236053 1.5705963
-0.2681506 8.121132 1.4556746
-0.34476504 8.00621 1.6089035
-0.2681506 7.929596 1.8387469
-0.15322891 7.8146744 1.9536686
-0.11492168 7.776367 1.8770542
-0.11492168 7.6614456 1.7238252
-0.19153613 7.508217 1.340753
-0.22984335 7.508217 0.91937345
-0.11492168 7.508217 0.6512229
0.038307227 7.546524 0.34476504
0.15322891 7.6231384 0.3064578
0.19153613 7.508217 0.5746084
0.11492168 7.3166804 0.80445176
0.038307227 7.2783732 1.0342951
-0.038307227 7.240066 1.1109095
-0.076614454 7.2783732 0.88106614
-0.076614454 7.393295 0.5746084
-0.076614454 7.431602 0.34476507
0.0 7.546524 0.45968676
0.076614454 7.699753 0.61291564
0.076614454 7.776367 0.7278373
0.076614454 7.776367 0.6512229
-0.038307227 7.6614456 0.45968673
-0.076614454 7.4699097 0.34476504
-0.038307227 7.393295 0.19153613
0.0 7.584831 0.11492168
0.11492168 7.8912888 0.0
0.038307227 8.082825 0.07661445
-0.26815057 8.159439 0.57460845
-0.5363012 8.159439 0.95768064
-0.6512228 8.236053 1.1492168
-0.6512228 8.427589 1.4556746
-0.4213795 8.695741 1.6089035
-0.03830722 8.772355 1.4556745
0.2681506 8.848969 1.1109095
0.3830723 8.734047 0.5363012
0.30645782 8.542511 0.07661445
0.11492168 8.619125 0.07661445
-0.11492168 8.772354 0.30645782
-0.22984336 9.040505 0.61291564
-0.30645782 9.308656 1.0342951
-0.34476504 9.423578 1.3024457
-0.30645782 9.461885 1.3790601
-0.15322891 9.461885 1.3790601
0.0 9.461885 1.0342951
0.11492168 9.5385 0.7661445
0.19153613 9.653421 0.4213795
0.11492168 9.691729 0.30645782
0.038307227 9.730036 0.4213795
-0.038307227 9.730036 0.61291564
-0.15322891 9.730036 0.9576807
-0.15322891 9.768343 1.2641385
-0.15322891 9.768343 1.6472107
-0.11492168 9.921572 1.9919758
-0.076614454 10.0748005 2.0685902
-0.15322891 10.113108 2.1452045
-0.30645782 9.959879 1.8004397
-0.49799395 9.65342 1.3024458
-0.6895301 9.423577 1.0342951
-0.80445176 9.308656 0.8044518

