-0.95768064 9.385271 0.842759
-0.9959879 9.5385 1.1109096
-0.91937345 9.730036 1.4939818
-0.7661446 9.921572 2.1068974
-0.45968673 10.036493 2.7198133
-0.22984336 10.0748005 3.2561145
-0.11492168 9.959879 3.4859579
-0.11492168 9.80665 3.2944217
-0.6512228 9.730036 1.8770541
0.22984338 9.5385 1.7238252
1.3024457 9.653421 1.3790601
2.9113493 9.500193 0.842759
2.7964275 9.500193 0.842759
2.6048913 9.5385 1.1492168
2.4133554 9.615114 1.4556746
2.3367407 9.768343 1.8004396
2.3750482 10.0748005 1.9536686
2.4516625 10.266336 1.8387468
2.5282772 10.381258 1.532289
2.6431987 10.49618 1.2258313
2.6431987 10.457872 1.0726024
2.5665843 10.266336 0.9576807
2.4516625 10.0748005 0.8810662
2.2984338 9.998186 0.9193735
2.183512 10.036493 0.88106626
2.1068974 10.189722 0.842759
2.0685902 10.151415 0.80445176
1.9919758 9.883265 0.8810662
1.8004397 9.653421 0.9193734
1.6089035 9.308657 0.842759
1.4556746 9.117121 0.7661445
1.3790601 9.040506 0.53630114
1.3407528 8.925584 0.38307226
1.2258313 8.887277 0.4596867
1.0342951 9.002198 0.6895301
0.84275895 9.117121 0.842759
0.8044517 9.346964 0.91937345
0.9193734 9.5385 0.80445176
1.0342952 9.5385 0.53630114
1.0342952 9.461885 0.45968673
0.7278373 9.308656 0.45968673
0.57460845 9.615113 0.7278373
0.53630114 10.419566 1.1109097
0.68953 10.6877165 1.2641385
0.7661445 10.534488 0.842759
0.7278373 9.998186 -0.6895301
0.34476504 9.5385 -1.2258313
-0.22984338 9.193735 -1.0342951
-0.7661445 8.772355 -0.5746084
-1.1492168 8.695741 0.34476507
-1.1109096 8.925584 0.95768076
-0.7278373 9.461885 1.0726024
-0.15322892 10.304645 0.7661446
0.49799395 11.109096 -0.038307205
0.91937345 11.492168 -0.88106614
1.0342951 11.453861 -1.6472107
0.76614445 11.032482 -2.030283
0.22984338 10.419565 -1.9153614
-0.53630114 9.883265 -1.1109096
-1.2641385 9.5385 -2.9802322E-8
-1.8004396 9.576807 1.3790601
-1.9919758 10.113108 2.9496565
-1.685518 10.381258 2.7581203
-1.2641385 10.419566 1.6855179
-0.9576807 10.189723 0.07661447
-0.9193734 9.768343 -2.0685902
-1.2641385 9.500193 -1.9153613
-1.6472107 9.461885 -0.7278373
-2.2984338 9.308657 0.57460845
-3.1028855 8.963891 1.8387469
-3.1411927 8.772355 1.4173675
-2.8347347 8.6574335 0.9193735
-2.3750482 8.925584 0.34476504
-1.838747 9.768343 0.2681506
-1.838747 10.266336 0.7278373
-2.0685904 10.457872 1.2258313
-2.336741 10.572795 1.685518
-2.6431987 10.649409 1.9153614
-2.873042 10.419565 1.6089035
-2.873042 10.266336 1.1875241
-2.873042 10.151415 0.842759
-2.873042 10.189722 0.6895301
-2.834735 10.189722 0.8810662
-2.7581205 10.266336 1.2258313
-2.6048915 10.419565 1.5705962
-2.336741 10.572795 1.7621324
-1.9919758 10.879252 1.838747
-1.4939817 10.955867 1.685518
-1.0342951 10.879252 1.1492168
-0.6512228 10.611102 0.30645785
-0.45968673 9.730036 -1.0342951
-0.68953013 8.848969 -1.0726023
-0.8810662 8.580818 -0.7661445
-1.1109096 8.810662 -0.038307235
-1.0342951 9.691729 0.9576807
-0.91937345 9.998186 1.1492169
-0.80445176 9.844957 0.42137948
-0.7661445 9.5385 0.07661445
-0.68953 9.385271 0.15322891
-0.68953 9.500193 0.8044518
-0.8044517 9.615114 1.0342952
-0.95768064 9.615114 1.1109096
-1.0726023 9.730036 1.3024458
-1.0342951 9.768343 1.4173675
-0.842759 9.959879 1.4173675
-0.57460845 10.151415 1.2258313
-0.3064578 10.189722 0.7661445
-0.11492168 10.113108 0.49799395
-0.11492168 9.730036 0.34476504
-0.22984336 9.270349 0.26815057
-0.6512228 8.542511 0.49799395
-0.68953013 8.580818 0.5363012
-0.4213795 8.848969 0.30645782
-0.22984336 8.925584 0.22984335
-0.076614454 8.848969 0.42137948
0.076614454 8.695741 0.6512228
0.22984336 8.312668 1.1109096
0.22984336 8.121132 1.0726024
0.19153613 7.967903 1.1492169
0.19153613 7.8529816 1.1875241
0.15322891 7.584831 1.2641385
0.15322891 7.240066 1.187524
0.11492168 6.895301 1.0342951
0.038307227 6.62715 0.84275895
-0.038307227 6.435614 0.84275895
-0.15322891 6.397307 1.1109096
-0.19153613 6.3589997 1.340753
-0.19153613 6.2057705 1.4939818
-0.15322891 6.129156 1.2258313
-0.076614454 6.0525417 0.7661446
0.076614454 6.090849 0.3830723
0.30645782 6.2057705 0.076614454
0.49799395 6.2823853 -0.076614454
0.6512228 6.3589997 -0.2681506
0.6512228 6.397307 -0.45968673
0.49799395 6.435614 -0.53630114
0.3830723 6.5122285 -0.53630114
0.19153613 6.588843 -0.19153613
-0.076614454 6.5122285 0.19153614
-0.34476504 6.435614 0.61291564
-0.6512228 6.4739213 0.9576807
-0.842759 6.4739213 1.0726024
-0.8810662 6.703765 1.0342951
-0.80445176 6.9719152 0.88106626
-0.6895301 7.163451 0.7278373
-0.45968673 7.3932953 0.6512228
-0.15322891 7.776367 0.7278373
-0.038307227 7.8529816 0.8044517
-0.038307227 7.929596 0.8810662
0.076614454 8.197746 1.1492169
0.5363012 9.078813 1.7238252
0.7661446 9.5385 2.183512
0.842759 9.768343 2.6431985
0.7661445 9.768343 3.1411924
0.6895301 9.615114 3.5242648
0.6512228 9.653421 3.6391869
0.7278373 9.80665 3.6008797
0.9193734 10.151415 3.4859576
1.1109096 10.6877165 3.4093432
1.3024457 11.032482 3.4476504
1.3790601 11.224018 3.409343
1.4173673 11.377247 3.3710358
1.4173673 11.377247 3.5242648
1.3790601 11.530476 3.7924154
1.3407528 11.798626 4.1371803
1.2641385 11.951855 4.443638
1.0726023 12.181698 4.481945
0.842759 12.143391 4.290409
0.6512229 12.143391 4.098873
0.45968673 12.220006 3.9456444
0.30645782 12.29662 3.7924156
0.19153613 12.641385 3.715801
-0.038307227 12.947844 3.6008792
-0.22984336 13.215994 3.4859576
-0.30645782 13.40753 3.5242648
-0.4213795 13.484144 3.7924156
-0.4213795 13.445837 4.2137947
-0.45968673 13.40753 4.673482
-0.49799398 13.254301 5.094861
-0.49799398 13.062765 5.477933
-0.57460845 12.98615 5.7077765
-0.53630114 12.794614 5.631162
-0.57460845 12.717999 5.363012
-0.6512228 12.564771 4.711789
-0.7278373 12.29662 4.137181
-0.9193734 12.028469 3.9456444
-1.1109096 11.836933 4.137181
-1.2641385 11.60709 4.405331
-1.3024457 11.492168 4.6351743
-1.3024457 11.453861 4.6734815
-1.2641385 11.262325 4.3670235
-1.2258313 11.147404 4.1754875
-1.2641385 10.879253 4.098873
-1.3024457 10.611102 4.098873
-1.340753 10.457873 4.213795
-1.4173673 10.304644 4.2904096
-1.4556745 10.113108 4.098873
-1.4556745 9.921572 4.0222588
-1.532289 9.653421 3.9073372
-1.6472107 9.461885 3.9456444
-1.7238252 9.308657 4.1371803
-1.8387469 9.193735 4.098873
-1.8770542 9.11712 4.098873
-1.9153614 9.11712 4.060566
-1.9153614 9.193735 4.060566
-1.9919758 9.346964 4.2137947
-2.0685904 9.576807 4.405331
-2.183512 9.730036 4.405331
-2.4516625 9.883265 4.4436383
-2.719813 9.80665 4.367024
-3.0645783 9.653421 4.3287168
-3.2944214 9.385271 4.367024
-3.4859576 9.11712 4.443639
-3.6391866 9.002198 4.3670235
-3.6391866 8.887277 4.098873
-3.6774938 8.925584 3.7541082
-3.6774938 8.887277 3.3710358
-3.6774938 8.69574 3.1411927
-3.7924156 8.542511 3.2561142
-3.8307228 8.465897 3.5242648
-3.7924156 8.580818 3.6008792
-3.7158012 8.887277 3.562572
-3.6008792 9.078813 3.2561145
-3.4859576 9.078813 2.873042
-3.3710358 8.925584 2.5282772
-3.1794999 8.657433 2.2218192
-2.4899697 8.274361 1.6472108
-2.1068974 8.197746 1.7621324
-1.9536687 8.121132 2.1068976
-1.9153613 8.082825 2.6048915
-2.030283 8.389282 3.1028855
-2.1068976 8.657433 3.217807
-1.9919758 8.96389 3.0645783
-1.838747 9.308657 2.7581205
-1.6472108 9.423578 2.528277
-1.6089036 9.461885 2.528277
-1.7621324 9.461885 2.8347347
-2.030283 9.155428 3.6774938
-2.4516625 8.810662 4.6351748
-2.8347347 8.580819 5.2863975
-3.064578 8.42759 5.631162
-3.1411924 8.465898 5.363012
-3.1794996 8.465898 4.7884035
-3.1794996 8.236053 4.175488
-3.1794996 8.082825 3.715801
-3.0262709 7.967903 3.6774938
-2.5665843 8.350975 4.213795
-1.9536686 8.963891 5.133168
-1.1875241 9.691729 6.0525417
-0.72783726 10.266336 6.550536
-0.5746084 10.189722 6.3973074
-0.6512228 9.691729 5.6311626
-0.8044517 8.925585 4.5202527
-0.6512228 8.312668 3.1411927
-0.22984336 8.0445175 1.7238252
0.5363012 8.312668 0.7661445
1.2641385 8.772355 1.0342951
1.6472107 9.38527 2.834735
1.532289 9.844957 5.401319
0.95768064 10.0748005 7.929596
0.30645782 9.844957 8.925584
-0.076614454 9.11712 8.0445175
-0.11492168 8.350975 6.282385
0.19153613 7.73806 4.3287168
0.6895301 7.776367 2.9496565
1.2258313 8.389283 2.413355
1.7621324 9.576807 2.75812
2.1068974 10.6877165 3.754108
2.2601264 11.377246 4.6734815
2.2218192 11.530476 5.363012
1.9919758 10.840945 5.363012
1.6855179 9.921572 4.6351748
1.3790601 9.155427 3.9839516
1.2258313 8.6574335 3.4093432
1.2258313 8.580819 2.873042
1.3024457 8.6574335 2.4133554
1.3024457 8.6574335 1.9536685
1.1492168 8.619126 1.6855179
0.9959879 8.542512 1.6855179
0.9576807 8.580819 2.030283
1.1492169 8.810662 2.719813
1.4939818 9.346963 3.2944214
1.8770542 9.80665 3.4859576
2.1452048 9.959879 3.3327286
2.2984335 9.768343 2.8347347
2.3367407 9.2703495 2.2218192
2.2984335 8.963892 1.9536686
2.3750482 8.848969 2.1452045
2.4516625 8.963891 2.528277
2.5282772 9.270349 2.9879637
2.6431987 9.500193 3.4476504
2.681506 9.691729 3.5242648
2.719813 9.768343 3.4093432
2.719813 9.653421 3.2178073
2.681506 9.5385 3.064578
2.566584 9.500193 3.064578
2.4516625 9.461885 3.1411924
2.3367407 9.423578 3.4859576
2.183512 9.385271 3.6008792
2.1452048 9.2703495 3.6391864
2.1452048 9.2703495 3.6008792
2.183512 9.385271 3.2561145
2.2601264 9.461885 2.9879637
2.2218192 9.500193 2.7198133
2.030283 9.500193 2.566584
1.7238252 9.2703495 2.643199
1.3407528 9.040506 2.7581205
1.1109096 8.887277 2.9496565
1.0342952 8.810662 3.064578
1.1875241 8.925584 3.0262709
1.4556746 9.078813 2.9879637
1.5705963 9.2703495 2.719813
1.6089035 9.346964 2.528277
1.532289 9.423578 2.528277
1.4173673 9.500193 2.566584
1.4939818 9.5385 2.566584
1.5705963 9.500193 2.3367407
1.685518 9.500193 1.877054
1.8387469 9.461885 1.6089034
1.8387469 9.385271 1.6089034
1.7621324 9.423578 1.7621324
1.532289 9.346964 2.183512
1.2258313 9.2703495 2.3750482
0.9959879 9.193734 2.6815062
0.9576807 9.270349 2.9496565
1.1109096 9.4618845 2.9113493
1.6472107 10.036493 2.336741
1.8387469 10.304644 2.1452048
1.8770541 10.457873 2.1068976
1.685518 10.611102 2.2984335
1.4173675 10.649409 2.681506
1.1492169 10.6877165 2.9496565
0.9959879 10.764331 3.2944214
0.9576807 10.840945 3.409343
0.9959879 10.91756 3.2561142
1.1109096 11.109097 2.9113495
1.2641385 11.492168 2.3750482
1.4939818 11.990162 2.1452048
1.6472108 12.526463 2.1068974
1.6472108 12.98615 2.2601264
1.5705962 13.2543 2.566584
1.4173675 13.445836 2.6431985
1.2641385 13.369222 2.6048913
1.1109096 13.292607 2.4899697
0.9193734 13.3309145 2.4133554
0.8044517 13.292607 2.5665843
0.7661445 13.560759 3.1028855
0.8810662 13.790602 3.7924156
1.0342951 13.9438305 4.4436383
1.1492168 14.135366 4.7884035
1.3024457 14.250289 4.6351748
1.3407528 14.326903 4.367024
1.3024457 14.250289 4.098873
1.2258313 13.982138 3.9456444
1.0342951 13.52245 3.9839516
0.8810662 12.947843 4.060566
0.7661445 12.411541 4.1371803
0.7661445 11.990162 4.060566
0.9193734 11.760319 3.7924154
1.3024458 11.645397 3.0262709
1.340753 11.568783 2.6048913
1.1109096 11.300632 2.375048
0.80445176 10.955867 2.2601264
0.3830723 10.534488 2.4516625
0.15322891 10.113108 2.5665843
0.076614454 9.883265 2.6815062
0.11492168 9.730036 2.6048913
0.26815057 9.500193 2.336741
0.3064578 9.385271 2.1835117
0.344765 9.155427 1.9919758
0.4213795 8.887277 1.8770542
0.5746084 8.887277 1.838747
0.8810662 9.078813 1.8770542
1.1492168 9.232042 1.9536686
1.340753 9.193735 1.7238252
1.3024457 9.002199 1.3790601
1.0726024 8.657434 1.2258313
0.7661446 8.465898 1.4556746
0.34476504 8.504205 2.1068974
-0.038307227 8.389282 2.9496565
-0.4213795 8.0445175 3.3327286
-0.5746084 7.5082164 2.9879637
-0.49799395 7.086837 2.4133554
-0.19153613 6.971915 1.6855179
0.19153613 7.163451 1.1109096
0.22984336 7.3549876 1.0342951
0.038307235 7.3549876 1.2641385
-0.38307226 7.1634517 1.7238252
-0.80445176 7.04853 2.3367407
-0.842759 7.0868373 2.7581203
-0.57460845 7.1634517 2.7964275
-0.2681506 7.240066 2.336741
-0.076614454 7.201759 1.5705963
0.038307227 7.1634517 0.9959879
0.114921674 7.3166804 0.8044518
0.34476507 7.546524 1.1492168
0.6512229 7.584831 1.8387469
0.88106626 7.584831 2.4133554
0.88106626 7.3549876 2.2984338
0.6895301 7.1634517 1.8004397
0.5363012 7.0485296 1.0726024
0.2681506 7.0485296 0.4213795
0.0 7.1251445 0.344765
-0.34476504 7.086837 0.5746084
-0.6512229 7.086837 0.95768064
-0.7278373 7.0485296 1.1492168
-0.6512229 7.125144 1.0342951
-0.30645782 7.354988 0.7278373
0.11492167 7.546524 0.4213795
0.4596867 7.8529816 0.30645782
0.6512229 8.00621 0.6512228
0.6512229 7.929596 1.1875241
0.4213795 7.8146744 1.6472107
0.07661445 7.6231384 2.030283
-0.19153613 7.508217 2.030283
-0.34476504 7.508217 1.685518
-0.30645782 7.776367 1.3024457
-0.114921674 8.0445175 1.0342951
0.11492168 8.465898 0.9959879
0.26815057 8.848969 1.3790601
0.30645782 9.078813 1.9536686
0.22984335 9.155427 2.4516625
0.076614454 9.002198 2.8347347
-0.076614454 8.925584 2.9113493
-0.2681506 8.734048 2.7581203
-0.4213795 8.695741 2.4133554
-0.5746084 8.695741 2.183512
-0.8044517 8.810662 2.183512
-0.9193734 8.887277 2.2218192
-0.9193734 8.887277 2.1452048
-0.8044517 8.772355 1.9919758

