-0.49799398 8.504204 1.7621325
-0.22984336 8.619125 1.6089035
-0.038307227 9.002197 1.7621324
-0.61291564 9.615114 1.4173675
0.34476507 9.615114 1.1875241
1.1492168 9.653421 0.9959879
1.8387468 9.768343 1.0726023
2.4133554 9.883265 1.2641385
2.2601264 9.998186 1.3024457
2.1835117 10.036493 1.1875241
2.0685902 9.921572 0.57460845
1.9536686 9.691729 0.22984336
1.9153614 9.691729 0.038307227
1.9536686 9.730036 0.0
2.1452048 10.113108 -0.19153613
2.0685902 10.0748005 0.076614454
1.8387469 9.730036 0.38307226
1.4556746 9.11712 0.842759
1.3024457 9.002198 0.6512229
1.2641385 9.040505 0.5363012
1.3024457 9.193735 0.22984336
1.4173673 9.346964 -0.076614454
1.4556746 9.385271 -0.344765
1.5322891 9.346964 -0.4213795
1.5322891 9.270349 -0.114921674
1.4556746 9.078813 0.30645782
1.3790601 8.887277 0.8427591
1.2641385 8.695741 1.0726024
1.2258313 8.389282 0.9959879
1.1492169 8.274361 0.68953013
1.0726023 8.236053 0.4213795
0.95768064 8.427589 0.15322891
0.95768064 8.925583 0.076614454
1.0726023 9.423578 0.34476507
1.6472108 10.228029 0.72783726
1.9536686 10.189722 0.6895301
2.1452045 10.036493 0.38307226
2.1452045 9.883265 0.15322891
1.8770541 9.921572 0.0
1.532289 10.074801 0.15322891
1.1109096 10.074801 0.42137948
0.6512228 9.921573 0.6895301
0.30645782 9.5385 0.91937345
-0.11492168 9.002198 1.0726024
-0.57460845 8.619125 1.2641385
-0.9576807 8.389282 1.4939818
-1.187524 8.389282 1.6089035
-1.0726023 8.8489685 1.4173673
-0.5746084 9.576807 1.1109096
0.19153613 10.687716 0.45968673
0.9193734 11.683704 -0.03830722
1.2641385 12.411541 -0.15322891
1.1875241 12.756307 -0.19153613
0.6895301 12.449848 0.1532289
-0.11492169 11.798625 0.6895301
-1.1109096 10.917559 1.1492168
-1.9919758 10.151415 1.5705962
-2.5282772 9.691729 1.8004396
-2.5282772 9.615114 1.7238252
-1.4939818 10.113108 0.8810662
-1.1109096 10.342951 0.45968673
-1.0726024 10.457872 0.61291564
-1.4939818 10.572795 1.1875241
-2.2218192 10.419566 2.1068974
-3.1028855 10.151416 2.9496565
-3.9073372 9.768343 3.1411927
-4.3287168 9.346963 2.834735
-4.4436383 9.11712 2.1452048
-4.2904096 9.040505 1.4173675
-3.9839516 9.002198 0.80445176
-3.715801 9.078813 0.4596867
-3.3710358 9.155427 0.26815057
-2.9496562 9.308656 0.15322891
-2.6431985 9.768343 0.11492168
-2.4899697 9.998186 0.15322891
-2.7581203 9.959879 0.68953013
-3.026271 9.653421 0.9576807
-3.2561145 9.078814 1.2258313
-2.873042 8.810662 1.1492169
-2.4133554 8.810662 1.1875241
-1.3790603 9.500192 1.340753
-0.9576807 9.998186 1.4939818
-1.0342951 9.921572 1.5705963
-1.2258313 9.5385 1.6855179
-1.1492169 9.270349 1.5322891
-0.9959879 9.193734 1.340753
-0.5746084 9.308657 1.4173675
-0.38307226 9.385271 1.532289
-0.26815057 9.385271 1.7238252
-0.15322891 9.2703495 1.7238252
-0.038307227 9.155427 1.4939818
0.038307227 9.193734 1.2641385
0.076614454 9.423578 1.0726024
0.0 9.691729 0.8810662
-0.15322891 9.730036 0.9959879
-0.38307226 9.5385 1.2641385
-0.61291564 9.078813 1.6472108
-0.8810662 8.580819 1.838747
-1.0342952 8.197746 1.8770542
-0.9959879 8.274361 1.7621324
-0.2681506 9.117121 1.187524
0.15322891 9.500193 0.842759
0.45968673 9.308657 0.22984335
0.2681506 8.887277 0.076614454
-0.03830722 8.389283 0.15322891
-0.3830723 7.8912888 0.45968673
-0.6512228 7.546524 1.0342951
-0.53630114 7.584831 1.0726023
-0.30645782 7.584831 0.7661445
-0.15322891 7.508217 0.5746084
-0.15322891 7.3549876 0.3830723
-0.2681506 7.04853 0.4213795
-0.38307226 6.7803793 0.6512229
-0.49799395 6.5505357 0.8044518
-0.61291564 6.3589997 0.8810662
-0.6512228 6.3206925 0.8044518
-0.7278373 6.244078 0.6512228
-0.7661445 6.205771 0.4596867
-0.6512228 6.090849 0.344765
-0.5746084 6.2057705 0.38307226
-0.38307226 6.62715 0.5363012
-0.344765 7.086837 0.11492168
-0.344765 7.2783732 0.038307227
-0.19153613 7.3932953 0.114921674
0.0 7.6231384 0.49799395
0.34476504 8.197746 1.0342951
0.4213795 8.504204 1.1109096
0.45968676 8.734048 0.9193735
0.49799398 9.040505 0.8044518
0.5363012 9.423578 0.88106626
0.5363012 9.768343 1.0726023
0.38307226 9.998186 1.5705962
0.30645782 10.036493 2.1068976
0.19153613 9.959879 2.4516625
0.076614454 9.844957 2.5665843
0.076614454 9.80665 2.4899697
0.0 9.921572 2.4133554
-0.038307227 10.534488 2.528277
0.0 10.91756 2.7198133
0.15322891 11.109097 2.7198133
0.2681506 11.224018 2.681506
0.34476504 11.185711 2.681506
0.4213795 11.262325 2.6048915
0.4213795 11.492168 2.6431987
0.30645782 11.798626 2.834735
0.19153613 11.9135475 2.834735
-0.07661445 11.87524 2.9496565
-0.45968673 11.60709 2.9113493
-0.8810662 11.224018 2.7581205
-1.3407528 10.917561 2.873042
-1.7621324 10.572795 3.1795
-2.221819 10.611102 3.9839516
-2.030283 10.764331 3.9073372
-1.6089034 11.185711 3.562572
-1.0342951 11.683704 3.1028852
-0.38307226 11.951855 2.4899697
-0.114921674 12.258312 2.4516625
-0.038307227 12.220005 2.6431987
-0.22984336 12.028469 3.1028855
-0.45968673 11.798626 3.6008794
-0.57460845 11.683704 3.86903
-0.61291564 11.760319 4.060566
-0.57460845 11.9135475 4.098873
-0.6512229 12.028469 4.1754875
-0.7278373 11.87524 4.098873
-0.91937345 11.492168 3.7541082
-0.8810662 11.300632 3.562572
-0.8810662 11.262324 3.4093432
-0.91937345 11.224017 3.3327289
-1.0726023 11.070788 3.1794996
-1.2641385 10.994174 3.3327286
-1.4556746 10.994174 3.6774938
-1.5705963 11.070789 3.9839516
-1.5705963 11.224018 4.2521024
-1.5322891 11.377247 4.3287168
-1.4556746 11.568783 4.367024
-1.4173673 11.760319 4.405331
-1.3790601 11.87524 4.5202527
-1.4556746 11.836933 4.5202527
-1.5705962 11.683704 4.5585604
-1.7621324 11.33894 4.5968676
-1.9536686 11.032482 4.5202527
-1.9536686 10.917561 4.55856
-1.838747 10.802638 4.3287163
-1.6472108 11.032482 4.060566
-1.4556746 10.994175 3.7541084
-1.4556746 11.032482 3.6008794
-1.6089036 10.917561 3.562572
-1.8770542 10.611102 3.7924154
-2.183512 10.419566 4.060566
-2.4899697 10.0748005 4.1371803
-2.719813 9.921572 4.1754875
-2.873042 9.691729 4.060566
-3.0262709 9.615114 4.0222588
-3.1028852 9.500193 3.86903
-3.1411924 9.385271 3.6391864
-3.1411924 9.308657 3.2178068
-3.1028852 9.155427 2.6815057
-3.064578 8.963891 2.3367407
-3.064578 8.734048 2.2601264
-3.1411927 8.6574335 2.4133554
-3.2944214 8.6574335 2.9496565
-3.4476504 8.848969 3.5242648
-3.6008794 9.11712 3.86903
-3.6391866 9.270349 3.86903
-3.562572 9.423578 3.2944217
-3.4476502 9.385271 2.528277
-3.409343 9.193735 2.0685902
-3.3327286 9.193735 1.9919759
-3.217807 9.193735 2.566584
-3.1411927 9.308657 3.3327289
-3.0645783 9.5385 3.6008792
-3.1794999 9.500193 3.6391864
-3.4093432 9.193735 3.2944217
-3.562572 8.848969 2.9496565
-3.562572 8.465897 3.064578
-3.3327289 8.236053 3.1411927
-2.834735 8.350975 3.1411927
-2.4516625 8.619125 3.026271
-2.030283 8.810662 2.681506
-1.8387469 8.848969 2.4899697
-1.8004396 8.695741 2.6431987
-1.8004396 8.236053 2.7964275
-1.9153614 7.8529816 3.3327286
-1.8387469 7.699753 3.7541082
-1.7621324 7.699753 3.5242646
-1.6472107 7.776367 3.2944212
-1.4556746 7.8529816 2.7964275
-1.3024458 7.8146744 2.4133554
-1.1875241 7.8529816 2.3367407
-0.9959879 8.236053 2.7581203
-0.9959879 8.504204 2.7964275
-1.0726024 8.619126 2.9879637
-1.1492168 8.580819 2.9879637
-1.1875241 8.312668 2.7964275
-1.1875241 8.274361 2.9496565
-0.9959879 8.465897 3.2944214
-0.6512229 9.155427 3.7541082
-0.22984338 9.883265 4.1371803
0.15322891 10.266336 3.9839518
0.45968673 10.189722 3.4093432
0.6895301 9.691728 2.4516625
0.5363012 9.308656 1.7621324
0.49799395 8.963891 1.685518
0.34476504 9.040505 2.0685902
0.2681506 9.232042 2.7198129
0.38307226 9.232042 3.1411924
0.45968673 9.2703495 3.4859576
0.6512228 9.155428 3.4093432
0.7278373 9.078813 3.371036
0.9576807 9.078813 3.4476504
1.0726024 9.232041 3.4476504
1.2258313 9.461885 3.5242648
1.4556746 9.80665 3.6008792
1.685518 10.381259 3.4859576
2.0685902 10.840945 2.9879637
2.336741 11.032482 2.336741
2.5282772 10.917561 1.5705963
2.48997 10.49618 0.9959879
2.2984338 9.844957 0.842759
2.0685904 9.2703495 1.2258313
1.6472108 8.887277 2.1068974
1.3790603 8.695741 2.9879637
1.1109096 8.810662 4.1754875
1.0726024 9.232042 5.286397
1.1109096 9.500193 5.477933
1.1109096 9.500193 5.24809
1.3790601 9.346964 4.3287168
1.6089035 9.155428 3.026271
2.1068974 9.117121 2.0685904
2.681506 9.308657 1.3790603
3.1411927 9.615114 1.1492168
3.562572 9.921572 1.2641385
3.8307226 10.304645 1.7621324
3.9073372 10.572795 2.375048
3.715801 10.534488 2.7964275
3.2944217 10.036493 2.9113493
2.834735 9.308656 2.6431987
2.4516625 8.619126 2.183512
2.336741 8.312668 1.8004396
2.3750482 8.542511 1.5705962
2.6048915 9.11712 1.5705962
2.9879637 9.921572 1.8387468
3.2944214 10.649409 2.0685902
3.4476504 10.994175 2.1452045
3.2944217 10.840946 2.1452045
2.834735 10.304644 2.1452045
2.2218192 9.385271 2.183512
1.6472108 8.69574 2.336741
1.2641385 8.389282 2.5665843
1.1875241 8.389282 2.7964277
1.340753 8.810662 2.9113493
1.6089035 9.155428 2.9113493
1.8004397 9.5385 2.9113493
1.8770542 9.844957 2.7581205
1.8387469 9.998186 2.5665843
1.7621324 10.036493 2.528277
1.6472107 9.80665 2.3750482
1.493982 9.423578 2.4516625
1.340753 9.155427 2.6048913
1.2641386 9.193734 2.719813
1.4173675 9.461885 2.9496565
1.685518 10.113108 2.911349
1.9536686 10.726023 2.911349
2.183512 11.185711 2.7964275
2.2601264 11.645397 2.566584
2.1835117 11.722012 2.4133554
2.1452045 11.760319 2.2984335
1.9919758 11.60709 2.2601264
1.7621325 11.415554 2.2984338
1.6089035 11.453861 2.4133554
1.4556746 11.530476 2.7198129
1.4173673 11.798626 3.1794996
1.532289 12.028469 3.6391864
1.7238252 12.143391 4.060566
1.9153614 12.296619 4.1754875
2.183512 12.679692 4.098873
2.4899697 12.986151 3.9839516
2.681506 13.292608 3.8307228
2.7964277 13.484144 3.7924156
2.681506 13.254301 3.86903
2.3750482 12.909535 4.060566
2.0685904 12.5264635 4.4819455
1.7621324 12.143391 5.094861
1.4939818 11.836933 5.631162
1.2258313 11.722012 5.9759274
1.2258313 11.798626 6.129156
1.4173675 11.87524 5.9759274
1.8004398 12.105083 5.707777
2.4133554 12.296619 5.363012
2.9113493 12.449848 5.133168
3.1411927 12.5264635 5.133168
3.1794999 12.334928 5.324704
2.9496565 12.066777 5.631162
2.566584 11.492168 5.592855
2.2218192 10.840945 5.1714754
1.9536686 10.304644 4.6351748
1.8004398 9.844957 4.060566
1.6472108 9.615114 3.86903
1.5705965 9.576807 3.9839516
1.4556746 9.615114 4.1371803
1.4173673 9.691729 4.3287163
1.4939818 9.653421 4.098873
1.4939818 9.615114 3.6391864
1.532289 9.500193 3.1411924
1.4556746 9.270349 2.6815057
1.2641385 9.078813 2.6048915
1.0342951 8.810662 2.9879637
0.7278373 8.695741 3.5242648
0.4213795 8.542512 4.0222588
0.2681506 8.542512 4.252102
0.34476504 8.695741 3.9073372
0.5363012 8.734048 3.1411924
0.8044518 8.810662 2.1452045
0.9193735 8.772355 1.3024458
0.9959879 8.734048 0.91937345
0.9576807 8.6574335 1.1492168
0.80445176 8.580819 1.8770541
0.7278373 8.427589 2.4516625
0.5746084 8.312668 2.681506
0.5746084 8.312668 2.4133554
0.7278373 8.350975 1.685518
0.842759 8.427589 1.0726024
0.842759 8.236053 0.5746084
0.4213795 7.6231384 0.49799395
0.11492168 7.278373 0.842759
-0.038307227 7.086837 1.1492168
-0.076614454 6.9719152 1.3407528
0.0 6.9719152 1.3407528
0.15322891 7.086837 1.0726024
0.30645782 7.0102224 0.68953013
0.38307226 6.8186865 0.30645782
0.2681506 6.5505357 -0.038307227
0.11492168 6.3206925 -0.15322891
-0.038307227 6.3589997 0.07661444
-0.11492168 6.435614 0.30645782
-0.038307227 6.5505357 0.4596867
0.076614454 6.588843 0.38307226
0.3064578 6.7037644 0.11492168
0.5746084 6.9719152 -0.076614454
0.72783726 7.125144 -0.19153613
0.72783726 7.2400656 -0.19153613
0.49799395 7.2017584 -0.076614454
0.15322891 7.163451 0.19153613
-0.15322891 7.240066 0.5746084
-0.34476504 7.2783732 0.7661445
-0.38307226 7.393295 0.61291564
-0.30645782 7.393295 0.22984335
-0.114921674 7.5082164 -0.038307227
0.038307227 7.73806 -7.4505806E-9
0.11492168 7.929596 0.38307226
0.11492168 8.159439 0.95768064
0.11492168 8.121132 1.340753
0.19153613 8.082825 1.685518
0.26815057 8.0445175 1.838747
0.22984336 8.0445175 1.7621325
0.076614454 8.236053 1.4173675
-0.19153613 8.465897 0.91937345
-0.38307226 8.619126 0.7278373
-0.45968676 8.580819 0.7661445
-0.45968676 8.695741 0.95768064
-0.26815057 8.695741 1.37906
0.076614454 8.887277 1.4939818
0.4213795 9.2703495 1.4556746
0.6512228 9.615114 1.2641385
0.7278373 9.883265 0.91937345
0.49799395 9.959879 0.7661445
0.19153613 9.959879 0.80445176
-0.076614454 9.883265 1.1492168
-0.34476504 10.036493 1.6089035
-0.5363012 10.151415 1.9153613
-0.5746084 10.342951 2.0685902
-0.5363012 10.457873 2.1452045
-0.4213795 10.266337 2.0685902
-0.26815057 10.074801 1.8770542
-0.26815057 9.80665 1.4556746

