-0.26815057 9.615114 1.0342951
-0.34476507 9.5385 0.842759
-0.4213795 9.691729 1.1492168
0.19153614 8.772355 4.8267107
1.1109096 9.615114 3.6008792
1.7621324 9.5385 2.6431985
2.4899697 9.155428 1.9536686
3.3327289 8.887277 1.7621324
3.1794996 8.925584 1.7238252
3.064578 9.155427 1.8387469
2.9879637 9.2703495 1.9153614
2.9113493 9.461885 1.9919758
3.1411927 9.768343 1.7238252
3.2944217 9.998186 1.5322891
3.4859576 10.266336 1.6089035
3.0262709 9.768343 1.9153614
2.6048913 9.461885 1.9153614
1.8004397 9.11712 1.6089035
1.493982 9.232042 1.3407528
1.7621325 9.461885 1.1109096
2.528277 9.768343 0.5363012
2.873042 9.998186 0.114921674
2.6048915 10.228029 -0.26815057
2.030283 9.653421 0.15322891
1.7621324 9.155428 0.30645782
1.4173673 8.925585 0.0
1.3024457 9.921572 -0.22984336
1.2641385 10.381258 -0.076614454
0.8810662 10.113108 0.61291564
-0.22984336 9.385271 1.5705962
-1.0726024 9.193735 2.1452045
-2.0685902 9.461885 2.911349
-1.9536687 9.576807 2.911349
-1.2258314 9.691729 2.4516623
-0.22984335 9.844957 1.1875241
0.30645782 10.228029 0.15322894
0.22984335 10.304644 -0.07661444
-0.61291564 10.572794 1.3024457
-0.7278373 10.49618 1.9536686
-0.49799395 10.572794 1.8004396
-0.19153613 10.802638 1.4173673
-0.038307227 10.802638 0.8810662
0.0 11.185711 0.9959879
-0.38307226 11.032482 1.4173675
-0.9959879 10.496181 1.9153614
-1.6472108 9.653421 2.2218192
-2.183512 8.6574335 2.0685902
-2.4133554 8.00621 1.4173673
-2.336741 8.00621 0.68953013
-2.183512 8.389283 0.4213795
-2.183512 8.963892 0.6512229
-2.336741 9.346964 1.4173675
-2.528277 9.5385 2.1452048
-2.6431985 9.691729 2.5665843
-2.566584 9.959879 2.4899697
-2.2984335 10.151415 1.9536686
-2.1452048 10.228029 1.1492168
-2.1068976 10.113108 0.0766145
-2.2218192 9.5385 -0.8044517
-2.528277 9.040505 -1.0342951
-2.834735 8.619126 -0.6129156
-2.9879637 8.504204 0.42137957
-2.9879637 8.887276 1.5705963
-2.9879637 9.4618845 2.4133554
-2.873042 10.036493 2.681506
-2.7964277 10.419566 2.2984338
-2.719813 10.649409 1.6472108
-2.4899697 10.726024 0.8044518
-2.3367407 10.572795 0.07661447
-2.2601264 10.266337 -0.26815057
-2.2601264 9.844957 -0.19153611
-2.3750482 9.38527 0.15322894
-2.4133554 9.193734 0.61291564
-2.4133554 9.193734 1.1109096
-2.4133554 9.308657 1.3790603
-2.2601264 9.615114 1.6472108
-2.1068974 9.959879 1.685518
-1.8770541 10.189722 1.4173675
-1.5705963 10.457872 1.0342951
-1.3024458 10.49618 0.49799395
-1.1109096 10.266336 0.038307227
-1.1109096 9.883265 -0.076614454
-1.3024458 9.193735 0.038307227
-1.5705963 8.619126 0.2681506
-1.7621324 8.274361 0.7278373
-1.8387469 8.236053 1.0342951
-1.685518 8.580818 1.2258313
-1.4556746 9.11712 1.3790601
-1.2258313 9.653421 1.340753
-0.9959879 10.113108 1.0342951
-0.8810662 10.304644 0.53630114
-0.91937345 10.228029 0.038307227
-1.1109096 9.959879 -0.15322891
-1.4939818 9.5385 0.11492167
-2.4516625 9.11712 1.3024457
-2.8347347 9.040505 1.8004396
-3.064578 9.078813 2.030283
-3.217807 9.11712 2.1068974
-3.217807 9.193735 2.0685902
-3.1028855 9.346964 1.9536686
-2.9496565 9.5385 1.7621324
-2.6431987 9.691729 1.4173675
-2.336741 9.730036 0.99598795
-2.1068976 9.691729 0.5363012
-1.838747 9.576807 0.22984335
-1.7238252 9.423578 0.22984335
-1.7238252 9.346964 0.45968673
-1.8004397 9.155428 0.7278373
-1.9536686 8.8489685 0.9576807
-2.1068976 8.504204 0.9959879
-2.183512 8.159439 0.842759
-2.0685902 8.0445175 0.7661445
-1.7621324 8.197746 0.7278373
-1.3024458 8.427589 0.842759
-0.88106626 8.542511 0.91937345
-0.6512229 8.427589 0.84275895
-0.6512229 8.0445175 0.6512228
-0.7661446 7.546524 0.38307226
-0.842759 7.0868373 0.4213795
-0.7278373 6.856993 0.5746084
-0.45968673 6.856993 0.95768076
-0.114921674 7.125144 1.4173675
0.19153613 7.469909 1.7238252
0.4213795 7.6614456 1.6472108
0.49799398 7.6231384 1.340753
0.45968676 7.3549876 0.8044518
0.3830723 6.8569937 0.2681506
0.22984335 6.4739213 0.038307227
0.11492168 6.205771 -0.19153613
0.11492168 5.9759274 -0.19153613
0.15322891 6.0525417 -0.26815057
0.26815057 6.129156 -0.38307226
0.344765 6.397307 -0.30645782
0.4213795 6.7037644 -0.38307226
0.45968673 6.895301 -0.38307226
0.3830723 7.0485296 -0.34476507
0.3830723 7.125144 -0.49799395
0.2681506 7.31668 -0.5746084
0.19153613 7.5465236 -0.5363012
0.15322891 7.699753 -0.26815057
0.0 7.8146744 0.038307242
-0.22984335 7.8146744 0.34476507
-0.49799395 7.8146744 0.45968676
-0.7278373 7.8146744 0.30645782
-0.91937345 7.8529816 0.15322891
-0.9576807 7.967903 0.0
-0.91937345 8.159439 -0.038307227
-0.7278373 8.465897 0.15322891
-0.4213795 8.810662 0.53630114
-0.15322891 9.117121 1.0342951
0.076614454 9.346964 1.4173675
0.076614454 9.461885 1.4939818
0.038307227 9.500193 1.3024457
0.0 9.576807 1.1875241
-0.038307227 9.615114 1.1109096
-0.038307227 9.730036 1.2258313
-0.076614454 9.80665 1.5322891
-0.11492168 9.768343 1.6089035
-0.19153613 9.768343 1.532289
-0.22984336 9.80665 1.532289
-0.26815057 9.921572 1.4939818
-0.26815057 10.228029 1.5705962
-0.19153613 10.611102 1.9153613
-0.076614454 10.91756 2.183512
0.0 11.300632 2.3750482
-0.038307227 11.530476 2.75812
-0.076614454 11.568783 2.9879637
-0.22984335 11.798626 3.1795
-0.45968673 11.9135475 3.2561145
-0.61291564 11.951855 2.873042
-0.7278373 12.066776 2.375048
-0.7278373 12.105083 2.0685902
-0.7278373 11.760319 1.5322891
-0.7278373 11.683704 1.493982
-0.80445176 11.530476 2.030283
-1.1875241 11.33894 2.183512
-1.4173675 11.530476 2.9879637
-1.685518 11.60709 3.6008797
-1.9153614 11.683704 3.8307228
-1.7621324 11.722012 4.098873
-1.4556746 11.87524 3.9839516
-1.1109096 12.066776 3.562572
-0.7661445 12.181698 2.9113493
-0.5363012 12.334927 2.5665843
-0.5363012 12.373234 2.4516625
-0.6512229 12.143391 2.681506
-0.8044518 12.105083 3.1411927
-0.8810662 12.028469 3.4859576
-0.9193734 11.951855 3.7158012
-0.7661445 12.066776 3.677494
-0.6512228 12.220005 3.6391869
-0.68953013 12.373234 3.6391869
-0.8044518 12.411541 3.7541084
-0.9959879 12.373234 3.9839516
-1.1492169 12.181698 4.060566
-1.3024457 12.028469 4.060566
-1.4556746 12.066776 4.4819455
-1.685518 11.87524 4.55856
-2.0302832 11.836933 4.865018
-2.4516625 11.645397 5.0182467
-2.7964277 11.3006315 4.3670235
-2.987964 11.147403 4.1371803
-3.1028855 10.76433 3.7924156
-2.9879637 10.534487 3.6008794
-2.9113493 10.49618 3.7924156
-2.873042 10.342951 3.7158012
-2.7198133 10.572794 3.8307228
-2.7198133 10.611102 3.9073372
-2.7198133 10.419565 3.7924156
-2.7964277 10.228029 3.9073372
-2.9879637 9.730036 3.5625722
-3.1411927 9.346964 3.2561142
-3.2561142 9.346964 3.371036
-3.2561142 9.270349 3.1411927
-3.217807 9.385271 3.2561142
-3.217807 9.500193 3.3327286
-3.217807 9.308657 3.1028852
-3.3327286 9.308657 3.1028852
-3.4859576 9.040505 3.0262709
-3.562572 8.848969 2.7581203
-3.6008792 8.580818 2.6431987
-3.6391866 8.465897 2.7581203
-3.7924156 8.580818 3.064578
-4.0222588 8.657433 3.6391864
-4.2904096 8.963891 3.86903
-4.4819455 9.040505 3.9073372
-4.5202527 8.963891 3.4476504
-4.3670235 8.810662 2.873042
-4.1371803 8.427589 2.4516625
-3.9073372 8.121132 2.2218192
-3.8307228 7.929596 2.4899697
-3.6774936 7.967903 2.9879637
-3.4859576 8.159439 3.3327289
-3.064578 8.734048 3.5242648
-2.3367407 9.461885 3.217807
-1.6089036 9.998186 2.834735
-0.9959879 10.496181 2.4899697
-0.7661445 10.611102 2.183512
-0.6512228 10.381258 2.2218192
-0.80445176 9.844957 2.4516625
-1.1109097 9.155428 2.9113493
-1.4556746 8.542511 3.1411924
-1.9536686 7.967903 3.4093432
-2.2984335 7.699753 3.7541084
-2.4516625 7.8146744 3.7541084
-2.1452048 8.082825 3.9839516
-1.5705963 8.504204 4.098873
-1.0726024 9.270349 3.715801
-0.61291564 9.65342 3.562572
-0.45968673 9.883265 3.6008792
-0.7661445 9.844957 3.8307226
-1.3024458 9.155427 4.098873
-1.838747 8.389282 4.252102
-2.2984338 7.6614456 4.0222588
-2.2601266 7.2783732 3.7158008
-1.7621325 7.431602 3.4476504
-1.1109096 8.159439 3.2178068
-0.53630114 8.887277 3.2178068
-0.11492168 9.653421 3.4859576
0.0 10.228029 3.8307228
-0.15322891 10.266336 4.098873
-0.34476504 9.959879 4.1371803
-0.53630114 9.500192 3.6391866
-0.57460845 9.040505 2.7964275
-0.26815057 8.810662 2.336741
0.3830723 9.193734 2.6431987
0.7278373 9.615114 3.217807
0.84275895 9.883265 3.6391866
0.80445176 9.959879 3.7924154
0.45968673 9.691729 3.371036
0.3830723 9.461885 2.7581205
0.5363012 9.423578 2.4899697
0.842759 9.576807 2.528277
1.2258313 9.921572 2.834735
1.7238252 10.22803 3.217807
2.030283 10.266337 3.7924154
1.8770541 10.036494 3.9073372
1.6089035 9.5385 3.6008792
1.2258313 8.810662 3.3327286
1.0342952 8.389282 3.026271
1.2258313 8.350975 2.7581203
1.5705962 8.542511 2.3750482
2.1835117 9.270349 2.2601264
2.9496565 10.189722 2.1452048
3.5242648 10.955867 2.0685902
3.754108 11.262325 2.336741
3.4859574 10.840945 2.4133554
2.7964275 9.921572 2.566584
2.1068974 8.887277 2.9113493
1.6472108 8.0445175 3.1794999
1.4939818 7.8146744 3.371036
1.7238252 8.082825 3.5242648
2.2601264 8.695741 3.6391869
2.873042 9.80665 3.6008797
3.3327289 10.572795 3.4093435
3.371036 10.726024 3.0645783
2.9496565 10.304645 2.566584
2.2984338 9.308657 2.2601264
1.7238252 8.350976 2.1835117
1.37906 7.8146744 2.2984338
1.2258313 7.6614456 2.4899697
1.3024457 7.8529816 2.528277
1.4939818 8.389282 2.6431987
1.8004396 9.155428 3.0262709
2.0685902 9.998186 3.4476504
2.183512 10.4961815 3.715801
1.9536686 10.381259 3.6774938
1.6089035 9.844957 3.217807
1.3024457 9.155427 2.6048915
1.0726024 8.734048 2.2601264
1.0342952 8.6574335 1.9919758
1.0342952 8.810662 1.8770542
1.1109096 9.11712 2.1068976
1.3024458 9.653421 2.6048915
1.5705963 10.381259 3.1794999
1.7238252 10.91756 3.6391866
1.7621324 11.109097 3.6774938
1.685518 10.91756 3.2561142
1.4556746 10.6877165 2.8347347
1.3024457 10.457873 2.4516623
1.1109096 10.381258 2.2984335
0.9193734 10.6877165 2.4516625
0.95768064 10.91756 2.834735
1.1492168 11.453861 3.4476504
1.6472106 12.411542 4.2137947
2.375048 13.177687 4.673482
3.1028852 13.752295 4.711789
3.5242648 14.211981 4.5585604
3.5242648 14.211981 4.4436383
3.1411924 13.9438305 4.4436383
2.6048913 13.560758 4.4819455
2.2601264 13.139379 4.4436383
2.4133554 13.139379 4.405331
2.7964277 13.560759 4.5202527
3.141193 14.09706 4.903325
3.2561145 14.288596 5.2863975
2.9113493 13.905524 5.3247046
2.4516625 13.254301 5.133168
2.183512 12.756307 4.8650174
2.183512 12.717999 4.788403
2.336741 12.794614 4.9799395
2.528277 12.756307 5.0948615
2.528277 12.5264635 5.1331687
2.3367407 11.87524 5.0182467
2.030283 11.262324 4.711789
1.8387468 10.955867 4.5968676
1.7621324 10.764331 4.5968676
1.8387469 10.764331 4.4053307
2.030283 10.764331 4.1371803
1.9919758 10.342952 3.7924154
1.8770541 9.959879 3.3327286
1.7621325 9.5385 3.1411927
1.6089035 9.232042 3.0262709
1.532289 9.117121 2.9113493
1.4939818 9.078813 2.834735
1.5322891 9.232041 2.48997
1.6472108 9.38527 2.183512
1.685518 9.500193 1.9153614
1.6089035 9.385271 1.8004396
1.3407528 9.117121 1.9536686
0.9193734 8.772355 2.3750482
0.5746084 8.465898 2.719813
0.42137948 8.274361 2.834735
0.3830723 8.121132 2.7964277
0.49799395 8.00621 2.3750482
0.61291564 7.929596 2.030283
0.6895301 7.929596 1.8004396
0.6512228 7.967903 1.7238252
0.5746084 8.0445175 1.877054
0.5746084 8.159439 2.183512
0.49799395 8.159439 2.3750482
0.45968673 8.082825 2.1835117
0.5746084 7.967903 1.8770541
0.7661445 8.0445175 1.6089036
1.0342951 8.082825 1.340753
1.2258313 8.082825 1.5322891
1.1109096 7.929596 2.1068974
0.842759 7.584831 2.8347347
0.57460845 7.316681 3.5242648
0.45968676 7.163451 3.6774936
0.49799395 7.125144 3.1411924
0.5746084 7.086837 2.1068974
0.61291564 7.2017584 1.1875241
0.57460845 7.2400656 0.7661446
0.53630114 7.3932953 0.7278373
0.53630114 7.584831 1.0342951
0.53630114 7.546524 1.4173675
0.61291564 7.4316025 1.6472108
0.6512228 7.1634517 1.7621324
0.57460845 6.8569937 1.5705963
0.49799395 6.6654572 1.1492169
0.344765 6.588843 0.7661445
0.19153613 6.5505357 0.30645782
0.11492168 6.3589997 0.0
0.076614454 6.3973074 -0.076614454
0.11492168 6.550536 0.0
0.15322891 6.8186865 0.22984336
0.22984335 7.2017584 0.38307226
0.34476504 7.393295 0.4596867
0.38307226 7.508217 0.30645782
0.42137948 7.546524 0.19153613
0.49799395 7.584831 0.34476507
0.38307226 7.508217 0.49799395
0.34476504 7.3932953 0.80445176
0.30645782 7.3549876 0.9576807
0.2681506 7.508217 0.9959879
0.38307226 7.8529816 1.0726023
0.4213795 8.350975 1.2258313
0.5363012 8.695741 1.3790603
0.57460845 8.887277 1.3790603
0.61291564 9.002198 1.340753
0.6512228 9.040505 1.2641385
0.6895301 9.11712 1.340753
0.72783726 9.232042 1.3790601
0.8044517 9.461885 1.4939818
0.842759 9.615114 1.4939818
0.8044517 9.730036 1.5322891
0.68953013 9.80665 1.7621325
0.49799395 9.691729 1.9919759
0.4213795 9.615114 2.2218194
0.38307226 9.653421 2.2984338
0.49799395 9.730036 2.2218194
0.6512229 9.921572 2.0685904
0.6895301 9.959879 1.8004397
0.6512229 9.959879 1.6472108
0.49799395 9.959879 1.5705963
0.2681506 9.883265 1.532289
0.11492168 9.959879 1.7621324
0.076614454 9.921572 1.9919758
0.076614454 9.883265 2.2601266
0.076614454 9.80665 2.4516625
0.076614454 9.615114 2.4133554
-0.038307227 9.461885 2.2984338
-0.15322891 9.385271 1.9919758
-0.22984336 9.423578 1.7621324
-0.30645782 9.5385 1.685518

