-0.26815057 9.653421 1.685518
-0.22984336 9.691729 1.9153613
-0.2681506 9.615114 2.1068974
-0.30645782 9.500193 2.1835117
-0.34476507 9.615114 1.9919758
0.1532289 9.768343 2.030283
0.61291564 9.921572 2.1068974
1.0342951 9.998186 2.030283
1.3024457 9.844957 1.877054
1.3024457 9.691729 1.5705962
1.532289 9.576807 1.2641385
1.8770542 9.5385 1.1492169
2.2601264 9.691729 1.2258313
2.5665843 9.883265 1.3407528
2.6431987 9.959879 1.5322891
2.566584 9.844957 1.493982
2.4516625 9.5385 1.3790601
2.3750482 9.308657 1.1492169
2.336741 9.155428 0.6512229
2.3750482 9.193735 0.6512229
2.4133554 9.193735 0.842759
2.528277 9.155428 1.0726024
2.719813 9.193735 1.4556746
2.873042 9.2703495 1.4173675
2.9496565 9.2703495 1.2258313
2.9879637 9.2703495 0.9576807
2.9879637 9.346964 0.6512228
3.0262709 9.385271 0.57460845
3.2178073 9.346964 0.5363012
3.3327289 9.346964 0.61291564
3.3327289 9.385271 0.49799395
3.2944214 9.5385 0.49799395
3.1411924 9.921572 0.57460845
2.9879637 10.113108 0.7661445
2.7964277 10.189722 0.7661445
2.6048913 10.228029 0.53630114
2.566584 9.959879 0.076614454
2.6431987 9.844957 -0.076614454
2.719813 9.844957 0.0
2.6048915 9.883265 0.038307227
2.2218192 9.959879 0.61291564
1.9919758 10.0748005 0.7278373
1.8387469 10.228029 0.7278373
1.685518 10.381258 0.6512228
1.2641385 9.959879 0.38307226
0.7278373 9.576807 0.61291564
0.26815057 9.576807 0.8044518
-0.038307227 9.844957 1.1492168
-0.19153613 9.998186 1.685518
-0.19153613 10.189722 2.1068976
-0.11492168 10.342952 2.3750482
-0.076614454 10.304645 2.2984335
-0.26815057 10.304645 1.9919758
-0.61291564 10.036493 1.6089036
-0.95768064 9.730036 1.2641385
-1.3790601 9.308657 1.0726023
-1.6089035 8.810662 0.84275895
-1.6472107 8.504204 0.6895301
-1.6089035 8.312668 0.45968673
-1.4173675 8.504205 0.22984338
-1.1109096 9.078813 0.4213795
-0.8810662 9.921572 0.84275895
-0.6512229 10.955867 1.4556746
-0.49799398 11.645397 1.9919758
-0.5746084 11.9135475 1.9919758
-0.6512228 11.645397 1.4939818
-0.72783726 10.879253 0.7661445
-0.6895301 10.113108 0.11492166
-0.72783726 9.653421 -0.34476504
-0.8810662 9.423578 -0.45968673
-1.1492168 9.423578 -0.11492169
-1.685518 9.385271 0.5746084
-2.2601264 9.078814 1.4173672
-2.7964277 8.84897 2.3367407
-3.1411927 8.772355 2.911349
-3.1411927 9.002198 2.9496565
-2.7581203 9.538499 2.566584
-2.1068976 10.151415 1.8770541
-1.4939818 10.572795 1.0342951
-1.0342951 10.802638 0.26815057
-0.8810662 10.802638 -0.038307227
-0.9959879 10.802638 0.114921674
-1.3790601 10.764331 0.6512228
-1.9536686 10.611102 1.3790601
-2.6431985 10.381259 2.0685902
-3.3327286 9.998186 2.566584
-3.86903 9.615114 3.0262709
-4.098873 9.308657 3.2944217
-3.9839516 9.155427 3.1794999
-3.6774936 9.002198 2.681506
-3.217807 9.002198 1.8004396
-2.7581205 9.193734 0.99598795
-2.4516625 9.500192 0.38307226
-2.2601266 9.80665 0.0
-2.1068976 10.189722 -0.076614454
-2.183512 10.342951 -0.15322891
-2.2984335 10.228029 -0.22984335
-2.3750482 10.036493 -0.22984335
-2.4899697 9.5385 -0.22984335
-2.4133554 9.155428 -0.22984335
-2.1452045 8.887277 -0.22984335
-1.8770541 8.6574335 -0.30645782
-1.6472107 8.619126 -0.34476507
-1.4173673 8.772355 -0.26815057
-1.340753 9.040505 0.038307235
-1.340753 9.461885 0.45968676
-1.2641385 9.921572 0.91937345
-1.2641385 10.113108 1.340753
-1.2641385 10.113108 1.3790601
-1.2641385 9.883265 1.4556746
-1.340753 9.38527 1.340753
-1.3790601 8.963891 1.2258313
-1.3790601 8.6574335 1.2641385
-1.2641385 8.504205 1.3024457
-1.0726023 8.580819 1.4173673
-0.8810662 8.695741 1.4556745
-0.6512228 8.695741 1.4173673
-0.45968673 8.734048 1.2641385
-0.19153613 8.580818 1.1492169
-0.19153613 8.465897 1.0342951
-0.30645782 8.197746 1.0342951
-0.45968673 7.776367 0.80445176
-0.61291564 7.31668 0.6512229
-0.72783726 6.895301 0.6512229
-0.7661445 6.5888433 0.6512229
-0.7661445 6.4739213 0.8810662
-0.6895301 6.5505357 1.1875241
-0.53630114 6.588843 1.3790601
-0.34476504 6.4739213 1.3790601
-0.19153613 6.397307 1.2258313
-0.11492168 6.2440777 0.8810662
-0.038307227 6.090849 0.5746084
0.076614454 6.0142345 0.22984335
0.22984336 5.8226986 -0.11492168
0.34476504 5.707777 -0.34476504
0.34476504 5.66947 -0.57460845
0.19153613 5.746084 -0.61291564
-0.038307227 5.861006 -0.49799395
-0.2681506 6.0142345 -0.38307226
-0.3830723 6.205771 -0.15322891
-0.49799395 6.3589997 0.11492168
-0.5746084 6.435614 0.2681506
-0.6895301 6.4739213 0.2681506
-0.53630114 6.62715 0.15322891
-0.26815057 6.933608 -0.038307227
0.15322891 7.240066 -0.15322891
0.5363012 7.6231384 -0.22984336
0.80445176 7.929596 -0.38307226
0.91937345 8.197746 -0.57460845
0.91937345 8.389282 -0.6512228
0.7661446 8.542512 -0.3830723
0.6895301 8.619126 -0.19153614
0.6895301 8.810663 0.22984336
0.6512228 9.308657 0.5746084
0.6895301 9.80665 0.6512228
0.5746084 10.457872 0.9576807
0.19153613 11.032481 1.1109096
-0.038307227 11.109096 1.340753
-0.19153613 11.032481 1.4556746
-0.22984335 11.224017 1.6089036
-0.15322891 11.530476 1.6089036
-0.038307227 11.836933 1.4939818
0.0 12.066776 1.4173675
-0.11492168 12.143391 1.685518
-0.4213795 12.028469 2.2218192
-0.76614463 12.105083 2.8347347
-0.9959879 12.181698 3.1411927
-0.9576807 12.373234 3.217807
-0.61291564 12.449848 2.2218192
-0.3830723 12.56477 1.8004396
-0.30645782 12.526463 1.4173673
-0.22984335 12.526463 1.187524
-0.19153613 12.871228 1.4173673
-0.30645782 13.062764 1.8004397
-0.5363012 13.215994 1.9919758
-0.8044517 13.292608 2.2984335
-1.187524 13.101072 2.528277
-1.685518 12.449849 2.6048913
-1.8004397 12.29662 2.4516625
-1.7621325 12.373235 2.2984338
-1.7621325 12.679692 2.2984338
-1.838747 13.062765 2.566584
-1.9536686 13.445837 3.064578
-2.1068976 13.637373 3.4859576
-2.183512 13.637373 3.6774936
-2.2218192 13.484143 3.5242648
-2.2601264 13.062764 3.3327286
-2.2218192 12.641385 3.2561142
-2.2601264 12.258312 3.217807
-2.183512 11.87524 3.3327289
-2.0685902 11.645397 3.2178073
-1.9536686 11.530476 3.1028857
-1.7238252 11.377247 2.834735
-1.5705963 11.262325 2.681506
-1.4556746 11.070789 2.6431987
-1.4556746 10.726024 2.6048915
-1.5322891 10.381258 2.7581203
-1.6472108 9.998186 2.7581203
-1.7621324 9.653421 2.6431987
-1.8004397 9.461885 2.566584
-1.8770542 9.232042 2.4899697
-1.8770542 9.155427 2.6048913
-1.9536686 9.193734 2.873042
-2.030283 9.232041 3.064578
-2.0685904 9.385271 3.2561142
-2.1452048 9.576807 3.2561142
-2.183512 9.730036 3.0262709
-2.2601264 9.768343 3.0262709
-2.3750482 9.768343 2.9879637
-2.5665843 9.576807 3.064578
-2.7581203 9.346964 3.1794996
-2.9113493 9.193734 3.064578
-3.064578 9.002198 2.7964277
-3.1411924 9.002198 2.6048915
-3.1794996 9.11712 2.4516625
-3.3327286 9.308656 2.4899697
-3.4476504 9.653421 2.7581203
-3.5625722 9.921572 2.9496565
-3.6774938 10.266336 3.3327289
-3.7158012 10.457872 3.562572
-3.7541084 10.342951 3.6391869
-3.7541084 10.151415 3.4859579
-3.677494 9.80665 3.1411927
-3.5625722 9.385271 2.7581203
-3.2944214 8.848969 2.1452048
-3.2944214 8.465897 2.1452048
-3.3327286 8.274361 2.3750482
-3.2944214 8.274361 2.528277
-3.064578 8.580818 2.528277
-2.6431985 9.232042 2.336741
-2.1452045 9.959879 1.838747
-1.7621324 10.649408 1.4173675
-1.6089036 10.994174 1.2258313
-1.7238252 10.955867 1.2641385
-1.9153614 10.534488 1.532289
-2.183512 10.113108 1.8387468
-2.4899697 9.615114 2.2218192
-2.6431987 9.117121 2.3750482
-2.7964277 8.887277 2.528277
-2.6431987 8.695741 2.719813
-2.2218192 8.84897 2.7581203
-1.6472108 9.461885 2.7964275
-0.95768064 10.304644 2.566584
-0.4213795 10.955868 2.1452048
-0.19153613 11.109097 1.4556746
-0.34476507 10.534487 0.9959879
-0.6512228 9.576807 1.0342951
-1.1875241 8.69574 1.6089034
-1.6089035 8.312668 2.7198129
-1.6472107 8.465897 3.7924151
-1.4173675 9.002198 4.290409
-0.9576807 9.500193 3.9456444
-0.38307226 9.730036 2.911349
0.0 9.768343 1.6089035
0.11492168 9.461885 0.5363012
0.19153613 9.308657 0.2681506
0.30645782 9.5385 0.8044518
0.49799395 9.998186 1.9153614
0.61291564 10.572795 3.1411927
0.5363012 10.802638 3.7541082
0.15322894 10.419565 3.6391864
-0.38307226 9.5385 2.9113493
-0.7278373 8.427589 1.8770542
-0.84275895 7.6231384 1.0726024
-0.6512228 7.3166804 0.6512229
-0.114921674 7.699753 0.6895301
0.68953013 8.848969 1.1492168
1.5705963 10.151415 1.8387469
2.2984338 11.070788 2.3750482
2.4899697 11.338939 2.183512
2.2218192 10.726024 1.685518
1.7238252 9.653421 0.9576807
1.1492168 8.619126 0.42137948
0.842759 7.8529816 0.2681506
0.7661445 7.4699097 0.22984336
0.9193734 7.584831 0.4213795
1.4556746 8.274361 0.7278373
2.2984335 9.308657 1.4173675
3.0645783 10.49618 2.1068976
3.4476504 11.262325 2.2601264
3.4476504 11.185711 2.0685902
2.8347347 10.572794 1.3024457
2.1452048 9.576807 0.6895301
1.7238252 8.734047 0.57460845
1.3790601 8.427589 0.68953013
1.4173675 8.542512 1.1875241
1.8004397 9.078813 1.8387469
2.2984335 10.036493 2.4516623
2.9879637 11.109096 3.1028852
3.4093432 11.836932 3.562572
3.2561145 11.951855 3.4476504
2.7581205 11.3006315 2.9879637
1.9919759 10.189722 2.3367407
1.3024458 9.308657 1.8387469
1.0342951 8.848969 1.4556748
1.0342951 8.772355 1.3024458
1.1492168 9.117121 1.3790603
1.5705963 9.615114 1.532289
1.8770541 10.228029 1.9536686
2.0685902 10.726025 2.2601264
2.2218192 10.879253 2.2601264
2.1068974 10.572795 2.0685902
1.9919758 10.074801 1.6089036
1.9153614 9.576807 1.1109096
1.8004396 9.232041 0.6895301
1.7621324 9.155427 0.38307226
1.7238252 9.193734 0.4596867
1.7238252 9.423578 0.91937345
1.8004397 9.691729 1.4939818
1.8004397 9.883265 1.877054
1.8770541 10.0748005 2.030283
1.9919758 10.266336 1.9536686
2.0685902 10.381259 1.8387469
2.1835117 10.342952 1.7621325
2.0685902 10.151416 1.685518
1.877054 9.844957 1.532289
1.7621324 9.730036 1.4173673
1.7238252 9.844957 1.4173673
1.9153613 10.189722 1.4556746
2.183512 10.649408 1.685518
2.336741 10.879252 1.7621324
2.4516625 11.032481 1.5705965
2.4516625 11.070788 1.3790603
2.4516625 11.109096 0.99598795
2.4516625 11.147403 0.7278373
2.4133554 11.224017 0.6512228
2.4516625 11.262324 0.8044517
2.2984338 11.415553 1.187524
2.183512 11.607089 1.6472107
2.183512 11.836933 2.1068974
2.1452045 12.143391 2.2601266
2.2218192 12.373234 2.2601266
2.2984335 12.679691 2.1452048
2.3367407 13.139379 2.1068976
2.375048 13.599065 2.183512
2.4133554 13.867215 2.2601266
2.4516625 13.905523 2.336741
2.4133554 13.560759 2.336741
2.3750482 13.062765 2.2984335
2.4516625 12.603077 2.2218192
2.528277 12.334927 2.2218192
2.6431987 12.296619 2.2984335
2.719813 12.373235 2.413355
2.5665843 12.411542 2.6048913
2.336741 12.411542 2.873042
2.0685904 12.373234 3.1411924
1.8004397 12.143391 3.371036
1.6472108 11.951855 3.6391864
1.5322891 11.87524 3.715801
1.5322891 11.798626 3.6008794
1.685518 11.87524 3.4476504
1.8770541 11.87524 3.217807
2.1452045 11.722012 2.9879637
2.2984338 11.453861 2.9879637
2.1835117 11.109096 3.0645783
1.9536686 10.726024 3.1794999
1.6472108 10.457872 3.562572
1.4173675 10.304644 3.86903
1.3790603 10.189722 4.1754875
1.3790603 10.0748005 4.2521024
1.3790603 9.768343 3.715801
1.3024457 9.385271 2.9496565
1.1109096 8.925584 2.0685904
0.91937345 8.542511 1.4556746
0.7278373 8.274361 1.4939818
0.49799395 8.121132 1.7621324
0.4213795 8.197746 2.1068976
0.22984335 8.274361 2.4133554
0.19153613 8.236053 2.4133554
0.076614454 8.121132 2.528277
0.076614454 7.967903 2.528277
0.038307227 7.699753 2.4133554
-0.038307227 7.4316025 1.9919758
-0.038307227 7.278373 1.5705963
-0.038307227 7.354987 1.340753
0.0 7.5082164 1.340753
0.11492168 7.6231384 1.4939818
0.11492168 7.469909 1.4173675
0.038307227 7.2017584 1.2641386
0.076614454 7.0102224 1.2258313
0.11492168 7.0102224 1.2641385
0.22984336 7.125144 1.4173675
0.38307226 7.163451 1.4173675
0.34476504 7.163451 1.0342951
0.34476504 7.086837 0.7661446
0.34476504 6.933608 0.5363012
0.3064578 7.0102224 0.42137948
0.344765 7.0868373 0.61291564
0.4596867 7.1634517 0.61291564
0.5746084 7.2783732 0.45968673
0.7278373 7.2783732 0.38307226
1.0342951 7.2783732 0.11492168
1.0726023 7.201759 0.038307227
1.0342951 7.1634517 0.038307227
0.9576807 7.086837 -0.038307227
0.68953013 6.9336076 0.11492168
0.49799395 6.780379 0.19153613
0.30645782 6.818686 0.38307226
0.19153613 7.0102224 0.6512228
0.19153613 7.393295 0.9193734
0.3830723 7.8912888 1.0726024
0.68953013 8.197746 0.9576807
0.9193735 8.389283 0.6895301
1.0342952 8.42759 0.38307226
1.0726024 8.350975 0.19153613
0.9193735 8.236053 0.30645782
0.7661446 8.121132 0.4213795
0.6512229 8.236053 0.7661445
0.49799398 8.465897 1.1492169
0.45968673 8.734048 1.340753
0.45968673 8.963891 1.4939818
0.49799395 9.040505 1.340753
0.49799395 8.925584 1.1492168
0.5363012 8.887277 0.9576807
0.61291564 8.925584 0.9959879
0.6512228 9.078814 0.9959879
0.6512228 9.385271 0.9959879
0.61291564 9.615114 1.0726024
0.5746084 9.80665 1.0342951
0.53630114 9.844957 0.9959879
0.49799395 9.844957 1.0726024
0.4213795 9.844957 1.0342952
0.2681506 9.80665 0.99598795
0.076614454 9.768343 1.0726024
0.0 9.730036 1.2258313
-0.038307227 9.730036 1.5705962
-0.038307227 9.730036 1.877054
0.076614454 9.768343 2.0685902
0.11492168 9.883265 1.9919758
0.11492168 9.998186 1.6472108
0.076614454 9.998186 1.4939818
-0.076614454 9.998186 1.3790601
-0.19153613 9.883265 1.5322891
-0.22984336 9.576807 1.6855179

