-0.22984336 9.423578 1.6855179
-0.19153613 9.423578 1.877054
-0.076614454 9.576807 2.566584
0.88106626 9.461885 2.2601264
1.8387469 9.615114 2.1068976
2.9496565 9.500193 2.0685904
3.9456444 9.691729 1.9536686
4.1371803 9.768343 2.183512
4.290409 9.844957 2.375048
4.3287168 9.883265 2.375048
4.3287168 9.844957 2.2601264
4.2904096 9.959879 2.1452048
4.1754875 10.0748005 2.0685904
4.0222588 10.0748005 2.1068976
3.9073372 9.959879 2.2218192
3.7541084 9.730036 2.1835117
3.6391866 9.155428 1.8004396
3.5242648 9.002198 1.4939818
3.1028855 8.887277 1.0342951
2.9496565 8.772355 0.3830723
3.064578 8.695741 0.03830722
2.9113493 8.810662 -0.038307235
2.48997 9.2703495 1.2258313
2.1452048 9.500193 1.9153614
1.5322891 9.653421 2.2218192
1.3024458 9.653421 1.4939818
1.4173675 9.653421 1.1492169
1.5705963 9.730036 0.91937345
1.3024458 10.113108 1.3407531
0.9959879 10.419566 1.685518
0.5363012 10.534488 2.183512
-0.11492168 9.959879 2.2601264
-0.2681506 9.844957 1.9919759
-0.22984336 10.342951 0.9959879
0.076614454 10.955867 0.6512229
0.2681506 11.3006315 0.61291564
0.038307235 11.147403 0.7661445
-1.2258313 9.730036 1.3790601
-1.9919759 8.925585 1.6089035
-2.2601266 8.734048 1.685518
-2.2601266 8.887277 1.5705963
-1.5322891 9.883265 0.6512229
-1.1492168 10.228029 0.15322891
-1.0726024 10.228029 -0.26815057
-1.2258313 9.921572 -0.61291564
-2.1068974 9.423578 -0.038307205
-2.566584 9.308657 0.9576807
-2.719813 9.615114 2.0685902
-2.6048915 9.844957 2.9113493
-1.9919758 10.228029 2.834735
-1.9919758 10.0748005 2.4133554
-2.336741 9.844957 1.9153614
-2.7581203 9.615114 1.4556746
-2.987964 9.500193 1.0726024
-2.9496565 9.653421 0.7278373
-2.834735 9.844957 0.38307226
-2.6048913 9.921572 -0.038307212
-2.566584 9.844957 -0.22984335
-2.681506 9.5385 -0.45968673
-2.7964275 9.346964 -0.2681506
-3.064578 9.385271 0.34476507
-3.409343 9.500193 0.88106626
-3.8690298 9.768343 1.4939818
-4.3670235 9.883265 1.8004396
-4.7884035 9.730036 1.8387469
-5.056554 9.423578 1.8004396
-5.171476 8.925584 1.532289
-5.171476 8.504204 1.340753
-4.97994 8.236053 1.1109096
-4.6351748 8.197746 1.1492168
-4.175488 8.465897 1.3024457
-3.7158012 8.963891 1.4939818
-3.4093432 9.576806 1.7621325
-3.3327289 9.998186 1.9536686
-3.2944214 10.189722 2.2218192
-3.2561142 10.036493 2.2984335
-3.1794999 9.653421 2.0685904
-2.9879637 9.2703495 1.685518
-2.834735 8.963891 1.2258313
-2.6431987 8.810662 0.91937345
-2.4516625 8.810662 0.8810662
-2.2984338 9.040505 0.91937345
-2.1452048 9.308657 1.2258313
-2.0685902 9.576807 1.5322891
-2.0685902 9.691729 1.8770541
-2.1068974 9.576807 2.1452048
-2.1452045 9.270349 2.030283
-2.1068974 8.887277 1.7621325
-1.9536686 8.580818 1.4556746
-1.6472108 8.465897 1.2258313
-1.2641385 8.542511 1.1875241
-0.9576806 8.887277 1.3024457
-0.7661445 9.308656 1.5705963
-0.6512228 9.615114 1.9536686
-0.6895301 9.80665 2.3750482
-0.88106614 9.5385 2.6431987
-1.1109095 8.925584 2.7581203
-1.4173675 8.197746 2.528277
-1.6089035 7.546524 2.0685904
-1.340753 7.163451 1.4556746
-1.0342951 7.3932943 1.3024457
-0.7661445 7.776367 1.340753
-0.49799395 8.121132 1.340753
-0.34476504 8.274361 1.2641385
-0.19153613 8.197746 1.2641385
-0.11492168 7.776367 1.2641385
-0.11492168 7.354988 1.2258313
-0.076614454 7.0102224 1.0726024
-0.038307227 6.8569937 0.8810662
0.11492168 6.933608 0.5363012
0.34476504 7.125144 0.30645782
0.61291564 7.354988 0.19153613
0.91937345 7.584831 0.15322891
1.1109096 7.8146744 0.19153613
1.2641385 7.929596 0.15322891
1.3790603 7.967903 0.15322891
1.3024457 7.8529816 0.038307227
1.1109096 7.6231384 -0.076614454
0.80445176 7.2783732 -0.22984336
0.4213795 6.895301 -0.30645782
0.15322891 6.6654577 -0.4213795
0.11492168 6.5888433 -0.49799395
0.19153613 6.742072 -0.49799395
0.34476507 7.086837 -0.30645782
0.49799395 7.354988 0.076614454
0.57460845 7.546524 0.49799395
0.6512228 7.8529816 0.8044518
0.68953 8.0445175 0.9576807
0.7661445 8.350976 0.9193734
0.91937345 8.734048 0.8810662
1.0342951 9.040505 0.842759
1.1109097 9.38527 0.61291564
1.1492169 9.576807 0.49799395
1.0342951 9.730036 0.38307226
0.80445176 9.768343 0.45968676
0.5363012 9.691729 0.91937345
0.15322891 9.653421 1.4556746
-0.19153613 9.730036 2.0685902
-0.45968673 9.921572 2.6431985
-0.57460845 10.304644 2.8347347
-0.45968673 10.76433 2.7964275
-0.2681506 11.109096 2.4516625
-0.038307227 11.224017 1.8770541
0.076614454 11.147403 1.4173673
0.038307227 11.032481 1.0726023
-0.15322891 10.726023 0.9959879
-0.38307226 10.49618 1.2258313
-0.61291564 10.49618 1.685518
-0.8810662 10.457872 2.2601264
-1.0342951 10.6877165 2.6431987
-1.1492169 10.879252 2.7964275
-1.2258313 10.6877165 2.7964275
-1.1492169 10.572794 2.566584
-0.9959879 10.419565 2.413355
-0.842759 10.457872 2.2601264
-0.7661445 10.726024 2.030283
-0.95768064 10.955867 1.8387469
-1.1875241 10.91756 1.9153614
-1.3024457 10.764331 2.0685904
-1.3790603 10.611102 2.2984338
-1.340753 10.611102 2.4516628
-1.2258313 10.6877165 2.48997
-1.0726024 10.994175 2.4516625
-0.7661445 11.415554 2.336741
-0.5363012 11.798626 2.2218192
-0.26815057 12.143391 2.183512
-0.15322891 12.334928 2.1452048
-0.3064578 12.411542 2.2984335
-0.5746084 12.373235 2.528277
-0.91937345 12.181698 2.681506
-1.2258313 11.87524 3.217807
-1.1109095 11.9135475 3.1411927
-0.95768064 12.066776 3.0645783
-0.84275895 12.220005 2.7581203
-0.84275895 12.258312 2.7964275
-0.9959879 12.220005 2.9496565
-1.2258313 12.028469 3.2944217
-1.4556746 11.9135475 3.677494
-1.6089035 11.836933 3.7924156
-1.6472107 11.760319 3.9073372
-1.5705963 11.798626 3.8307228
-1.5322891 11.722012 3.5242648
-1.5705963 11.60709 3.2944217
-1.685518 11.415554 3.0645783
-1.8387469 11.147404 3.1411927
-1.9919758 11.070788 3.217807
-2.0685902 10.994174 3.4093432
-2.1068974 11.070788 3.6774938
-2.2218192 11.224018 3.7541082
-2.2984335 11.224018 3.9839516
-2.4899697 11.262325 4.252102
-2.681506 10.917561 4.060566
-2.7964275 10.457872 3.6774938
-3.026271 9.921572 3.2944214
-3.1794999 9.2703495 2.4899697
-3.3327289 8.848969 2.0685902
-3.5242648 8.6574335 2.030283
-3.6008792 8.6574335 1.9919758
-3.6008792 8.848969 2.2218192
-3.715801 8.963891 2.528277
-3.86903 8.848969 2.6048913
-4.2521024 8.350975 2.4133554
-4.8267107 7.546523 2.183512
-5.2863975 6.818686 2.0685902
-5.5162406 6.3206925 2.0685902
-5.2863975 6.588843 2.4516625
-4.520253 7.623138 2.7964275
-3.026271 10.572794 3.2944217
-2.5665843 11.836933 3.371036
-2.4899697 12.488156 3.562572
-2.4133554 12.717999 3.4476504
-2.3750482 12.220005 3.217807
-2.4516625 11.3006315 2.9496565
-2.7581203 10.151415 2.681506
-3.1028855 9.193734 2.834735
-3.4093432 8.734048 3.2561145
-3.4859576 8.734048 3.6774936
-3.1794999 9.232042 3.8307223
-2.719813 9.844957 3.6391864
-2.2218192 10.266336 3.217807
-1.7621324 10.496181 2.719813
-1.4556746 10.342952 2.2601264
-1.3024457 9.883265 1.9536686
-1.2641385 9.2703495 1.7238252
-1.4556746 8.542512 1.8770541
-1.7238252 7.73806 2.566584
-2.1452048 7.163451 3.3710358
-2.566584 6.856993 4.1371803
-2.7964275 6.895301 4.7500963
-2.8347347 7.3549876 4.9799395
-2.4516623 7.967903 4.596867
-1.7621325 8.619126 3.9073372
-0.842759 9.232041 2.8730419
0.11492166 9.730036 1.7621324
0.8044517 9.959879 1.0726024
1.0726024 9.921572 0.842759
0.8810662 9.500193 1.1492168
0.38307226 8.84897 1.7238252
-0.15322891 8.274362 2.528277
-0.53630114 7.8912888 3.4859576
-0.61291564 7.8529816 4.252102
-0.4596867 8.121132 4.788403
-0.22984335 8.504204 5.0182467
0.0 8.8489685 4.5202527
0.11492168 9.002198 3.6774936
0.11492168 8.963891 2.7198129
0.19153613 8.695741 1.8387468
0.45968673 8.427589 1.4939818
0.842759 8.350975 1.6089034
1.340753 8.542511 2.1068974
1.685518 9.002198 2.6048913
1.8004397 9.500193 2.9496565
1.9919758 10.0748005 3.217807
2.030283 10.419565 3.3710358
1.9153614 10.304644 3.4093432
1.5705965 9.883265 3.2561145
1.340753 9.500193 3.141193
1.2258313 9.232041 3.141193
1.3790601 9.155427 3.064578
1.5322891 9.193734 2.873042
1.5705963 9.232042 2.7581205
1.4939818 9.308657 2.6048915
1.2258313 9.193735 2.834735
1.0726024 8.925584 3.2561142
0.8810662 8.69574 3.4476504
0.8810662 8.389282 3.6008792
1.0342951 8.236053 3.677494
1.1109096 8.274361 3.7158012
1.3024457 8.350975 3.7541084
1.3790601 8.504204 3.7158012
1.4556746 8.734048 3.5242648
1.685518 9.078813 3.2178073
1.9919759 9.423578 2.9496565
2.336741 9.80665 2.7198133
2.681506 10.151415 2.566584
2.873042 10.342951 2.4516625
2.9496565 10.457872 2.336741
2.9496565 10.534488 2.2984335
2.7964275 10.457873 2.375048
2.528277 10.266337 2.375048
2.1452048 10.036493 2.3367407
1.7621324 9.576807 2.2601264
1.4173675 9.11712 2.1452048
1.3024457 8.810662 1.9919758
1.4556746 8.810662 1.9536686
1.9153613 9.232041 2.1452048
2.4899697 9.959879 2.336741
2.9496565 10.649409 2.6048915
3.1794999 10.955868 2.7964277
2.9879637 10.955868 2.7581205
2.6048913 10.6877165 2.681506
2.1452048 10.22803 2.7964277
1.7238252 9.691729 2.7964277
1.5705965 9.11712 2.7964277
1.4939818 8.848969 2.834735
1.685518 8.772355 2.5282772
2.0685902 9.11712 2.2218192
2.3750482 9.768343 1.9153614
2.719813 10.342951 1.7621324
2.7964277 10.764331 1.8387469
2.681506 10.879253 1.9536686
2.4899697 10.764332 2.183512
2.375048 10.611101 2.2601264
2.413355 10.611101 2.375048
2.4516625 10.955866 2.528277
2.4899697 11.530475 2.6048915
2.4516625 11.990162 2.7964277
2.2601264 12.411542 3.1028855
2.0685902 12.641385 3.524265
1.8770541 12.679692 4.0222588
1.6855179 12.679692 4.290409
1.4939818 12.603077 4.405331
1.3024457 12.373234 4.2904096
1.1875241 12.220005 4.098873
1.1492168 12.296619 4.0222588
1.3024457 12.756307 4.1371803
1.6472107 13.369223 4.5968676
1.9536686 13.828909 5.1714754
1.9919758 13.9438305 5.746084
1.6855178 13.560759 6.1291566
1.2641385 12.871229 6.244078
0.88106614 12.373235 6.167464
0.80445176 12.105083 6.090849
1.0342951 12.220005 6.0525417
1.2641385 12.526463 6.205771
1.37906 12.756306 6.3589997
1.4173675 12.794614 6.397307
1.5705962 12.488155 6.244078
1.7621324 11.990162 5.899313
1.9536686 11.415554 5.439626
2.1068974 11.185711 4.865018
2.1068974 11.070789 4.2904096
1.9153613 10.994175 3.7158008
1.7621324 10.802639 3.3710358
1.5705963 10.228029 3.2944214
1.3790601 9.768343 3.409343
1.4939818 9.691729 3.7541082
1.7238252 9.844957 4.2137947
1.9919758 9.921572 4.3287163
2.1452045 9.768343 4.1754875
2.1452045 9.346964 3.7924154
2.030283 8.887277 3.064578
1.8770542 8.619126 2.566584
1.7621324 8.427589 2.2984335
1.6472108 8.389282 2.0685902
1.5705963 8.350975 2.0685902
1.5705963 8.274361 2.1068976
1.5705963 8.312668 2.1452048
1.5705963 8.159439 2.183512
1.4173675 7.8912888 2.2601266
1.1109096 7.6614456 2.4899697
0.80445176 7.240066 2.7581205
0.4596867 6.9719152 2.9879637
0.30645782 7.0102224 3.1794999
0.34476507 7.163451 3.2561142
0.38307226 7.4699097 3.0262709
0.45968676 7.776367 2.719813
0.45968676 7.8529816 2.4516625
0.30645782 7.6614456 2.1068976
0.11492168 7.393295 1.9536686
-0.076614454 7.163451 2.030283
-0.19153613 7.086837 2.030283
-0.11492168 7.163451 2.0685902
0.22984341 7.3549876 2.0685902
0.7278373 7.469909 1.6089036
1.0726024 7.393295 1.0726024
1.2258313 7.431602 0.5746084
1.0726023 7.431602 0.26815057
0.61291564 7.393295 0.4213795
0.19153613 7.125144 0.842759
-0.2681506 6.742072 1.1875241
-0.49799395 6.435614 1.4939818
-0.49799395 6.397307 1.7621324
-0.30645782 6.8186865 1.8387469
0.076614454 7.240066 1.9536686
0.38307226 7.584831 1.9536686
0.6129156 7.584831 1.8004397
0.6512228 7.3932953 1.5705963
0.5746084 7.163451 1.2641385
0.45968673 6.9719152 0.9576807
0.3830723 6.9719152 0.68953013
0.45968673 7.04853 0.49799395
0.53630114 7.201759 0.344765
0.49799395 7.3166804 0.30645782
0.30645782 7.3549876 0.34476507
0.03830722 7.469909 0.49799395
-0.15322891 7.584831 0.842759
-0.22984336 7.6231384 1.1109096
-0.11492168 7.6614456 1.3024457
0.038307227 7.73806 1.3024457
0.22984336 8.0445175 0.9576807
0.38307226 8.580819 0.7278373
0.45968676 9.078814 0.61291564
0.45968676 9.346964 0.7278373
0.30645782 9.308657 1.0726023
0.19153613 9.155427 1.4173673
0.076614454 9.078813 1.9536686
0.0 9.117121 2.2984335
0.0 9.232042 2.5665843
0.038307227 9.2703495 2.4899697
0.076614454 9.155427 2.0685902
0.038307227 9.040505 1.9153614
0.038307227 8.887277 1.9919758
0.0 8.619126 1.9919758
0.0 8.580819 1.9919758

