0.15322891 8.6574335 2.2218192
0.49799395 8.963891 2.9879637
-0.076614454 8.887278 2.6431987
0.7661445 9.5385 2.1452048
1.4173675 9.500193 1.8387469
2.2218192 9.615114 1.6089035
2.9113493 9.576807 1.4939818
2.873042 9.500193 1.3024457
2.873042 9.346964 1.2258313
2.9496565 9.2703495 1.3024457
3.0262709 9.308657 1.2641385
3.2561142 9.385271 1.1109096
3.1028855 9.2703495 0.9576807
2.719813 8.925585 0.9193734
2.6048915 8.734048 1.0342951
2.6048915 8.695741 1.1492168
2.6431987 8.772355 1.187524
2.6048915 9.040505 1.1492168
2.6048915 9.193734 1.0726024
2.6048915 9.308656 0.9959879
2.6048915 9.500193 0.842759
2.7198133 10.113108 0.7661445
2.7581205 10.342952 0.9193734
2.7581205 10.419566 1.0726024
2.6048915 10.189722 1.1109096
2.0685902 9.653421 0.84275895
1.7621324 9.576807 0.72783726
1.6089035 9.730036 0.6512228
1.5705963 9.921572 0.7278373
1.6472107 10.036493 0.6512229
1.6089035 10.036493 0.61291564
1.1875241 10.036493 7.4505806E-9
0.68953013 9.844957 -0.34476504
0.5363012 9.730036 -0.15322891
0.11492168 9.308657 0.6895301
-0.6512228 8.734048 1.5322891
-0.91937345 8.542512 1.8770542
-0.4596867 9.193735 1.9153614
0.80445176 10.0748005 1.1109096
0.9576807 10.304644 0.49799395
0.26815057 10.0748005 -0.15322891
-0.45968673 9.921572 0.22984335
-0.6512228 9.998186 0.61291564
-0.61291564 10.151415 0.5746084
-0.22984338 10.304644 -0.076614454
-0.038307227 10.266336 -0.49799398
0.11492168 10.266336 -0.9576807
0.0 10.189722 -0.9576807
-0.11492168 10.189722 -0.61291564
-0.22984336 10.304644 -0.114921704
-0.26815057 10.572794 0.3064578
-0.34476504 10.879252 0.6895301
-0.5363012 10.955867 0.61291564
-0.8810663 10.572795 0.4213795
-1.3790601 9.921572 0.15322891
-1.8770542 9.155427 -0.038307227
-2.2601266 8.504205 -0.038307227
-2.4133554 8.274361 0.15322891
-2.4899697 8.236053 0.3064578
-2.4899697 8.312668 0.7661445
-2.4899697 8.465898 1.3790601
-2.5665843 8.542512 1.9153614
-2.5665843 8.734048 2.4133554
-2.336741 9.040506 2.336741
-1.9153614 9.461885 1.9153614
-1.3790603 9.844957 1.1875241
-0.80445176 10.189722 0.57460845
-0.42137948 10.381259 0.076614454
-0.22984335 10.419566 -0.19153613
-0.22984335 10.381259 -0.22984336
-0.45968673 10.189722 -0.076614454
-0.80445176 9.883265 0.15322891
-1.1109096 9.461885 0.22984336
-1.3790601 9.078813 0.07661446
-1.5322891 8.734048 -0.38307223
-1.5322891 8.6574335 -0.95768064
-1.4939818 8.772355 -1.3790603
-1.3790603 8.925584 -1.6089036
-1.2258313 9.155427 -1.6472108
-1.1875241 9.346964 -1.340753
-1.3790601 9.615114 -0.8810662
-1.6472107 9.844957 -0.30645782
-1.9919758 9.998186 0.30645782
-2.2218192 9.998186 0.68953013
-2.3750482 9.768343 0.842759
-2.5665843 9.500193 0.9193735
-2.6431987 9.155428 0.842759
-2.7198133 8.925584 0.842759
-2.6431987 8.810662 0.842759
-2.4133554 8.848969 0.7661445
-2.1068974 9.002198 0.8044517
-1.8387468 9.308657 0.7661445
-1.6472107 9.653421 0.99598795
-1.6089035 9.959879 1.2641385
-1.7238252 10.228029 1.340753
-1.9153614 10.342952 1.3024457
-2.0685902 10.304645 1.1109097
-2.183512 10.113109 0.88106626
-2.2984335 9.80665 0.7278373
-2.2984335 9.500192 0.7661446
-2.3750482 9.270349 0.7661446
-2.4133554 9.155427 0.7661446
-2.4133554 9.155427 0.842759
-2.4516625 9.232042 0.842759
-2.4133554 9.346964 0.842759
-2.336741 9.576807 0.7661445
-2.1068974 9.998186 0.8810662
-1.7238252 10.534488 0.95768064
-1.3790603 11.032481 1.0726023
-1.0726024 11.262325 1.37906
-0.91937345 11.185711 1.4939818
-1.0342951 10.764332 1.6472108
-1.1875241 10.266336 1.685518
-1.2641385 9.844957 1.685518
-1.340753 9.615114 1.6089035
-1.1875241 9.615114 1.6089035
-0.91937345 9.730036 1.7238252
-0.7278373 9.80665 1.5705963
-0.5746084 9.768343 1.4556746
-0.61291564 9.5385 1.2258313
-0.7278373 9.232042 0.99598795
-0.842759 8.887277 1.0342952
-0.9576807 8.465897 1.1875241
-0.9959879 8.0445175 1.4173675
-0.9959879 7.699753 1.5705963
-0.9576807 7.3549876 1.7238252
-0.7278373 6.780379 1.4939818
-0.61291564 6.5122285 1.1492168
-0.49799395 6.4739213 0.6895301
-0.30645782 6.6271505 0.4213795
-0.076614454 6.8186865 0.34476504
0.19153613 7.0102224 0.45968673
0.4213795 7.163451 0.8044517
0.49799395 7.163451 0.9193734
0.5363012 7.125144 0.7661445
0.4213795 6.9719152 0.4213795
0.30645782 6.550536 -0.19153614
0.15322891 6.1674633 -0.57460845
0.0 5.899313 -0.6512229
-0.076614454 5.746084 -0.49799395
-0.15322891 5.93762 -0.15322891
-0.11492168 6.0525417 0.076614454
-0.076614454 6.1674633 0.2681506
-0.076614454 6.435614 0.4213795
-0.11492168 6.7420716 0.49799395
-0.15322891 7.086837 0.49799395
-0.15322891 7.278373 0.4596867
-0.076614454 7.3932953 0.49799395
0.076614454 7.3932953 0.4596867
0.22984336 7.6231384 0.5363012
0.38307226 8.082825 0.6895301
0.49799395 8.542511 0.7661446
0.57460845 9.002198 0.9576807
0.68953013 9.155427 1.0726024
0.7278373 9.308657 1.2258313
0.7661445 9.385271 1.340753
0.80445176 9.385271 1.3790601
0.6895301 9.5385 1.4556746
0.6512228 9.5385 1.4556746
0.57460845 9.5385 1.4556746
0.57460845 9.5385 1.5705963
0.68953013 9.5385 1.685518
0.68953013 9.5385 1.6089036
0.6512228 9.615114 1.5705962
0.45968673 9.691729 1.5705962
0.22984336 9.768343 1.685518
0.076614454 9.883265 2.030283
-0.11492168 9.844957 2.336741
-0.6512228 9.500193 2.6815062
-1.0726023 9.270349 2.6815062
-1.3790603 9.232041 2.6815062
-1.5705965 9.423577 2.5282772
-1.6089036 9.959879 2.5282772
-1.4173675 10.457873 2.4899697
-1.1492169 11.070788 2.4899697
-0.9576807 11.415554 2.4133554
-0.9576807 11.760319 2.2601266
-1.1109096 12.066776 2.2984338
-1.4173673 12.028469 2.183512
-1.685518 12.066776 2.2601264
-1.8770541 11.990162 2.4133554
-2.0685902 11.9135475 2.2984335
-2.1835117 11.990162 2.3367407
-2.2984335 12.143391 2.3750482
-2.4133554 12.105083 2.030283
-2.4516625 12.028469 1.9153614
-2.4133554 12.066776 1.9153614
-2.2601266 12.181698 2.0685902
-2.183512 12.526463 2.4133554
-2.2218192 12.679692 2.528277
-2.183512 12.871228 2.719813
-2.1068976 13.139379 2.9879637
-1.9153614 13.369223 3.0262709
-1.6472108 13.599066 2.9879637
-1.3790603 13.713987 2.8730419
-1.1492169 13.790602 2.7581203
-1.1492169 13.637373 2.566584
-1.340753 13.445837 2.7581205
-1.6472107 13.177687 2.9879637
-2.0685902 12.756308 3.1411924
-2.4133554 12.411542 3.4093432
-2.5665843 12.105083 3.5242648
-2.5665843 11.951855 3.562572
-2.528277 11.9135475 3.677494
-2.4899697 11.836933 3.6391869
-2.566584 11.568783 3.4476504
-2.7581203 11.147403 3.2944217
-2.987964 10.687716 3.2178073
-3.2178073 10.0748005 3.0645783
-3.371036 9.691729 3.026271
-3.562572 9.308656 3.026271
-3.677494 8.963891 2.9496565
-3.7541084 8.848969 3.1794999
-3.86903 8.848969 3.371036
-3.9839516 9.002198 3.4859576
-4.060566 9.078813 3.562572
-4.1754875 9.11712 3.409343
-4.2904096 8.925584 3.1794999
-4.3287168 8.695741 3.026271
-4.405331 8.580819 2.9879637
-4.4436383 8.504205 2.9879637
-4.4436383 8.619126 3.1411927
-4.3670235 8.734048 3.1411927
-4.3670235 8.772355 3.0262709
-4.290409 8.963891 2.5665843
-4.1754875 9.002198 2.3750482
-3.9456444 9.040505 2.183512
-3.7158012 8.887277 2.030283
-3.562572 8.772355 2.1452048
-3.4476504 8.848969 2.2601264
-3.4093432 8.963892 2.4133554
-3.4093432 9.308657 2.5665843
-3.371036 9.615114 2.6048915
-3.3327289 9.844957 2.5282772
-3.1794996 9.959879 2.4899697
-2.9496565 9.959879 2.4899697
-2.7581205 9.80665 2.4899697
-2.681506 9.5385 2.6431987
-2.7964277 9.346964 2.6815062
-2.9879637 9.193734 2.6048915
-3.1794996 9.11712 2.4899697
-3.1794996 9.11712 2.2601264
-2.873042 9.346963 2.030283
-2.4516625 9.5385 1.7238252
-2.030283 9.653421 1.4939818
-1.8770542 9.615114 1.532289
-2.0685904 9.346964 1.7238252
-2.336741 9.002198 2.0685902
-2.6048915 8.69574 2.2218192
-2.681506 8.427589 1.9153613
-2.4516625 8.274361 1.4173675
-2.1068974 8.350975 0.8810662
-1.8387469 8.542511 0.6512228
-1.685518 8.848969 0.9959879
-1.5322891 9.040505 1.7238253
-1.3790603 9.232042 2.7581205
-1.2258313 9.615114 3.86903
-1.0726024 9.959879 4.5202527
-1.1875241 10.151415 4.7117887
-1.4556746 9.959879 4.3670235
-1.6472108 9.461885 3.6391866
-1.685518 8.810662 2.9879637
-1.5322891 8.350975 2.566584
-1.3790603 8.274361 2.719813
-1.1875241 8.504205 3.2944217
-1.1492169 9.002198 3.9456444
-1.1109097 9.5385 4.405331
-0.9193735 9.691729 4.3287168
-0.80445176 9.461885 3.8307228
-0.7661446 9.002198 3.1795
-0.8044518 8.427589 2.6048913
-0.99598795 8.121132 2.2984335
-1.0726023 8.159439 2.1068974
-0.88106626 8.542512 2.183512
-0.5363012 9.232042 2.566584
-0.076614454 9.844958 3.0262709
0.30645782 10.266337 3.6008792
0.57460845 10.419566 3.9073372
0.68953 10.228029 3.7924154
0.8810662 9.959879 3.4476504
1.2258313 9.653421 3.1028855
1.4556746 9.385271 2.873042
1.6089035 9.193735 2.834735
1.6089035 9.11712 2.873042
1.4556746 9.193734 2.873042
1.4939818 9.346963 3.0645783
1.685518 9.576807 3.217807
2.0685902 9.844957 3.5242648
2.528277 9.959879 3.8307228
2.8347347 9.883265 3.7541082
2.9496565 9.730036 3.5242648
2.7581203 9.461885 3.1794999
2.4516625 9.232042 2.7581205
2.2984335 9.193735 2.48997
2.2984335 9.308657 2.4516625
2.4133554 9.576807 2.3750482
2.48997 9.80665 2.2984335
2.3750482 9.921572 2.2218192
2.2218192 9.883265 2.2984335
2.1452045 9.921572 2.4899697
2.183512 10.113108 2.681506
2.2984335 10.381258 2.834735
2.3367407 10.611101 2.719813
2.2218192 10.534487 2.4516625
1.9536686 10.304644 2.2218192
1.685518 9.998186 2.1452045
1.4939818 9.691729 2.1452045
1.3407528 9.576807 2.1835117
1.3407528 9.576807 2.1835117
1.4556746 9.80665 2.1068974
1.5705962 10.381258 2.2601264
1.7238252 10.955867 2.566584
1.7621325 11.415554 2.9113493
1.6089035 11.530476 3.1795
1.4556746 11.262325 3.1795
1.3024457 10.840946 2.987964
1.2641385 10.49618 2.834735
1.37906 10.419565 2.681506
1.532289 10.572794 2.566584
1.8387469 11.032481 2.6431985
2.0685902 11.568783 2.681506
2.1068974 11.990162 2.9113493
1.9919758 12.29662 3.1411927
1.6089035 12.488156 3.4859576
1.340753 12.564771 3.7924156
1.1875241 12.488155 3.9073372
1.2258313 12.449848 3.9073372
1.4939818 12.488155 3.7924156
1.6472107 12.411541 3.677494
1.7621324 12.488156 3.7541084
1.8004396 12.488156 4.1754875
1.5705962 12.258313 4.673482
1.2258313 12.066776 5.094861
0.842759 11.722012 5.24809
0.49799395 11.33894 5.094861
0.4213795 11.109097 4.788403
0.5363012 11.262325 4.82671
0.7661445 11.530476 5.0182467
0.9959879 11.87524 5.094861
1.2258313 12.258312 4.9799395
1.5705965 12.488155 4.5968676
2.030283 12.603078 4.4436383
2.4516625 12.679692 4.405331
2.681506 12.449849 4.405331
2.6431987 11.9135475 4.3287168
2.2218192 11.262324 3.8307228
1.6472108 10.572794 3.4859576
1.0342951 9.998186 3.2561142
0.49799395 9.615114 3.1794999
0.2681506 9.461885 3.2561142
0.3064578 9.461885 3.2561142
0.6512228 9.80665 3.1028855
1.1492168 10.113108 2.873042
1.5705963 10.381259 2.7581203
1.8004397 10.381259 2.566584
1.7238252 9.959879 2.4899697
1.37906 9.461885 2.2601264
1.0342951 8.848969 1.9153614
0.7278373 8.465897 1.7621324
0.5363012 8.350975 1.8770542
0.5363012 8.389282 2.2984335
0.6512229 8.504205 2.7964277
0.842759 8.580819 3.217807
0.9959879 8.504205 3.1411924
1.0726024 8.312668 2.7964277
1.0726024 8.197746 2.2218192
0.9959879 8.159439 1.7238252
0.9576807 8.121132 1.532289
0.91937345 8.082825 1.6472108
0.80445176 8.082825 1.9919758
0.6895301 8.00621 2.2601266
0.49799395 7.8146744 2.2984338
0.2681506 7.508217 2.030283
0.038307227 7.1251445 1.5705963
-0.11492168 6.703765 0.8810662
-0.22984336 6.435614 0.22984338
-0.26815057 6.5122285 -0.22984335
-0.22984336 6.780379 -0.34476504
-0.22984336 7.163451 -0.11492168
-0.15322891 7.5465236 0.38307226
0.038307227 7.8146744 0.84275895
0.2681506 7.967903 1.0342951
0.49799395 7.8529816 0.88106626
0.5746084 7.584831 0.45968676
0.53630114 7.278373 0.19153613
0.4596867 7.0485296 0.07661445
0.344765 7.086837 0.30645782
0.3064578 7.3166804 0.7661445
0.22984335 7.546524 1.0342952
0.11492168 7.699753 1.2258313
0.15322891 7.776367 1.2258313
0.22984336 7.8912888 1.0726023
0.34476504 7.8912888 0.84275895
0.45968673 7.929596 0.57460845
0.4213795 7.967903 0.34476504
0.34476504 7.929596 0.2681506
0.22984335 8.121132 0.4213795
0.19153613 8.312668 0.7278373
0.22984335 8.542512 1.1109096
0.38307226 8.772355 1.340753
0.61291564 8.542511 1.4556746
0.7278373 8.350975 1.340753
0.80445176 8.236053 1.1109096
0.7661445 8.159439 0.9959879
0.61291564 8.427589 0.9576807
0.42137948 8.6574335 1.1109096
0.2681506 8.695741 1.2641385
0.11492168 8.810662 1.4556746
0.076614454 8.963891 1.5705962
0.15322891 9.11712 1.6472108
0.19153613 9.270349 1.7238252
0.26815057 9.193734 1.7238252
0.26815057 9.078813 1.685518
0.22984336 8.887277 1.6089036
0.11492168 8.772355 1.6089036
0.0 8.810662 1.7621324
-0.038307227 8.848969 2.030283
-0.038307227 8.963891 2.2984335
-0.038307227 9.11712 2.6048913
-0.076614454 9.078813 2.719813
-0.15322891 9.155428 2.4516625
-0.19153613 9.2703495 2.030283
-0.22984336 9.461885 1.4556746

