-0.22984336 9.730036 0.9959879
-0.19153613 9.883265 0.9576807
-0.42137948 9.615114 1.4556746
-0.07661444 9.615114 1.7238252
0.2681506 9.653421 1.7621324
0.9193735 9.80665 1.9919758
1.685518 9.998186 2.2984335
2.030283 10.113108 2.2218192
2.4133554 10.228029 2.4516625
2.2218192 10.189722 2.5282772
1.9536686 9.921572 2.5665843
1.7621324 9.653421 2.5282772
1.8770541 9.461885 2.2984335
2.1452048 9.5385 2.2218192
2.4133554 9.653421 1.9919758
2.7964275 9.730036 1.8004396
2.8347347 9.768343 1.8004396
2.7581203 9.768343 1.9919758
2.719813 9.80665 1.9536686
2.719813 9.80665 1.8770542
2.719813 9.80665 1.8387469
2.528277 9.576807 1.6089035
2.3750482 9.5385 1.5322891
2.2218192 9.576807 1.1492168
2.2601266 9.576807 0.9959879
2.4133554 9.691729 0.61291564
2.2601264 9.921572 0.61291564
2.030283 9.921572 0.7278373
1.4939818 9.691729 0.88106626
1.2641385 9.385271 0.8810662
1.3024457 9.461885 0.6895301
1.532289 9.844957 0.038307227
1.4939818 9.959879 -0.4213795
1.532289 9.844957 -0.49799398
1.4939818 9.615114 -0.57460845
1.1492169 9.730036 -0.57460845
0.7278373 9.730036 -0.6512229
0.03830722 9.385271 -0.5746084
-0.61291564 8.848969 -0.11492168
-0.6512229 8.810662 0.076614454
-0.49799395 9.193735 -0.30645782
-0.53630114 9.80665 -0.8810662
-0.6512228 9.883265 -1.0342951
-0.7278373 10.113108 -0.5746084
-0.8810662 10.113108 -0.19153613
-1.2258313 10.189722 0.2681506
-1.685518 9.998186 0.8810662
-2.183512 9.653421 2.030283
-2.1068974 9.768343 2.528277
-1.8387468 10.151415 2.6048913
-1.5705962 10.496181 2.4133554
-1.3024457 10.266337 1.6472107
-1.4939818 9.768343 1.4556745
-1.8004397 9.078813 1.3024457
-2.1452045 8.504205 1.1875241
-2.1068974 8.159439 1.2641386
-1.5705963 8.69574 1.5705965
-0.9959879 9.461885 1.8004396
-0.26815057 9.959879 2.030283
-0.22984336 10.113108 1.9536686
-0.7278373 9.883265 1.8387468
-1.1875241 9.461885 1.8770542
-1.7238252 9.232042 1.8770542
-1.8387468 9.078813 1.8004398
-1.6089035 9.078813 1.3790603
-1.2258313 9.193734 0.61291564
-0.8044517 9.4618845 -0.15322891
-0.38307226 9.730036 -0.842759
-0.2681506 9.921572 -1.1109096
-0.6512229 9.883265 -0.9193734
-1.4939818 9.730036 -0.45968673
-2.375048 9.5385 0.22984335
-2.9496562 9.423578 0.6512228
-3.2561142 9.423578 0.8810662
-3.1028855 9.500193 0.7661445
-2.7964275 9.691729 0.49799395
-2.4133554 9.691729 0.07661444
-2.0302832 9.653421 -0.45968673
-1.838747 9.691729 -0.9959879
-1.7238252 9.921572 -1.2258313
-1.6472107 10.266337 -0.8810662
-1.5705963 10.649409 -0.45968676
-1.6472107 10.764331 0.038307235
-1.7621325 10.611102 0.34476507
-1.9919758 10.342951 0.30645782
-2.2218192 9.921572 0.34476504
-2.2218192 9.500193 0.34476504
-2.2218192 9.193735 0.34476504
-2.1068976 9.117121 0.4213795
-1.9536686 9.193735 0.34476504
-1.8770542 9.500193 0.30645782
-1.8770542 9.883265 0.34476504
-2.030283 10.151416 0.45968673
-2.2601266 10.189723 0.842759
-2.528277 9.921573 1.0726024
-2.9496565 9.385271 1.2258313
-3.2561145 8.695741 1.4939818
-3.371036 8.389282 1.532289
-2.873042 8.6574335 2.1068974
-2.3750482 9.117121 2.1452048
-1.9919758 9.461885 2.183512
-1.6472108 9.653421 1.9919758
-1.4173673 9.193734 1.5322891
-1.4173673 8.772355 1.3024458
-1.4173673 8.389282 1.3024458
-1.340753 7.967903 1.3024458
-1.1109096 7.776367 1.2641385
-0.7661445 7.584831 1.2258313
-0.4213795 7.584831 1.1492169
0.0 7.6231384 1.1875241
0.30645782 7.6614456 1.3024457
0.45968673 7.6231384 1.3790603
0.53630114 7.240066 1.1875241
0.53630114 6.895301 0.6512228
0.53630114 6.397307 -0.07661447
0.57460845 5.9759274 -0.7278373
0.6512228 5.8226986 -1.0726023
0.61291564 5.7843914 -1.0726023
0.5363012 5.93762 -0.8810662
0.38307226 6.0525417 -0.6512229
0.076614454 6.1674633 -0.45968673
-0.19153614 6.320692 -0.34476504
-0.34476507 6.3973064 -0.1532289
-0.4213795 6.5505357 0.038307227
-0.30645782 6.6654572 0.19153613
-0.11492168 6.8186865 0.26815057
-0.038307227 6.9719157 0.0
-0.038307227 7.04853 -0.19153613
-0.19153613 7.1251445 -0.38307226
-0.38307226 7.0485296 -0.45968673
-0.53630114 7.0485296 -0.11492169
-0.53630114 7.2783732 0.4213795
-0.38307226 7.546524 0.9193734
-0.22984336 7.8912888 1.3024457
-0.19153613 8.121132 1.3024457
-0.34476504 8.0445175 0.9576806
-0.49799395 7.929596 0.7278373
-0.53630114 7.8912888 0.49799395
-0.344765 8.0445175 0.49799395
0.038307227 8.465898 0.6512228
0.4213795 9.002198 0.842759
0.6895301 9.500193 1.0726023
0.7661445 9.691729 1.2258313
0.68953013 9.653421 1.1875241
0.45968673 9.576807 1.1109096
0.22984336 9.461885 0.9959879
0.19153613 9.653421 1.1109096
0.34476504 9.959879 1.3790603
0.5746084 10.304644 1.6472108
0.7661445 10.76433 1.9536686
0.9193734 11.070788 2.2601264
0.9193734 11.645397 2.6048915
0.842759 12.334928 2.7964275
0.842759 12.717999 2.7581203
0.7661445 13.024457 2.528277
0.61291564 13.024457 2.1452048
0.42137948 12.449848 1.7238252
0.114921674 11.990162 1.7621324
-0.30645782 11.722012 2.1452045
-0.7278373 11.415554 2.528277
-1.0726024 11.530476 3.0262709
-1.2258313 11.87524 3.2178073
-1.2258313 12.143391 2.9496565
-1.0726024 12.373234 2.6815057
-0.8810662 12.603078 2.6048913
-0.842759 12.641385 2.6048913
-0.8810662 12.603078 2.719813
-0.842759 12.56477 2.9496565
-0.7278373 12.411541 2.8347347
-0.61291564 12.220005 2.8347347
-0.45968673 12.105083 2.9496565
-0.4213795 12.181698 3.1028852
-0.49799398 12.373235 3.4859576
-0.61291564 12.641385 3.677494
-0.80445176 12.871228 3.86903
-0.9959879 12.947843 3.8307226
-1.1109097 12.909535 3.6008792
-1.1109097 12.832921 3.3710358
-0.99598795 12.5264635 3.0262709
-0.8810662 12.411542 3.0645783
-0.91937345 12.181698 3.4093432
-1.1492169 11.836933 3.8690298
-1.532289 11.683704 4.4819455
-1.9153614 11.33894 4.865018
-2.1452048 11.18571 5.0182467
-2.2218192 11.18571 4.903325
-2.183512 11.18571 4.596867
-2.2218192 11.147403 4.4819455
-2.3367407 10.955867 4.405331
-2.4516625 10.764331 4.5968676
-2.5665843 10.611102 4.5968676
-2.5282772 10.572795 4.367024
-2.4133554 10.611102 4.2137947
-2.336741 10.572795 3.9839516
-2.336741 10.457872 3.9839516
-2.4516625 10.228029 3.9839516
-2.681506 9.998186 4.060566
-2.9113493 9.921572 4.098873
-3.1028852 9.883265 4.1371803
-3.2178068 9.998186 4.1754875
-3.2178068 10.189722 3.9839516
-3.2178068 10.266336 3.8307228
-3.256114 10.266336 3.8307228
-3.4093432 10.036493 3.7924156
-3.754108 9.576807 3.86903
-4.1371803 8.963892 4.060566
-4.4819455 8.389283 3.9073372
-4.6351748 8.0445175 3.6391869
-4.5202527 8.00621 3.2178073
-4.2137947 8.236053 2.566584
-3.7924154 8.619125 2.0685902
-3.409343 9.002198 1.9536685
-3.1794999 9.346963 1.9919759
-3.1028852 9.5385 2.336741
-3.1794996 9.5385 2.719813
-3.4093432 9.193734 2.6431985
-3.562572 8.619126 2.4133554
-3.677494 8.159439 2.1068974
-3.4476507 8.082825 1.9153614
-2.987964 8.580819 2.183512
-2.4133554 9.4618845 2.4133554
-1.8770542 10.266336 2.4516625
-1.532289 10.6877165 2.2601264
-1.4556746 10.649409 1.9536686
-1.5705962 9.998187 1.9919758
-1.685518 9.232042 2.2984338
-2.0685902 8.465898 2.5665843
-2.528277 7.3166804 2.3750482
-2.528277 7.2783732 2.336741
-2.2984335 7.6231384 2.4899697
-1.9919758 8.236053 2.8730419
-1.8004397 8.925584 3.1794999
-1.7238252 9.461885 3.1028852
-1.5705962 9.691729 2.9113493
-1.4556746 9.768343 2.7198133
-1.1109097 9.615114 2.6048913
-0.68953013 9.193735 2.75812
-0.61291564 8.734048 3.064578
-0.6895301 8.427589 3.4476504
-1.1109096 8.389282 4.0605664
-1.685518 8.695741 4.5585604
-1.9536686 9.117121 5.018247
-2.0685902 9.308657 5.0565543
-1.9153614 9.2703495 4.55856
-1.6472108 9.078814 3.86903
-1.4173675 8.810662 3.217807
-1.1492168 8.734048 2.7964277
-0.9576807 8.848969 2.4899697
-0.61291564 9.11712 2.2984338
-0.114921674 9.615114 2.183512
0.4213795 9.959879 2.2601266
0.91937345 10.189722 2.528277
1.0342951 10.0748005 2.873042
0.9193734 9.576807 3.1794999
0.4213795 9.040505 3.371036
-0.07661445 8.42759 3.371036
-0.30645782 8.159439 3.3327289
-0.2681506 8.159439 2.9496565
0.30645782 8.350975 2.6048913
1.0342952 8.848969 2.4133554
1.6472107 9.232042 2.3750482
1.9536686 9.461885 2.566584
1.9919758 9.500193 2.9113493
1.9153614 9.308657 3.0262709
1.7621324 9.117121 2.9879637
1.8387468 9.040505 2.7581203
1.8770542 9.078813 2.3750482
2.0685904 9.346963 2.336741
2.3750482 9.768343 2.3750482
2.48997 10.151416 2.5282772
2.6431987 10.534488 2.6048915
2.6048915 10.534488 2.6048915
2.528277 10.228029 2.6048915
2.3367407 9.768343 2.719813
1.9919758 9.11712 2.8347347
1.7238252 8.6574335 2.8730419
1.4173673 8.427589 2.8730419
1.4556746 8.465897 2.911349
1.8387468 8.887277 3.064578
2.2984335 9.423577 3.064578
2.834735 9.921572 2.8347347
3.2561145 10.304645 2.4899697
3.4093432 10.419566 1.9919758
3.4093432 10.304645 1.5705963
3.2178073 10.0748005 1.3790601
2.9496567 9.730036 1.1492168
2.7581205 9.500193 1.1492168
2.6815062 9.461885 1.2641385
2.7581205 9.576807 1.3024458
2.9113493 9.80665 1.4939818
3.064578 10.113108 1.6472108
3.1028852 10.49618 1.8387468
3.064578 10.726023 1.9919758
2.7581203 10.726023 1.9536685
2.2984335 10.457872 1.8004396
1.7238252 9.844957 1.6472107
1.3024457 9.2703495 1.6089035
0.99598783 9.193735 1.7621324
0.91937345 9.308657 1.9153614
1.0342951 9.615114 2.0685902
0.9576807 9.844957 2.030283
0.99598795 9.844957 1.8770541
0.99598795 9.80665 1.7621324
0.99598795 9.883265 1.6855179
1.1109096 10.113108 1.8004397
1.2641385 10.534488 2.1068976
1.4173673 10.91756 2.4899697
1.5322891 11.262325 2.7581203
1.6472107 11.530476 2.8347347
1.6089035 11.530476 2.7198129
1.4173675 11.453861 2.4516625
1.1492168 11.224017 2.183512
0.9193734 11.070788 2.1452045
0.9193734 11.415554 2.375048
1.1492168 11.951855 2.6431985
1.3790601 12.603078 2.9879637
1.4939818 13.254301 3.2944217
1.4556745 13.599066 3.6008792
1.1875241 13.637373 3.9456444
0.7278373 13.40753 4.0222588
0.30645785 12.871228 4.2137947
-0.076614454 12.411541 4.55856
-0.22984335 12.105083 4.9799395
-0.15322891 11.990162 5.631162
0.0 12.143391 6.282385
0.22984336 12.411541 6.4356136
0.4213795 12.641385 6.1674633
0.5746084 12.756307 5.707777
0.7661445 12.871228 5.2097826
1.1492168 13.139379 5.056554
1.532289 13.445836 5.24809
1.9153612 13.599065 5.3630123
2.030283 13.3309145 5.3630123
1.9153614 12.679692 5.056554
1.8004396 11.990163 4.443639
1.6089036 11.377247 4.0222588
1.5705963 11.032482 3.6008794
1.532289 10.802638 3.409343
1.4556745 10.534488 3.4476502
1.340753 10.266336 3.409343
1.1875241 9.998186 3.3327286
1.0726024 9.80665 3.1794999
0.9959879 9.730036 2.9496567
0.9959879 9.615114 2.5282772
0.8810662 9.576807 2.2984338
0.68953013 9.385271 2.1452048
0.4213795 8.963891 2.030283
0.15322891 8.619125 2.2984335
0.076614454 8.197746 2.566584
0.0 8.0445175 2.834735
-0.038307227 8.082825 3.0262709
-0.15322891 8.121132 3.0262709
-0.22984335 8.159439 2.7964275
0.0 8.121132 2.566584
0.45968673 8.274361 2.2984335
1.1492169 8.504204 1.7621324
1.8004397 8.772354 1.1875241
2.2601266 9.002198 0.6129156
2.4516625 9.078813 0.6129156
2.4133554 9.11712 1.1875241
2.2601264 8.963891 2.183512
1.8770542 8.657433 3.371036
1.2258313 8.274361 4.098873
0.45968676 7.776367 4.405331
-0.26815057 7.354988 4.2521024
-0.7661445 7.0485296 3.6008792
-0.8810662 6.7803793 2.6431985
-0.7278373 6.6654577 1.6472108
-0.4596867 6.8186865 0.7661446
-0.19153613 7.086837 0.19153614
0.114921674 7.316681 0.1532289
0.34476504 7.4316025 0.4213795
0.38307226 7.201759 0.80445176
0.2681506 6.933608 0.8810662
-0.07661443 6.6654572 0.7278373
-0.45968673 6.5122285 0.6512228
-0.6895301 6.6271505 0.5746084
-0.7278373 6.742072 0.6895301
-0.53630114 6.933608 0.80445176
-0.15322891 7.086837 0.6895301
0.15322891 7.2783732 0.4213795
0.34476504 7.546524 0.11492168
0.3830723 7.6231384 -0.114921674
0.19153613 7.6614456 -0.15322891
-0.038307227 7.508217 0.15322892
-0.30645782 7.278373 0.68953013
-0.5746084 7.2017584 1.3024458
-0.6512229 7.125144 1.9919758
-0.49799398 7.1634517 2.2601264
-0.19153613 7.201759 2.0685902
0.19153613 7.354988 1.6089034
0.49799395 7.699753 0.91937345
0.6512228 8.00621 0.5746084
0.72783726 8.312668 0.72783726
0.6895301 8.580819 1.1875241
0.5746084 8.734048 1.685518
0.49799395 8.887277 2.1452048
0.4213795 8.887277 2.2601264
0.38307226 8.810662 2.1068976
0.34476504 8.6574335 1.7621324
0.19153613 8.580819 1.3024457
0.038307227 8.695741 1.0726023
-0.038307227 8.810662 1.1109097
-0.076614454 8.925584 1.4939818
-0.038307227 9.040505 1.9536686
0.038307227 9.11712 2.336741
0.19153613 9.346963 2.4899697
0.38307226 9.691729 2.3750482
0.49799395 9.959879 2.183512
0.5363012 10.189722 1.8004397
0.45968673 10.266336 1.4556746
0.2681506 10.151415 1.1109096
0.076614454 9.998186 0.8810662
-0.11492168 9.883265 0.842759

