-0.26815057 9.730036 0.8810662
-0.30645782 9.5385 1.0726024
-0.15322891 8.580819 2.7964275
-0.4213795 9.232042 1.9919758
-0.076614454 9.691729 1.6089034
0.26815057 9.691729 1.3790601
0.61291564 9.653421 0.9576807
0.8044518 9.615114 0.9193734
0.9959879 9.691729 0.8810662
1.1875241 9.80665 0.7278373
1.3024458 9.844957 0.7278373
1.4939818 9.691729 0.57460845
1.532289 9.576807 0.61291564
1.4939818 9.423578 0.7278373
1.4939818 9.2703495 0.8810662
1.6089035 9.193734 1.3407528
1.8004396 9.346964 1.37906
2.030283 9.576807 1.4173675
2.2601264 9.730036 1.37906
2.6431987 9.730036 1.1109095
2.719813 9.653421 0.95768064
2.719813 9.615114 0.95768064
2.5665843 9.615114 0.9959879
2.1452048 9.500193 1.1875241
1.9536686 9.461885 1.1875241
1.9153614 9.500193 1.2258313
1.9919758 9.615114 1.1492169
2.2601264 9.653421 0.84275895
2.3750482 9.691729 0.5746084
2.3750482 9.730036 0.42137948
2.336741 9.844957 0.34476504
2.1068976 9.921572 0.42137948
1.9153614 9.883265 0.49799395
1.6472108 9.653421 0.49799395
1.3024457 9.461885 0.61291564
1.0342951 9.461885 0.45968673
0.95768064 9.576807 0.4213795
1.0726023 9.844957 0.38307226
1.4939818 10.151415 0.15322891
1.6089036 10.151415 0.076614454
1.5705965 10.0748005 0.076614454
1.4556746 9.998186 0.076614454
1.2258313 9.921572 0.2681506
0.842759 9.653421 0.61291564
0.49799395 9.461885 0.842759
0.26815057 9.232041 1.2641385
0.076614454 9.002198 1.5322891
0.076614454 8.887277 1.5705963
0.11492168 8.810662 1.5705963
0.26815057 8.887277 1.3790603
0.5746084 9.117121 1.2641385
0.9959879 9.461885 1.0342952
1.5705963 9.883265 0.9576807
1.9536686 10.228029 0.9959879
2.0685904 10.534487 0.9193735
1.9536687 10.764331 1.0726024
1.6089035 10.6877165 1.3024457
1.2258313 10.457873 1.2641385
0.9576807 10.228029 1.1109096
0.842759 9.921572 0.8810662
0.9193734 9.615114 0.30645782
1.1109096 9.461885 -0.19153611
1.3790603 9.308657 -0.5363012
1.4173675 9.308657 -0.9959879
1.2641385 9.500193 -1.1492168
0.9576807 9.730036 -0.9576807
0.49799395 9.844957 -0.49799395
0.1532289 9.883265 0.07661444
-0.15322891 9.844957 0.6895301
-0.26815057 9.80665 0.9193734
-0.30645782 9.921572 0.84275895
-0.22984336 9.921572 0.5746084
-0.076614454 9.959879 0.076614454
-0.076614454 9.959879 -0.344765
0.0 9.883265 -0.6129156
0.038307227 10.036493 -0.49799392
0.0 10.189722 -7.4505806E-9
-0.038307227 10.228029 0.6895301
-0.2681506 10.266336 1.4173673
-0.7278373 10.189722 2.030283
-1.3024457 9.883265 2.2984338
-1.838747 9.615114 2.2984338
-2.183512 9.423578 2.0302832
-2.2218192 9.193734 1.5705965
-1.9536686 9.2703495 0.91937345
-1.532289 9.461885 0.22984335
-1.1492168 9.500193 -0.2681506
-0.9576807 9.500193 -0.45968673
-1.0342951 9.308657 -0.114921674
-1.3407528 9.11712 0.80445176
-1.7238252 9.155427 1.8004396
-2.1452048 9.423578 2.7581203
-2.528277 9.959879 3.371036
-2.8347347 10.342951 3.371036
-3.0262709 10.49618 2.9113493
-3.1411924 10.381258 1.9536686
-3.1411924 10.0748005 0.8044517
-3.0262709 9.653421 -0.22984335
-2.8730419 9.2703495 -0.8810662
-2.6815057 9.155428 -0.91937345
-2.4899697 9.193735 -0.5746084
-2.3750482 9.500193 0.11492168
-2.3750482 10.0748005 0.91937345
-2.4133554 10.496181 1.340753
-2.4516625 10.726024 1.4556745
-2.4899697 10.764331 1.340753
-2.4133554 10.49618 0.91937345
-2.2218192 10.151415 0.5363012
-2.030283 9.80665 0.30645782
-1.7621324 9.576807 0.076614454
-1.4939818 9.346964 0.0
-1.3407528 9.308657 0.076614454
-1.3024457 9.461885 0.26815057
-1.3790603 9.691729 0.6895301
-1.532289 10.036493 1.1875241
-1.6472108 10.266337 1.532289
-1.685518 10.266337 1.7238252
-1.685518 10.113109 1.5705962
-1.7238252 9.844957 1.3790601
-1.7238252 9.500193 1.2258313
-1.685518 9.2703495 1.1492169
-1.532289 9.078813 1.1492169
-1.2258313 9.11712 1.1875241
-0.99598783 9.346964 1.3407531
-0.84275895 9.615114 1.5705965
-0.88106626 9.883265 1.8770542
-1.1109096 9.921572 2.030283
-1.340753 9.615114 1.9919758
-1.6089036 9.040505 1.6855179
-1.8004396 8.236053 1.3024457
-1.838747 7.546524 1.0726024
-1.7621325 7.1634517 1.0726024
-1.4556746 7.086837 1.187524
-1.0342951 7.316681 1.4173673
-0.68953 7.546524 1.6089035
-0.42137945 7.584831 1.4556746
-0.344765 7.4316025 1.2258313
-0.38307226 7.0868373 0.7661446
-0.4213795 6.6271505 0.2681506
-0.45968673 6.205771 0.038307227
-0.3830723 5.93762 -0.11492168
-0.30645782 5.746084 -0.19153613
-0.34476504 5.6311626 -0.22984336
-0.4213795 5.3247046 -0.30645782
-0.5363012 5.209783 -0.22984336
-0.5363012 5.209783 -0.076614454
-0.49799395 5.401319 0.15322891
-0.26815057 6.129156 0.5746084
-0.11492168 6.62715 0.7661445
0.0 7.0485296 0.95768064
0.038307227 7.431602 1.0342951
0.076614454 7.776367 1.1492169
0.11492168 7.73806 1.1109097
0.11492168 7.699753 0.99598795
0.15322891 7.73806 0.9576807
0.19153613 7.73806 0.80445176
0.38307226 8.274361 0.42137948
0.57460845 8.542511 0.076614454
0.8044518 8.810662 -0.076614454
1.0342951 9.11712 0.03830722
1.3024457 9.691729 0.8044517
1.3024457 10.036493 1.2258313
1.2258313 10.189722 1.3024457
1.0726023 10.304644 1.3024457
0.8044517 10.381258 1.1875241
0.5363012 10.457872 1.0726024
0.34476504 10.572794 1.1492168
0.26815057 10.6877165 1.1875241
0.19153613 10.6877165 1.1875241
0.11492168 10.457873 1.0342951
-0.114921674 10.381259 1.0726023
-0.45968673 10.419566 1.2258313
-0.8044517 11.33894 1.9153614
-0.8810662 11.722012 2.0685904
-0.91937345 11.9135475 2.183512
-1.1109096 11.722012 2.2601264
-1.3790603 11.492168 2.2984335
-1.8004396 11.224018 2.3750482
-2.0685902 10.994175 2.3750482
-2.2218192 10.994175 2.4133554
-2.183512 11.032482 2.1452045
-1.8387468 11.147404 1.8004396
-1.532289 11.33894 1.532289
-1.1875241 11.492168 1.4173675
-1.0342951 11.530476 1.4556746
-0.9959879 11.530476 1.6472108
-0.9576807 11.377247 1.8004397
-0.9193735 11.377247 1.8004397
-0.7661446 11.415554 1.8770542
-0.61291564 11.683704 2.1068976
-0.5363012 11.990162 2.2984338
-0.61291564 11.951855 2.3750482
-0.7278373 11.836933 2.48997
-0.8044517 11.645397 2.4516628
-0.8044517 11.530476 2.3750482
-0.68953 11.645397 2.528277
-0.61291564 11.9135475 2.566584
-0.61291564 12.105083 2.6048913
-0.7278373 12.296619 2.8347347
-1.0342952 12.449849 3.1028855
-1.4556746 12.373234 3.4859576
-1.9153614 12.296619 3.907337
-2.336741 12.143391 4.1371803
-2.6048915 11.87524 4.1371803
-2.681506 11.722012 4.1754875
-2.681506 11.645397 4.0222588
-2.6431987 11.60709 4.0222588
-2.5665843 11.760319 4.060566
-2.5665843 11.798626 3.9073372
-2.6048915 11.60709 3.86903
-2.6431987 11.377247 3.6391866
-2.719813 10.840945 3.4476504
-2.7964277 10.381259 3.3327286
-2.873042 10.0748005 3.2944214
-2.9113493 9.921572 3.217807
-2.9879637 9.921572 3.217807
-3.1028855 9.921572 3.217807
-3.1411927 9.883265 3.0645783
-3.2944217 9.615114 3.0645783
-3.4093432 9.461885 3.1794999
-3.4476504 9.346964 3.3327289
-3.5242648 9.385271 3.4859579
-3.409343 9.615114 3.6008797
-3.2561142 9.959879 3.562572
-3.0645783 10.381258 3.7158012
-2.9113493 10.49618 3.562572
-2.9879637 10.419565 3.2561142
-3.2178073 9.998186 2.681506
-3.4859576 9.346964 1.9536686
-3.7541084 8.772355 1.7238252
-3.9839516 8.082825 2.2601264
-3.9456444 8.082825 2.8347347
-3.7924156 8.312668 3.2561142
-3.4476507 8.619125 3.5242648
-2.7964275 9.193734 3.4476504
-2.030283 9.921572 3.0262709
-1.2641385 10.726023 2.528277
-0.6512228 11.60709 1.9919758
-1.0342951 11.147403 2.2218192
-1.6472107 10.189722 2.528277
-2.2984335 9.078813 2.7964275
-2.5665843 8.159439 2.7581203
-2.528277 7.699753 2.4899697
-2.4516625 7.546524 2.3750482
-2.336741 7.699753 2.4899697
-2.336741 7.8912888 2.873042
-2.2601264 8.236053 3.3327289
-1.9536685 8.619125 3.7541084
-1.4939817 9.040504 3.7541084
-1.0726024 9.2703495 3.5242648
-0.7278373 9.117121 3.1411924
-0.6512228 8.810662 2.4133554
-0.5746084 8.504205 1.9536685
-0.38307226 8.542512 1.7238251
-0.19153613 8.925584 1.6855179
0.19153614 9.500193 1.8387469
0.3830723 9.768343 1.9536686
0.11492168 9.653421 2.336741
-0.49799395 9.193734 2.6431987
-1.340753 8.619125 3.064578
-2.1452048 8.0445175 3.4859576
-2.4899697 7.469909 3.5242648
-2.4133554 7.201759 3.4476504
-1.8387468 7.4316025 3.4476504
-0.8810662 8.312669 3.6008792
0.19153613 9.500193 3.6008792
1.2258313 10.611102 3.4476504
1.9153614 11.032482 2.9496565
2.1452048 10.802639 2.2984335
2.030283 10.304644 1.8387468
1.8004396 9.80665 1.9153614
1.7238252 9.730036 2.6048915
1.532289 9.844957 3.2944217
1.37906 9.921572 3.9839516
1.1109096 9.998186 4.596867
0.7278373 10.0748005 4.9799395
0.5363012 10.151416 5.363012
0.49799398 10.151416 5.401319
0.5363012 9.921573 4.9416323
0.68953013 9.308657 4.2137947
0.88106626 8.619126 3.217807
1.0726023 8.0445175 2.4899697
1.3407528 7.699753 2.1452048
1.6472106 8.00621 2.2984335
1.9153612 8.734048 3.1028852
2.030283 9.461885 3.7924156
1.8004396 9.883265 4.1754875
1.685518 9.423577 3.562572
1.7621324 9.078813 3.1794999
1.9919759 8.887277 2.6431987
2.2601266 8.963891 2.183512
2.4516628 9.078814 1.7621324
2.6431987 9.346964 1.4173675
2.7964277 9.730036 1.6472106
2.873042 10.189722 2.2218192
2.9496565 10.649409 3.1028852
2.873042 10.91756 3.9073372
2.681506 10.879252 4.367024
2.2984338 10.534487 4.55856
1.8387469 9.998186 4.2904096
1.4939818 9.5385 3.9456444
1.3790601 9.385271 3.4859576
1.6089034 9.576807 2.9496565
1.9919758 10.036494 2.6048913
2.2984338 10.457873 2.183512
2.4133554 10.840945 2.1068974
2.3750482 11.109096 2.4516625
2.1452048 11.147403 2.8347347
1.9153614 11.147403 3.371036
1.6472108 11.185711 3.9456444
1.532289 11.300632 4.3287168
1.5705963 11.453861 4.7500963
1.685518 11.683704 4.865018
1.7238252 11.798626 4.7500963
1.6472108 11.798626 4.4436383
1.5322891 11.87524 4.213795
1.4556746 12.105083 4.3287168
1.5705963 12.258313 4.4819455
1.7238252 12.334928 4.6351743
1.9153614 12.411542 4.596867
1.9919758 12.411542 4.3287168
2.030283 12.679692 4.2137947
2.0685902 12.98615 4.4436383
2.0685902 13.101071 4.8267107
1.9153614 13.024457 5.363012
1.6472108 12.5264635 5.746084
1.3024457 11.990162 5.707777
0.9959879 11.722012 5.401319
0.9576807 11.60709 4.9799395
1.0726023 11.722012 4.596867
1.0726023 11.798626 4.596867
0.9193734 11.645397 4.7500963
0.5746084 11.18571 4.97994
0.22984336 10.802638 5.1331687
0.15322891 10.726024 5.209783
0.4213795 10.91756 5.2480903
0.842759 11.33894 5.1331687
1.1109096 11.568783 4.7884035
1.0726023 11.453861 4.1754875
0.8044517 11.109097 3.562572
0.4596867 10.840946 3.2944214
0.22984336 10.802638 3.3327286
0.26815057 10.764331 3.715801
0.26815057 10.572794 4.1371803
0.26815057 10.189722 4.252102
0.26815057 9.691729 4.060566
0.30645782 9.2703495 3.4859576
0.49799395 9.155427 2.911349
0.7661445 9.040505 2.3367407
0.9576807 8.848969 1.877054
0.8810662 8.619126 1.6089034
0.61291564 8.312668 1.3790601
0.30645782 8.274361 1.3790601
0.076614454 8.159439 1.493982
0.038307227 8.121132 1.685518
0.11492168 8.197746 1.7621324
0.22984336 8.121132 1.685518
0.30645782 8.159439 1.6089036
0.344765 8.0445175 1.340753
0.26815057 7.8529816 0.9576807
0.0 7.6231384 0.49799392
-0.30645782 7.584831 0.61291564
-0.61291564 7.4699097 0.9959879
-0.9576807 7.31668 1.3407528
-1.1492169 7.0102224 1.4173675
-1.0726023 6.8569937 1.3407528
-0.7661445 6.933608 1.2641385
-0.30645782 7.163451 1.1109096
0.15322891 7.584831 0.9193735
0.49799395 7.967903 0.6512228
0.6512228 8.082825 0.2681506
0.5746084 8.0445175 0.19153613
0.30645782 7.967903 0.3830723
-0.07661444 7.929596 0.91937345
-0.53630114 8.00621 1.6472108
-0.95768064 8.00621 2.0685904
-1.3024457 7.8529816 2.2218192
-1.4173675 7.73806 1.7621324
-1.3024457 7.6614456 1.0726024
-0.9959879 7.6231384 0.49799395
-0.49799395 7.8146744 0.038307227
-0.07661445 7.929596 -0.15322891
0.30645782 8.0445175 -0.30645782
0.45968673 8.159439 -0.34476504
0.4213795 8.159439 -0.34476504
0.30645782 8.236053 -0.15322891
0.11492168 8.274361 0.076614454
0.0 8.121132 0.19153613
-0.15322891 7.929596 0.22984336
-0.2681506 7.776367 0.15322891
-0.3830723 7.6614456 0.11492168
-0.3830723 7.8146744 0.19153613
-0.2681506 8.0445175 0.38307226
-0.11492168 8.159439 0.5746084
0.038307227 8.274361 0.6129156
0.11492168 8.389282 0.49799395
0.22984335 8.619126 0.38307226
0.34476504 8.887277 0.30645782
0.38307226 9.155428 0.38307226
0.38307226 9.232042 0.45968673
0.22984336 9.078814 0.49799395
-0.076614454 8.772355 0.53630114
-0.30645782 8.389282 0.53630114
-0.45968673 8.236053 0.68953013
-0.30645782 8.542511 1.0342951
0.11492169 9.155427 1.187524
0.45968673 9.730036 1.2258313
0.7278373 10.0748005 1.1492168
0.6512228 9.921572 0.7661445
0.30645782 9.615114 0.5746084
-7.4505806E-9 9.346964 0.6895301
-0.30645782 9.2703495 0.842759
-0.5363012 9.385271 1.1875241
-0.5746084 9.500193 1.4939818
-0.5363012 9.615114 1.5322891
-0.38307226 9.691729 1.340753
-0.19153613 9.691729 1.0726024
-0.11492168 9.691729 0.6895301
-0.076614454 9.768343 0.38307226
-0.076614454 9.883265 0.38307226
-0.19153613 10.036493 0.61291564
-0.30645782 10.0748005 1.1492167
-0.34476507 10.036493 1.6089034
-0.4596867 9.80665 1.9536686
-0.4213795 9.500193 2.030283
-0.38307226 9.232042 1.8770542
-0.4213795 9.040505 1.9153614
-0.5746084 9.155427 1.9536686
-0.61291564 9.078813 2.1068974

