-0.6512228 8.963891 2.2218192
-0.5746084 8.695741 2.3750482
-0.45968673 8.542512 2.3750482
-0.4213795 8.389283 2.336741
-0.3830723 8.312668 2.1068976
-0.4213795 8.236053 1.9153614
0.0 8.504204 2.9496565
0.15322891 9.040506 2.4899697
0.80445176 9.500193 1.877054
0.9576807 9.385271 1.2258312
1.4173675 9.423578 0.8044517
1.6089035 9.576807 0.9193734
1.8004397 9.615114 0.9193734
1.9919758 9.5385 0.9959879
2.0685902 9.308657 1.0726024
2.0685902 9.002198 0.9576807
1.9919758 8.925584 0.88106626
1.8004396 8.963891 0.9576807
1.7621324 9.155427 1.1109096
1.7621324 9.232042 1.3024457
1.8004397 9.2703495 1.4556745
1.8004397 9.385271 1.4556745
1.8387469 9.5385 1.3407528
1.8387469 9.80665 1.2641385
1.9153614 10.036493 1.37906
1.9536686 10.0748005 1.4939818
2.1068974 9.998186 1.4173675
2.1835117 9.959879 0.95768064
2.2984335 10.036493 0.38307226
2.4133554 10.036493 -0.4213795
2.4133554 9.883265 -0.38307226
2.2601264 9.615114 -0.15322891
1.9153614 9.346964 0.076614454
1.838747 9.461885 -0.19153613
1.9536686 9.959879 -0.49799395
2.030283 10.457872 -0.7661445
1.8770542 10.91756 -0.80445176
1.532289 10.611102 -0.5363012
1.0726024 10.228029 -0.03830722
-0.07661446 10.113108 1.1109096
-0.57460845 10.189722 1.4939818
-0.7278373 10.228029 1.7238252
-0.68953013 10.151415 1.7621324
-0.34476504 9.80665 1.7621324
-0.076614454 9.730036 1.6089036
-0.076614454 9.730036 1.3790603
-0.22984335 9.768343 1.2258313
-0.61291564 9.921572 1.187524
-0.95768064 10.189722 1.340753
-1.0726023 10.534487 1.4556746
-1.0726023 10.840945 1.4939818
-0.95768064 10.764331 1.2258313
-0.95768064 10.266337 0.6512228
-1.1875241 9.500193 0.03830722
-1.532289 8.6574335 -0.57460845
-1.8770542 8.121132 -0.7278373
-1.7621324 8.350975 -0.34476507
-1.3407531 9.11712 0.22984332
-0.22984335 11.224017 1.2641385
0.11492168 11.798626 1.532289
0.15322891 11.836933 1.8770542
-0.11492168 11.262324 1.685518
-0.5746084 10.534488 1.4173675
-1.1492168 9.653421 1.1875241
-1.8770542 8.236053 1.1875241
-1.9536686 7.929596 1.4556746
-1.5705962 8.350975 1.9919758
-0.8810662 9.346963 2.2601264
-0.57460845 9.883265 2.2218192
-0.6512228 10.189723 2.1068974
-1.3024457 10.22803 1.8387469
-1.8004397 9.730036 1.7621324
-2.1452048 9.232041 1.4939818
-2.4899697 8.772355 1.0726023
-2.9879637 8.6574335 0.22984335
-2.9496565 8.963892 0.19153613
-2.719813 9.346964 0.4213795
-2.4133554 9.768343 0.7278373
-2.1068976 10.228029 0.9959879
-1.9919758 10.726024 1.1492169
-2.2218192 10.955867 1.2641385
-2.681506 10.994174 1.4939818
-3.4093432 10.534488 1.6472108
-4.1371803 9.768343 1.7238252
-5.056554 8.465897 1.3024457
-5.056554 7.929596 0.6512228
-4.711789 7.8912888 0.5363012
-4.2137947 8.772354 0.80445176
-4.1754875 9.653421 1.1875241
-4.405331 9.576807 1.2641385
-4.711789 8.887277 1.3024457
-4.4819455 8.350975 1.4173675
-3.6774938 8.350975 1.2258313
-3.1411927 8.504204 1.1109096
-2.719813 8.810662 1.0342952
-2.336741 9.155428 1.1109096
-1.9536686 9.653421 1.1109096
-1.8770542 9.615114 0.9576807
-1.8770542 9.385271 0.8810662
-1.9536686 9.002198 0.9576807
-2.030283 8.657433 1.0726024
-2.1068976 8.389282 1.1875241
-2.0685904 8.197746 1.3024458
-1.9153614 8.121132 1.3024458
-1.685518 8.00621 1.4173675
-1.4173675 7.8912888 1.4939818
-1.1492169 7.8146744 1.3790601
-0.9576807 7.776367 1.2258313
-0.7661446 7.73806 0.8810662
-0.5746084 7.699753 0.61291564
-0.49799395 7.6231384 0.49799395
-0.45968673 7.3932953 0.4213795
-0.49799395 7.163451 0.45968673
-0.5363012 6.895301 0.45968673
-0.5363012 6.5888433 0.4213795
-0.49799398 6.397307 0.49799395
-0.3830723 6.2440777 0.4596867
-0.30645782 6.2057705 0.4596867
-0.22984336 6.2057705 0.4596867
-0.15322891 6.3973064 0.38307226
-0.076614454 6.5888433 0.2681506
0.0 6.7803793 0.15322891
0.11492168 7.0102224 0.0
0.22984336 7.0485296 -0.15322891
0.26815057 7.086837 -0.19153613
0.26815057 7.125144 -0.076614454
0.076614454 7.0102224 0.11492168
0.0 6.9719152 0.26815057
0.038307227 7.125144 0.076614454
0.11492168 7.240066 0.0
0.076614454 7.4316025 -0.15322891
-0.038307227 7.584831 -0.22984335
-0.15322891 7.6231384 -0.15322891
-0.26815057 7.776367 -0.11492168
-0.30645782 7.8146744 -0.076614454
-0.30645782 7.967903 0.11492168
-0.30645782 8.197746 0.076614454
-0.30645782 8.389282 0.22984336
-0.26815057 8.734048 0.45968673
-0.22984336 9.040505 0.7661445
-0.344765 9.2703495 1.2641385
-0.4596867 9.461885 1.4556746
-0.5746084 9.500193 1.5705963
-0.6895301 9.576807 1.5705963
-0.61291564 9.653421 1.3790601
-0.49799395 9.730036 1.3790601
-0.49799395 9.959879 1.3024458
-0.5363012 9.998186 1.2258313
-0.6512228 10.113108 1.3024458
-0.7661445 10.266336 1.4556746
-0.6895301 11.070788 1.9919759
-0.49799395 11.530476 2.0685904
-0.38307226 12.028469 2.1835122
-0.4213795 12.334927 2.1835122
-0.5363012 12.220005 2.336741
-0.7661446 12.258312 2.528277
-0.99598795 12.143391 2.566584
-1.1875241 11.87524 2.3367407
-1.4173675 11.87524 2.183512
-1.685518 11.798626 2.3750482
-1.9919759 11.798626 2.528277
-2.2984338 11.87524 3.064578
-2.4516625 11.9135475 3.5242648
-2.4899697 11.990162 3.7541082
-2.375048 12.105083 3.6774938
-2.2218192 12.258312 3.4859576
-2.1452048 12.220005 2.9496565
-2.183512 12.143391 3.1028852
-2.183512 11.990162 3.1794996
-2.2601264 12.028469 3.1411924
-2.2984338 11.798626 3.0262709
-2.3750482 11.530476 2.7581205
-2.4516625 11.377247 2.6431985
-2.4133554 11.224018 2.6815062
-2.2218194 11.377247 2.7581205
-1.838747 11.9135475 2.7581205
-1.7238252 12.066776 2.7964277
-1.9919758 11.9135475 2.7198133
-2.183512 11.60709 2.7581205
-2.3750482 11.3006315 2.6048913
-2.4516625 11.032481 2.6815057
-2.375048 10.994174 2.7581203
-2.2984335 10.994174 2.873042
-2.183512 11.109096 3.1411927
-2.2218192 11.18571 3.1794999
-2.336741 11.070788 3.2944214
-2.4516625 10.91756 3.2561142
-2.528277 10.764331 3.1411924
-2.528277 10.611102 3.1028852
-2.4899697 10.6877165 3.064578
-2.4516625 10.764331 3.1028852
-2.4899697 10.840945 3.1028852
-2.528277 10.802638 3.064578
-2.6048915 10.649409 3.1411924
-2.681506 10.572795 3.1795
-2.7581205 10.496181 3.2944217
-2.873042 10.457873 3.3327289
-2.9496565 10.304644 3.2561142
-3.064578 10.0748005 3.1028852
-3.1794999 9.730036 2.719813
-3.3327289 9.346964 2.4516625
-3.4476504 9.002198 2.2218192
-3.4093432 8.925584 2.2984335
-3.2561145 9.155427 2.6431985
-2.9879637 9.653421 2.9496565
-2.7198133 10.189723 3.1794999
-2.566584 10.381259 2.9113493
-2.4516625 10.22803 2.4899697
-2.4899697 9.615114 1.8387469
-2.6431987 8.848969 1.2258313
-2.6431987 8.082825 0.9576807
-2.6048915 7.6231384 0.9193734
-2.3750482 7.6614456 1.187524
-2.0685904 8.082825 1.685518
-2.030283 8.734048 2.2984338
-2.1452048 9.155427 2.9113493
-2.3750482 9.346963 3.371036
-2.6431987 9.232041 3.6008792
-2.7581203 8.963891 3.5242648
-2.719813 8.848969 3.1795
-2.566584 8.925584 2.9496565
-2.3367407 9.2703495 2.7198133
-2.183512 9.730036 2.6048915
-2.183512 9.998186 2.6431987
-2.2601266 9.883265 2.987964
-2.6048915 9.4618845 3.2944217
-2.873042 9.040505 3.6391866
-3.0262709 8.6574335 3.9456444
-3.1411924 8.542512 3.7924156
-2.9496565 8.734048 3.7158012
-2.7581203 9.002198 3.4859576
-2.5665843 9.38527 3.2561145
-2.4133554 9.691729 3.3327289
-2.3750482 9.80665 3.4476504
-2.4899697 9.653421 3.7924154
-2.566584 9.346964 4.1754875
-2.528277 9.193735 4.405331
-2.2601264 9.040505 4.4819455
-1.7238253 8.963891 4.290409
-1.2258313 9.078813 4.060566
-0.842759 9.11712 3.8307228
-0.61291564 9.155427 3.7541082
-0.49799395 9.2703495 3.6391866
-0.3830723 9.308657 3.4476504
-0.30645782 9.308657 3.2944214
-0.22984335 9.2703495 3.2561142
-0.3064578 9.155428 3.6008792
-0.3830723 9.078813 4.098873
-0.3830723 9.040505 4.6351748
-0.34476507 9.040505 4.711789
-0.15322891 9.040505 4.4819455
0.038307227 8.925584 4.098873
0.0 8.772355 3.562572
-0.038307227 8.542512 3.5242648
-0.11492168 8.504205 3.6774938
-0.19153613 8.619126 3.9073372
-0.038307227 8.772355 4.1754875
0.11492168 9.040505 3.9839516
0.22984336 9.308656 3.6008792
0.42137948 9.576806 3.3327286
0.61291564 9.691729 3.2944214
0.61291564 9.768343 3.6008792
0.6895301 9.653421 4.0222588
0.61291564 9.385271 4.3287168
0.5746084 9.308657 4.405331
0.61291564 9.2703495 4.213795
0.7278373 9.2703495 3.7541084
0.7661445 9.2703495 2.9496565
0.7661445 9.232042 2.4133554
0.842759 9.385271 2.183512
0.842759 9.615114 2.4133554
0.8810662 9.883265 3.1028855
0.842759 10.036493 3.6008794
0.80445176 9.921572 4.0222588
0.80445176 9.653421 4.1754875
0.84275895 9.5385 3.9839516
1.0726023 9.5385 3.562572
1.3024457 9.615114 3.1028855
1.532289 9.768343 2.6048915
1.877054 10.0748005 2.566584
1.9153614 10.381258 3.026271
1.8770541 10.457872 3.1794999
1.6472107 10.419565 3.217807
1.3790603 10.036493 3.217807
1.2641385 9.615114 3.0262706
1.1492169 9.423578 3.1794996
1.0726024 9.346964 3.7541082
0.842759 9.155428 4.098873
0.5746084 8.963892 4.2904096
0.3064578 8.772355 4.213795
0.11492168 8.542512 3.9456444
0.076614454 8.504205 3.7541084
0.076614454 8.504205 3.5242648
0.22984336 8.619126 3.3710358
0.42137948 8.848969 3.3327286
0.7278373 9.232041 3.371036
1.1109096 9.80665 3.4476504
1.3790601 10.22803 3.4859576
1.6089036 10.572795 3.1411927
1.6472108 10.611102 2.719813
1.6089036 10.381258 2.2984335
1.5322891 10.113108 2.1452045
1.3024457 9.730036 2.183512
1.0726024 9.385271 2.1452045
0.9193734 9.2703495 2.336741
0.9193734 9.461885 2.4899697
1.1109096 9.883265 2.873042
1.340753 10.419566 3.1794999
1.340753 10.534488 3.1411927
1.1109096 10.266336 2.834735
0.7661445 9.653421 2.2984338
0.49799395 9.078814 1.7621324
0.4213795 8.84897 1.6472108
0.49799395 8.810662 1.838747
0.7661446 9.38527 2.336741
1.0342951 10.113108 2.834735
1.1875241 10.649409 2.7964275
1.2641385 10.955868 2.528277
1.3024457 10.994175 2.030283
1.4939818 10.91756 1.6855179
1.9153613 11.109096 1.6855179
2.566584 11.87524 2.1835117
3.1028855 12.756308 2.834735
3.2944217 13.599066 3.6008792
3.1411927 14.097059 4.2521024
2.719813 13.982138 4.4819455
2.3367407 13.445836 4.596867
2.030283 12.794614 4.5202527
1.9153614 12.334927 4.5202527
1.9153614 12.220005 4.405331
1.9153614 12.488156 4.252102
1.9919758 12.909535 4.0222588
2.1068974 13.2543 3.7924154
2.221819 13.484144 3.9073372
2.336741 13.560759 4.1371803
2.4133554 13.484144 4.673482
2.4133554 13.40753 5.0182467
2.4133554 13.139379 5.056554
2.336741 12.641385 4.865018
2.1835117 12.258312 4.5202527
2.1452045 11.760319 4.3287163
2.030283 11.530476 4.2137947
2.030283 11.453861 4.1371803
2.1068976 11.33894 3.9839516
2.0685902 11.262325 3.715801
2.0685902 10.879253 3.3327289
2.030283 10.457872 2.9113493
1.9919758 10.151415 2.5282772
2.030283 10.036493 2.3750482
1.9919758 10.151416 2.4899697
1.838747 10.151416 2.873042
1.532289 9.921573 3.5625722
1.2641385 9.576807 4.405331
1.187524 9.308657 5.056554
1.2641385 9.193735 5.094861
1.532289 9.155428 4.4436383
1.7238252 9.117121 3.371036
1.6472108 9.002198 2.528277
1.3790603 8.848969 2.4133554
0.9959879 8.619125 2.8730419
0.5363012 8.389282 3.6391864
0.34476504 8.197746 4.252102
0.45968676 8.159439 4.4819455
0.7278373 8.389282 4.2137947
1.0342951 8.6574335 3.6391866
1.3024457 8.963892 2.9879637
1.4556745 9.117121 2.528277
1.5705963 8.963892 2.2601264
1.6855179 8.6574335 2.030283
1.532289 8.197746 1.9919758
1.1492168 7.776367 1.8387469
0.6512229 7.4699097 2.030283
0.2681506 7.201759 2.4133554
0.19153613 7.0485296 2.528277
0.38307226 6.7803793 2.4133554
0.7661445 6.5888433 1.8387469
1.0726023 6.550536 1.0726024
1.2258313 6.5888433 0.45968673
1.1875241 6.6271505 0.2681506
0.8810662 6.3973064 0.45968673
0.5746084 6.090849 0.8810662
0.3064578 5.899313 1.4939818
0.42137948 5.9759274 1.9536686
0.7278373 6.167464 1.9536686
0.91937345 6.205771 1.2258313
1.0726023 6.052542 0.19153613
0.9959879 5.93762 -0.5363012
0.80445176 5.9759274 -0.57460845
0.5746084 6.0908494 0.07661444
0.30645782 6.1291566 0.9576807
0.114921674 6.1291566 1.7238253
0.19153614 6.205771 2.1068976
0.38307226 6.397307 2.1452048
0.5746084 6.588843 1.8004397
0.5746084 6.6654572 1.0726024
0.30645782 6.6654572 0.45968673
0.11492168 6.8186865 0.2681506
0.0 7.010223 0.45968673
0.038307227 7.393295 0.84275895
0.19153613 7.929596 1.1492168
0.38307226 8.465897 1.3024457
0.61291564 9.040505 1.4556746
0.6895301 9.232042 1.4939818
0.6895301 9.2703495 1.340753
0.61291564 9.232042 1.2641385
0.49799398 9.11712 0.99598783
0.45968673 9.193734 0.72783726
0.45968673 9.308657 0.61291564
0.49799395 9.500193 0.5746084
0.5746084 9.768343 0.7278373
0.6512228 10.036493 1.0726024
0.72783726 10.189722 1.5322891
0.6895301 10.113108 1.9153614
0.5746084 9.998186 2.183512
0.4213795 9.959879 2.3750482
0.38307226 10.151415 2.4133554
0.4213795 10.457872 2.2601266
0.45968673 10.649409 1.9919759
0.5363012 10.726024 1.7238252
0.49799395 10.572795 1.5705963
0.4213795 10.304644 1.5705963
0.34476504 10.0748005 1.685518
0.34476504 9.80665 1.9536686
0.22984335 9.653421 2.1452048
0.19153613 9.653421 2.1452048
0.22984336 9.615114 2.0685902

