0.26815057 9.615114 1.8770541
0.4213795 9.461885 1.7238252
0.0 9.768343 2.4516625
1.2258313 9.730036 2.2601266
2.183512 9.883265 2.336741
2.9879637 9.998186 2.3750482
3.4859576 9.998186 2.4516625
3.2944214 9.998186 2.4899697
3.1411927 9.844957 2.3367407
2.9879637 9.730036 2.0685902
2.7581203 9.653421 1.6472108
2.528277 9.5385 1.340753
1.9536686 9.461885 0.9193735
1.8770541 9.576807 0.9576807
1.9919758 9.844957 1.1109096
2.1452045 10.113108 0.9193735
2.1452045 10.228029 0.7661446
2.030283 10.151415 0.6895301
1.532289 9.768343 1.2258313
1.1109096 9.576807 1.3024457
0.49799395 9.270349 1.1875241
0.15322891 9.308657 1.1875241
0.19153613 9.385271 1.1875241
0.2681506 9.308657 0.9959879
0.7278373 9.691729 0.34476504
0.842759 9.959879 -0.19153613
0.7661446 9.998186 -0.30645782
0.38307232 9.5385 -0.11492169
-0.19153613 8.848969 0.03830722
-0.7661445 8.159439 0.38307226
-0.842759 8.00621 0.22984335
-0.45968676 8.734048 0.11492168
-0.03830722 9.615114 0.038307227
0.26815057 10.189722 0.19153613
0.07661445 10.266336 0.6129156
-0.30645782 9.806649 0.72783726
-0.5746084 9.423577 0.72783726
-0.53630114 9.346963 0.45968673
-0.15322891 9.500193 0.0
0.19153613 9.691729 -0.30645782
0.49799395 9.959879 -0.2681506
0.34476504 10.228029 0.19153613
0.15322891 10.6877165 0.7278373
-0.2681506 11.109096 1.2258313
-0.5363012 10.649409 0.7661445
-1.0342951 9.80665 0.19153613
-1.7238252 8.887277 -0.30645782
-2.2601264 8.159439 -0.34476504
-2.4899697 8.427589 0.49799395
-2.183512 9.2703495 1.0342951
-1.9536686 10.113108 1.4556746
-2.1068976 10.649408 1.6472108
-3.0262709 10.572795 1.1492168
-3.6008792 10.151416 0.8044518
-3.86903 9.730036 0.45968676
-3.9839516 9.38527 0.03830725
-3.8307228 9.270349 -0.30645782
-3.5242648 9.346963 -0.38307226
-3.1028855 9.691729 0.07661447
-2.413355 10.534488 1.7238252
-2.2984335 10.840945 2.2218192
-2.2984335 10.802638 2.2218192
-2.3367407 10.572794 1.8004397
-2.413355 10.036493 0.9576807
-2.4899697 9.385271 0.11492169
-2.6048913 8.887277 -0.53630114
-2.6048913 8.465897 -0.6895301
-2.4899697 8.274361 -0.26815057
-2.2984335 8.312668 0.30645782
-1.9919758 8.389282 0.91937345
-1.7238252 8.504204 1.1875241
-1.4173675 8.580819 1.0726024
-1.1492169 8.6574335 1.0342951
-1.0342951 8.695741 0.842759
-0.9576807 8.619126 0.7278373
-0.9959879 8.465897 0.7278373
-0.9959879 8.159439 0.8044517
-0.9959879 7.8529816 0.9576807
-0.9959879 7.584831 1.2258313
-0.8810662 7.3932953 1.4556746
-0.7278373 7.2783732 1.4556746
-0.45968673 7.201759 1.3790603
-0.30645782 7.125144 1.2258313
-0.19153613 7.0102224 1.187524
-0.11492168 6.933608 1.1109096
-0.11492168 6.895301 0.9959879
-0.076614454 6.818686 0.7661446
-0.11492168 6.780379 0.30645782
-0.19153613 6.588843 -0.11492168
-0.30645782 6.2440777 -0.34476504
-0.34476507 6.090849 -0.42137948
-0.26815057 6.090849 -0.2681506
-0.15322891 6.244078 -0.11492168
0.0 6.6271505 -0.038307227
0.11492168 6.8186865 0.076614454
0.15322891 6.8569937 0.0
0.076614454 6.742072 -0.076614454
-0.11492168 6.3973074 -0.038307227
-0.34476504 6.205771 0.11492168
-0.53630114 6.1291566 0.38307226
-0.5746084 6.3206925 0.8044518
-0.4213795 6.703765 1.0726024
-0.15322891 7.1634517 0.9959879
0.30645782 7.584831 0.49799395
0.4213795 7.584831 0.11492168
0.49799395 7.6614456 0.11492168
0.61291564 7.929596 0.30645782
0.7278373 8.580819 0.8044518
0.9193734 9.500193 1.2641385
1.1875241 10.22803 1.4173675
1.4556746 11.070789 1.1875241
1.3790603 10.840945 0.91937345
0.9576807 10.534487 0.8810662
0.4213795 9.998186 0.7278373
-0.49799395 9.385271 0.7278373
-0.5363012 9.461885 0.49799395
-0.26815057 9.959879 0.34476504
0.11492168 10.76433 0.30645782
0.4213795 12.258312 0.91937345
-0.42137945 12.258312 2.183512
-1.187524 11.87524 2.528277
-1.7621324 11.568783 2.7581203
-2.183512 11.568783 2.9496565
-2.3750482 11.760319 2.9879637
-2.1835122 12.028469 3.1794999
-1.991976 12.258312 3.2561142
-1.6089036 12.641385 3.026271
-1.4556746 12.947843 2.9879637
-1.2641385 13.254301 2.9496565
-1.0726024 13.369223 3.0262709
-0.9959879 13.369223 2.9879637
-0.9959879 13.1393795 2.834735
-0.9959879 12.871228 2.834735
-0.8810662 12.794614 2.873042
-0.842759 12.909535 2.9113493
-0.8810662 12.909535 2.834735
-1.0342951 12.641384 2.834735
-1.2258313 12.526463 3.026271
-1.4173675 12.296619 3.4093435
-1.685518 12.105083 3.9456446
-1.8770542 11.990162 4.4053316
-2.030283 11.836933 4.5968676
-2.1068976 11.568783 4.0988736
-2.030283 11.415554 3.6391869
-1.9919758 11.262324 3.1795
-1.9919758 10.994174 2.9879637
-2.1452045 10.49618 3.2178073
-2.2601264 10.266336 3.6391864
-2.2984335 10.342951 3.9839516
-2.2601264 10.534488 4.290409
-2.183512 10.840945 4.3287163
-2.0685902 11.032482 4.252102
-2.030283 10.994175 3.9839516
-2.1452045 10.802639 3.6391866
-2.2984338 10.457872 3.4859576
-2.4516625 10.228029 3.2561142
-2.566584 10.036493 3.217807
-2.681506 9.883265 3.217807
-2.7964277 9.691729 3.2944214
-2.873042 9.5385 3.5242648
-2.873042 9.615114 3.6391869
-2.681506 9.921572 3.5242648
-2.4899697 10.266336 3.1795
-2.3750482 10.534487 2.873042
-2.3750482 10.6877165 2.6048913
-2.7581203 10.572795 2.4899697
-3.4476507 10.074801 2.4899697
-4.3287168 9.2703495 2.719813
-5.2863975 8.350976 2.9879637
-5.899313 7.6614456 3.1411924
-5.9759274 7.508217 3.371036
-5.3247046 8.082825 3.5242648
-3.3710363 10.189722 3.4476504
-2.4133554 11.070788 3.064578
-1.9153614 11.377247 2.3750482
-1.7238252 11.224018 1.7621324
-1.8387469 10.572794 1.4556746
-2.4133554 9.500193 1.4556746
-3.1411927 8.389282 1.9153614
-3.7924156 7.469909 2.4516625
-4.098873 6.780379 2.9879637
-3.3327289 7.0485296 3.8307226
-1.5705962 8.542511 3.4476504
-0.7278373 9.346963 2.8347347
-0.15322891 9.691729 2.2984335
0.2681506 9.768343 1.9536686
0.5363012 9.461885 2.030283
0.5746084 9.002198 2.5282772
0.4213795 8.504205 3.2178073
0.15322891 8.121132 3.7924156
-0.34476504 7.73806 4.252102
-0.8810663 7.584831 4.4819455
-1.1875241 7.73806 4.6351748
-1.0726024 8.00621 4.7500963
-0.6512229 8.695741 4.7500963
0.11492168 9.38527 4.55856
0.7661445 9.921572 3.9456444
1.0342951 10.151415 3.2944214
1.0342951 9.80665 2.6048915
0.7661446 9.232042 2.4133554
0.45968673 8.925583 2.834735
0.22984336 8.925583 3.6391869
0.15322891 9.308657 4.4819455
0.26815057 9.921572 4.7884035
0.5746084 10.304644 4.5585604
0.8810662 10.457872 3.8307228
1.0342951 10.381258 2.9113493
1.0726023 9.959879 2.2984335
0.9959879 9.461885 2.1068974
0.91937345 9.11712 2.4899697
0.91937345 9.078813 3.4093432
0.88106626 9.270349 4.252102
0.8044518 9.5385 4.865018
0.7278373 9.615114 4.903325
0.6512228 9.232041 4.2904096
0.6512228 8.580819 3.4093432
0.7661445 7.8912888 2.528277
1.0342951 7.508217 1.9153613
1.4556746 7.73806 1.9536685
2.4133554 9.423578 3.0262709
2.873042 10.304645 3.8307226
3.0262709 10.611102 4.0222588
2.9879637 10.419566 3.7541082
2.7581205 9.80665 3.2561142
2.4133554 9.155427 2.6431985
2.2984335 8.734048 2.4516625
2.375048 8.580819 2.566584
2.528277 8.772355 2.7198129
2.7964275 9.232042 2.9879637
3.0262709 9.844957 3.1794996
3.1411927 10.457873 3.3327289
3.1794999 10.6877165 3.2561145
3.1028855 10.49618 2.9879637
2.873042 9.921572 2.7964275
2.566584 9.2703495 2.6431985
2.2218192 8.695741 2.6815057
1.8387469 8.312668 2.7964275
1.7238252 8.389282 2.7581203
1.8004396 8.848969 2.873042
2.0685902 9.615114 2.9496565
2.2601264 10.304645 3.0262709
2.183512 10.534488 3.0262709
1.9536686 10.266337 2.7964275
1.6089034 9.730036 2.566584
1.4173673 9.270349 2.4133554
1.3790601 9.155427 2.2984338
1.4173673 9.308656 2.221819
1.4939818 9.730036 2.336741
1.6089035 10.457873 2.681506
1.6472108 11.147403 3.1411927
1.6089035 11.798626 3.6774938
1.532289 12.105083 3.7924154
1.4556745 12.066776 3.4476504
1.4939818 11.990162 2.9113493
1.6855179 11.951855 2.336741
1.8770541 11.990162 1.8770541
1.8770541 12.143391 1.6472108
1.6089035 12.143391 1.838747
1.340753 12.296619 2.2218192
1.2641385 12.56477 2.7964277
1.5705965 13.177686 3.3327289
1.9919758 14.250288 3.9839516
2.4516625 15.093047 4.5968676
2.6048913 15.552734 4.9416323
2.2601264 15.399506 5.056554
1.7621324 14.5567465 4.8267107
1.2641385 13.828909 4.481946
1.0726023 13.3309145 4.443639
1.3790601 13.2543 4.5585604
1.8004397 13.445836 5.056554
2.1068974 13.560758 5.516241
2.030283 13.637373 5.7843914
1.6089034 13.292608 5.861006
1.1875241 12.794615 5.592855
0.9959879 12.411541 5.363012
0.91937345 12.105083 4.9416323
0.842759 11.9135475 4.405331
0.7278373 11.683704 3.86903
0.5746084 11.415554 3.4476504
0.6512228 10.955868 3.4476504
0.88106626 10.457872 3.7541082
1.0726023 10.266336 4.2137947
1.1492169 10.304644 4.865018
0.9576807 10.304644 5.209783
0.68953013 10.304644 5.171476
0.49799395 9.959879 4.903325
0.34476504 9.346964 4.2904096
0.30645782 9.040505 3.8307228
0.344765 8.734048 3.4859576
0.344765 8.542511 3.2944217
0.30645782 8.350975 3.2561142
0.26815057 8.0445175 3.2178068
0.22984335 7.6614456 3.1028852
0.15322891 7.240066 2.834735
0.22984335 6.933608 2.6048913
0.4213795 6.742072 2.336741
0.61291564 6.9719152 2.1452045
1.0342952 7.4699087 1.8770541
1.3407531 7.8912888 1.6472107
1.4173675 8.236053 1.532289
1.3407528 8.312668 1.9536686
1.0342951 8.159439 2.8730419
0.7278373 7.776367 3.6391864
0.57460845 7.240066 3.9456441
0.6512229 6.6654572 3.562572
0.842759 6.205771 2.7581203
1.0726024 6.090849 2.030283
1.1109097 6.0142345 1.4939818
0.95768064 6.090849 1.3407528
0.7661445 6.2823853 1.3790601
0.53630114 6.3206925 1.1875241
0.49799395 6.6654577 0.9959879
0.6512229 7.04853 0.7661445
0.8044518 7.201759 0.4596867
0.9193735 7.2783737 0.26815057
0.99598795 6.9336085 0.19153613
0.99598795 6.5505357 0.15322891
0.91937345 6.3589997 0.26815057
0.80445176 6.397307 0.53630114
0.6512228 6.703765 0.84275895
0.4213795 7.0102224 0.88106626
0.19153613 7.201759 0.88106626
0.11492168 7.2783732 0.95768064
0.038307227 7.2783732 1.1109096
0.038307227 7.1634517 1.3024458
0.19153613 7.04853 1.3024458
0.38307226 7.0102224 1.2258313
0.6512228 7.086837 0.9193734
0.7661445 7.3549876 0.61291564
0.7661445 7.6614456 0.3830723
0.57460845 7.967903 0.34476504
0.19153613 8.274361 0.53630114
-0.11492168 8.350975 0.8810662
-0.34476507 8.389282 1.1492168
-0.4213795 8.465897 1.1109096
-0.22984336 8.465897 1.0726023
0.038307227 8.734048 1.0342951
0.30645782 9.078813 1.3024457
0.49799395 9.346964 1.5705962
0.49799395 9.576807 1.8004396
0.4213795 9.653421 1.9536686
0.34476507 9.576807 1.8004396
0.22984336 9.5385 1.6472108
0.19153613 9.5385 1.340753
0.15322891 9.576807 1.187524
0.038307227 9.691729 1.187524
-0.11492168 9.691729 1.2258313
-0.30645782 9.730036 1.3024457
-0.4213795 9.80665 1.5705962
-0.4213795 9.959879 1.8770542
-0.34476504 10.0748005 2.2218192

