-0.19153613 10.036493 2.4516625
-0.11492168 9.921572 1.7621324
0.7278373 9.998186 1.7621324
1.532289 9.998186 1.8004396
2.2984338 10.036493 1.9536686
3.1411924 10.304644 1.9536686
3.1794996 10.534488 1.7621325
3.2944217 10.802638 1.6089035
3.3327289 10.840945 1.4556746
3.0262709 10.764331 1.4556746
2.1068976 10.419566 1.4173673
1.8004396 10.266337 1.2258313
1.8770542 10.342952 0.842759
2.030283 10.649409 0.42137948
1.8004396 10.649409 0.61291564
0.9959879 10.0748005 1.4173675
0.57460845 9.500193 1.4556746
0.45968673 9.500193 1.1492169
0.2681506 9.730036 0.5746084
0.19153613 9.883265 0.7661445
0.2681506 9.730036 0.9576807
0.2681506 9.500193 0.9576807
0.15322891 9.423578 0.80445176
0.0 9.5385 0.49799395
-0.15322891 9.615114 0.34476504
-0.38307226 9.423578 0.34476504
-0.38307226 9.308656 0.45968673
-0.30645782 9.270349 0.49799395
-0.076614454 9.500193 0.4213795
-0.038307227 9.768343 0.4213795
0.038307227 10.0748005 0.19153613
0.26815057 9.80665 -0.42137948
0.22984336 9.38527 -1.2641385
-0.19153613 9.38527 -0.6512228
-0.7661445 9.653421 0.53630114
-1.2641385 9.844957 1.7238252
-1.4556745 9.998186 2.336741
-1.1875241 9.883265 1.340753
-1.0726023 9.615114 0.4213795
-0.95768064 9.117121 -0.9576807
-1.0342951 9.232042 -1.2258313
-1.1492168 9.423578 -0.9193734
-1.2641385 9.576807 -0.22984335
-1.2641385 9.998186 0.9959879
-0.7661445 10.304644 0.91937345
0.45968676 10.802638 -0.38307226
0.7661445 10.419565 -2.1068974
0.49799395 10.036493 -2.6048915
-0.49799395 9.078813 -2.2218192
-0.9959879 8.848969 -1.3790603
-1.3024457 8.925584 -0.5363012
-1.1875241 9.385271 0.076614425
-0.6512229 10.151416 0.19153613
-0.7278373 9.959879 -0.4596867
-1.2258313 9.385271 -0.842759
-2.1452048 8.542511 -1.0342951
-2.4133554 8.427589 -0.8810662
-2.4899697 8.69574 -0.3830722
-2.719813 9.346963 1.2641385
-2.873042 9.461885 2.2218192
-2.9496565 9.500193 2.6048913
-2.9879637 9.5385 2.2984338
-2.8730419 9.5385 1.532289
-2.5282772 9.80665 -0.22984336
-2.873042 9.653421 0.22984336
-3.2944217 9.193735 0.80445176
-3.677494 8.350975 1.4939818
-3.371036 8.274361 1.3024457
-2.873042 8.580819 0.80445176
-2.3750482 9.2703495 0.07661444
-1.9536686 10.381259 -0.6512228
-2.2218192 10.534488 -0.49799395
-2.719813 10.228029 0.0
-3.2944217 9.461885 0.80445176
-3.3327289 8.925584 1.1492168
-3.026271 8.772355 1.4556746
-2.336741 9.040505 1.4556746
-1.3407531 9.883265 0.9959879
-0.7278373 10.572795 0.7661445
-0.38307226 10.879253 0.53630114
-0.2681506 10.802639 0.53630114
-0.34476504 10.457872 0.68953013
-0.61291564 9.883265 0.80445176
-1.2641385 8.925584 0.9959879
-1.5705963 8.772355 1.2258313
-1.6472108 8.848969 1.7621324
-1.5322891 9.232042 2.375048
-1.340753 9.768343 2.719813
-1.1492168 9.959879 2.6431987
-1.1492168 9.959879 2.0685904
-1.4556746 9.040505 1.340753
-2.0685902 6.895301 0.7661445
-2.030283 6.129156 1.1875241
-1.4173675 6.5888433 2.2601266
-0.95768064 7.0102224 2.2984338
-0.5746084 7.3166804 1.9153614
-0.15322891 7.393295 1.2641385
0.19153613 7.31668 0.61291564
0.45968673 7.0485296 0.076614454
0.61291564 6.703765 -0.34476504
0.7278373 6.3973064 -0.38307226
0.7661445 6.282385 -0.30645782
0.80445176 6.282385 -0.15322891
0.84275895 6.3589997 0.076614454
0.80445176 6.397307 0.0
0.7278373 6.2823853 -0.076614454
0.49799395 6.129156 -0.2681506
0.22984336 5.8226986 -0.45968673
0.0 5.66947 -0.38307226
-0.15322891 5.7843914 -0.4213795
-0.15322891 6.0525417 -0.34476507
-0.076614454 6.5122285 -0.19153613
0.076614454 6.895301 -0.22984336
0.19153613 7.0102224 -0.15322891
0.19153613 7.086837 0.076614454
0.076614454 7.2400665 0.26815057
-0.076614454 7.3932953 0.61291564
-0.19153613 7.546524 0.8810662
-0.15322891 7.776367 0.9959879
0.0 8.00621 0.9576807
0.30645782 8.197746 0.7278373
0.6895301 8.580818 0.45968673
1.0726024 8.848969 0.15322891
1.4939818 9.040505 -0.11492168
1.685518 9.193734 -0.34476504
1.685518 9.2703495 -0.4213795
1.493982 9.423578 -0.19153613
1.1109096 9.615114 0.34476507
0.6895301 9.80665 1.0726024
0.30645782 9.921572 1.8004398
-0.22984335 10.036493 2.5282772
-0.1532289 10.534488 2.4899697
0.076614454 10.840945 2.3367407
0.11492168 11.415554 2.2218192
0.0 11.798626 2.4516625
-0.038307227 12.334928 3.1028852
-0.038307227 12.947843 3.7541082
0.15322891 13.484143 4.175488
0.22984335 13.790602 4.1371803
0.076614454 13.637373 3.715801
-0.2681506 13.062765 3.026271
-0.80445176 12.143391 2.4133554
-1.340753 11.377247 2.1452048
-1.7621325 10.879253 2.1068974
-1.9919758 10.879253 2.4133554
-2.030283 11.262325 2.873042
-1.9536686 11.60709 3.3327289
-1.838747 11.9135475 3.6008794
-1.685518 11.990162 3.6774938
-1.4939818 11.951855 3.4859576
-1.37906 11.9135475 3.1411924
-1.2258313 11.683704 2.7581205
-1.1109096 11.377246 2.4516625
-1.0342951 11.18571 2.336741
-0.9959879 11.032481 2.3750482
-0.8810662 11.147404 2.528277
-0.7661445 11.492168 2.834735
-0.68953013 11.87524 2.987964
-0.5363012 12.258312 3.0645783
-0.5363012 12.526463 3.0645783
-0.5746084 12.56477 3.1028855
-0.68953013 12.411541 3.1794999
-0.9193735 12.105083 3.1794999
-1.0726024 11.836933 3.1411927
-1.2258313 11.683704 2.9496565
-1.3024458 11.760319 2.8730419
-1.3790603 12.028469 3.064578
-1.5705962 12.296619 3.2561142
-1.8387468 12.603078 3.6391866
-2.1452048 12.641385 3.86903
-2.4133554 12.564771 3.9839516
-2.6431987 12.373234 4.1371803
-2.873042 12.028469 4.1371803
-3.0645783 11.722012 4.290409
-3.2561145 11.377247 4.290409
-3.4476504 11.224018 4.290409
-3.6008797 11.070789 4.098873
-3.7158012 10.994175 3.7158008
-3.7924156 10.879253 3.2944212
-3.9073372 10.496181 2.834735
-4.1754875 9.921572 2.6815057
-4.3287163 9.844957 2.9879637
-4.405331 10.036493 3.371036
-4.4436383 10.151415 3.7924156
-4.405331 10.151415 3.86903
-4.252102 9.691729 3.4476504
-4.060566 9.193734 2.7964277
-3.7541084 8.8489685 2.336741
-3.4093432 8.734047 2.030283
-3.1411927 9.040506 2.1452048
-2.9113493 9.500193 2.4133554
-2.7964275 9.730036 2.6431985
-2.6431985 9.691729 2.911349
-2.528277 9.385271 3.064578
-2.2984335 8.963891 2.9879637
-1.877054 8.619125 2.7964275
-1.4556745 8.389282 2.3750482
-0.9959879 8.427589 1.7621324
-0.6512228 8.580818 1.4939817
-0.61291564 8.695741 1.4173673
-0.842759 8.6574335 1.7621324
-1.2258313 8.389282 2.2984338
-1.6472107 8.0445175 2.6048915
-1.8387469 7.73806 2.6048915
-1.7621324 7.6614456 2.2984338
-1.4939818 7.8146744 1.9536686
-1.1875241 8.236053 1.8770542
-0.9959879 8.695741 2.030283
-0.9959879 9.155428 2.2984335
-1.1109096 9.385271 2.5665843
-1.3024457 9.2703495 2.5282772
-1.532289 9.040506 2.4133554
-1.7238252 8.6574335 2.2984335
-1.9536686 8.197746 1.7238252
-2.030283 7.967903 1.0726024
-1.9536685 7.929596 0.6895301
-1.7238251 8.389282 0.91937345
-1.4556746 9.117121 2.2601264
-1.3407528 9.959879 4.0222588
-1.3024457 10.534487 5.363012
-1.3790601 10.534487 5.7077765
-1.3790601 10.266336 5.133168
-1.340753 9.691729 3.86903
-1.3024457 9.078814 2.4899697
-1.1492168 8.810662 1.3024458
-0.7661445 9.11712 0.84275895
-0.15322888 9.959879 1.340753
0.57460845 11.032481 2.4133554
1.0726024 11.798626 3.7924156
0.9576807 11.683704 4.711789
0.3830723 10.6877165 4.903325
-0.49799395 9.385271 4.5585604
-1.2258313 7.967903 3.7924156
-1.4556746 6.9719152 2.873042
-1.3024457 6.5505357 2.030283
-0.68953013 6.7420716 1.685518
0.15322891 7.661445 1.7621324
1.1109095 9.002198 2.4516625
1.9919758 10.266336 3.1794999
2.5282772 11.070789 3.5625722
2.5665843 10.917561 3.4476504
2.1068976 10.036493 2.7964277
1.4939818 8.848969 2.183512
0.8810662 7.699753 1.6472108
0.57460845 7.086837 1.532289
0.7278373 7.0102224 1.6472108
1.3024457 7.5848303 2.2218192
2.2218192 8.887277 3.1028855
3.1794996 10.49618 3.86903
3.8307228 11.60709 4.2904096
3.9073372 11.990162 3.9839518
3.4093432 11.262325 3.1028855
2.7581203 9.959879 2.2984338
2.183512 8.810662 1.8770542
1.8387469 7.967903 1.9536686
1.7621324 7.699753 2.2984338
1.8004396 7.776367 2.7581205
2.030283 8.465898 3.371036
2.3750482 9.38527 3.8307228
2.681506 10.228029 4.213795
2.834735 10.649408 4.2904096
2.7581203 10.457872 3.7924156
2.5665843 9.998186 3.2944217
2.4133554 9.423578 2.9113493
2.3367407 9.155427 2.528277
2.2984335 9.155427 2.2984335
2.2984335 9.193734 2.1068974
2.2601264 9.423578 1.9536686
2.183512 9.615114 2.030283
2.183512 9.768343 2.2601266
2.1452048 9.959879 2.4899697
2.1068974 9.844957 2.6048913
2.0685902 9.691729 2.566584
1.9536686 9.653421 2.4899697
1.9153614 9.80665 2.4133554
1.838747 10.266336 2.4516625
1.7621325 10.726024 2.5282772
1.7238252 11.032481 2.6431987
1.7238252 11.262325 2.834735
1.8387469 11.032482 2.834735
1.8770542 10.764331 2.6815057
1.8387469 10.342952 2.2984338
1.7238252 10.151415 2.0685902
1.5705963 10.534488 2.1452048
1.6089035 11.224017 2.3750482
1.9153614 12.143392 2.681506
2.4133554 12.986151 2.9113493
2.9113493 13.445837 2.9113493
3.2944217 13.67568 2.9113493
3.371036 13.67568 2.7964277
3.1028852 13.52245 2.7964277
2.566584 13.292607 2.7964277
1.9919758 13.177686 3.3327289
1.532289 13.292608 4.865018
1.8004397 13.828909 5.861006
2.1068974 14.058752 6.282386
2.2984335 14.097059 6.512229
2.3367407 13.982138 6.090849
2.375048 13.867216 5.66947
2.6048913 14.097059 5.3630114
2.8347347 14.36521 5.286397
3.0262709 14.403517 5.363012
2.9496565 13.905523 5.401319
2.6048913 12.986151 5.4779334
2.336741 12.028469 5.3247046
2.0685902 11.070789 5.0182467
2.030283 10.611103 4.5202527
2.1452048 10.381258 3.9456444
2.336741 10.304644 3.4093432
2.5282772 10.304644 3.1028855
2.5665843 10.151415 3.217807
2.3750482 9.80665 3.3327289
1.9919758 9.461885 3.4093432
1.532289 9.002198 3.3327289
1.0342951 8.542511 2.9496565
0.7278373 8.274361 2.6431987
0.61291564 8.0445175 2.48997
0.68953013 8.0445175 2.2984338
0.8044517 7.929596 2.2984338
0.842759 7.8529816 2.2601264
0.7661445 7.776367 2.183512
0.5363012 7.584831 2.336741
0.2681506 7.3549876 2.3750482
0.11492168 7.1634517 2.2984338
0.0 7.1251445 2.183512
0.038307227 7.2783732 1.9536686
0.19153613 7.6614456 1.6472107
0.26815057 8.0445175 1.4173675
0.30645782 8.197746 1.3790603
0.22984335 8.274361 1.4939818
0.038307227 8.236053 1.838747
-0.038307227 8.197746 2.4516625
-0.038307227 8.197746 2.9496565
0.038307227 8.0445175 3.1794999
0.15322891 7.8912888 2.7964275
0.19153613 7.8146744 1.9919758
0.15322891 7.584831 1.1492169
0.038307227 7.3932953 0.6512229
-0.11492168 7.278373 0.80445176
-0.30645782 7.125144 1.3024458
-0.45968673 7.278373 1.8387469
-0.45968673 7.469909 2.030283
-0.15322891 7.699753 1.7621324
0.2681506 7.8146744 1.1109096
0.6129156 7.699753 0.3830723
0.7661445 7.6614456 0.0
0.61291564 7.6614456 0.03830722
0.2681506 7.508217 0.38307226
-0.07661445 7.354988 0.88106626
-0.30645782 7.2017593 1.3790603
-0.45968673 6.895301 1.5705962
-0.45968673 6.742072 1.3024457
-0.34476504 6.7803793 0.7278373
-0.19153613 6.9719152 0.07661445
-0.076614454 7.2400656 -0.2681506
-0.076614454 7.4316025 -0.19153613
-0.19153613 7.4699097 0.22984335
-0.4213795 7.2783737 0.6895301
-0.53630114 7.2017584 1.0342951
-0.49799395 7.316681 1.3790601
-0.22984335 7.584831 1.4939818
0.15322891 7.929596 1.4939818
0.45968673 8.197746 1.4556746
0.5746084 8.197746 1.2258313
0.4596867 8.0445175 0.9576806
0.22984335 7.8912888 0.72783726
-0.076614454 7.73806 0.4596867
-0.22984335 7.8912888 0.5363012
-0.22984335 8.197746 0.8044518
-0.07661445 8.542511 1.1492169
0.22984335 8.963891 1.7238253
0.5746084 9.270349 2.1068976
0.8810662 9.423578 2.4133554
1.0726023 9.385271 2.6431987
1.1875241 9.155428 2.681506
1.1492169 8.963891 2.6431987
0.9576807 8.810662 2.719813
0.68953013 8.695741 2.7964275

