-0.2681506 9.11712 1.9919758
-0.15322891 9.461885 1.4939818
0.22984336 9.691729 1.7621324
0.49799395 9.461885 1.4173675
0.8810662 9.500193 1.2641385
1.0726023 9.576807 0.9959879
1.2641385 9.653421 0.80445176
1.340753 9.576807 0.8810662
1.340753 9.500193 0.8810662
1.2258313 9.385271 1.1109096
1.1492169 9.2703495 1.340753
1.1492169 9.193734 1.5705963
1.1875241 9.232041 1.7621324
1.340753 9.2703495 1.685518
1.493982 9.308657 1.4939818
1.5705965 9.423578 1.3790601
1.6472108 9.385271 1.2258313
1.7621324 9.385271 1.2258313
1.8770542 9.2703495 1.3024458
1.9536686 9.155427 1.1492169
1.9536686 9.270349 1.1492169
1.9153614 9.270349 1.1875241
1.8770541 9.423578 1.2258313
1.9153614 9.576807 1.3790601
2.0685902 9.691729 1.4556745
2.2218192 9.921572 1.4556745
2.4133554 9.998186 1.3024457
2.5665843 10.036493 1.2258313
2.6048915 9.998186 1.1875241
2.5665843 9.730036 1.1109097
2.4133554 9.500193 0.99598795
2.2601264 9.308656 0.7278374
2.2218192 9.232041 0.5363012
2.2601264 9.270349 0.34476504
2.2601264 9.423578 0.26815057
2.2601264 9.576807 0.34476504
2.2601264 9.691729 0.49799398
2.1452045 9.768343 0.5363012
2.0685902 9.844957 0.49799398
1.9536686 9.80665 0.45968676
1.7238252 9.691729 0.26815057
1.4939818 9.653421 0.38307226
1.2258313 9.5385 0.7661445
0.9576807 9.461885 1.1109096
0.68953013 9.5385 1.2258313
0.38307226 9.615114 1.0726023
0.0 9.576807 0.8810662
-0.30645782 9.423578 0.7661445
-0.45968673 9.155428 0.842759
-0.34476504 9.002198 0.95768064
0.11492169 9.11712 0.80445176
0.68953013 9.500193 0.4213795
1.2258313 10.036493 0.1532289
1.6089036 10.534487 0.114921674
1.685518 10.76433 0.26815057
1.532289 10.802638 0.45968673
1.3024457 10.611102 0.5363012
1.0342951 10.266337 0.5746084
0.842759 10.036493 0.5746084
0.7661446 9.959879 0.61291564
0.80445176 10.0748005 0.68953
1.0726023 10.304644 0.53630114
1.4939818 10.534487 0.26815057
1.8387468 10.6877165 -7.4505806E-9
1.9919758 10.6877165 -0.30645782
1.8387468 10.611102 -0.4213795
1.4556746 10.534488 -0.11492168
0.9959879 10.457873 0.49799395
0.6129156 10.381259 1.2258313
0.344765 10.266337 1.8387469
0.19153613 10.036493 1.9153614
0.15322891 9.844957 1.493982
0.15322891 9.576807 0.7661446
0.11492168 9.423578 0.038307235
0.076614454 9.308657 -0.49799395
-0.038307227 9.155427 -0.6512228
-0.26815057 9.193734 -0.344765
-0.4596867 9.232041 0.19153611
-0.7661445 9.385271 0.88106626
-0.91937345 9.615114 1.4556746
-0.9959879 9.844957 1.7238252
-1.0726024 9.921572 1.6089035
-0.99598795 9.80665 1.2258313
-1.0726024 9.4618845 0.5363012
-1.1492169 8.925584 -0.03830722
-1.2641385 8.580818 -0.53630114
-1.187524 8.925583 -0.26815057
-1.0726024 9.5385 0.11492168
-1.0726024 10.036493 0.5363012
-1.1875241 10.266336 0.7661445
-1.4173675 10.381259 0.91937345
-1.6472108 10.342952 0.99598795
-1.8004397 10.304644 0.99598795
-1.8004397 10.266336 1.0342952
-1.7621324 10.151415 0.9576807
-1.7238252 9.921572 0.8810662
-1.7621324 9.653421 0.8810662
-1.7621324 9.461885 0.8810662
-1.7238252 9.346964 0.9576807
-1.6472107 9.500193 0.91937345
-1.5705963 9.883265 1.0726024
-1.532289 10.342951 1.3024458
-1.5705962 10.879252 1.6089036
-1.5705962 11.109096 1.7621324
-1.5705962 11.109096 1.4556746
-1.6472108 10.840945 0.91937345
-1.8004396 10.304644 0.26815057
-2.030283 9.768343 -0.11492168
-2.183512 9.232042 -0.076614454
-2.2218192 8.810662 0.34476504
-2.1068974 8.619126 0.6895301
-1.9153614 8.734048 1.0342951
-1.6089035 9.002198 1.1492169
-1.3024457 9.500193 0.9576807
-1.0342951 9.959879 0.7661446
-0.84275895 10.304644 0.49799395
-0.7661445 10.419565 0.19153613
-0.80445176 10.266336 0.076614454
-0.9576807 9.921572 0.11492168
-1.2258313 9.423578 0.22984336
-1.5705963 8.963891 0.5363012
-1.8770541 8.619125 0.6512229
-2.2601264 8.197746 0.6129157
-2.7581203 7.8146744 0.076614454
-2.9496565 7.967903 -0.038307227
-2.873042 8.504204 0.076614454
-2.6431987 9.346964 0.5363012
-2.336741 10.266336 0.9959879
-2.1068976 10.879253 1.2258313
-1.9536686 11.185711 1.3024458
-2.1452045 11.032481 1.2258313
-2.4133554 10.457873 1.3024458
-2.681506 9.80665 1.6089035
-2.9879637 9.232041 1.9153614
-3.064578 8.887277 2.1068974
-2.9879637 8.772355 2.0685902
-2.719813 8.887277 1.9536686
-2.2984338 8.963891 1.6472108
-1.9153613 8.887277 1.1875241
-1.6472107 8.772355 0.7661446
-1.4173673 8.504205 0.2681506
-1.2258313 8.274361 -0.038307227
-0.99598783 8.121132 -0.15322891
-0.7278373 8.00621 -0.038307227
-0.61291564 7.929596 0.26815063
-0.57460845 7.776367 0.61291564
-0.68953013 7.508217 0.7661445
-0.842759 7.201759 0.68953013
-0.9193735 6.7803793 0.45968673
-0.9193735 6.435614 0.26815057
-0.68953013 6.3589997 0.26815057
-0.4213795 6.3206925 0.34476507
-0.19153613 6.397307 0.38307226
-0.038307227 6.5122285 0.49799395
-0.038307227 6.5122285 0.5746084
-0.15322891 6.4739213 0.6895301
-0.22984336 6.3589997 0.6895301
-0.30645782 6.167464 0.49799395
-0.26815057 6.1291566 0.26815057
-0.038307227 6.205771 0.076614454
0.22984336 6.512229 -0.11492168
0.49799395 6.9336085 -0.30645782
0.6512228 7.240066 -0.4213795
0.61291564 7.354988 -0.57460845
0.38307226 7.354988 -0.49799395
0.03830722 7.354988 -0.2681506
-0.34476504 7.2783732 -0.038307227
-0.53630114 7.3166804 0.22984335
-0.49799395 7.393295 0.5363012
-0.30645782 7.623138 0.80445176
0.038307227 7.929596 0.95768064
0.30645782 8.274361 0.95768064
0.4213795 8.542512 0.6512228
0.4213795 8.619126 0.38307226
0.30645782 8.580819 0.2681506
0.11492168 8.695741 0.34476504
-0.076614454 8.887277 0.7278373
-0.2681506 9.040505 1.0726023
-0.57460845 9.155427 1.340753
-0.8810662 9.040505 1.3790601
-0.9959879 8.772355 1.2258313
-0.9193734 8.734048 1.0726023
-0.6512228 8.925584 0.91937345
-0.26815057 9.538499 0.9959879
0.0 10.457872 1.1492168
0.15322891 11.224017 1.3790601
0.15322891 11.683704 1.6472108
-0.07661444 11.645397 1.8387469
-0.4213795 11.18571 1.9919758
-0.7661445 10.764331 2.030283
-1.0342951 10.611102 1.9536686
-1.0726024 10.649409 1.8004396
-1.0726024 11.070788 1.8387469
-1.1492169 11.607089 1.8387469
-1.1875241 11.990162 2.0685902
-1.3024458 12.258312 2.3750482
-1.3024458 12.334927 2.4516625
-0.9959879 12.105083 2.3750482
-0.7278373 11.990162 2.183512
-0.49799395 12.105083 2.1068974
-0.26815057 12.258312 2.030283
-0.22984335 12.411541 1.9153614
-0.26815057 12.679692 1.9536686
-0.34476504 12.603078 2.030283
-0.5363012 12.488156 2.1452045
-0.7278373 12.334927 2.3750482
-0.88106626 12.028469 2.566584
-1.0726024 11.9135475 2.7964277
-1.1492169 11.798626 2.9496565
-1.1875241 11.722012 3.1028855
-1.2641385 11.760319 3.2944214
-1.37906 11.836933 3.217807
-1.4173673 11.87524 3.1028855
-1.4556746 11.836933 2.873042
-1.4556746 11.836933 2.528277
-1.4556746 11.87524 2.4516625
-1.532289 11.760319 2.4133554
-1.6472108 11.836933 2.7964277
-1.838747 11.836933 2.9879637
-1.9919758 11.645397 3.2944217
-2.3750482 11.415554 3.6391864
-2.4516625 11.18571 3.6391864
-2.4516625 11.147403 3.371036
-2.2984335 10.994174 2.7198133
-2.1068976 11.070789 2.4133554
-2.030283 11.224018 2.0685902
-2.2984338 11.33894 2.4516625
-2.681506 11.224018 2.7964275
-3.2944214 10.840945 3.2944214
-3.4093432 10.649409 3.4093432
-3.371036 10.572795 3.371036
-3.2561145 10.534488 3.1794996
-3.2178068 10.457873 2.9879637
-3.2178068 10.266336 2.7581203
-3.2178068 9.921572 2.3750482
-3.2178068 9.615114 2.2601264
-3.1411924 9.5385 2.2984338
-3.0262709 9.768343 2.4133554
-2.9879637 10.113108 2.6431987
-3.0645783 10.304644 2.9879637
-3.3710358 9.998186 3.2561142
-3.7158008 9.4618845 3.4859576
-3.9456444 8.848969 3.6391866
-3.9456444 8.389282 3.4093432
-3.6008792 8.312668 3.0262709
-2.7964277 8.542511 2.030283
-2.5665843 8.772355 1.8387469
-2.4516625 9.002198 1.8004397
-2.375048 9.155428 1.838747
-2.3367407 9.155428 1.838747
-2.2984335 9.155428 1.8770542
-2.2601264 9.232042 1.838747
-2.2218192 9.308657 1.7621325
-2.1452045 9.730036 1.7621325
-2.1452045 9.921572 1.8770542
-2.2218192 9.844957 2.2218192
-2.4133554 9.653421 2.834735
-2.719813 9.193735 3.1411927
-2.8730419 8.772355 3.2944214
-2.9496565 8.542511 3.1794999
-2.834735 8.350975 2.7964275
-2.4899697 8.465897 2.2984335
-2.030283 8.810662 1.8004396
-1.4173675 9.232042 1.532289
-0.8810662 9.691729 1.5705963
-0.6512228 9.959879 2.1835117
-0.72783726 9.959879 2.834735
-0.99598783 9.921572 3.562572
-1.2258313 9.80665 4.0222588
-1.2258313 9.615114 4.0222588
-1.1109096 9.423578 3.6774936
-1.0342951 8.925585 2.7581205
-1.0342951 8.504205 1.8387469
-1.0726023 8.082825 1.0726024
-0.9576807 7.8912888 0.57460845
-0.57460845 8.159439 0.53630114
0.11492166 8.69574 0.7661445
1.1109096 9.615114 1.6089035
1.9536686 10.572794 2.7964277
2.336741 11.185711 3.4859576
2.1068976 11.262325 3.7541082
1.3024458 10.687716 3.2944214
0.42137948 9.768343 2.4899697
-0.2681506 9.002197 1.9536686
-0.45968673 8.657433 1.8770542
-0.038307227 9.040505 2.6048913
0.3830723 9.423578 3.562572
0.7661445 9.921572 4.3287168
0.9576807 10.228029 4.7884035
0.9959879 10.496181 4.8267107
1.0342952 10.649409 4.367024
0.99598795 10.49618 3.715801
0.99598795 10.342951 3.0645783
0.88106626 10.036493 2.3750482
0.7661445 9.730036 1.9919758
0.7278373 9.615114 1.9536686
1.0726023 9.921572 2.4133554
1.7238251 10.572794 3.1028855
2.2218192 11.185711 3.7541082
2.3750482 11.300632 4.0222588
1.9153614 10.611101 3.9073372
1.1875241 9.500193 3.6008792
0.5363012 8.389282 3.217807
0.22984336 7.776367 2.9496565
0.34476504 7.6614456 2.7964277
0.7661446 8.082825 2.681506
1.340753 8.810661 2.7964277
1.8004396 9.4618845 3.0262709
2.1068974 9.998186 3.1795
2.1068974 9.998186 3.141193
1.9536686 9.653421 2.834735
1.838747 9.232041 2.4899697
1.7621324 8.810662 2.1452048
1.7621324 8.542511 2.030283
1.8004397 8.427589 1.9919758
1.8004397 8.69574 2.1452048
1.9536686 9.232042 2.681506
2.1452048 9.730036 3.1794999
2.2218192 10.113108 3.4476504
2.2984335 10.113108 3.371036
2.2601264 9.844957 3.0262709
2.1068974 9.615114 2.528277
1.9536686 9.232042 2.1452048
1.7238252 8.887277 1.7621325
1.4939818 8.580818 1.4556746
1.4556746 8.504204 1.4173675
1.685518 8.963891 1.6472108
1.9536686 9.4618845 2.2218192
1.9919758 9.844957 2.566584
1.877054 9.959879 2.719813
1.532289 9.653421 2.719813
1.2641385 9.346963 2.4516625
1.2258313 9.232041 2.1068976
1.2641385 9.270349 1.7621324
1.3024457 9.346964 1.2641385
1.340753 9.500193 0.91937345
1.4556746 9.80665 1.1109097
1.5322891 10.113108 1.4939818
1.5322891 10.304644 2.0685904
1.4939818 10.304644 2.6431987
1.2641385 10.113108 2.873042
1.1492169 9.959879 2.9496565
1.2641385 10.151415 2.9496565
1.3790603 10.419566 2.873042
1.4939818 10.802638 2.834735
1.532289 11.262325 2.7964277
1.532289 11.645397 2.834735
1.6089035 12.105083 2.873042
1.8770542 12.449848 2.7581203
2.1452048 12.641385 2.7581203
2.336741 12.603078 2.8347347
2.336741 12.5264635 3.064578
2.183512 12.5264635 3.5242648
2.1068974 12.641385 3.9073372
2.1068974 13.139379 4.3287168
2.2984335 13.828909 4.673482
2.4899697 14.480132 4.9799395
2.566584 14.786591 5.2863975
2.4133554 14.595055 5.0182467
2.1068974 14.09706 4.4819455
1.9153614 13.637372 3.9073372
1.8387469 13.52245 3.4859576
1.8770541 13.407529 3.409343
1.9153614 13.407529 3.4476502
1.9153614 13.3309145 3.9839518
1.7621324 13.139379 5.1331687
1.7238252 13.062764 5.707777
1.5705963 12.83292 5.5162406
1.340753 12.526463 5.133168
1.0342951 12.066776 4.55856
0.7661446 11.492168 4.1754875
0.7278373 11.032482 4.0222588
0.9576807 10.649409 4.0222588
1.4173673 10.419566 4.098873
1.9153613 10.342951 4.1371803
2.1452045 10.342951 3.9456444
1.9919758 10.228029 3.6774936
1.5705963 9.959879 3.3710358
1.0342952 9.500192 3.064578
0.6129156 8.963891 3.1411927
0.4596867 8.69574 3.0262709
0.5363012 8.619125 2.8730419
0.6512228 8.69574 2.528277
0.7661445 8.772355 1.9536686
0.842759 8.542511 1.4556746
0.80445176 8.121132 0.91937345
0.6895301 7.8529816 0.68953013
0.49799395 7.6614456 0.6512228
0.30645782 7.73806 0.9193735
0.19153613 7.967903 1.3024458
0.22984336 8.0445175 1.493982
0.5363012 8.197746 1.3024458
0.8810662 8.236053 1.0342951
1.0726024 8.197746 0.7278373
1.1875241 8.121132 0.6895301
1.0342951 7.929596 0.88106626
0.7278373 7.699753 1.1875241
0.5746084 7.3549876 1.532289
0.45968673 7.163451 1.685518
0.4213795 7.125144 1.8770542
0.45968673 7.2400656 1.7621324
0.49799395 7.6614456 1.8004397
0.6512228 8.00621 1.9153614
0.68953013 8.00621 1.8387468
0.68953013 7.7380595 1.532289
0.6512229 7.31668 0.84275895
0.5363012 6.8953004 0.11492166
0.38307226 6.6654572 -0.34476504
0.19153613 6.7037644 -0.22984336
-0.03830722 6.895301 0.15322891
-0.38307226 6.895301 0.6895301
-0.4213795 6.895301 0.9959879
-0.19153613 6.8569937 0.9959879
0.15322891 7.0102224 0.6895301
0.61291564 7.1634517 0.19153613
0.8044518 7.2783732 -0.22984335
0.68953013 7.3166804 -0.4213795
0.4213795 7.1634517 -0.15322891
0.11492168 7.125144 0.3830723
-0.038307227 7.0485296 1.1492168
-0.038307227 7.086837 1.7238252
0.19153613 7.2400656 1.9153614
0.4596867 7.5082164 1.685518
0.7278373 7.8529816 1.1109096
0.91937345 8.00621 0.4596867
0.91937345 8.00621 0.114921674
0.842759 8.00621 0.038307227
0.6512228 8.00621 0.34476504
0.53630114 8.236053 0.9576807
0.45968673 8.619125 1.4173673
0.5363012 9.040505 1.9536686
0.6895301 9.346964 2.2984338
0.7278373 9.385271 2.1452048
0.6895301 9.308657 1.6472108
0.53630114 9.232042 0.9959879
0.4596867 9.193735 0.30645782
0.4596867 9.2703495 -0.038307227
0.4213795 9.308657 0.11492168
0.22984335 9.2703495 0.34476504
-0.038307227 9.346964 0.6512229
-0.30645782 9.576807 1.0726024
-0.3830723 9.691729 1.3407531
-0.22984338 9.844957 1.3407531
-0.076614454 9.883265 1.1109096
0.076614454 9.653421 0.6895301
0.11492168 9.461885 0.38307226
0.11492168 9.346964 0.38307226
0.076614454 9.308657 0.6512229
0.038307227 9.385271 1.0342951
0.076614454 9.423578 1.3790601
0.11492168 9.270349 1.7621324
0.19153613 9.193734 2.1068974
0.38307226 9.155427 2.2984338
0.49799395 9.2703495 2.2601266
0.61291564 9.461885 2.030283
0.72783726 9.615114 1.7238251
0.72783726 9.653421 1.5705963
0.72783726 9.730036 1.6089035
0.6129156 9.844957 1.6472108
0.4596867 9.921572 1.532289
0.26815057 10.113108 1.2641385
0.11492168 10.228029 0.9959879
0.076614454 10.381259 0.7278373
0.038307227 10.419566 0.53630114
0.038307227 10.534488 0.45968673
0.0 10.649409 0.38307226
-0.076614454 10.6877165 0.49799395
-0.11492168 10.726024 0.7278373
-0.26815057 10.572795 0.9193735
-0.38307226 10.266336 0.9193735
-0.45968673 9.998186 0.88106626
-0.4213795 9.959879 0.7278373
-0.4213795 9.921572 0.49799395
-0.49799395 9.883265 0.38307226

