0.19153613 8.772355 0.6129157
0.15322891 8.542511 0.68953013
0.15322891 8.465897 1.0726024
-0.15322894 9.385271 3.7924156
0.53630114 9.193735 2.9113493
1.0342951 9.193735 2.2218192
1.4556746 9.193735 1.9919758
1.8387468 9.423578 1.7238252
2.183512 9.768343 1.9536686
2.4133554 10.0748005 1.9536686
2.566584 10.342951 1.8004396
2.6048913 10.419565 1.6472107
2.4516625 10.342951 1.4173673
2.2984338 10.189722 1.4173673
2.1068974 9.959879 1.6089035
1.8004396 9.730036 1.8004396
1.5705962 9.423578 1.9919758
1.4939818 9.155427 2.4516625
1.7621324 9.308657 2.4899697
2.2601264 9.80665 2.2601264
2.2984335 9.959879 1.8387468
2.183512 9.921572 1.6472107
1.9919758 9.844957 1.5705963
1.6089035 9.5385 1.6089035
1.5705962 9.500193 1.6472108
1.5705962 9.500193 1.685518
1.5705962 9.615114 1.6089036
1.877054 9.768343 1.1109096
2.030283 9.80665 0.5363012
1.9536686 9.730036 0.4213795
1.493982 9.576807 0.8044518
1.3024458 9.615114 1.1109096
1.1875241 9.730036 1.2641385
1.2258313 9.768343 1.3790601
1.4556745 9.883265 1.0726024
1.7238251 9.883265 0.7278373
1.9919757 9.80665 0.49799395
2.030283 9.691729 0.34476504
1.9153614 9.500193 0.4596867
1.7621324 9.346964 0.5746084
1.6089036 9.2703495 0.61291564
1.6472108 9.385271 0.57460845
1.8387469 9.576807 0.57460845
1.9536686 9.768343 0.45968673
1.9153613 9.883265 0.45968673
1.8004396 9.80665 0.38307226
1.4939818 9.500193 0.45968676
1.2641385 9.193735 0.5363012
1.1492169 8.925585 0.6895301
1.0342952 8.848969 0.7661445
1.0726024 9.040505 0.61291564
1.1109096 9.308656 0.57460845
1.2258313 9.653421 0.34476504
1.340753 9.921572 0.19153613
1.3790601 10.036493 0.15322891
1.2641385 10.036493 0.26815057
1.0342951 9.80665 0.5746084
0.88106614 9.4618845 0.842759
0.80445176 9.232041 0.9959879
0.95768064 9.155427 0.842759
1.1109096 9.2703495 0.49799395
1.2641385 9.346964 0.19153613
1.3024457 9.385271 0.076614454
1.1875241 9.270349 0.11492168
1.0726024 9.193734 0.19153613
0.91937345 9.232042 0.19153613
0.7661445 9.193735 0.15322891
0.6895301 9.2703495 0.15322891
0.61291564 9.193735 0.22984338
0.45968673 9.193735 0.4213795
0.2681506 9.2703495 0.49799395
0.11492168 9.2703495 0.6512228
0.038307227 9.308657 0.842759
0.038307227 9.308657 1.0342951
0.11492168 9.308657 1.1492168
0.19153613 9.346964 1.0726024
0.2681506 9.461885 0.6895301
0.38307226 9.691729 0.19153613
0.57460845 10.036493 -0.2681506
0.68953013 10.304644 -0.5746084
0.7278373 10.419565 -0.5746084
0.6129157 10.342951 -0.38307226
0.26815057 10.0748005 -0.076614454
-0.11492168 9.844957 0.34476507
-0.49799398 9.653421 0.6512229
-0.6512229 9.500193 0.80445176
-0.5746084 9.423578 0.7278373
-0.2681506 9.5385 0.30645782
0.038307227 9.844957 -0.15322891
0.22984336 10.266337 -0.49799395
0.38307226 10.726024 -0.49799395
0.26815057 10.994174 -0.26815057
0.15322891 11.070788 -0.038307227
-0.076614454 10.8792515 0.11492168
-0.49799395 10.49618 0.19153613
-0.9193735 9.921572 0.22984335
-1.4556745 9.117121 0.22984335
-1.9919758 8.350976 0.11492167
-2.3750482 7.967903 -0.22984336
-2.4133554 8.121132 -0.5363012
-2.183512 8.963891 -0.6895301
-1.7621324 10.036493 -0.80445176
-1.4173673 10.764331 -0.7278373
-1.5705963 11.147403 -0.8810662
-1.9536686 10.91756 -1.0342951
-2.4133554 10.342951 -0.8044517
-2.7581203 9.423577 -0.15322891
-2.6048913 9.38527 0.22984336
-2.3367407 9.691729 0.38307226
-2.0685902 10.266336 0.68953013
-1.9153614 11.070789 0.9193734
-2.0685902 11.032482 0.80445176
-2.2601266 10.611101 0.5746084
-2.336741 10.151415 0.42137948
-1.9536686 9.768343 0.61291564
-1.5705962 9.844957 0.7661445
-1.2641385 9.921572 0.7661445
-0.84275895 9.921572 0.6129156
-0.8810662 9.730036 0.34476507
-0.91937345 9.615114 0.19153613
-0.9576807 9.615114 0.22984336
-0.99598795 9.80665 0.53630114
-0.9576807 10.113108 0.95768064
-0.9576807 10.342951 1.3407528
-1.0726024 10.342951 1.6089035
-1.1492169 10.189722 1.6472108
-1.2258313 9.883265 1.685518
-1.1875241 9.576807 1.5705965
-0.9576807 9.308657 1.2641385
-0.45968673 9.002198 0.68953013
-0.19153613 8.963891 0.5363012
-0.038307227 8.963891 0.7278373
0.11492168 8.963891 0.9576807
-0.038307227 8.427589 1.4173675
-0.19153613 7.8912888 1.340753
-0.30645782 7.3932953 1.1109096
-0.26815057 7.086837 0.7278373
-0.15322891 6.9719152 0.2681506
0.076614454 6.9719152 0.0
0.2681506 7.0102224 -0.15322891
0.3830723 6.933608 -0.076614454
0.4213795 6.703765 0.038307227
0.076614454 6.1291566 0.2681506
-0.15322891 6.014235 0.34476504
-0.26815057 6.0908494 0.4213795
-0.076614454 6.4739213 0.45968673
0.22984336 6.7803793 0.4213795
0.61291564 7.0102224 0.2681506
0.8810662 7.163451 0.19153613
0.842759 7.086837 0.19153613
0.61291564 6.895301 0.11492168
0.30645782 6.62715 0.038307227
0.038307227 6.435614 -0.07661445
0.0 6.3589993 -0.15322891
0.15322891 6.512228 -0.114921674
0.45968673 6.8186865 0.0
0.7661445 7.086837 -0.114921674
0.842759 7.2400656 -0.26815057
0.842759 7.393295 -0.38307226
0.6512229 7.4699097 -0.34476504
0.4213795 7.4699097 0.038307212
0.34476504 7.6231384 0.34476504
0.30645782 7.8529816 0.6512228
0.4213795 8.0445175 0.8810662
0.5746084 8.465898 0.9193734
0.61291564 8.887277 0.9959879
0.5363012 9.2703495 0.91937345
0.45968673 9.80665 0.80445176
0.4213795 10.189722 0.7278373
0.4213795 10.49618 0.7278373
0.49799398 10.611102 0.8044518
0.3830723 10.611102 1.0726024
0.076614454 10.572795 1.5705963
-0.30645782 10.496181 2.1452048
-0.7278373 10.534488 2.7964277
-1.0342951 10.611102 3.371036
-1.0726023 10.764331 3.5242648
-0.95768064 10.91756 3.2944214
-0.6895301 11.147403 2.6815057
-0.38307226 11.33894 1.9536686
-0.15322891 11.492168 1.4173675
0.038307227 11.9135475 1.3790603
0.038307227 12.449848 2.336741
0.0 12.717999 3.026271
-0.11492168 12.717999 3.2944217
-0.076614454 12.832921 3.2944217
0.0 12.832921 2.9113493
0.038307227 12.679691 2.3750482
0.038307227 12.449848 2.030283
-0.15322891 12.143391 1.9536686
-0.038307227 12.564771 2.6431985
0.15322891 12.986151 2.9496562
0.15322891 13.292608 3.1028855
0.076614454 13.484144 3.1411927
0.038307227 13.560759 3.064578
-0.038307227 13.369222 2.9113493
-0.11492168 13.024457 2.873042
-0.15322891 12.756307 2.7964275
-0.22984336 12.603078 2.681506
-0.30645782 12.603078 2.681506
-0.344765 12.717999 2.7581205
-0.49799395 12.794614 2.9496565
-0.7661445 12.641385 3.2944214
-1.1109096 12.334928 3.562572
-1.3790603 11.951855 3.6008794
-1.532289 11.683704 3.4476504
-1.532289 11.568783 3.1794999
-1.340753 11.530476 2.9113493
-1.2258313 11.530476 2.834735
-1.2258313 11.377247 2.873042
-1.6472108 10.879253 3.1411924
-1.9919758 10.534487 3.2944217
-2.2218192 10.228029 3.371036
-2.3750482 9.959879 3.2944217
-2.4899697 9.844957 3.1794999
-2.6431987 9.768343 2.9496565
-2.9879637 9.461885 2.6431987
-3.2178068 9.232041 2.5665843
-3.3327289 9.002198 2.4516625
-3.4093432 8.925584 2.3750482
-3.4093432 9.002198 2.4133554
-3.3327286 9.232042 2.4516625
-3.3327286 9.423578 2.681506
-3.4476504 9.461885 2.7581205
-3.6391866 9.461885 2.834735
-3.86903 9.346964 2.719813
-3.9839516 9.155428 2.3750482
-3.9456444 9.040505 2.1068974
-3.7924156 8.963891 1.7621324
-3.524265 8.848969 1.340753
-3.2561142 9.040505 0.9959879
-2.987964 9.232041 0.9193734
-2.834735 9.346964 1.0726024
-2.873042 9.576807 1.340753
-3.064578 9.653421 1.7621324
-3.2944214 9.615114 2.0685904
-3.409343 9.576807 1.9919758
-3.3710358 9.5385 1.7621324
-3.217807 9.500193 1.5705962
-3.1411924 9.500193 1.3024457
-3.1411924 9.385271 1.3407528
-3.409343 9.193734 1.9919758
-4.0222588 8.580818 3.1795
-4.252102 8.389282 3.677494
-4.098873 8.236053 3.4859579
-3.8307228 8.312668 2.9496565
-3.3327289 8.695741 2.2601264
-2.834735 9.155428 1.5705963
-2.336741 9.653421 1.340753
-1.9536685 9.844957 1.4939818
-1.8387469 9.768343 1.8004398
-1.8770541 9.346964 2.1068976
-2.1452048 8.772355 2.336741
-2.4133554 8.274361 2.4899697
-2.5665843 7.929596 2.9113495
-2.4133554 8.00621 3.4859579
-1.9919758 8.465897 4.3287168
-1.3024458 9.308657 5.3247046
-0.49799395 10.304644 6.014235
0.26815057 10.955868 6.167464
0.6512228 10.917561 5.4396267
0.6512228 10.113108 3.9456441
0.42137948 8.69574 2.4133554
-0.076614454 7.469909 1.3790601
-0.22984336 6.895301 1.340753
-0.22984336 7.3549876 2.528277
-0.076614454 8.580818 4.098873
0.15322891 9.921572 5.5545483
0.19153613 10.840945 6.1291566
0.15322891 10.91756 5.4779334
0.0 10.496181 4.213795
-0.076614454 9.844957 2.7964277
0.0 9.346963 1.5705965
0.15322891 9.002198 0.91937345
0.4213795 8.734048 0.84275895
0.7278373 8.619126 1.0342952
1.1109096 8.734049 1.7621324
1.5705962 9.2703495 2.7581203
1.877054 9.691729 3.2561142
1.7621324 9.730036 3.4859576
1.3024457 9.308656 3.371036
0.80445176 8.542512 2.9879637
0.38307226 8.082825 2.9496565
0.45968673 8.159439 3.1028855
0.7661445 8.580818 3.0262709
1.0342952 8.8489685 2.6815057
1.4173675 9.002199 2.2984338
1.8387469 9.155428 2.1835117
2.3750482 9.691729 2.6431985
2.873042 10.189722 3.3327289
2.9879637 10.457872 3.7158008
2.7198133 10.266336 3.562572
2.2984338 9.615113 3.1028852
2.0685904 9.232041 2.4899697
2.1452048 9.078813 1.9153614
2.3367407 9.232042 1.4173675
2.528277 9.500193 1.0342952
2.681506 9.730036 1.1109096
2.8347347 10.036493 1.6855179
2.9879637 10.381258 2.566584
2.9496565 10.496181 3.4476504
2.566584 10.419566 4.060566
2.1452045 10.151416 4.290409
1.7621324 9.844957 4.2137947
1.5705962 9.5385 3.7924154
1.5705962 9.155427 2.681506
1.532289 8.963891 2.1452048
1.5705963 8.963891 1.8770542
1.7621324 9.270349 1.8004398
2.183512 9.806649 2.0302832
2.7581203 10.572794 2.2984338
3.1411924 11.262324 2.5282772
3.2944217 11.645397 2.6048915
3.1028852 11.645397 2.5665843
2.681506 11.33894 2.5282772
2.1452048 10.955868 2.6048915
1.6472108 10.534488 2.7581205
1.3024457 10.342952 2.834735
1.2641385 10.342952 3.1411927
1.6472108 10.6877165 3.5242648
2.2984335 11.33894 3.86903
2.9496565 12.066776 3.9456444
3.4093432 12.756307 3.677494
3.5242648 13.062764 3.2944217
3.2561142 13.139379 2.873042
2.7581203 12.98615 2.7581203
2.1068974 12.756307 2.9879637
1.4939818 12.603078 3.2561142
1.1875241 12.794614 3.6391866
1.3024457 13.484144 4.098873
1.685518 14.518439 4.252102
2.1452048 15.629349 4.3287163
2.4516628 16.4338 4.3287163
2.3750482 16.587029 4.1754875
2.1068976 16.203957 4.2904096
1.8004397 15.629349 4.596867
1.4556746 14.901511 5.2097826
1.1109096 14.288596 5.7843914
0.8810662 13.790602 5.9759274
0.68953013 13.445836 5.8226986
0.68953013 13.2543 5.4013195
0.9193734 12.909534 4.865018
1.0342951 12.411541 4.405331
1.1492168 11.798626 3.9456444
1.1109096 11.262325 3.6008792
1.0726024 10.879252 3.5242648
1.1109096 10.764331 3.715801
1.1875241 10.649408 3.9073372
1.1875241 10.189722 3.9839516
1.0726024 9.768343 3.8307228
0.842759 9.11712 3.4859576
0.49799395 8.427589 3.1794999
0.19153613 7.929596 2.873042
-0.114921674 7.393295 2.719813
-0.30645782 7.0485296 2.5282772
-0.03830722 7.2400656 2.3750482
0.53630114 7.6614456 2.0685902
0.842759 7.8146744 2.030283
0.9576807 7.7763667 2.2218192
0.5746084 7.278373 2.566584
-0.07661446 6.7420716 3.2944217
-0.4213795 6.5505357 3.7541084
-0.5363012 6.5122285 3.9456444
-0.5363012 6.5122285 3.8307228
-0.34476504 6.4739213 3.3327289
0.07661445 6.588843 2.6048913
0.38307226 6.7803793 1.9919758
0.6512228 6.895301 1.6089035
0.61291564 6.8569937 1.4556746
0.11492168 6.6654577 1.493982
-0.038307227 6.8186865 1.4173675
-0.076614454 6.933608 1.1109096
-0.038307227 6.933608 0.6512228
-0.076614454 6.8186865 0.34476507
-0.15322891 6.5122285 0.15322891
-0.15322891 6.397307 0.30645782
-0.15322891 6.5122285 0.80445176
0.0 6.742072 1.4556748
0.26815057 7.0868373 1.9919759
0.4213795 7.393295 2.183512
0.38307226 7.3549876 1.9536686
0.26815057 7.1634517 1.340753
0.076614454 6.895301 0.80445176
0.076614454 6.7037644 0.26815057
0.30645782 6.818686 -0.038307227
0.45968673 7.0485296 -0.038307227
0.49799395 7.3166804 0.07661445
0.26815057 7.393295 0.53630114
-0.07661446 7.393295 1.0342951
-0.30645785 7.4699097 1.2258313
-0.3830723 7.6231384 1.2258313
-0.3064578 7.8529816 0.7661446
-0.11492168 8.00621 0.26815057
-0.038307227 8.121132 0.03830722
-0.11492168 8.197746 0.076614454
-0.22984336 8.236053 0.61291564
-0.3830723 8.389282 1.1492168
-0.45968676 8.465897 1.7621324
-0.30645785 8.69574 2.030283
0.0 9.002199 1.9919758
0.15322891 9.155428 1.6472108
0.26815057 9.308657 1.2641385
0.19153613 9.270349 1.1109096
-0.038307227 9.11712 1.1492168
-0.26815057 9.040505 1.5705963
-0.5746084 9.040505 1.9536686
-0.7661445 9.040505 2.2218192
-0.7661445 9.155427 2.2984338
-0.5363012 9.308656 2.2218192
-0.22984336 9.346964 1.8387469
0.11492168 9.308657 1.340753
0.30645782 9.155428 1.0342951
0.2681506 9.155428 0.80445176
0.15322891 9.155428 0.9576807
-0.11492168 9.117121 1.2641385

