1.2258313 9.155427 2.9496565
1.2258313 9.423578 2.7581205
1.3024457 9.500193 2.5665843
1.4939818 9.346964 2.5665843
1.877054 9.423578 2.5665843
2.2601264 9.346964 2.7581203
2.2601264 9.385271 2.8347347
2.1835117 9.461885 2.8347347
2.0685902 9.461885 2.8347347
1.9153614 9.461885 2.9113493
1.8004398 9.461885 2.9113493
1.7621324 9.5385 2.9496565
1.838747 9.653421 2.873042
1.9919758 9.768343 2.719813
2.1452045 9.844957 2.6431987
2.2218192 9.844957 2.4516628
2.1835117 9.768343 2.2601266
2.1068974 9.653421 2.1068976
2.030283 9.576807 1.9919758
1.9536686 9.5385 2.030283
1.8770541 9.5385 2.2218192
1.8387469 9.5385 2.336741
1.7621324 9.500193 2.2984338
1.7238252 9.423578 2.183512
1.685518 9.308657 2.030283
1.5705962 9.2703495 1.8770541
1.5705962 9.308657 1.8770541
1.5705962 9.232042 1.8387469
1.6089036 9.308657 1.8770541
1.6472108 9.346964 2.030283
1.6472108 9.346964 2.1452045
1.6089036 9.5385 2.4516625
1.532289 9.615114 2.6431985
1.4939818 9.576807 2.6431985
1.3790603 9.461885 2.566584
1.3024457 9.346964 2.2601264
1.3407528 9.193735 1.9536686
1.37906 9.193735 1.685518
1.37906 9.232042 1.4939818
1.3407528 9.193734 1.6472107
1.1492169 9.308657 2.030283
0.9576807 9.385271 2.9496562
0.9959879 9.461885 2.9496562
1.0726024 9.461885 2.566584
1.1109096 9.500193 1.8770541
1.0726024 9.461885 1.340753
1.0342952 9.423578 1.0342951
1.0342952 9.308657 0.9576807
1.0342952 9.155428 1.1492169
1.0342952 9.155428 1.4173675
1.0342952 9.155428 1.7238252
1.0726024 9.2703495 1.9153613
1.0342952 9.423578 2.030283
0.99598795 9.500193 1.9536686
0.9576807 9.576807 1.7238252
0.91937345 9.653421 1.532289
0.95768064 9.653421 1.3024457
1.0726023 9.576807 1.1875241
1.0726023 9.385271 1.1875241
0.91937345 9.155428 1.4173675
0.7661445 9.040506 1.877054
0.61291564 9.155428 2.375048
0.57460845 9.461885 2.719813
0.6512228 10.151415 2.719813
0.6895301 10.189722 2.336741
0.6895301 10.266336 1.8004398
0.7661446 10.342951 1.1875241
0.842759 10.419565 0.8810662
0.9193735 10.572795 0.8810662
0.9576807 10.496181 1.3024457
0.842759 10.381259 2.030283
0.6512228 10.228029 2.681506
0.4596867 10.189722 3.217807
0.30645782 10.304644 3.4859576
0.30645782 10.457873 3.371036
0.4596867 10.611102 2.9496565
0.61291564 10.764331 2.0685902
0.7278373 10.840945 1.2641386
0.7661445 10.879252 0.7661445
0.5746084 10.802638 0.7661445
0.07661444 10.534487 1.3024457
-0.49799395 10.228029 2.1452045
-1.1875241 9.730036 2.9496565
-1.7621324 9.2703495 3.3327289
-1.9919758 9.117121 3.2944214
-2.0685902 9.155428 2.7964275
-1.8004396 9.461885 1.9153614
-1.4173675 10.036493 0.95768064
-1.1109096 10.381259 0.26815057
-0.9959879 10.611102 -0.11492168
-1.1875241 10.6877165 0.11492167
-1.532289 10.572795 0.8810662
-1.9536686 10.381258 1.8004396
-2.2601266 10.0748005 2.4899697
-2.4516625 9.883265 2.719813
-2.4899697 9.844957 2.4133554
-2.4133554 9.959879 1.9919758
-2.183512 10.151415 1.6472107
-1.9919758 10.266336 1.3790601
-1.9153614 10.228029 1.532289
-1.9536686 10.0748005 1.7621324
-2.1452048 9.921572 2.1068974
-2.375048 9.691729 2.4516625
-2.6431985 9.346964 2.6048913
-2.8730419 9.040505 2.6431987
-2.911349 9.002198 2.5665843
-2.7581203 9.232041 2.4516628
-2.528277 9.500193 2.3750482
-2.2984335 9.730036 2.2218192
-2.3367407 9.653421 2.0685902
-2.528277 9.308657 2.0685902
-2.681506 8.925584 2.030283
-2.834735 8.695741 1.9536686
-2.719813 8.542512 1.8004398
-2.4899697 8.580819 1.4173675
-2.2984335 8.772355 1.1492169
-2.030283 8.963892 0.9576807
-1.8387469 9.155428 0.8810662
-1.6472108 9.308657 1.0726024
-1.4556746 9.461885 1.187524
-1.1875241 9.615114 1.3790601
-0.95768064 9.691729 1.6472108
-0.8810662 9.730036 1.8004396
-0.80445176 9.5385 1.838747
-0.80445176 9.346963 1.8004397
-0.842759 9.232041 1.6855179
-0.80445176 9.155427 1.5705963
-0.6895301 9.2703495 1.5705963
-0.61291564 9.346964 1.7238252
-0.5746084 9.385271 1.8387468
-0.49799398 9.423578 1.9153614
-0.45968676 9.423578 1.9919758
-0.3830723 9.232042 1.9536686
-0.2681506 9.078814 1.9153614
-0.19153613 8.848969 1.9919758
-0.19153613 8.619126 1.9919758
-0.19153613 8.542512 1.9919758
-0.19153613 8.389282 1.8770541
-0.15322891 8.197746 1.6472107
-0.076614454 8.082825 1.4556746
0.0 7.8912888 1.2641385
0.076614454 7.776367 1.2258313
0.038307227 7.73806 1.1875241
-0.076614454 7.201759 1.0342952
-0.11492168 6.9719152 0.8044518
-0.076614454 6.818686 0.6512229
-0.038307227 6.7420716 0.4596867
0.0 6.933608 0.26815057
-0.038307227 7.0485296 0.34476504
-0.076614454 7.1251445 0.49799395
-0.11492168 7.240066 0.80445176
-0.22984336 7.2017584 1.2258313
-0.2681506 7.125144 1.5705963
-0.30645782 7.125144 1.4556746
-0.22984335 7.201759 1.1492168
-0.038307227 7.6231384 0.9959879
0.11492168 8.00621 1.187524
0.2681506 8.312668 1.3407528
0.38307226 8.580818 1.2641385
0.49799395 8.6574335 1.0342951
0.5746084 8.542512 0.6895301
0.61291564 8.465897 0.53630114
0.61291564 8.312668 0.61291564
0.5363012 8.312668 1.340753
0.49799398 8.312668 1.4939818
0.4213795 8.312668 1.532289
0.3830723 8.197746 1.3407528
0.2681506 8.0445175 1.2641385
0.15322891 7.8912888 1.3790601
0.22984336 7.8912888 1.340753
0.38307226 8.0445175 1.2258313
0.7278373 8.312668 0.9576807
1.0726024 8.580818 0.4213795
1.2258313 8.580818 0.038307227
1.2258313 8.350975 -0.11492168
1.0342952 8.00621 0.038307227
0.7661446 7.776367 0.34476504
0.5746084 7.776367 0.8810662
0.4213795 7.8146744 1.1875241
0.30645782 8.00621 1.2258313
0.22984335 8.159439 1.1492168
0.15322891 8.350975 0.91937345
0.15322891 8.734048 0.842759
0.2681506 9.155428 0.9576807
0.4213795 9.691729 1.2641385
0.5746084 10.228029 1.3790603
0.68953 10.6877165 1.532289
0.61291564 11.032481 1.8770542
0.38307226 11.109096 2.3750482
-0.2681506 10.879252 3.715801
-0.6512229 10.764331 3.9456444
-0.7661446 10.802638 3.715801
-0.7661446 11.032482 3.371036
-0.6512228 11.377247 2.873042
-0.22984336 11.836933 2.3367407
-0.15322891 11.990162 2.2984335
-0.15322891 12.143391 2.681506
-0.076614454 12.334927 3.1794999
-0.076614454 12.488155 3.5242648
-0.076614454 12.5264635 3.6391864
-0.11492168 12.679692 3.4476504
-0.19153613 12.909535 3.2944214
-0.34476504 13.1393795 3.217807
-0.53630114 13.522451 3.4476504
-0.842759 13.828909 3.7541082
-1.0726024 14.058752 4.0222588
-1.0726024 14.135366 4.0222588
-0.99598795 14.020445 4.0222588
-1.1492168 13.9438305 4.1754875
-1.3790601 13.675679 4.4436383
-1.5705963 13.2543 4.5585604
-1.6472108 12.947843 4.4819455
-1.6089035 12.641385 4.3670235
-1.4939818 12.449849 4.060566
-1.340753 12.411542 3.9073372
-1.2258313 12.181698 3.7924156
-1.1492169 12.066776 3.6391864
-1.0342952 11.836933 3.6008792
-0.9193735 11.530476 3.5242648
-0.842759 11.3006315 3.6008792
-0.6895301 10.994174 3.5242648
-0.6512228 10.726023 3.217807
-0.6895301 10.419565 3.1028852
-0.7661445 9.883265 2.7581203
-0.7661445 9.653421 2.7964275
-0.80445176 9.346964 2.6048913
-0.91937345 9.078814 2.4133554
-1.0342951 8.772356 2.528277
-1.1875241 8.504205 2.6431987
-1.3024457 8.389282 2.719813
-1.3790601 8.312668 2.719813
-1.3790601 8.121132 2.4133554
-1.4173673 8.121132 1.9919758
-1.3790601 8.159439 1.6472107
-1.5705963 8.580819 1.4939818
-1.8004397 8.695741 1.8387469
-2.1452045 8.734048 2.1068974
-2.4899697 8.695741 2.336741
-2.7581205 8.580819 2.4516625
-2.9113493 8.6574335 2.4516625
-3.0262709 8.848969 2.4899697
-3.064578 8.963891 2.4133554
-3.064578 9.002198 2.1835122
-3.064578 8.848969 1.9536687
-3.1411927 8.619126 1.8004397
-3.1794999 8.695741 1.8387469
-3.2944214 8.848969 2.0685902
-3.4476504 9.078814 2.4899697
-3.6391864 9.193735 2.9496565
-3.9073372 9.040506 3.2944214
-4.060566 8.810663 3.562572
-3.9839516 8.6574335 3.6008792
-3.6008792 8.734048 3.3327289
-3.064578 9.11712 3.0262709
-2.4516625 9.653421 2.6431985
-1.9536687 10.304645 2.2984335
-1.6472107 10.879252 2.1068976
-1.493982 11.032482 2.030283
-1.6089035 10.879252 2.1068974
-1.8770541 10.381258 2.4133554
-2.030283 9.768343 2.7964277
-2.1835117 9.423578 3.2944214
-2.1835117 9.500193 3.7541082
-2.030283 9.768343 4.0222588
-1.8770542 10.266336 4.1371803
-1.4556746 10.879252 3.86903
-1.0726024 11.377247 3.371036
-0.6895301 11.683704 2.8730419
-0.5746084 11.60709 2.6431985
-0.7661446 10.955867 2.9879637
-0.9959879 10.151415 3.5242648
-1.3024457 9.538499 4.0222588
-1.2641385 9.38527 4.1371803
-0.95768064 9.691728 3.6391864
-0.4596867 10.189722 2.9496565
-0.03830722 10.611102 2.4133554
-0.076614454 10.726024 2.3750482
-0.30645782 10.534488 2.9113493
-0.6512228 10.113108 3.7541082
-0.9576807 9.80665 4.367024
-0.8810662 9.615114 4.367024
-0.68953013 9.653421 3.86903
-0.57460845 9.921572 3.2178068
-0.5363012 10.151416 2.8730419
-0.6512229 10.381259 3.0645783
-0.88106626 10.572795 3.2944214
-0.99598795 10.419566 3.3710358
-1.1109096 10.0748005 3.3710358
-1.3024458 9.461885 3.409343
-1.6089035 8.695741 3.715801
-1.9919758 7.967903 4.175488
-1.9153613 7.546524 4.175488
-1.532289 7.6231384 3.7541082
-0.9193735 8.121133 2.911349
-0.11492169 8.887277 2.0685902
0.45968673 9.461885 1.5705962
0.80445176 9.691729 1.685518
0.91937345 9.576807 2.2984335
0.7278373 9.117121 3.1028855
0.3830723 8.580819 3.9073372
0.11492168 7.8912888 3.9073372
0.076614454 7.2783732 3.2944217
0.3830723 6.895301 2.2984338
0.8810662 6.588843 1.1875241
1.4939818 6.7037644 0.6895301
1.9536686 6.9719152 0.99598795
2.336741 7.5848308 2.2218192
2.4133554 8.619126 3.7541082
2.2984335 9.423578 4.9799395
2.2218192 9.921572 5.401319
2.0685902 9.959879 4.7884035
2.1068974 9.538499 3.562572
2.1068974 9.078813 2.2601264
2.1452045 8.734047 1.2641385
2.1835117 8.465897 0.9576807
2.1452045 8.350975 1.7621324
2.1068974 8.504204 3.1028852
1.877054 8.963891 4.711789
1.685518 9.653421 5.6694694
1.7238252 10.189723 5.631162
1.877054 10.381259 4.7117887
2.1452048 10.22803 3.1794996
2.3750482 9.844957 1.9153614
2.2601264 9.5385 1.532289
2.0685902 9.500193 2.0685902
1.9153614 9.576807 3.1028855
1.6472108 9.730036 4.1371803
1.5705963 9.844957 4.367024
1.6089035 9.959879 4.213795
1.6089035 10.113108 3.8307228
1.7238252 10.266336 3.371036
1.7621324 10.304644 3.064578
1.7238252 10.304644 2.566584
1.685518 10.266336 2.2218192
1.6472108 10.266336 2.2218192
1.6089035 10.572795 2.566584
1.5705963 10.764331 3.2944217
1.3790601 10.955867 4.060566
1.0726023 11.070788 4.5585604
0.57460845 10.955867 4.4436383
0.57460845 11.109097 4.137181
0.7278373 11.377247 3.7924156
0.99598795 11.9135475 3.5625725
1.4173675 12.449848 3.4476504
1.8004396 12.871228 3.2178073
2.0685904 13.139379 3.2561145
2.1068976 13.254301 3.4859576
1.9153614 13.177687 3.7924151
1.685518 13.062765 4.252102
1.532289 13.024458 4.4819455
1.4939818 13.024458 4.673482
1.532289 13.254301 4.7884035
1.5705962 13.522451 4.8267107
1.6472108 13.752295 5.0182467
1.7238252 13.905523 5.0948615
1.7238252 13.752295 5.3247046
1.532289 13.40753 5.8226986
1.1875241 12.909536 6.244078
0.7661445 12.258313 6.397307
0.4596867 11.722012 6.052542
0.4213795 11.147403 5.4013186
0.49799395 10.726023 4.4053307
0.7661445 10.572794 3.6008792
1.2258313 10.6877165 3.2561142
1.7621325 11.147403 3.2561142
2.2601264 11.683704 3.6008794
2.6048915 12.028469 4.0222588
2.719813 11.9135475 4.3670235
2.5665843 11.492168 4.4436383
2.2218192 10.649409 4.367024
1.9536686 9.921572 4.1754875
1.7621324 9.576806 4.098873
1.7238252 9.4618845 4.1371803
1.838747 9.576807 4.3287168
1.838747 9.500193 4.4819455
1.7238252 9.193735 4.4819455
1.4939818 8.695741 4.4819455
1.3024457 8.197746 4.4819455
1.0726024 7.3166804 4.405331
1.0726024 6.895301 4.0222588
1.0726024 6.703765 3.4093432
1.1875241 6.5888433 2.719813
1.2641385 6.7803793 2.4516625
1.340753 7.0102224 2.336741
1.4173675 7.0102224 2.528277
1.4556746 7.0485296 2.6815057
1.4173673 6.8186865 2.4516625
1.4173673 6.550536 2.1068974
1.4556745 6.4356136 1.532289
1.4556745 6.4356136 1.1492168
1.5705963 6.5888433 0.99598795
1.6089035 6.8186865 1.0726023
1.5705963 7.0102224 1.2258313
1.4939818 7.0102224 1.2641385
1.3024457 6.933608 1.2258313
1.1492169 6.7803793 1.0726024
0.9959879 6.742072 0.9959879
0.80445176 6.742072 1.1109096
0.49799395 6.742072 1.340753
0.22984335 6.7803793 1.7238252
0.038307227 6.6654577 2.1068974
0.0 6.5505357 2.2601264
0.30645782 6.62715 2.0685902
0.6895301 6.7420716 1.4556746
0.8810662 6.780379 0.7278373
0.91937345 6.8569937 0.4213795
0.5746084 6.742072 0.5363012
0.07661445 6.5888433 1.1109096
-0.30645782 6.6654577 1.9919758
-0.57460845 6.8569937 2.6048913
-0.6512228 7.086837 2.9879637
-0.57460845 7.3932953 2.9496565
-0.38307226 7.584831 2.566584
-0.22984336 7.546524 1.9153614
-0.038307227 7.6231384 1.1109097
0.15322891 7.73806 0.7278373
0.22984336 8.0445175 0.61291564
0.30645782 8.542511 0.9576807
0.344765 9.040506 1.7238252
0.344765 9.5385 2.2984335
0.344765 9.768343 2.528277
0.42137948 9.883265 2.4133554
0.45968673 9.768343 1.9919758
0.49799398 9.576807 1.5322893
0.49799398 9.500193 1.3024458
0.3830723 9.423578 1.2641385
0.2681506 9.5385 1.3790603
0.076614454 9.615114 1.5322891
-0.076614454 9.576807 1.685518
-0.30645782 9.423578 1.7621325

