-0.49799395 9.155428 1.7621325
-0.6895301 8.848969 1.8004397
-0.842759 8.6574335 1.8004397
0.03830722 9.691729 1.685518
0.80445176 10.0748005 1.9153614
1.3790601 9.959879 2.1835122
2.030283 10.304644 2.1452048
2.4133554 10.266336 2.6048915
2.3367407 10.151415 2.3750482
2.2218192 9.998186 2.2218192
2.030283 9.844957 2.1452048
1.8770542 9.691729 2.183512
1.7621324 9.615114 2.2984338
1.685518 9.5385 2.3750482
1.7238252 9.423578 2.528277
1.8004396 9.2703495 2.566584
1.8004396 9.155427 2.528277
1.8004396 9.040505 2.3750482
1.7621324 9.11712 2.1452048
1.7621324 9.2703495 1.9536686
1.7238252 9.193735 1.7238253
1.6472107 9.155428 1.5322891
1.4939818 9.040505 1.2641385
1.2258313 8.963891 0.9576807
1.1875241 9.193735 0.6895301
1.2641386 9.5385 0.49799395
1.5705963 9.844957 0.6895301
1.9919759 10.228029 0.9959879
2.4133554 10.572795 1.3790601
2.719813 10.611102 1.6089036
2.719813 10.611102 1.4173673
2.528277 10.342951 1.2258313
2.030283 9.959879 0.95768064
1.532289 9.691729 0.8810662
1.1875241 9.461885 0.8810662
1.0342951 9.461885 0.8810662
1.3024457 9.80665 0.9576807
1.4556745 10.381258 1.3790601
1.4173673 10.572795 1.532289
1.3024457 10.534488 1.6472107
1.1875241 10.419566 1.6089035
1.1109096 10.151415 1.532289
0.9576807 9.844957 1.5705962
0.7661446 9.500193 1.6089036
0.49799395 9.078814 1.685518
0.22984335 8.963892 1.8004396
0.0 9.002199 1.8387469
-0.076614454 9.193735 1.7621324
-0.076614454 9.461885 1.7238252
-0.076614454 9.5385 1.685518
-0.22984335 9.423578 1.6472108
-0.61291564 9.078813 1.8004396
-1.0342951 8.734048 1.8770542
-1.3407528 8.580818 1.7238252
-1.4173673 8.619125 1.5705962
-1.1492168 8.925584 1.1492168
-0.842759 9.193734 0.6512228
-0.61291564 9.346964 0.30645782
-0.38307226 9.423578 0.038307227
-0.30645782 9.615114 0.038307227
-0.22984335 9.959879 0.49799398
-0.15322891 10.534487 1.0726024
-0.15322891 11.032481 1.4173675
-0.11492168 11.300632 1.4173675
-0.076614454 11.453861 0.9959879
0.0 11.262325 0.38307226
0.11492168 11.032482 -0.038307227
0.19153613 10.802639 -0.22984336
0.22984336 10.496181 -0.26815057
0.22984336 10.189722 -7.4505806E-9
0.15322891 9.921572 0.42137948
0.076614454 9.80665 1.0342952
-0.11492168 9.653421 1.6089035
-0.30645782 9.653421 1.8770542
-0.49799395 9.653421 2.030283
-0.6895301 9.5385 1.8004397
-0.6895301 9.500193 1.340753
-0.6895301 9.500193 0.95768064
-0.6895301 9.5385 0.53630114
-0.7661446 9.5385 0.30645782
-0.91937345 9.5385 0.53630114
-1.0726024 9.5385 1.0726024
-1.3024458 9.576807 1.8387469
-1.4939818 9.653421 2.6431987
-1.6089036 9.80665 3.064578
-1.838747 9.844957 2.9879637
-1.9536686 9.653421 2.2984338
-2.1068974 9.385271 1.4556746
-2.2984335 9.232042 0.68953013
-2.3367407 9.232042 0.19153613
-2.2984335 9.5385 0.19153613
-2.183512 10.0748005 0.57460845
-2.1452045 10.457872 1.187524
-2.2218192 10.534487 1.8770541
-2.4516625 10.419565 2.4516625
-2.873042 9.959879 2.719813
-3.2944217 9.193734 2.681506
-3.5625722 8.619125 2.2984338
-3.677494 8.159439 1.8387469
-3.4093432 8.0445175 1.2641385
-2.9113493 8.42759 0.7278373
-2.2601266 9.002199 0.30645782
-1.5705963 9.576807 -0.038307227
-0.9959879 10.113108 -0.038307227
-0.61291564 10.457872 0.22984336
-0.53630114 10.534487 0.497994
-0.5746084 10.381258 0.8044518
-0.72783726 10.113108 0.9576807
-0.84275895 9.921572 0.9576807
-0.8810662 9.653421 0.842759
-0.91937345 9.5385 0.6512229
-0.88106626 9.423578 0.30645782
-0.842759 9.232041 -0.038307227
-0.7661445 9.232041 -0.038307227
-0.68953 9.2703495 0.038307227
-0.68953 9.308657 0.34476504
-0.68953 9.500193 0.6895301
-0.6512228 9.768343 0.9576807
-0.6512228 10.036494 1.0726024
-0.61291564 10.266337 1.0726024
-0.61291564 10.266337 0.9959879
-0.7278373 10.0748005 0.8044518
-0.842759 9.883265 0.68953013
-0.9193735 9.691729 0.5746084
-0.9959879 9.615114 0.5746084
-0.9959879 9.80665 0.80445176
-0.9576807 9.959879 1.1492168
-0.99598795 10.113108 1.5705963
-1.1109096 10.151415 1.8770541
-1.3024457 9.80665 1.8770541
-1.532289 9.4618845 1.7238252
-1.7621324 9.078813 1.37906
-1.8770542 8.657433 1.0342951
-1.9536686 8.389282 0.8810662
-1.9919758 8.082825 0.7661445
-1.9919758 7.8146744 0.842759
-1.9536686 7.6614456 0.99598795
-1.8387469 7.469909 1.1492169
-1.7238252 7.3549876 1.3790603
-1.532289 7.2783732 1.6089036
-1.340753 7.201759 1.7621324
-1.1875241 7.1634517 1.7238252
-0.99598795 7.0485296 1.5322891
-0.842759 6.8569937 1.1492168
-0.6895301 6.6271505 0.80445176
-0.45968673 6.4356146 0.61291564
-0.2681506 6.3589997 0.4596867
-0.15322891 6.3589997 0.4213795
-0.076614454 6.2057705 0.30645782
-0.15322891 6.090849 0.076614454
-0.22984336 6.090849 0.15322891
-0.15322891 6.5122285 0.38307226
-0.038307227 6.9719152 0.5746084
0.076614454 7.2783732 0.5363012
0.15322891 7.508217 0.30645782
0.19153613 7.3549876 0.038307227
0.19153613 7.163451 -0.038307227
0.19153613 7.2017584 -0.038307227
0.19153613 7.240066 0.30645782
0.19153613 7.546524 0.68953013
0.30645782 7.8912888 1.0342951
0.57460845 8.121132 1.3024457
0.88106626 8.389282 1.1109096
1.1492169 8.542512 0.6512228
1.3024457 8.504205 0.11492169
1.2641385 8.350975 -0.34476504
1.0726024 8.082825 -0.57460845
0.8044518 7.8146744 -0.4213795
0.61291564 7.6614456 -0.19153613
0.53630114 7.699753 0.34476504
0.53630114 7.967903 0.95768064
0.49799395 8.236053 1.4173675
0.38307226 8.542512 1.8387469
0.19153613 8.6574335 1.8387469
0.0 8.504204 1.7238252
-0.076614454 8.504204 1.532289
-0.11492168 8.542511 1.4556745
-0.11492168 8.69574 1.4556745
-0.15322891 9.078813 1.6472107
-0.22984335 9.4618845 1.9536687
-0.30645782 9.844957 2.2984338
-0.4213795 10.189723 2.719813
-0.3830723 10.611102 3.0262709
-0.22984336 11.147404 3.3327286
-0.076614454 11.722012 3.5242648
0.0 12.258312 3.4476504
-0.11492168 12.603077 3.371036
-0.22984335 12.641385 3.371036
-0.42137948 12.641385 3.3327289
-0.53630114 12.641385 3.5625722
-0.45968673 12.564771 3.86903
-0.4213795 12.603078 3.86903
-0.15322891 12.794614 3.9456444
-0.076614454 12.98615 3.86903
-0.038307227 13.024457 3.7924154
0.0 12.909535 3.7924154
0.038307227 12.756307 3.562572
0.11492168 12.603078 3.371036
0.076614454 12.5264635 3.5242648
-0.22984338 12.449849 3.7541082
-0.57460845 12.29662 4.098873
-0.9959879 12.143391 4.5202527
-1.2641385 12.028469 4.6734815
-1.2258313 12.028469 4.6734815
-1.1109095 11.951855 4.4436383
-1.0342951 11.836933 4.1371803
-0.95768064 11.645397 3.8307228
-0.91937345 11.377247 3.4859576
-0.9959879 11.262325 3.4093432
-0.9193735 11.262325 3.2944217
-0.8810662 11.300632 3.2561145
-0.8810662 11.262325 3.2561145
-0.8810662 11.262325 3.1411927
-0.9193735 11.185711 3.0262709
-0.9576807 11.185711 2.9879637
-1.0726024 11.185711 3.064578
-1.2258313 11.147404 3.3327289
-1.4173675 11.109096 3.4859576
-1.5705963 11.18571 3.4859576
-1.6089035 11.109096 3.2944217
-1.7238252 10.955867 2.987964
-1.8770541 10.764331 2.7964277
-2.1452045 10.419566 2.834735
-2.4899697 10.189722 2.873042
-2.7581203 10.0748005 2.9496565
-2.9496565 9.998186 2.9113493
-2.9879637 10.0748005 2.9113493
-2.9496565 10.228029 2.9879637
-2.9113493 10.419565 3.1794999
-2.873042 10.457872 3.3327286
-2.987964 10.304644 3.3710358
-3.141193 9.80665 3.1794996
-3.2178073 8.580819 2.3750482
-2.7964277 8.619126 2.0685902
-2.183512 9.193734 1.8004397
-1.3790603 10.113108 1.5322891
-0.7661446 11.109096 1.3790601
-0.5363012 11.530476 1.340753
-0.6512228 11.262325 1.8004396
-1.187524 10.611101 2.2984335
-1.8770541 9.615114 2.9879637
-2.4516623 8.580818 3.5242648
-2.8730419 7.8146744 3.6774938
-3.1411927 7.125144 3.7924156
-3.1794999 6.703765 3.715801
-2.9113493 6.703765 3.86903
-1.8387469 7.8529816 4.1371803
-1.0726024 8.810662 4.098873
-0.5746084 9.691729 3.6391869
-0.22984335 10.266337 3.026271
-0.11492168 10.342952 2.3750482
-0.19153613 10.22803 2.0685902
-0.38307226 9.883265 2.2601264
-0.61291564 9.461885 3.1411924
-0.9576807 9.078813 4.3287168
-1.340753 8.734048 5.3247046
-1.5705963 8.312668 5.094861
-1.2641385 8.42759 3.9073372
-0.8044518 8.580819 2.719813
-0.34476504 8.848969 2.030283
-0.15322891 9.193735 2.2218192
-0.15322891 9.5385 3.1411927
-0.2681506 9.80665 4.1371803
-0.45968673 9.730036 4.7500963
-0.5363012 9.38527 4.5585604
-0.45968673 8.848969 3.7541082
-0.22984336 8.389282 2.7964275
0.842759 9.11712 2.0685902
1.532289 10.0748005 2.7581205
1.9919758 10.879252 3.6774936
1.8770542 10.91756 4.3287168
1.340753 10.266336 4.2137947
0.6512229 9.308657 3.715801
0.19153613 8.312669 3.217807
0.15322891 8.00621 3.0262709
0.2681506 7.967903 3.371036
0.45968673 8.121132 4.060566
0.49799398 8.542512 4.865018
0.49799398 8.963891 5.554548
0.68953013 9.193735 5.554548
0.8810662 9.385271 4.9416323
1.0726023 9.2703495 3.86903
1.3024457 8.925585 2.9113493
1.3790601 8.695741 2.2984335
1.4173673 8.542512 2.0685902
1.4939818 8.6574335 2.4516625
1.5705963 8.925584 3.1028852
1.5705963 9.193735 3.6391864
1.6472107 9.2703495 3.9456444
1.6472107 9.002198 3.754108
1.6472107 8.734047 3.2944214
1.7621324 8.504204 2.8347347
1.8770541 8.619126 2.566584
2.1068976 9.040505 2.2984335
2.3750482 9.423578 2.1452045
2.6048915 9.844957 2.1835117
2.7581203 10.151415 2.2601266
2.7964277 10.342951 2.6048913
2.681506 10.457872 2.7964277
2.4133554 10.304644 3.064578
2.0685902 10.0748005 3.3327289
1.7621324 9.80665 3.6391864
1.5705963 9.615114 4.0222588
1.5705963 9.615114 4.1754875
1.7238252 9.653421 4.1371803
1.9919759 9.730036 3.7924156
2.2601266 9.844957 3.2944217
2.4516628 9.921572 2.873042
2.5282772 9.921572 2.528277
2.5282772 9.883265 2.4133554
2.4133554 9.80665 2.4516625
2.1452048 9.730036 2.4516625
1.9919758 9.80665 2.528277
1.8770542 9.80665 2.6431985
1.6472108 9.80665 2.8347347
1.1875241 9.346964 3.0262709
0.9959879 9.193735 3.064578
0.9576807 9.040505 3.0262709
0.91937345 9.002198 2.9879637
0.88106626 8.925584 2.7964275
0.842759 8.848969 2.4516625
0.80445176 8.925584 2.183512
0.80445176 9.002198 2.030283
0.84275895 9.11712 2.030283
1.0342951 9.270349 2.1452048
1.340753 9.423578 2.336741
1.5705962 9.576807 2.4516625
1.8004396 9.730036 2.5282772
1.8770541 9.80665 2.5282772
1.7621324 9.768343 2.4899697
1.685518 9.691729 2.3750482
1.532289 9.653421 2.336741
1.340753 9.5385 2.4899697
1.2258313 9.500193 2.5665843
1.1492168 9.576807 2.7581203
1.187524 9.768343 2.9113493
1.3790601 10.266336 2.9113493
1.6089035 10.879252 3.217807
1.9153614 11.836933 3.715801
1.9153614 12.066776 4.060566
1.685518 12.028469 4.3287163
1.3790601 12.028469 4.711789
1.0726024 12.066776 4.9416323
0.8044517 12.028469 5.094861
0.8044517 12.105083 4.9416323
1.0342952 12.373234 4.673482
1.4173675 12.794614 4.4436383
1.8770542 13.40753 4.4436383
2.336741 14.09706 4.7117887
2.681506 14.518439 5.056554
2.834735 14.5567465 5.2863975
2.7581203 14.211981 5.1331687
2.528277 13.599065 4.7884035
2.183512 12.909535 4.4819455
1.8770541 12.373234 4.2521024
1.685518 12.105083 4.405331
1.5322891 12.028469 4.5968676
1.4173673 11.951855 4.865018
1.4173673 11.798626 5.0182467
1.5322891 11.453861 4.8267107
1.7621324 11.070789 4.290409
2.1452045 10.879253 3.4859576
2.375048 10.840945 2.7964275
2.4516623 10.840945 2.6048915
2.2984335 10.726023 3.0262709
1.9153614 10.419565 3.6008792
1.6089036 9.921572 4.1371803
1.340753 9.576807 4.3287168
1.1492168 9.232042 4.098873
1.1109096 8.963891 3.7924156
0.88106626 8.619126 3.6008792
0.19153616 7.776367 3.4859576
-0.26815057 7.508217 3.562572
-0.53630114 7.4699097 3.4859576
-0.5746084 7.508217 3.1794999
-0.344765 7.699753 2.873042
7.4505806E-9 7.8912888 2.4133554
0.45968676 8.082825 2.030283
0.7661446 8.274361 1.8004397
0.9576807 8.465897 1.5322891
0.9959879 8.542512 1.4939818
0.842759 8.42759 1.5705963
0.61291564 8.159439 1.6472108
0.30645782 7.8912888 1.8004398
0.038307227 7.6614456 2.1452048
-0.11492168 7.4699097 2.3367407
-0.15322891 7.354988 2.4133554
-0.15322891 7.316681 2.1835117
0.0 7.316681 1.9153614
0.30645782 7.508217 1.8004396
0.49799395 7.6231384 1.8004396
0.61291564 7.584831 1.9536686
0.57460845 7.393295 2.183512
0.26815057 7.086837 2.2984338
0.076614454 6.933608 2.2984338
0.038307227 6.9719152 2.1452045
0.076614454 7.125144 1.8387469
0.2681506 7.3932953 1.4173675
0.4213795 7.6231384 1.2258313
0.49799395 7.776367 1.2258313
0.45968673 7.8912888 1.37906
0.30645782 7.8146744 1.685518
0.22984336 7.6231384 1.8770541
0.22984336 7.584831 2.030283
0.30645782 7.546524 1.9536686
0.4596867 7.584831 1.8387469
0.4596867 7.699753 1.8004397
0.34476507 7.6614456 1.5705963
0.22984336 7.6614456 1.4556746
0.11492168 7.699753 1.3024458
0.038307227 7.8146744 1.0726024
0.038307227 7.8912888 0.9576807
0.076614454 7.929596 0.9576807
0.0 7.929596 0.9576807
-0.076614454 7.8912888 1.0342951
-0.11492168 7.929596 1.2258313
-0.15322891 7.929596 1.4173675
-0.038307227 8.0445175 1.685518
0.11492168 8.236053 1.9536686
0.19153613 8.504204 2.030283
0.22984336 8.6574335 1.9536686
0.26815057 8.772355 1.8387468
0.22984335 8.772355 1.6089035
0.19153613 8.695741 1.5322891
0.15322891 8.734048 1.6089035
0.038307227 8.810662 1.7238252
0.038307227 8.772355 1.9153614
0.15322891 8.887277 1.7621324
0.42137948 9.193734 1.2258313
0.6512228 9.576807 0.8810662
0.7661445 9.883265 0.8810662
0.8810662 10.151415 0.95768064
0.842759 10.0748005 1.1492168
0.8044518 9.80665 1.532289
0.6895301 9.576807 1.8387468
0.45968673 9.385271 1.8387468
0.15322891 9.500193 1.685518
-0.19153613 9.691729 1.4173675

