-0.34476504 9.615114 1.3024457
-0.076614454 9.461885 1.685518
0.19153613 9.615114 2.2601264
0.344765 9.576807 2.336741
0.49799395 9.615114 2.336741
0.6512229 9.500193 2.1068976
0.9576807 9.385271 1.9153614
1.1875241 9.500193 1.7238252
1.340753 9.500193 1.5705963
1.532289 9.576807 1.4556746
1.5705962 9.5385 1.2641385
1.5705962 9.423578 1.0726024
1.6089036 9.461885 0.9193734
1.6472108 9.423578 0.842759
1.7238252 9.5385 0.9576807
1.8004397 9.653421 1.1109096
1.8004397 9.653421 1.1492168
1.7621324 9.691729 0.9193735
1.7238252 9.653421 0.8810662
1.7621324 9.653421 0.9959879
1.7621324 9.653421 1.2258313
1.7238252 9.730036 1.4939818
1.7621324 9.844957 1.685518
1.7238252 9.998186 1.8387469
1.7238252 10.189722 2.0685902
1.5705965 10.0748005 2.030283
1.340753 9.921572 1.9153613
1.1875241 9.691729 1.7238252
1.1109096 9.500193 1.3790601
1.2641386 9.653421 1.1492168
1.4556746 9.844957 0.9576807
1.6089035 10.036493 0.9193734
1.685518 10.151415 1.1875241
1.6089036 10.0748005 1.6472108
1.4173675 9.921572 2.1452048
1.2258313 9.730036 2.4899697
1.0342951 9.5385 2.528277
0.99598795 9.385271 2.2218192
1.0726024 9.2703495 1.8387468
1.2641385 9.232042 1.4173673
1.4939818 9.232042 1.1492168
1.685518 9.2703495 1.0726024
1.8770542 9.346964 1.0726024
1.8770542 9.500193 1.1492169
1.838747 9.576807 1.1492169
1.7621324 9.653421 1.1492169
1.7621324 9.691729 1.2258313
1.8770542 9.500193 1.3790601
1.8770542 9.308657 1.2258313
1.8387469 9.193734 0.9959879
1.9153614 9.232041 0.8810662
2.2984338 9.5385 0.9576807
2.4516625 9.768343 1.3024457
2.5282772 9.844957 1.4939818
2.4516625 9.921572 1.4173675
2.1452048 9.883265 1.1109096
1.877054 9.691729 0.9959879
1.6089034 9.4618845 1.1492168
1.4556746 9.270349 1.4556746
1.3024457 9.385271 1.8770541
1.3790601 9.653421 1.9536686
1.4173673 9.883265 1.7621325
1.532289 10.0748005 1.4556746
1.5705963 10.0748005 1.1492169
1.4939818 9.959879 1.0726024
1.3024457 9.844957 1.0342951
1.0342951 9.653421 1.1492168
0.7661445 9.5385 1.4173673
0.5746084 9.461885 1.3790601
0.45968673 9.423578 1.4556746
0.45968673 9.576807 1.5705963
0.45968673 9.730036 1.7238252
0.45968673 9.844957 1.8387469
0.45968673 9.959879 1.8004396
0.34476504 9.883265 1.6472108
0.22984336 9.691729 1.3024458
0.11492168 9.5385 0.9576807
0.076614454 9.423578 0.9576807
0.076614454 9.500193 0.9193735
0.11492168 9.691729 1.1109096
0.076614454 9.921572 1.4556746
-0.038307227 9.959879 1.5705965
-0.19153613 9.844957 1.6089036
-0.34476504 9.691729 1.3790601
-0.4213795 9.385271 0.9959879
-0.4213795 9.2703495 0.4596867
-0.2681506 9.232042 0.22984336
-0.15322891 9.232042 0.34476507
-0.11492168 9.385271 0.6512228
-0.11492168 9.500193 1.1875241
-0.30645782 9.653421 1.340753
-0.4596867 9.730036 1.1492169
-0.49799395 9.768343 0.6512229
-0.61291564 9.730036 -0.076614454
-0.6512228 9.576807 -0.61291564
-0.6512228 9.346964 -0.8810662
-0.72783726 9.232041 -0.8810662
-0.72783726 9.232041 -0.4213795
-0.61291564 9.38527 0.26815054
-0.49799392 9.883265 0.8810662
-0.3064578 10.419566 1.3790601
-0.11492168 10.726024 1.4939818
-0.076614454 10.840945 1.1875241
-0.19153613 10.572795 0.6512229
-0.38307226 10.151415 0.30645785
-0.61291564 9.80665 0.038307227
-0.88106626 9.653421 0.15322891
-1.0726023 9.615114 0.61291564
-1.340753 9.5385 1.1109096
-1.7238252 9.615114 1.6089034
-1.9536687 9.615114 2.1452048
-2.183512 9.921572 2.719813
-2.183512 10.113108 3.1028852
-2.2984335 10.151415 3.2561142
-2.528277 10.113108 3.3327286
-2.6048913 10.036493 3.0262709
-2.6048913 9.844957 2.336741
-2.7198129 9.844957 2.0685902
-2.9496565 9.691729 2.1068976
-3.2561145 9.461885 2.1068976
-3.4859576 9.308657 2.1452048
-3.562572 9.193735 2.2601264
-3.5242648 9.232042 2.4516625
-3.4093432 9.423578 2.566584
-3.217807 9.5385 2.566584
-2.8730419 9.615114 2.2984338
-2.566584 9.653421 1.7238252
-2.030283 9.80665 0.8044517
-1.9536686 9.921572 0.7661445
-2.030283 9.959879 1.0342951
-2.183512 9.883265 1.3790601
-2.3750482 9.730036 1.7238252
-2.4899697 9.615114 1.8770542
-2.4516625 9.461885 1.9153614
-2.2984338 9.346964 1.7621325
-2.1068976 9.155427 1.6089035
-1.9153614 9.002198 1.340753
-1.7238253 8.887277 1.1109096
-1.5322891 8.772355 1.0726023
-1.4173673 8.695741 1.0726023
-1.3790601 8.465898 1.340753
-1.4939818 8.274361 1.7238252
-1.6472108 8.121132 2.1068974
-1.7238252 7.967903 2.834735
-1.7238252 7.929596 2.9496565
-1.7238252 7.73806 2.9496565
-1.8004397 7.431602 2.8347347
-1.8004397 7.125144 2.719813
-1.7238252 6.780379 2.4516625
-1.5322891 6.4739213 2.0302832
-1.340753 6.2440777 1.493982
-1.1875241 6.129156 0.8044518
-0.99598795 6.0525417 0.3830723
-0.95768064 6.1674633 0.34476504
-0.91937345 6.3589997 0.6512229
-0.7661445 6.5122285 1.2641385
-0.6895301 6.703765 1.6089035
-0.49799398 6.8569937 1.5322891
-0.30645782 6.933608 1.1492168
-0.15322891 7.0102224 0.4596867
0.038307227 7.125144 -0.076614454
0.15322891 7.1634517 0.076614425
0.30645782 7.354988 0.344765
0.5363012 7.546524 0.5746084
0.6895301 7.776367 0.68953
0.7661445 8.082825 0.6512228
0.6895301 8.312668 0.8044517
0.49799395 8.427589 0.9959879
0.34476504 8.504205 1.1109096
0.22984335 8.465897 1.3024457
0.22984335 8.504204 1.3790601
0.34476504 8.580818 1.187524
0.45968673 8.734047 0.8810662
0.45968673 8.887277 0.53630114
0.38307226 8.887277 0.30645782
0.26815057 8.925584 0.34476504
0.22984335 8.925584 0.49799395
0.34476504 9.002198 0.61291564
0.5363012 9.078813 0.5363012
0.6895301 9.232042 0.5363012
0.5746084 9.346964 0.7661445
0.30645782 9.385271 1.1875241
-0.15322891 9.423578 1.6472108
-0.6512228 9.308657 1.9536686
-0.9576807 9.193735 1.9536686
-1.1109097 9.040505 1.6472108
-1.0726024 8.963891 1.2641385
-0.99598795 9.040506 0.84275895
-0.9576807 9.002199 0.6512229
-0.8810662 9.117121 0.80445176
-0.91937345 9.308657 1.1875241
-0.80445176 9.653421 1.8004396
-0.3830723 11.070788 2.5282772
-0.2681506 11.798626 2.5282772
-0.30645782 12.220005 2.3750482
-0.45968673 12.296619 1.9919758
-0.7278373 12.028469 1.532289
-0.9959879 11.492168 1.1875241
-1.3024458 11.147404 1.1492168
-1.6472108 11.070789 1.5705962
-1.9536686 11.224018 2.2218192
-2.0685902 11.645397 2.7964275
-2.030283 11.951855 2.8347347
-1.7621324 12.181698 2.528277
-1.4173675 12.373235 2.1452048
-1.0726023 12.411542 1.8004396
-0.72783726 12.679693 1.6089035
-0.5746084 13.024458 1.6472107
-0.4213795 13.484144 1.7238253
-0.38307226 13.905523 1.8770541
-0.49799395 14.135366 2.2984335
-0.7278373 14.135366 2.7581203
-1.1492169 13.982138 3.1794999
-1.5705965 13.67568 3.5242648
-1.9536686 13.2543 3.4859576
-2.1452045 12.832921 3.2944217
-2.0685902 12.526463 2.9879637
-1.9536686 12.488155 2.681506
-1.8004398 12.526463 2.6431987
-1.685518 12.603078 2.7581203
-1.7621324 12.564771 2.9496567
-1.838747 12.373235 3.1794999
-1.9536686 12.02847 3.2561142
-2.0685902 11.530476 3.0645783
-2.1452048 10.91756 2.8347347
-2.2218192 10.342951 2.6431987
-2.2218192 9.959879 2.4899697
-2.1835117 9.80665 2.4516625
-2.0685902 9.80665 2.4516625
-1.9536686 9.883265 2.4899697
-1.9153614 9.883265 2.681506
-1.9536686 9.80665 2.8347347
-1.9919758 9.653421 2.873042
-2.030283 9.461885 2.834735
-2.0685902 9.270349 2.834735
-2.1068974 9.078813 2.681506
-2.183512 8.925584 2.6048913
-2.2984335 8.925584 2.566584
-2.3750482 9.002199 2.2984335
-2.3750482 9.193735 2.3750482
-2.3750482 9.5385 2.5282772
-2.2984338 9.844957 2.7581205
-2.2218192 10.113109 3.1028857
-2.2218192 10.304645 3.141193
-2.2218192 10.266337 3.141193
-2.3367407 10.0748005 2.9879637
-2.4899697 9.80665 2.7581205
-2.681506 9.615114 2.7198133
-2.9496565 9.385271 2.681506
-3.1794999 9.232042 2.719813
-3.371036 9.078813 2.7581203
-3.4859576 8.887277 2.681506
-3.4476504 8.848969 2.4516625
-3.3327289 8.887277 2.030283
-3.1794999 9.002198 1.6089034
-3.064578 9.078813 1.3407528
-3.064578 9.193734 1.3790601
-3.1794999 9.11712 1.6472107
-3.2561142 9.002198 1.9536686
-3.2561142 9.002198 2.1068974
-3.217807 8.887277 2.030283
-3.1028852 8.925584 1.9153614
-3.0262709 8.925584 1.7621324
-2.9879637 8.887277 1.838747
-2.9113493 8.848969 1.8770542
-2.681506 8.772355 1.9153614
-2.4899697 8.887277 2.0685902
-2.3367407 8.963891 2.183512
-2.2984335 9.078813 2.4133554
-2.3367407 9.232041 2.528277
-2.375048 9.193734 2.4899697
-2.2218192 9.040505 2.2601264
-1.9536686 9.002198 2.0685902
-1.7621324 9.040505 2.2984335
-1.6472108 9.193735 2.7964275
-1.6472108 9.5385 3.371036
-1.6089035 9.844957 3.4859576
-1.4556746 9.80665 3.217807
-1.2641385 9.615114 2.719813
-1.1109096 9.423578 2.2601264
-0.9959879 9.155427 2.4899697
-1.0726024 9.193734 3.1411927
-1.1109096 9.461885 3.8307228
-1.0342951 9.653421 4.3287163
-0.95768064 9.883265 4.3670235
-0.84275895 9.998186 3.9456444
-0.72783726 9.959879 3.6774938
-0.61291564 10.036493 3.6008794
-0.49799395 10.151415 3.5625722
-0.38307226 10.266336 3.5242648
-0.15322891 10.304644 3.3327286
0.076614454 10.151415 3.1411927
0.2681506 9.959879 3.1794999
0.5363012 9.80665 3.3327286
0.61291564 9.730036 3.3710358
0.4213795 9.461885 3.217807
0.19153613 9.193735 3.1411927
0.076614454 8.963891 3.2944217
0.076614454 8.887277 3.5242648
0.15322891 8.925584 3.677494
0.45968673 9.155428 3.7541084
0.7661445 9.461885 3.524265
1.0726023 9.653421 3.2944217
1.3407528 9.730036 2.9496565
1.37906 9.691729 2.6048913
1.2641385 9.346964 2.4516623
0.9959879 8.887277 2.413355
0.6512228 8.350976 2.8347347
0.49799395 7.967903 3.3327289
0.61291564 7.929596 3.6391869
0.95768064 8.197746 3.4476504
1.532289 8.6574335 2.528277
2.1068976 9.078814 1.7238252
2.3750482 9.423578 1.2641385
2.3750482 9.576807 1.532289
1.9536686 9.346964 2.48997
1.4173673 8.963892 3.4476504
1.0726023 8.542512 4.0222588
1.0342951 8.082825 3.715801
1.2258313 8.159439 2.9496565
1.532289 8.427589 2.336741
1.9536686 9.040505 1.9919759
2.2218192 9.768343 2.336741
2.4516625 10.49618 3.1028852
2.4516625 10.994174 3.9073372
2.2218192 11.032481 4.4436383
1.9919758 10.6877165 4.2904096
1.6472108 10.189722 3.7924156
1.3790601 9.576807 3.2178073
1.2641385 9.117121 2.7964277
1.187524 9.002198 2.4899697
1.3790601 9.078813 2.3750482
1.5705963 9.576807 2.6431987
1.7238252 10.113108 2.9496565
1.8004397 10.457873 3.4093432
1.685518 10.496181 3.8307228
1.4939818 10.0748005 3.86903
1.2641385 9.576807 3.715801
1.0342951 9.040505 3.4093432
0.9193735 8.695741 2.9113493
0.9193735 8.6574335 2.3750482
1.0726024 8.887277 2.1835117
1.4173673 9.500192 2.3750482
1.685518 10.266336 2.834735
1.9919758 11.224017 3.7541082
1.8004396 10.994174 3.6391866
1.5705962 10.457872 3.4093432
1.2641385 9.883265 3.0645783
1.0726024 9.423578 2.834735
0.9193735 9.232041 2.6431987
0.9576807 9.538499 2.5665843
1.0726024 10.036493 2.9113493
1.3024457 10.726024 3.371036
1.7238252 11.9135475 4.367024
1.8770541 12.105083 4.2904096
1.8004397 12.066776 3.9839516
1.6472107 11.836933 3.7158012
1.532289 11.415554 3.4093432
1.2641385 11.147404 3.2561142
1.1492169 10.91756 3.1028855
1.1492169 11.032482 3.026271
1.2258313 11.453861 2.873042
1.4556746 11.951855 2.7964277
1.685518 12.488155 2.7964277
1.838747 12.794614 2.4899697
1.838747 12.909535 2.2601264
1.7621325 12.871228 2.2601264
1.6472107 12.832921 2.681506
1.4939818 12.832921 3.4476507
1.4556745 12.871228 4.1371803
1.4173673 13.024458 4.5202527
1.3790601 13.024458 4.5202527
1.4556746 12.986151 4.3287163
1.4173675 12.832922 4.060566
1.4173675 12.488156 3.6391866
1.4556746 12.105083 2.9113493
1.4556746 11.760319 2.336741
1.5322891 11.60709 2.1452048
1.6472108 11.60709 2.3750482
1.7238252 11.683704 2.9879637
1.5705963 11.568783 3.6008792
1.340753 11.18571 3.7924156
0.9959879 10.534487 3.4859576
0.7278373 9.730036 2.8347347
1.0726023 9.921572 2.6431985
1.2258313 10.113108 2.6431985
1.2641385 10.189722 2.566584
1.1492169 9.998186 2.6815057
1.0342951 9.80665 2.9496565
0.842759 9.461885 3.2561145
0.61291564 9.078814 3.371036
0.38307226 8.772355 3.2944217
0.22984335 8.350975 2.9113493
0.19153613 8.082825 2.4516625
0.3830723 8.0445175 1.9536686
0.7278374 8.427589 1.8770541
1.2641385 9.346964 2.4899697
1.1492168 9.423578 3.026271
0.91937345 9.002199 3.1411927
0.68953013 8.389283 2.9496565
0.61291564 7.8912888 2.6431987
0.68953013 7.508217 2.2601264
0.8044518 7.3549876 2.030283
0.9576807 7.5465236 2.2601264
1.0726024 8.00621 3.0262709
0.99598795 7.7763667 3.2561142
0.8044518 7.278373 3.1411927
0.6512228 6.7420716 2.873042
0.61291564 6.5505357 2.4133554
0.61291564 7.2783732 1.6089034
0.61291564 7.6997523 1.4939818
0.68953013 8.082825 1.3407528
0.68953013 8.121132 1.2641385
0.68953013 7.7380595 1.2641385
0.5746084 7.393295 0.9959879
0.2681506 6.933608 0.9193735
0.076614454 6.780379 1.0726024
-0.038307227 6.933608 1.2258313
-0.076614454 7.0485296 1.5705962
-0.076614454 7.1634517 1.8004396
0.038307227 7.201759 1.8770542
0.19153613 7.163451 1.7621324
0.38307226 7.163451 1.685518
0.57460845 7.2400656 1.685518
0.7661445 7.354988 1.685518
0.842759 7.4699097 1.7238252
0.842759 7.546524 1.5322891
0.842759 7.4699097 1.2258313
0.6895301 7.4699097 1.0726024
0.49799395 7.584831 1.0342951
0.38307226 7.73806 1.1492168
0.34476504 8.082825 1.2641385
0.3064578 8.312668 1.3407528
0.42137948 8.542511 1.3790601
0.61291564 8.848969 1.340753
0.842759 9.193734 1.4173673
1.0726024 9.5385 1.4939818
1.1109096 9.615114 1.5705962
0.7661446 9.385271 1.9536686
0.6512228 9.232042 2.1068974
0.5746084 9.193735 2.375048
0.5363012 9.232042 2.528277
0.45968673 9.193734 2.681506
0.3830723 9.155427 2.873042
0.34476507 9.193734 2.873042
0.34476507 9.193734 2.9113493
0.4213795 9.155427 2.9113493
0.4213795 8.925584 2.719813
0.45968673 8.887277 2.681506
0.45968673 9.002198 2.566584
0.3830723 9.155427 2.4133554

