0.34476504 9.461885 2.4899697
0.2681506 9.500193 2.528277
0.15322891 9.232042 2.5665843
0.11492168 9.002198 2.5282772
0.0 8.810662 2.4133554
0.076614454 9.078813 2.2984335
0.5746084 9.232041 2.2601264
1.1109096 9.270349 2.1068976
1.6089035 9.270349 2.0302832
1.9919758 9.040505 1.8004398
1.9536686 9.078813 1.838747
2.030283 9.232042 1.9919758
2.1068974 9.423578 2.2601264
2.2601264 9.653421 2.4899697
2.375048 9.768343 2.6048915
2.4133554 9.921572 2.6048915
2.4133554 9.998186 2.4133554
2.3750482 9.844957 2.030283
2.2984335 9.691729 1.6472108
2.183512 9.5385 1.3790603
2.183512 9.346964 1.1875241
2.1452048 9.308657 1.37906
2.1068974 9.423578 1.6089034
2.1068974 9.5385 1.8004396
2.1068974 9.80665 1.9919758
2.1452045 10.036493 2.030283
2.183512 10.0748005 2.0685902
2.1068974 9.959879 2.030283
1.9536686 9.691729 1.9919759
1.7621324 9.461885 1.8387469
1.5705965 9.232041 1.5705963
1.532289 9.193734 1.340753
1.5705963 9.2703495 1.2641385
1.6089035 9.423578 1.3790601
1.685518 9.653421 1.532289
1.7621325 9.80665 1.7238252
1.8004397 9.883265 1.6089035
1.9153614 9.883265 1.4173675
1.9919758 9.80665 1.1875241
2.030283 9.615114 1.0342951
1.9919758 9.5385 0.95768064
1.8004397 9.346964 0.80445176
1.685518 9.308657 0.95768064
1.5705963 9.423578 0.9959879
1.4556746 9.423578 1.3024457
1.4556746 9.653421 1.7238252
1.4556746 9.921572 1.9919758
1.493982 10.113108 2.183512
1.5322891 10.189722 1.9153614
1.5322891 9.768343 1.2641385
1.3790601 9.155428 0.5746084
1.1492168 8.69574 0.19153613
1.0342951 8.542511 0.4213795
0.8810662 8.925584 1.1875241
0.842759 9.4618845 1.9536686
0.8044517 9.921572 2.566584
0.8044517 10.151415 2.7581203
0.9193734 10.036493 2.4516625
1.0726023 9.768343 1.838747
1.187524 9.461885 1.0726024
1.1109095 9.308657 0.53630114
0.95768064 9.232042 0.45968673
0.6512228 9.193735 0.72783726
0.38307226 9.193735 1.1492168
0.22984335 9.232042 1.4556746
0.26815057 9.461885 1.4939818
0.45968673 9.691729 1.4173675
0.68953013 9.844957 1.1492169
0.9193735 9.80665 0.7661446
0.9193735 9.691729 0.5363012
0.7661445 9.615114 0.49799395
0.61291564 9.576807 0.6512229
0.38307223 9.461885 0.9959879
0.11492168 9.193735 1.2258313
0.0 8.848969 1.2641385
-0.038307227 8.657433 1.2641385
0.0 8.8489685 1.1109096
0.22984336 9.308657 1.1492168
0.38307226 9.883265 1.3790601
0.38307226 10.189722 1.6472108
0.30645782 10.228029 2.1452048
0.15322891 10.151415 2.719813
0.038307227 10.0748005 3.0645783
0.076614454 10.113108 3.217807
0.19153613 10.304644 2.9879637
0.2681506 10.381258 2.2601264
0.4213795 10.457872 1.6089035
0.49799395 10.534488 1.1109096
0.49799395 10.496181 0.842759
0.5363012 10.611102 1.0342951
0.4213795 10.6877165 1.4173675
0.19153613 10.726024 1.9536686
-0.15322891 10.611101 2.566584
-0.6512229 10.304644 3.1028852
-1.1109096 9.844957 3.1795
-1.532289 9.385271 2.834735
-1.8387468 9.155427 2.1452048
-1.9153614 9.040505 1.2641385
-1.9536686 9.002198 0.61291564
-1.8770542 9.002198 0.22984336
-1.7238252 8.963891 0.11492168
-1.7238252 9.232041 0.38307226
-1.6855179 9.65342 1.0726023
-1.7621324 10.0748005 1.9919758
-2.0685902 10.266336 2.9113493
-2.3750482 10.0748005 3.3327289
-2.6431987 9.653421 3.1028855
-2.7581203 9.308657 2.2984338
-2.4516625 9.308657 1.3790601
-2.030283 9.5385 0.6512229
-1.7238252 9.998186 0.34476504
-1.5705963 10.381258 0.42137948
-1.7621324 10.49618 0.6895301
-2.183512 10.419565 1.3407528
-2.719813 10.151415 1.9536686
-3.1794999 9.844957 2.566584
-3.5625722 9.500193 2.9113493
-3.7541084 9.232042 2.719813
-3.7924156 9.002198 2.2984338
-3.6774938 8.695741 1.8004398
-3.371036 8.542511 1.1492169
-2.9879637 8.6574335 0.5746084
-2.1452048 9.346964 -0.038307227
-1.8770541 9.768343 0.19153613
-1.8770541 9.768343 0.7278373
-2.1068974 9.461885 1.4173675
-2.566584 8.925585 2.030283
-3.1411924 8.389283 2.566584
-3.2944217 8.0445175 2.7581203
-3.1028852 8.121132 2.6048915
-2.681506 8.580818 2.1452048
-2.030283 9.193734 1.5322891
-1.6472108 9.653421 0.9193735
-1.6472108 9.959879 0.8810662
-1.8770542 9.883265 1.6472108
-2.0685902 9.844957 2.6048915
-2.1452048 9.80665 3.3327289
-2.1452048 9.691729 3.6391866
-2.1068976 9.653421 3.4093432
-1.9919758 9.730036 3.1794999
-1.8387469 9.730036 2.873042
-1.6472107 9.80665 2.719813
-1.4939818 9.844957 2.7581203
-1.4173675 9.883265 2.7964275
-1.340753 9.921572 2.9496565
-1.3024457 9.883265 2.9879637
-1.3407528 9.576807 2.6431985
-1.4939818 8.465898 1.6472107
-1.6089035 7.8912888 1.2258313
-1.6472108 7.508217 1.1492169
-1.685518 7.240066 1.1875241
-1.6089036 7.1251445 1.3790603
-1.532289 7.1634517 1.685518
-1.3790601 7.240066 1.9153614
-1.1492168 7.3166804 2.0685902
-0.9576807 7.2783732 1.8770542
-0.7278373 6.9719152 1.4556746
-0.5746084 6.5505357 0.9193735
-0.4213795 6.244078 0.5363012
-0.22984336 6.129156 0.5363012
-0.038307227 6.397307 0.7661445
0.19153613 6.8186865 0.95768064
0.30645782 7.1251445 0.7278373
0.22984336 7.240066 0.2681506
0.11492168 7.125144 -0.22984335
-0.11492168 6.856993 -0.3064578
-0.34476504 6.588843 -0.15322888
-0.49799395 6.3589997 0.15322891
-0.6512228 6.2440777 0.49799395
-0.6512228 6.2440777 0.5746084
-0.6895301 6.4739213 0.7661446
-0.6512228 6.7037644 0.8810662
-0.49799395 6.9719152 0.8810662
-0.30645782 7.3166804 0.8810662
0.07661445 7.393295 0.6895301
0.49799395 7.73806 0.53630114
0.7661445 8.0445175 0.53630114
0.91937345 8.312668 0.61291564
0.9576807 8.734047 0.9193734
0.88106626 8.963891 1.0342951
0.842759 9.078813 1.0342951
0.7661445 9.193735 0.9959879
0.7278373 9.308657 0.8810662
0.7278373 9.423578 0.9576807
0.6512228 9.5385 1.0342952
0.5746084 9.5385 1.2258313
0.49799395 9.500193 1.532289
0.34476507 9.576807 1.7621324
0.26815057 9.653421 2.030283
0.22984335 9.768343 2.0685902
0.15322891 9.844957 1.9919758
0.11492168 9.883265 2.0685902
0.0 9.959879 2.2984335
-0.19153613 10.113108 2.7964275
-0.45968673 10.342951 3.371036
-0.6512228 10.611102 3.7541082
-0.8044518 10.91756 3.8307228
-0.842759 11.109096 3.524265
-0.7661445 11.147403 3.026271
-0.6895301 11.147403 2.681506
-0.6895301 10.994174 2.5665843
-0.8810662 10.879252 2.7581205
-1.1875241 10.764331 3.2178073
-1.5705963 10.611102 3.6774936
-1.8004397 10.534488 3.8307228
-1.9153614 10.649409 3.562572
-1.8387469 10.6877165 3.2561145
-1.8770541 10.764331 3.2178073
-1.9153614 10.726024 3.371036
-1.9536686 10.802638 3.6008792
-1.9536686 10.994175 3.715801
-1.8770542 11.147404 3.6008792
-1.7621324 11.185711 3.3327286
-1.685518 11.109097 3.2944214
-1.6089036 10.955867 3.4859576
-1.5705962 10.840945 3.8307226
-1.4939818 10.879252 4.1754875
-1.4173673 10.994174 4.367024
-1.3790601 11.109097 4.367024
-1.2258313 11.415554 4.3287168
-1.1109096 11.798626 4.2137947
-1.0342952 12.105083 4.098873
-1.0726024 12.373235 4.1754875
-1.340753 12.411542 4.3287163
-1.6472108 12.258313 4.5202527
-1.9153614 11.990162 4.6351743
-2.1452048 11.645397 4.4819455
-2.2218192 11.33894 4.3670235
-2.2601264 11.147404 4.3670235
-2.2601264 11.147404 4.290409
-2.2218192 11.185711 4.5202527
-2.2601264 11.224018 4.55856
-2.336741 11.185711 4.5202527
-2.4899697 10.994174 4.405331
-2.681506 10.764331 4.1754875
-2.873042 10.534487 4.098873
-3.0262709 10.266336 4.098873
-3.1794999 9.998186 4.290409
-3.2944214 9.80665 4.4819455
-3.1028855 9.576807 4.55856
-2.9496565 9.615114 4.367024
-2.7964275 9.576807 4.1754875
-2.7581203 9.5385 3.9839516
-2.719813 9.385271 3.7924156
-2.6431987 9.308657 3.7541084
-2.6048915 9.232042 3.6008792
-2.6431987 9.078813 3.562572
-2.7964275 8.963891 3.6774938
-3.0262709 8.810662 3.86903
-3.217807 8.772355 4.0222588
-3.2561142 8.810662 3.9839516
-3.2561142 8.810662 3.8307228
-3.2561142 8.772355 3.562572
-3.2561142 8.6574335 3.4859576
-3.4093432 8.504205 3.6008792
-3.524265 8.42759 3.7541082
-3.6391866 8.42759 3.6774938
-3.7541084 8.465898 3.4476504
-3.8307228 8.389283 3.3327289
-3.9839516 8.274361 3.4476504
-4.060566 8.197746 3.9073372
-4.098873 8.236053 4.367024
-3.9839516 8.542511 4.4819455
-3.7541084 8.96389 4.2521024
-3.4476504 9.2703495 3.8307228
-3.2178073 9.385271 3.562572
-3.1411924 9.346964 3.4859576
-3.1794996 9.040505 3.524265
-3.2944217 8.657433 3.524265
-3.3327289 8.350975 3.4859579
-3.2561145 8.121132 3.2944217
-2.9113493 8.197746 3.3327289
-2.566584 8.6574335 3.562572
-2.3367407 9.193734 3.6774938
-2.1452045 9.883265 3.8307228
-2.1452045 10.496181 3.9073372
-2.1452045 10.802638 3.8307228
-2.0685902 10.840945 3.715801
-2.0685902 10.419565 3.6774938
-2.183512 9.65342 3.5242648
-2.336741 8.734048 3.4859576
-2.4133554 8.0445175 3.6391869
-2.2984338 7.8912888 3.677494
-1.838747 8.350975 3.4476507
-1.2641385 9.308657 3.0645783
-0.7661446 10.228029 2.6431987
-0.49799395 10.8792515 2.528277
-0.57460845 11.032481 2.834735
-0.9959879 10.649409 3.562572
-1.4173673 10.113109 4.060566
-1.8004396 9.461885 4.2521024
-1.9919758 8.925584 4.175488
-1.8770542 8.6574335 3.7158012
-1.4939818 8.580819 3.2178068
-1.2258313 8.772355 3.1028852
-0.91937345 9.078813 3.1028852
-0.49799395 9.4618845 3.1028852
-0.03830722 9.883265 3.1028852
0.30645782 10.304644 3.064578
0.5746084 10.49618 2.8347347
0.53630114 10.342951 2.566584
0.15322891 9.921572 2.528277
-0.19153613 9.193734 2.7581203
-0.72783726 8.580819 3.217807
-0.9959879 8.197746 3.6391866
-0.842759 8.236053 3.6391866
-0.57460845 8.619125 3.371036
-0.076614454 9.078814 3.0645783
0.34476507 9.691729 2.9113493
0.34476507 10.0748005 3.3327286
0.19153614 10.151415 3.907337
-0.11492168 9.959879 4.3670235
-0.34476507 9.500193 4.481945
-0.49799395 9.117121 4.060566
-0.45968673 8.695741 3.3327286
-0.3064578 8.504205 2.6431985
-0.15322891 8.465898 2.2601264
0.11492168 8.619126 2.2218192
0.30645782 8.925585 2.566584
0.57460845 9.2703495 3.064578
0.68953013 9.500193 3.562572
0.842759 9.461885 3.7541084
0.91937345 9.232041 3.4859576
0.88106626 8.810662 2.834735
0.91937345 8.350975 2.0685902
0.9576807 7.929596 1.4556746
0.9959879 7.8529816 1.340753
1.2258313 8.0445175 1.8004396
1.4173673 8.6574335 2.6431987
1.532289 9.308657 3.4093432
1.6089035 9.768343 3.8307228
1.4173675 9.844957 3.9456444
1.3024458 9.5385 3.5242648
1.0726024 9.155428 3.1028855
1.0342951 8.848969 2.566584
1.1109095 8.848969 1.9919758
1.3407528 9.193734 1.8770541
1.8004396 9.959879 2.2601264
2.2601264 11.415553 3.86903
1.9919758 11.492168 4.4819455
1.4173675 10.572795 4.405331
0.7661446 9.576807 4.1371803
0.34476504 8.580819 3.4859576
0.11492168 7.967903 2.9113493
0.22984336 8.236053 2.6431987
0.5746084 8.69574 2.6431987
0.9576807 9.423578 2.9113493
1.340753 10.228029 3.4093432
1.493982 10.726025 3.8307226
1.3790603 10.764332 3.9073372
1.1109096 10.304644 3.6008797
0.8044518 9.615114 3.1028857
0.6512229 9.002199 2.6048913
0.61291564 8.810662 2.4516625
0.7661446 8.963891 2.4516625
0.88106626 9.232041 2.528277
0.99598795 9.576807 2.6048915
0.88106626 9.615114 2.7964277
0.842759 9.615114 3.1411927
0.842759 9.691729 3.1411927
0.9576807 9.883265 3.1794999
1.1492168 10.151415 2.834735
1.3790601 10.419565 2.2218192
1.5322891 10.611101 1.9536686
1.5322891 10.726024 1.8004396
1.3790601 10.764331 2.1068974
1.2258313 10.917561 2.566584
1.0726024 11.070789 3.217807
0.9576807 11.185711 3.6774938
0.88106626 11.185711 3.7924156
0.7278373 11.147403 3.7541084
0.6895301 11.338939 3.4859576
0.6512228 11.645396 3.4859576
0.6512228 12.143391 3.6391864
0.6512228 12.603078 3.907337
0.61291564 12.871228 4.3287163
0.5363012 13.024457 4.4436383
0.5363012 13.024457 4.405331
0.6512228 12.98615 4.405331
0.7661445 12.909535 4.1371803
0.80445176 12.717999 3.9839516
0.6512228 12.641385 3.6774936
0.6512228 12.756307 3.6391864
0.80445176 13.101072 3.4476504
0.9959879 13.484144 3.4859576
1.2641385 13.67568 3.677494
1.2258313 13.599066 3.7924156
1.0342951 13.292607 3.86903
0.9193734 12.947843 4.0222588
0.842759 12.756307 4.0222588
0.9193734 12.641385 3.9073372
0.9959879 12.449849 3.8307228
0.9959879 12.028469 3.677494
0.91937345 11.568783 3.6391864
0.6512228 10.955867 3.86903
0.38307226 10.342951 4.252102
0.19153613 9.998186 4.5585604
0.11492168 9.768343 4.711789
0.2681506 9.500193 4.5585604
0.61291564 9.423577 4.0988736
0.91937345 9.346963 3.6774938
1.1492168 9.270349 3.4859576
1.37906 9.423578 3.2561142
1.4173673 9.500193 3.2944217
1.3790601 9.308657 3.5242648
1.1109096 8.925584 3.7158008
0.5363012 8.274361 4.060566
-0.038307205 7.393295 4.290409
-0.5363012 6.818686 4.060566
-0.6895301 6.5122285 3.6774936
-0.4213795 6.6654577 3.1794996
0.0 7.1634517 2.7581203
0.49799395 7.699753 2.4899697
0.88106626 8.121132 2.2984335
0.842759 7.8529816 2.2601264
0.6512229 7.5082164 1.9919757
0.34476507 7.086837 1.8387469
0.038307227 6.818686 1.7621324
0.0 7.163451 1.6855179
0.038307227 7.469909 1.7238252
0.076614454 7.6614456 1.7621324
0.038307227 7.699753 1.7621324
0.076614454 7.5848308 1.685518
0.11492168 7.431602 1.4939818
0.19153613 7.3549876 1.1492168
0.38307226 7.4699097 0.91937345
0.38307226 7.699753 0.7661445
0.34476504 8.00621 0.95768064
0.2681506 8.236053 1.4939818
0.076614454 8.121132 1.838747
0.0 7.929596 1.9536686
0.076614454 7.8529816 1.9153614
0.22984336 8.00621 1.4556746
0.4213795 8.350975 1.0342951
0.45968673 8.504204 0.91937345
0.26815057 8.504204 0.842759
0.0 8.274361 1.1875241
-0.19153613 8.0445175 1.6089034
-0.22984336 7.967903 1.8387468
-0.076614454 8.082825 1.8004396
0.15322891 8.236053 1.3790601
0.30645782 8.274361 0.9193734
0.34476507 8.350975 0.6512228
0.22984338 8.312668 0.7278373
0.038307227 8.312668 1.0342951
-0.15322891 8.465898 1.4173675
-0.22984335 8.580819 1.7238253
-0.19153613 8.695741 1.9919759
-0.076614454 8.580818 2.0685902
0.0 8.236053 1.685518
0.0 8.00621 0.91937345
-0.038307227 7.699753 0.0
-0.076614454 7.6614456 -0.61291564
-0.038307227 7.8912888 -0.61291564
0.076614454 8.159439 -0.2681506
0.2681506 8.657433 0.15322891
0.42137948 9.078814 0.5363012
0.53630114 9.461885 0.6512229
0.53630114 9.768343 0.842759
0.42137948 9.80665 1.0726024
0.2681506 9.5385 1.1492168
0.11492168 9.385271 1.2641385
0.076614454 9.232042 1.3024458
0.076614454 9.193735 1.340753

