0.11492168 9.5385 1.532289
0.15322891 9.653421 1.7621324
0.19153613 9.653421 2.030283
0.19153613 9.653421 2.2218192
0.15322891 9.576807 2.336741
0.11492168 9.461885 2.4516625
-0.19153613 9.423578 2.9879637
-0.038307227 9.385271 2.7964275
0.15322891 9.308657 2.566584
0.45968673 9.155427 2.1452048
0.8810662 9.11712 1.6089035
1.1492168 9.155427 1.340753
1.4173675 9.270349 1.1109096
1.6089036 9.385271 1.0342951
1.685518 9.500193 0.9576807
1.6472108 9.615114 1.1109096
1.6089036 9.691729 1.3407528
1.6089036 9.80665 1.6472106
1.6089036 9.921572 2.0685902
1.685518 10.0748005 2.3367407
1.8004396 10.0748005 2.413355
1.8770541 9.959879 2.221819
2.030283 9.844957 1.8387469
2.1068974 9.653421 1.4556745
2.2218192 9.5385 1.1492168
2.183512 9.5385 1.340753
2.183512 9.653421 1.6855179
2.183512 9.921572 1.8387469
2.1452048 10.113109 2.0685902
2.1068974 10.266337 2.183512
2.1068974 10.304645 2.0685902
2.030283 10.113108 1.9153612
1.9919758 9.883265 1.4939817
1.9536686 9.653421 0.9576807
1.8770541 9.500193 0.49799395
1.8770541 9.500193 0.2681506
1.9153614 9.615114 0.34476504
1.9919758 9.844957 0.57460845
2.0685904 10.036493 1.0342951
2.0685904 10.113108 1.3790603
1.838747 9.998186 1.493982
1.5705965 9.730036 1.3790601
1.3407531 9.461885 0.9576807
1.2258313 9.2703495 0.6895301
1.2258313 9.155427 0.61291564
1.2258313 9.193734 0.842759
1.1875241 9.232041 1.2641385
1.0342951 9.308657 1.685518
0.84275895 9.615114 2.0685902
0.72783726 9.615114 2.030283
0.6512228 9.461885 1.8387468
0.61291564 9.193734 1.532289
0.61291564 9.040505 1.2258313
0.6512228 9.040505 0.9576807
0.7278373 9.193735 0.91937345
0.80445176 9.2703495 1.1875241
0.842759 9.346964 1.6089035
0.91937345 9.461885 1.9153614
0.9959879 9.576807 1.9919758
0.9959879 9.691729 1.8004396
1.0342952 9.691729 1.37906
0.9959879 9.5385 1.1492169
0.91937345 9.346964 0.842759
0.8810662 9.308657 0.68953013
0.72783726 9.385271 0.7278373
0.61291564 9.423578 0.7661445
0.5746084 9.500193 0.9959879
0.5746084 9.5385 1.4173675
0.80445176 9.615114 1.6472108
1.0342951 9.921572 1.685518
1.3024457 10.534488 0.6512228
1.0726024 10.534488 -0.1532289
0.8044517 10.419566 -0.6895301
0.57460845 10.342952 -0.91937345
0.53630114 10.611102 -0.34476504
0.61291564 10.917561 -0.038307227
0.57460845 11.185711 0.30645782
0.4213795 11.185711 0.5363012
0.22984336 11.070789 0.7661446
0.038307227 10.764331 0.8044518
-0.15322891 10.381258 0.7278373
-0.22984336 10.189722 0.57460845
-0.34476507 9.921572 0.22984336
-0.4596867 9.615114 -0.114921674
-0.53630114 9.5385 0.038307235
-0.57460845 9.653421 0.34476504
-0.61291564 9.959879 0.5746084
-0.6512228 10.342951 0.7278373
-0.7278373 10.726024 0.7278373
-0.7661445 10.91756 0.80445176
-0.95768064 10.802638 0.9576807
-1.2258313 10.572795 1.0726024
-1.4556746 10.0748005 1.1109096
-1.8387469 9.5385 1.1875241
-2.183512 9.040505 1.3407528
-2.4133554 8.734048 1.4173673
-2.6048915 8.619126 1.6089035
-2.6048915 8.695741 1.4939818
-2.4516625 8.925584 1.4173675
-2.2601264 9.232042 1.340753
-2.1068974 9.423578 0.99598795
-2.1452048 9.576807 0.80445176
-2.2984335 9.423578 0.61291564
-2.6048913 9.002199 0.49799395
-2.9496565 8.695741 0.4596867
-3.2561145 8.350975 0.30645782
-3.4476504 8.121132 -0.038307235
-3.4859576 8.236053 -0.45968676
-3.409343 8.427589 -0.61291564
-3.1794999 8.772355 -0.49799395
-3.026271 9.38527 -0.19153613
-2.9496565 9.768343 0.19153614
-3.0262709 10.0748005 0.45968673
-3.1795 10.151415 0.68953013
-3.3327289 9.959879 0.84275895
-3.4476504 9.691729 0.8810662
-3.409343 9.423577 0.91937345
-3.2944214 9.346963 0.91937345
-3.1028855 9.4618845 1.0342951
-2.8347347 9.653421 1.1875241
-2.6048913 9.959879 1.3790603
-2.4133554 10.151415 1.6089036
-2.2601264 10.266336 1.8387468
-2.0685902 10.457873 2.030283
-1.8770541 10.496181 2.1452045
-1.6855179 10.534488 2.1452045
-1.5705963 10.381259 2.0685902
-1.6089035 10.036493 1.9536686
-1.6472108 9.730036 1.685518
-1.7238252 9.346964 1.3407528
-1.7238252 9.078814 0.9576807
-1.6472108 8.887278 0.7278373
-1.6089035 8.734048 0.7661445
-1.5705963 8.810662 0.9959879
-1.5705963 8.887277 1.37906
-1.6089035 9.078813 1.6472108
-1.6089035 9.155427 1.7621324
-1.6472107 9.078813 1.7238252
-1.6472107 8.887277 1.6089036
-1.8387469 8.350975 1.9153614
-1.9536686 8.082825 2.2218192
-1.9536686 7.967903 2.4133554
-1.8770542 7.8529816 2.3750482
-1.7238253 7.8146744 2.183512
-1.493982 7.8146744 2.030283
-1.340753 7.8146744 1.9536686
-1.1109096 7.699753 1.9153614
-0.9193735 7.6231384 1.8387469
-0.7278373 7.4699097 1.685518
-0.57460845 7.240066 1.4556746
-0.49799395 6.9719152 1.1875241
-0.45968673 6.6654572 1.0342951
-0.3830723 6.588843 0.99598795
-0.2681506 6.588843 0.91937345
-0.15322891 6.7420716 0.9576807
-0.076614454 6.818686 0.842759
-0.15322891 6.5122285 0.5746084
-0.34476504 6.0908494 0.4213795
-0.57460845 5.8226986 0.19153613
-0.6512229 5.746084 0.22984336
-0.5363012 6.0525417 0.49799395
-0.2681506 6.62715 0.61291564
0.038307227 7.0485296 0.7278373
0.22984336 7.3549876 0.7278373
0.19153613 7.469909 0.45968673
0.0 7.546524 0.22984336
-0.26815057 7.508217 0.076614454
-0.49799395 7.6231384 -0.15322891
-0.57460845 7.776367 -0.19153613
-0.57460845 7.8912888 0.0
-0.49799395 8.082825 0.22984336
-0.5363012 7.929596 0.6512229
-0.6512229 7.73806 0.6895301
-0.7661446 7.5848308 0.4213795
-0.8044518 7.623138 0.26815063
-0.6512228 7.8912888 -0.038307227
-0.4213795 8.274361 -0.15322891
-0.19153613 8.810662 0.076614454
-0.038307227 9.232042 0.4213795
-0.11492168 9.461885 0.9193734
-0.30645782 9.5385 1.532289
-0.45968673 9.576807 2.030283
-0.61291564 9.576807 2.3367407
-0.5746084 9.691729 2.4133554
-0.49799395 9.883265 2.3367407
-0.49799395 10.036493 2.3367407
-0.49799395 10.342952 2.4133554
-0.53630114 10.764331 2.48997
-0.49799395 11.224018 2.3750482
-0.42137948 11.722012 1.9919758
-0.3064578 12.105083 1.685518
-0.2681506 12.296619 1.5705963
-0.38307223 12.411542 1.8004397
-0.61291564 12.411542 2.375048
-0.842759 12.449849 2.873042
-0.9959879 12.564771 3.1028857
-0.9576807 12.756307 2.9496565
-0.7278373 13.024457 2.6431985
-0.38307226 13.369223 2.4516625
-0.114921674 13.522451 2.336741
0.038307227 13.445837 2.336741
0.038307227 13.215994 2.5665843
-0.2681506 12.756307 2.7581205
-0.6512229 12.296619 3.1411924
-1.0726023 11.9135475 3.562572
-1.4556746 11.415554 3.6008792
-1.685518 10.994175 3.4476504
-1.8004397 10.687717 3.1794999
-1.8004397 10.534488 2.834735
-1.7238252 10.649409 2.681506
-1.685518 10.764331 2.7964275
-1.6472108 10.879252 2.9113493
-1.6472108 10.91756 3.064578
-1.685518 10.840945 3.1411927
-1.7238252 10.840945 3.026271
-1.7238252 10.802638 2.9113493
-1.7621324 10.726024 2.9113493
-1.7621324 10.764331 3.0645783
-1.7621324 10.802638 3.2178073
-1.7621324 10.91756 3.5242648
-1.7621324 11.224018 3.7924156
-1.7621324 11.530476 4.098873
-1.6855179 11.798626 4.3287168
-1.6472107 11.951855 4.2904096
-1.5705963 11.9135475 4.3287168
-1.532289 11.722012 4.1754875
-1.532289 11.453861 4.252102
-1.4939818 11.224018 4.405331
-1.4556745 11.032481 4.290409
-1.4173673 10.955867 4.290409
-1.4173673 10.840945 4.1371803
-1.4939818 10.764331 3.9073372
-1.5705963 10.611102 3.8307226
-1.6472107 10.342951 3.7541082
-1.685518 10.113108 3.4859576
-1.7238252 9.844957 3.371036
-1.8004398 9.576807 3.2944214
-1.9153614 9.385271 3.1794999
-2.030283 9.270349 3.3327289
-2.1452045 9.193734 3.371036
-2.183512 9.11712 3.2944217
-2.2218192 9.078813 3.1795
-2.2984338 9.040505 3.0645783
-2.336741 9.002198 2.9496565
-2.4133554 9.002198 2.9496565
-2.4516625 8.963891 2.9113493
-2.528277 8.848969 2.873042
-2.681506 8.734048 2.9496565
-2.8730419 8.542511 3.0645783
-3.1028855 8.312668 3.1794999
-3.2561145 8.0445175 3.1411927
-3.2944217 7.8529816 3.1028855
-3.2561145 7.929596 3.0262709
-3.1411924 8.197746 2.9496565
-2.9879637 8.580818 2.9496565
-2.834735 8.810662 2.7964275
-2.7964277 8.848969 2.6048915
-2.7964277 8.810662 2.5665843
-2.7964277 8.887278 2.6048915
-2.873042 9.040506 2.719813
-2.873042 9.2703495 2.7964277
-2.834735 9.385271 2.7198133
-2.873042 9.346964 2.7198133
-2.834735 9.2703495 2.7198133
-2.719813 9.232042 2.7581203
-2.6048913 9.155427 2.7964277
-2.4899697 9.232042 2.6431987
-2.4133554 9.423578 2.6048913
-2.4133554 9.461885 2.528277
-2.4516625 9.5385 2.528277
-2.4516625 9.423578 2.719813
-2.4516625 9.308657 2.873042
-2.3750482 9.385271 3.217807
-2.1452048 9.653421 3.4859576
-1.8004397 10.22803 3.6008792
-1.2641385 10.955868 3.371036
-1.2258313 10.879252 3.256114
-1.4173675 10.381258 3.3327286
-1.685518 9.768343 3.4859576
-1.8004397 9.308657 3.9073372
-1.7621324 8.963892 4.213795
-1.4939818 9.002199 4.137181
-0.9959879 9.2703495 3.7541084
-0.61291564 9.691729 3.3327289
-0.30645782 10.381258 2.9879637
-0.2681506 10.840945 3.1028852
-0.45968673 10.91756 3.6774936
-0.8810662 10.534488 4.3287163
-1.3790601 9.691729 4.9416323
-1.5705963 8.848969 5.133168
-1.6089035 8.465897 4.8267107
-1.3024458 8.465897 3.9839518
-0.842759 8.734048 3.1028855
-0.49799395 9.346964 2.681506
-0.038307227 9.921572 2.9113493
-0.11492168 9.959879 3.217807
-0.2681506 9.615114 3.3327289
-0.4213795 9.155428 3.2178068
-0.4213795 8.887277 3.0262709
-0.19153613 8.810662 2.9113493
0.11492168 8.963892 2.719813
0.4213795 9.078814 2.719813
0.61291564 9.040506 2.9113493
0.7661445 8.925585 3.0645783
0.8810662 8.84897 3.026271
1.1109096 8.963892 2.6431987
1.4556746 9.232042 2.183512
1.6472107 9.5385 1.4939818
1.7621324 9.768343 1.1875241
1.7238252 10.0748005 1.685518
1.4556746 10.266336 2.4899697
1.0342951 10.0748005 3.4476502
0.5363012 9.461885 4.060566
0.038307227 8.6574335 4.175488
-0.11492168 7.8912888 3.6774938
0.038307227 7.6614456 3.1794999
0.45968673 7.929596 2.681506
1.2258313 9.040505 2.2601264
1.3407528 9.500193 2.5665843
1.3407528 9.730036 3.1795
1.1875241 9.80665 3.9456444
0.95768064 9.500193 4.213795
0.6895301 8.695741 3.86903
0.7661446 8.389282 3.2944217
1.0342951 8.389282 2.7581203
1.3024459 8.580818 2.336741
1.685518 9.155427 2.2601264
2.2984335 10.381259 3.217807
2.4516623 10.802638 3.9073372
2.260126 10.726023 4.2137947
1.8387469 10.304644 4.0222588
1.4939818 9.653421 3.5242648
1.2258313 9.078814 2.9496565
1.1109096 8.810662 2.566584
1.1492169 8.848969 2.528277
1.3024457 9.155427 2.834735
1.4173675 9.615114 3.4476504
1.5322891 9.921572 4.098873
1.493982 9.998186 4.5202527
1.2641385 9.730036 4.3287168
1.0342951 9.193735 3.715801
0.84275895 8.6574335 3.0262709
0.7661445 8.312668 2.2984335
0.84275895 8.236053 1.7621324
1.0726023 8.427589 1.4556746
1.532289 8.96389 1.6472108
2.1452048 9.921572 2.528277
2.5665843 10.917559 3.715801
2.6431987 11.530476 4.711789
2.3750482 11.415554 4.903325
1.8004397 10.687716 4.405331
1.3790601 9.80665 3.6391869
1.1492168 9.117121 2.9496565
1.0342951 9.002199 2.6431985
1.1109096 9.232042 2.6048913
1.3024457 9.768343 2.75812
1.4939818 10.49618 3.256114
1.685518 11.070788 3.8307226
1.685518 11.338939 4.290409
1.4556746 11.147403 4.3670235
1.1492169 10.726023 4.1371803
0.842759 10.342951 3.9073372
0.7278373 10.266336 3.6774938
0.7278373 10.381258 3.6391864
0.8044518 10.649408 3.6391864
0.9576807 11.032481 3.6391864
1.0342951 11.415554 3.8307228
1.0726024 11.836933 4.060566
1.0342951 12.066776 4.098873
0.91937345 12.028469 3.9456444
0.84275895 11.87524 3.4859576
0.72783726 11.760319 3.1794999
0.8044517 11.951855 3.371036
0.8810662 12.373235 3.9456444
1.0726024 12.909535 4.55856
1.340753 13.292607 5.1714754
1.4939818 13.484143 5.4013186
1.6472108 13.407529 5.133168
1.7621324 13.101071 4.6351748
1.7238252 12.947843 4.098873
1.7238252 12.756307 3.7924156
1.5705965 12.373234 3.6774938
1.340753 11.951855 3.6391866
1.2258313 11.530476 3.6391866
1.1109096 11.377247 3.562572
1.3407528 11.492168 3.562572
1.6472106 11.760319 3.7541084
1.7621324 11.9135475 3.9073372
1.685518 11.722012 4.405331
1.1875241 11.147403 5.056554
0.61291564 10.419566 5.439626
0.22984336 9.883265 5.707777
0.15322891 9.730036 5.5928555
0.38307226 9.844957 5.094861
0.6512228 9.998186 4.443638
0.6512228 9.921572 3.8307226
0.4213795 9.653421 3.562572
0.114921674 9.346964 3.7924154
-0.076614454 9.078813 3.9839516
0.0 9.040505 3.9839516
0.30645782 9.078814 3.5242648
0.6512229 9.346964 2.719813
0.842759 9.576807 2.030283
0.8810662 9.691729 1.5705962
0.6895301 9.691729 1.532289
0.30645782 9.308657 1.7621324
-0.07661446 8.848969 2.183512
-0.30645785 8.389282 2.4899697
-0.34476507 8.00621 2.4899697
-0.19153613 7.8912888 2.030283
0.114921674 8.082825 1.4556746
0.49799395 8.465897 1.0342951
0.7278373 8.810662 0.8810662
0.8044518 8.925584 1.1109096
0.61291564 8.504205 1.2641385
0.34476504 7.967903 1.340753
0.2681506 7.508217 1.2258313
0.38307226 7.469909 0.9959879
0.7278373 7.8912888 1.0342951
0.9193735 8.236053 1.1492168
0.88106626 8.274361 1.3024457
0.6895301 7.967903 1.4939818
0.49799395 7.6614456 1.532289
0.49799395 7.163451 1.3407528
0.53630114 7.0485296 1.0342951
0.49799395 6.895301 0.61291564
0.38307226 6.933608 0.38307226
0.4213795 7.201759 0.45968673
0.61291564 7.623138 0.7278373
0.7278373 7.8146744 1.2641385
0.7278373 7.8146744 1.5705963
0.49799398 7.546524 1.7238252
0.19153613 7.2783737 1.838747
-0.11492168 6.9719152 1.685518
-0.19153613 6.6654577 1.3790603
-0.19153613 6.588843 1.1875241
-0.19153613 6.588843 0.8044518
-0.038307227 7.0102224 0.5363012
0.076614454 7.5848308 0.5746084
0.2681506 8.159439 0.61291564
0.15322891 7.929596 0.842759
-0.07661445 7.73806 0.9959879
-0.19153613 7.6231384 1.340753
-0.15322891 7.776367 1.5705963
0.0 8.159439 1.7238252
0.19153613 8.465898 1.8387469
0.19153613 8.772355 1.9153614
0.038307227 8.848969 1.9153614
-0.114921674 8.734047 1.8770542
-0.22984335 8.542511 1.8004396
-0.22984335 8.350975 1.5705962
-0.038307227 8.389282 1.3407528
0.076614454 8.695741 1.1875241
0.19153613 9.040506 1.1875241
0.30645782 9.423578 1.1875241
0.34476504 9.691729 1.2641385
0.38307226 9.768343 1.2641385
0.34476504 9.691729 1.2258313
0.19153613 9.538499 1.3024458
0.038307227 9.308656 1.340753
0.0 9.193734 1.340753
0.0 9.2703495 1.3024457
0.038307227 9.232042 1.2641385
0.038307227 9.308657 1.3024457
-0.076614454 9.308657 1.4556746
-0.22984336 9.2703495 1.4173675
-0.22984336 9.423578 1.2641385
-7.4505806E-9 9.615114 1.2258313
0.34476504 9.883265 0.99598783

