0.6895301 10.036493 0.99598783
0.8810662 9.959879 0.99598783
0.80445176 9.768343 0.84275895
0.49799395 9.691729 1.9919758
1.0342951 9.844957 2.375048
1.4939818 9.883265 2.8347347
1.9919758 9.844957 2.681506
2.4133554 9.80665 2.4899697
2.4899697 9.730036 2.4133554
2.7198129 9.576807 1.9919759
3.0262709 9.385271 1.3790603
3.1411927 9.270349 0.9193735
2.9879637 9.232041 0.8044518
2.719813 9.346964 1.187524
2.6048913 9.461885 1.532289
2.6048913 9.5385 1.7621324
2.6431985 9.653421 1.7238252
2.6815062 9.691729 1.4556746
2.6815062 9.576807 1.1492169
2.6048913 9.423578 0.91937345
2.4899697 9.232041 0.80445176
2.3750482 9.270349 0.84275895
2.2984335 9.576807 0.9193734
2.1452048 9.921572 1.0342951
2.0685902 10.228029 1.1875241
2.1068974 10.266336 1.4556746
2.1068974 10.0748005 1.5322891
2.1068974 9.883265 1.4173675
2.1068974 9.921572 1.3790601
1.9919758 10.457873 1.532289
1.7238252 10.534488 1.9153614
1.340753 10.419566 2.1452048
0.91937345 10.113108 2.3750482
0.61291564 9.998186 2.4516625
0.61291564 10.189722 2.4516625
0.7661445 10.419566 2.2984338
1.0342951 10.802638 1.9153613
1.3024457 11.070788 1.5705962
1.4939818 11.147403 1.2258313
1.3790601 11.109096 0.9193735
1.1109096 10.840945 0.7661446
0.80445176 10.534487 0.5363012
0.49799395 10.304644 0.30645782
0.34476504 10.113108 0.22984335
0.22984336 10.0748005 0.19153613
0.15322891 9.998186 0.2681506
0.076614454 9.921572 0.34476504
0.11492168 9.921572 0.49799395
0.11492168 9.959879 0.80445176
0.038307227 9.998186 1.0342951
-0.038307227 9.998186 1.2258313
-0.2681506 9.844957 1.2258313
-0.45968673 9.653421 0.9959879
-0.7278373 9.308657 0.84275895
-0.9959879 9.117121 0.72783726
-1.1109096 9.078813 0.72783726
-1.1492169 9.078813 0.80445176
-1.1492169 9.308657 1.0726024
-1.2258313 9.308657 1.4556746
-1.4556746 9.2703495 1.685518
-1.685518 9.232042 1.8004397
-1.8004396 9.11712 1.340753
-1.7621324 9.040505 0.45968673
-1.4939818 8.810662 -1.4173675
-1.4173675 8.695741 -1.9919758
-1.4173675 8.772355 -1.877054
-1.4556746 9.002198 -1.340753
-1.5705963 9.2703495 -0.38307226
-1.7621324 9.500193 0.6512229
-1.9536686 9.615114 1.1875241
-2.1452048 9.5385 1.4173673
-2.183512 9.385271 1.187524
-2.0685902 9.423578 0.53630114
-1.8004396 9.5385 -0.114921674
-1.4939818 9.730036 -0.68953013
-1.3790603 9.844957 -0.99598795
-1.4556746 9.768343 -0.8427591
-1.7621324 9.615114 -0.22984338
-2.1835117 9.500193 0.49799392
-2.6048913 9.423578 1.340753
-2.911349 9.385271 2.1452045
-3.1411924 9.385271 2.6431985
-3.3327286 9.385271 2.911349
-3.3327286 9.461885 2.911349
-3.2561142 9.5385 2.413355
-3.064578 9.5385 1.6472108
-2.7581203 9.5385 0.842759
-2.4899697 9.5385 0.34476507
-2.3750482 9.691729 0.5363012
-2.4516625 9.998186 1.340753
-2.7964277 10.113108 2.3367407
-3.2561145 10.113108 3.064578
-3.6774938 9.844957 3.2561142
-3.9073372 9.423578 2.834735
-3.86903 9.078813 2.0685904
-3.715801 8.848969 1.3407531
-3.371036 8.772355 0.7278374
-3.0645783 9.040505 0.5363012
-2.834735 9.576806 0.9193735
-2.681506 10.036493 1.532289
-2.719813 10.419566 2.3750482
-2.9113493 10.572795 3.0262709
-2.9879637 10.151415 3.4093432
-2.9113493 9.921572 2.9496565
-2.681506 9.615114 2.2984338
-2.48997 9.5385 1.5705965
-2.2984338 9.5385 1.0726023
-2.183512 9.576807 0.8810662
-2.0685902 9.576807 1.0342951
-1.9536686 9.576807 1.2641385
-1.8387468 9.5385 1.685518
-1.6472107 9.5385 1.8387469
-1.5322891 9.615114 1.6089035
-1.4556746 9.576807 1.3024457
-1.4173675 9.576807 0.95768064
-1.4556746 9.5385 0.7661445
-1.4556746 9.423578 0.80445176
-1.4939818 9.308657 0.842759
-1.532289 9.193735 0.80445176
-1.4939818 9.040505 0.9576807
-1.4556746 8.963891 1.1492168
-1.4173673 8.887277 1.3024457
-1.4173673 8.772355 1.6855179
-1.4556745 8.695741 1.8387468
-1.4939818 8.504204 1.9153614
-1.4939818 8.350975 1.8770541
-1.4173673 8.274361 1.5705963
-1.2641385 8.159439 1.3790603
-0.9959879 8.121132 1.3790603
-0.7661446 8.0445175 1.4939818
-0.5746084 7.8529816 1.532289
-0.49799395 7.6231384 1.340753
-0.5363012 7.3166804 0.9959879
-0.57460845 6.9336085 0.61291564
-0.61291564 6.5888433 0.4213795
-0.5363012 6.397307 0.45968673
-0.4596867 6.3206925 0.57460845
-0.38307226 6.3206925 0.8810662
-0.26815057 6.3206925 1.1492168
-0.22984335 6.244078 1.2641385
-0.26815057 6.129156 1.2258313
-0.26815057 6.129156 0.8044517
-0.26815057 6.090849 0.3830723
-0.26815057 6.0525417 -0.19153613
-0.15322891 6.1291566 -0.6512228
0.0 6.205771 -0.7661445
0.11492168 6.3206925 -0.842759
0.22984336 6.512229 -0.6512229
0.22984336 6.6271505 -0.45968673
0.15322891 6.6654577 -0.30645782
0.11492168 6.7803793 -0.038307227
0.076614454 6.933608 0.22984336
0.076614454 7.201759 0.38307226
0.11492168 7.508217 0.49799395
0.0 7.6614456 0.45968673
-0.076614454 7.699753 0.49799395
-0.11492168 7.73806 0.7278373
-0.11492168 7.8529816 0.95768064
0.076614454 8.236053 1.1875241
0.22984336 8.734047 1.4939818
0.45968673 9.117121 1.5705963
0.61291564 9.346964 1.5705963
0.7278373 9.500193 1.4939818
0.80445176 9.500193 1.4173675
0.7661445 9.500193 1.532289
0.6895301 9.615114 1.7621324
0.61291564 9.844957 2.2601264
0.61291564 10.113109 2.6431985
0.6512228 10.342952 2.7581203
0.6895301 10.457873 2.719813
0.6895301 10.496181 2.3750482
0.6895301 10.572795 2.0302832
0.6512228 10.726024 2.0685904
0.61291564 10.91756 2.2218192
0.49799395 11.032481 2.528277
0.38307226 11.109096 2.7581203
0.4213795 11.147403 2.719813
0.4596867 11.18571 2.681506
0.6129156 11.224017 2.566584
0.6512228 11.224017 2.4516625
0.4213795 11.224017 2.336741
-0.19153613 11.18571 2.1452048
-0.38307226 11.224017 1.9919758
-0.49799395 11.18571 2.030283
-0.6895301 11.032481 2.1452048
-0.9959879 10.802638 2.183512
-1.4173675 10.649409 2.528277
-1.6089035 10.802638 2.873042
-1.4939818 11.262324 3.217807
-1.1492168 11.990162 3.4859576
-0.72783726 12.526463 3.4093432
-0.34476507 12.832921 3.2944217
-0.076614454 12.909535 3.1794999
0.114921674 12.794614 3.1411927
0.22984335 12.717999 3.4093432
0.22984335 12.717999 3.6008792
0.11492168 12.717999 3.8307228
0.0 12.794614 3.86903
-0.11492168 12.794614 3.8307228
-0.22984336 12.794614 3.7541082
-0.30645782 12.717999 3.524265
-0.344765 12.449849 3.4859576
-0.38307226 12.258313 3.6008792
-0.38307226 11.951855 3.7158008
-0.34476504 11.798626 3.9456444
-0.2681506 11.87524 4.2137947
-0.19153613 12.066776 4.290409
-0.15322891 12.220005 4.3287163
-0.15322891 12.334927 4.290409
-0.30645782 12.220005 4.098873
-0.5363012 11.798626 3.9839516
-0.842759 11.262324 4.0222588
-1.1492168 10.611102 4.1371803
-1.3790601 10.036493 4.2137947
-1.4939818 9.691729 4.1371803
-1.5705963 9.500193 3.9839516
-1.6089035 9.500193 3.86903
-1.6089035 9.5385 3.86903
-1.685518 9.5385 3.9839516
-1.685518 9.5385 3.9839516
-1.7238252 9.423578 3.7924154
-1.8387469 9.193735 3.6391864
-1.8770541 8.963891 3.5242648
-1.9919758 8.734048 3.5242648
-2.1068974 8.6574335 3.6008792
-2.2601264 8.772355 3.562572
-2.566584 8.925584 3.4476502
-2.9113493 9.002198 3.3327286
-3.2944214 8.887277 3.3710358
-3.6774938 8.734048 3.5242648
-3.86903 8.734048 3.6774938
-4.0222588 8.925584 3.7924156
-4.0222588 9.193734 3.7924156
-3.9073372 9.385271 3.6391866
-3.86903 9.346964 3.5242648
-3.8307228 9.232042 3.5625725
-3.8307228 9.078813 3.5625725
-3.8307228 9.002198 3.677494
-3.7541084 9.002198 3.6008794
-3.562572 9.002198 3.3327286
-3.371036 9.078813 2.9496565
-3.2178068 9.078813 2.6431987
-3.1411924 9.002198 2.5665843
-3.1794999 8.963891 2.7198133
-3.3327286 8.925584 3.0645783
-3.4859576 8.925584 3.2561142
-3.562572 9.002198 3.3327286
-3.6008792 8.963891 3.2561142
-3.562572 8.734047 3.1028855
-3.4859576 8.312668 3.1411927
-3.3327286 8.0445175 3.1794999
-3.1794999 7.8529816 3.1794999
-2.987964 7.929596 3.217807
-2.7581203 8.465897 3.1028852
-2.6431985 8.963891 3.1794996
-2.4516625 9.5385 3.2178068
-2.2601264 9.844957 3.1411924
-2.1068974 9.346963 3.1795
-2.3367407 8.734048 3.141193
-2.4899697 8.274361 3.2944217
-2.6048915 8.00621 3.4093432
-2.5665843 8.236053 3.4476504
-2.1068976 8.734048 3.4476504
-1.7621324 9.38527 3.2944217
-1.1875241 10.342952 2.7581205
-1.0726024 10.496181 2.566584
-0.842759 10.304645 2.528277
-0.6512228 10.0748005 2.566584
-0.6512228 9.500193 2.873042
-0.7661445 8.963891 2.9879637
-0.9576807 8.580819 2.9113493
-0.8427591 8.427589 3.2944217
-0.497994 8.734047 3.8307228
0.076614454 9.500193 4.4436383
0.72783726 10.457872 4.7884035
1.187524 11.224018 4.060566
1.532289 11.722012 2.4899697
1.7238252 11.568783 0.8810662
1.7621324 11.109096 -2.2351742E-8
1.532289 10.419565 0.68953013
1.3024457 9.730035 2.2984338
0.842759 9.38527 4.098873
0.4213795 9.232041 5.4779334
0.2681506 9.308657 5.861006
0.0 9.461885 5.5162406
0.0 9.385271 4.711789
-0.038307227 9.117121 4.060566
-0.038307227 8.887278 3.2178068
0.076614454 8.695741 2.6815057
0.26815057 8.580819 2.6815057
0.5363012 8.465897 2.7198129
0.6895301 8.389282 3.0262709
0.80445176 8.427589 3.562572
0.8810662 8.619126 4.213795
0.91937345 8.887277 4.7500963
0.9576807 8.925584 4.7117887
1.1875241 8.695741 3.524265
1.4556746 8.848969 2.6815057
1.8004396 9.155428 2.2218192
2.0685902 9.5385 1.9536686
2.2601264 9.844957 2.0685904
2.2984335 10.036493 2.183512
2.2601264 10.228029 2.4516625
2.2601264 10.304644 2.681506
2.2218192 10.304644 2.873042
2.1452045 10.266336 2.9496565
2.1068974 10.151415 2.8730419
1.7621324 9.80665 2.4133554
1.6472107 9.691729 2.2218192
1.5705963 9.653421 2.2984335
1.6089036 9.768343 2.528277
1.6089036 9.844957 2.9496565
1.4939818 9.844957 3.5242648
1.3024457 9.768343 3.7541082
1.1109096 9.653421 3.9073372
0.99598795 9.576807 3.715801
1.0342952 9.500193 3.2944217
1.1492169 9.500193 2.834735
1.2641386 9.461885 2.2984338
1.3790601 9.5385 1.9919758
1.4939818 9.730036 1.9919758
1.5705963 9.998186 2.3750482
1.5705963 10.266337 2.681506
1.4173675 10.266337 2.873042
1.2258313 10.113109 2.9113493
0.9576807 9.730036 2.719813
0.7278373 9.38527 2.528277
0.61291564 9.308656 2.3750482
0.45968673 9.308656 2.1452048
0.45968673 9.500193 1.838747
0.49799395 9.883265 1.8770542
0.53630114 10.266336 2.2218192
0.57460845 10.726024 2.8347347
0.49799398 11.109097 3.562572
0.3830723 11.224018 4.1371803
0.2681506 11.300632 4.6351743
0.19153613 11.300632 4.865018
0.22984335 11.492168 5.094861
0.38307226 11.836933 5.133168
0.53630114 12.181698 4.9416323
0.6512228 12.488156 4.7500963
0.72783726 12.832921 4.4819455
0.84275895 13.215994 4.405331
0.9959879 13.560759 4.4819455
1.1492168 13.828909 4.596867
1.3024457 14.020445 4.7117887
1.2641385 14.135367 4.865018
1.2258313 14.020446 5.094861
1.1492168 13.82891 5.1714754
0.9959879 13.484144 5.286397
0.9576807 13.101071 5.2097826
0.91937345 12.832921 4.9799395
0.9576807 12.641384 4.865018
1.0342952 12.449848 4.711789
1.1492169 12.181698 4.5202527
1.1492169 11.87524 4.2521024
1.1875241 11.683704 3.9073372
1.2258313 11.568783 3.6774938
1.1492169 11.530476 3.6774938
1.1875241 11.377247 3.7924156
1.1492169 11.18571 3.9456444
1.1875241 10.994174 4.0222588
1.3024458 10.764331 4.0222588
1.2641385 10.6877165 3.86903
1.1492168 10.457873 3.6008794
0.80445176 9.998186 3.217807
0.45968673 9.500192 2.7581203
0.22984335 9.040505 2.3367407
0.11492168 8.810662 2.2601264
0.26815057 9.117121 2.7198133
0.30645782 9.461885 3.1028852
0.38307226 9.615114 3.1028852
0.38307226 9.576807 2.9113493
0.34476504 9.193734 2.4516625
0.38307226 8.810662 1.9153613
0.30645782 8.542512 1.9153613
0.19153613 8.350976 2.1068974
0.15322891 8.236053 2.4133554
0.038307227 8.159439 2.873042
0.11492168 8.00621 3.0645783
0.30645782 7.967903 2.9113493
0.45968673 8.00621 2.566584
0.68953 8.0445175 2.1835117
0.7661445 8.121132 1.9153613
0.68953013 8.121132 2.030283
0.57460845 8.0445175 2.3750482
0.34476504 8.00621 2.873042
0.11492168 7.8146744 3.4093432
0.0 7.6614456 3.7541082
-0.038307227 7.3549876 3.8307226
0.0 6.933608 3.3327286
0.076614454 6.8186865 2.3367407
0.26815057 6.895301 1.4556746
0.42137948 7.240066 0.88106626
0.42137948 7.546524 0.7661446
0.38307226 7.6614456 1.0342951
0.15322891 7.508217 1.3024457
0.0 7.354988 1.6472108
0.0 7.354988 1.8770542
0.076614454 7.508217 1.7621324
0.2681506 7.8912888 1.3790603
0.45968673 8.0445175 0.995988
0.5746084 8.0445175 0.49799395
0.53630114 7.8529816 0.34476504
0.34476504 7.508217 0.57460845
0.076614454 7.316681 0.8810662
-0.22984336 7.1634517 1.340753
-0.4213795 7.1251445 1.5322891
-0.4596867 7.1634517 1.5705963
-0.34476504 7.431602 1.3024457
-0.2681506 7.546524 1.2258313
-0.19153613 7.508217 1.2258313
-0.11492168 7.4699097 1.0342951
0.0 7.508217 0.95768064
0.11492168 7.8146744 1.1109096
0.15322891 8.236053 1.4173675
0.076614454 8.542511 1.9153614
-0.076614454 8.657433 2.4516625
-0.22984335 8.542511 2.681506
-0.34476504 8.312668 2.566584
-0.34476504 8.121132 2.2218192
-0.22984335 8.082825 1.8004397
-0.038307227 8.121132 1.5705963
0.076614454 8.274361 1.493982
0.11492168 8.542511 1.685518
0.076614454 8.810662 1.9919758
-0.076614454 9.040505 2.336741
-0.22984336 9.193734 2.5665843
-0.11492168 9.2703495 2.834735
-0.15322891 9.308657 2.7581203
-0.26815057 9.308657 2.2984335
-0.26815057 9.500193 1.8770542

