-0.4596867 9.615114 1.4173675
-0.4213795 9.615114 1.2641386
-0.34476507 9.576807 1.5322891
-0.34476507 9.500193 1.8387469
-0.3830723 9.5385 2.183512
-0.22984336 9.691729 2.719813
0.49799395 9.615114 2.375048
1.2641385 9.500193 1.9536687
1.8770541 9.385271 1.7621325
2.4516625 9.461885 1.8004397
2.566584 9.500193 2.1068976
2.681506 9.730036 2.2601264
2.7964275 9.998186 2.2984335
2.834735 10.228029 2.183512
2.7198133 10.457873 1.8770541
2.566584 10.611102 1.7621325
2.4516625 10.726024 1.6089035
2.3750482 10.726024 1.340753
2.2984335 10.572794 1.1492168
2.2601264 10.304644 0.8810662
2.183512 10.0748005 0.7278373
2.183512 10.036493 0.68953
2.183512 10.036493 0.5746084
2.2218192 10.189722 0.5363012
2.1835117 10.266336 0.49799395
2.030283 10.228029 0.49799395
1.8387469 10.304644 0.6895301
1.5322891 10.189722 0.7278373
1.2641385 10.0748005 0.6512228
1.0726024 9.883265 0.53630114
0.9959879 9.768343 0.344765
1.0342952 9.844957 0.26815057
1.1875241 10.113108 0.26815057
1.3024457 10.457872 0.45968673
1.3024457 10.572795 0.842759
1.1109096 10.419566 1.1875241
0.8044517 10.036494 1.6089036
0.45968673 9.615114 1.7238252
0.15322891 9.193734 1.5322891
0.0 9.002198 1.1875241
0.0 9.002198 0.5363012
0.11492168 9.193735 0.5363012
0.19153613 9.423578 0.7661445
0.15322891 9.615114 1.2258313
-0.076614454 9.768343 1.6089035
-0.34476504 9.80665 1.9536686
-0.61291564 9.5385 1.9536686
-0.88106626 9.193735 1.8004396
-1.1109096 8.963892 1.4939818
-1.2641385 8.772355 1.2258313
-1.3024458 8.963891 1.2258313
-1.1492168 9.38527 1.2641385
-0.8810662 9.883265 1.2641385
-0.57460845 10.342952 1.3790603
-0.34476504 10.649409 1.532289
-0.34476504 10.534488 1.6089036
-0.6512228 9.80665 1.685518
-1.0342952 9.346964 1.3790603
-1.3407528 8.963891 1.1875241
-1.532289 8.580818 1.0726023
-1.6089035 8.619125 1.1109096
-1.4556746 8.887277 1.2641385
-1.0726024 9.4618845 1.3790601
-0.7278373 10.151415 1.4939818
-0.4213795 10.726024 1.5705962
-0.42137948 11.147404 1.9919758
-0.7278373 10.879252 2.3750482
-1.1875241 10.381258 2.566584
-1.685518 9.844957 2.528277
-2.030283 9.461885 2.6431985
-2.1452048 9.346964 2.566584
-2.030283 9.385271 2.6048915
-1.4939818 9.998186 2.6048915
-1.3407528 10.266336 2.2601266
-1.3790601 10.304644 1.9153614
-1.532289 10.151415 1.4939818
-1.685518 9.768343 1.1875241
-1.838747 9.461885 1.1109096
-1.8770542 9.346964 1.2258313
-1.8004397 9.308657 1.5705962
-1.7621325 9.385271 1.8004396
-1.7238252 9.461885 1.9536686
-1.7238252 9.500193 1.8770541
-1.8004397 9.5385 1.4939818
-1.8770542 9.691729 1.2641385
-1.9153614 9.844957 1.0726024
-1.9153614 9.921572 1.0726024
-1.8387469 9.959879 1.3024458
-1.7621325 9.921572 1.6472107
-1.685518 9.80665 1.9919759
-1.6089035 9.691729 2.4133554
-1.5705963 9.5385 2.6048915
-1.5705963 9.308657 2.6048915
-1.532289 9.155428 2.4516625
-1.5705962 9.078813 2.1068976
-1.6089036 9.11712 1.9919758
-1.6472108 9.270349 1.9153614
-1.7621324 9.423578 1.838747
-1.8387469 9.615114 1.838747
-1.9919758 9.615114 1.8004398
-2.1452048 9.461885 1.838747
-2.3750482 9.155428 1.9536686
-2.7198133 8.772355 1.9919758
-2.9496565 8.465897 2.1068976
-3.064578 8.236053 2.0685902
-2.9113493 8.274361 1.9153613
-2.1068976 8.810662 1.7621324
-1.7238252 9.193734 1.6472108
-1.6089036 9.423578 1.7238252
-1.6089036 9.308657 1.9919758
-1.7621324 9.040506 2.3750482
-1.9919758 8.695741 2.834735
-2.1452048 8.082825 3.1411927
-2.2984338 7.699753 2.9879637
-2.2984338 7.2400656 2.7964275
-2.1068974 6.895301 2.6048913
-1.8387469 6.8569937 2.4516625
-1.4173675 6.8569937 2.4133554
-0.9959879 6.933608 2.3750482
-0.6512228 6.933608 2.2218192
-0.38307226 6.9719152 2.1835117
-0.22984335 6.856993 2.1452045
-0.26815057 6.62715 2.0685902
-0.42137948 6.3589997 2.1068974
-0.5746084 6.090849 2.1068974
-0.6512228 6.0525417 2.0685902
-0.61291564 6.090849 1.9153614
-0.4213795 6.397307 1.685518
-0.19153613 6.742072 1.3790601
-0.038307227 7.04853 1.1109095
0.11492168 7.3549876 0.95768064
0.15322891 7.393295 0.6895301
0.11492168 7.3549876 0.4596867
0.038307227 7.3166804 0.42137948
-0.038307227 7.354988 0.42137948
-0.076614454 7.546524 0.68953013
-0.076614454 7.73806 0.9193734
-0.038307227 7.929596 1.0342951
0.038307227 8.00621 1.1492168
0.0 7.967903 1.2641385
-0.038307227 7.967903 1.4556746
-0.038307227 8.00621 1.685518
-0.038307227 8.082825 1.9153613
0.11492168 8.197746 1.9919758
0.2681506 8.350975 1.9919758
0.45968673 8.504204 1.7621325
0.61291564 8.734048 1.6089036
0.6512228 8.963891 1.6089036
0.6512228 8.963891 1.5705965
0.49799395 9.002198 1.7238252
0.3830723 8.963891 1.8004396
0.34476504 8.887277 1.838747
0.45968673 9.155427 2.1452048
0.5363012 9.232041 2.0685902
0.49799395 9.270349 1.9919758
0.38307226 9.193734 1.8770542
0.15322891 9.078813 1.8770542
-0.15322891 9.078813 2.3750482
-0.4213795 9.2703495 3.0262709
-0.61291564 9.576807 3.6391864
-0.6895301 9.844957 3.9839516
-0.6895301 10.151415 3.9839516
-0.6512228 10.457872 3.8307228
-0.61291564 10.764331 3.7541084
-0.6512228 11.070789 3.86903
-0.7278373 11.377247 4.0222588
-0.7661445 11.645397 4.213795
-0.842759 11.9135475 4.520253
-0.842759 12.105083 4.673482
-0.842759 12.105083 4.8267107
-0.9193735 12.028469 5.0182467
-0.88106626 11.87524 4.9799395
-0.80445176 11.9135475 4.9799395
-0.6512228 12.143392 4.865018
-0.42137948 12.449849 4.5585604
-0.34476504 12.679692 4.405331
-0.45968673 12.641384 4.2904096
-0.68953013 12.334927 4.4436383
-0.9959879 11.951855 4.673482
-1.2641385 11.645397 4.8267107
-1.3790601 11.453861 4.9799395
-1.4173673 11.492168 5.0182467
-1.3790601 11.60709 5.056554
-1.2641385 11.722012 5.133168
-1.2258313 11.798626 5.056554
-1.1492169 11.760319 4.865018
-1.1109096 11.683704 4.7500963
-1.1492169 11.645397 4.596867
-1.1875241 11.530476 4.596867
-1.3024457 11.568783 4.4819455
-1.3790603 11.33894 4.2904096
-1.4556746 11.185711 4.060566
-1.5705963 11.032482 3.86903
-1.6472107 10.649409 3.9456444
-1.8004397 10.457872 4.098873
-1.9153614 10.189722 4.3287163
-1.9153614 10.036493 4.405331
-1.8770541 9.998186 4.3670235
-1.8004396 10.113108 4.2137947
-1.7238252 10.304645 4.060566
-1.7238252 10.419566 3.9839516
-1.8004398 10.611102 4.0222588
-1.8770542 10.534488 4.098873
-2.0685902 10.304644 4.1754875
-2.2601266 10.036493 4.3287168
-2.4133554 9.730036 4.1754875
-2.566584 9.576807 4.0222588
-2.6431987 9.461885 3.7924156
-2.681506 9.423578 3.6008797
-2.7964277 9.385271 3.7158012
-2.987964 9.385271 3.9073372
-3.1795 9.423578 4.098873
-3.4476504 9.423578 4.1754875
-3.7158012 9.461885 4.1371803
-3.9456444 9.385271 4.060566
-4.1754875 9.155427 3.86903
-4.3287163 8.887277 3.7924156
-4.367024 8.542511 3.7541084
-4.3287168 8.312668 3.7541084
-4.2137947 8.236053 3.8307228
-3.9839516 8.350975 3.524265
-3.7924154 8.504204 3.1794999
-3.7541082 8.619126 2.834735
-3.8307228 8.6574335 2.6431987
-4.060566 8.427589 2.834735
-4.367024 8.082825 3.2561142
-4.5968676 7.699753 3.6391866
-4.673482 7.316681 3.7924156
-4.6351748 7.0102224 3.6008792
-4.4436383 7.0485296 3.2178073
-4.060566 7.354988 2.873042
-3.6391866 7.929596 2.7964275
-3.1794999 8.772355 3.0262709
-2.7964275 9.423577 3.217807
-2.566584 9.730036 3.5242648
-2.3750482 9.768343 3.6391866
-2.2601264 9.691729 3.7158012
-2.030283 9.576807 3.7541084
-1.7238252 9.691729 3.5242648
-1.6089036 9.691729 3.2944214
-1.6472108 9.653421 3.1411927
-1.9153614 9.461885 3.371036
-2.2218192 9.193735 3.9073374
-2.336741 9.193735 4.481946
-2.2218192 9.193735 4.6351748
-1.8004396 9.461885 4.252102
-1.3790603 9.653421 3.4859576
-0.9959879 9.653421 2.9879637
-1.0726024 9.11712 3.715801
-1.4173673 8.657433 4.7884035
-1.8004396 8.350975 5.861006
-1.9536686 8.159439 6.397307
-1.8004396 8.312668 6.205771
-1.4556746 8.619126 5.477934
-0.91937345 9.155428 4.3670244
-0.30645782 9.691729 3.3710358
0.30645782 10.228029 2.7964275
0.842759 10.649408 2.7581203
1.0726024 10.764331 2.9496565
0.9959879 10.611102 3.1795
0.6895301 10.22803 3.4476504
0.2681506 9.576807 3.4476504
-0.15322891 8.810662 3.4859576
-0.38307226 8.312668 3.86903
-0.38307226 8.197746 4.2904096
-0.07661445 8.504204 4.6351748
0.49799395 9.078813 4.6351748
1.0726023 9.5385 4.1371803
1.5705963 9.730036 3.4476504
1.7238252 9.576807 2.6431985
1.5705963 9.155427 1.8387468
1.3024457 8.6574335 1.532289
0.9959879 8.236053 1.8004396
0.80445176 8.00621 2.6048915
0.80445176 7.967903 3.562572
0.91937345 8.236053 4.1754875
1.0726023 8.542511 4.1371803
1.340753 8.810662 3.7541084
1.532289 9.117121 3.371036
1.5705962 9.155428 3.0262709
1.5705962 9.040506 2.7964275
1.4939818 9.002199 2.7581203
1.532289 9.117121 3.1794996
1.6089036 9.346964 3.5242648
1.6089036 9.615114 3.9456444
1.5705963 9.768343 4.2521024
1.532289 9.80665 4.5968676
1.4939818 9.768343 4.8267107
1.6472108 9.691729 4.55856
1.8387469 9.921572 4.0222588
2.030283 10.189722 3.4859576
2.1452048 10.457872 3.0262709
2.2218192 10.534488 2.5282772
2.1068974 10.419566 2.566584
1.8004396 10.22803 2.7964275
1.4939818 10.036493 3.2561142
1.1492169 9.883265 3.7924156
0.99598795 9.883265 4.1754875
1.1492169 10.151415 4.290409
1.6089036 10.726024 3.6774938
1.7621325 11.109097 3.1794999
1.7238252 11.33894 2.987964
1.6472108 11.453861 2.834735
1.6089036 11.492168 2.873042
1.5705962 11.224018 2.7581203
1.6089036 10.879252 2.4899697
1.7238252 10.726024 2.4516625
1.8004396 10.6877165 2.6431987
1.8770541 10.879253 3.2561145
1.9536686 11.33894 4.098873
1.9153614 11.760319 5.094861
1.9153614 12.143391 5.6694694
1.8770541 12.411541 5.7077765
1.8004396 12.258312 5.0182467
1.6855179 11.990162 4.4436383
1.532289 11.798626 3.9073372
1.4173673 11.568783 3.371036
1.3790601 11.492168 3.1028855
1.3790601 11.492168 3.064578
1.340753 11.415554 3.4476504
1.2641385 11.453861 4.3287168
1.1109096 11.568783 5.4013195
1.0726024 11.836933 6.2057714
1.2641385 12.334928 6.6654577
1.6089035 12.717999 6.3973074
2.030283 12.832921 5.5928555
2.1835117 12.679692 4.596867
2.1068974 12.220005 3.4859579
1.8770541 11.798626 2.9496565
1.3790601 11.147404 3.3327289
1.2641385 10.955868 3.8307228
1.2641385 10.764331 4.0222588
1.3024457 10.649409 3.9073372
1.4556746 10.572795 3.562572
1.6472108 10.457873 3.1794999
1.7621324 10.266337 2.873042
1.8004398 9.998186 2.6431987
1.7238253 9.844957 2.5282772
1.493982 9.5385 2.681506
1.2641385 9.232042 2.6431987
1.0342951 8.887277 2.5282772
0.7661445 8.504204 2.2601266
0.5746084 8.121132 1.8770541
0.38307226 7.929596 1.8770541
0.34476507 8.121132 2.1835117
0.9193734 8.887278 3.2561145
1.4173673 9.2703495 3.4093432
1.685518 9.308657 2.9113493
1.8004397 9.040505 2.1068974
1.7238252 8.734048 1.2258313
1.5705963 8.350975 0.5746084
1.532289 8.0445175 0.61291564
1.4556746 8.082825 1.0726023
1.3407528 8.197746 1.8004396
1.3407528 8.542512 2.7581203
1.4556746 9.040505 3.4093432
1.5705962 9.308657 3.6008794
1.6472108 9.385271 3.4476504
1.5705962 9.078813 2.873042
1.3407528 8.465897 2.2218192
1.1492168 7.7380595 1.6472108
0.9576807 7.2783732 1.1109096
0.842759 7.3166804 0.84275895
0.80445176 7.661445 0.9959879
0.80445176 8.236053 1.3790601
0.88106626 8.69574 1.9153614
0.88106626 8.657433 2.0685902
0.7661446 8.236053 1.5705962
0.61291564 7.623138 0.8044517
0.5746084 7.010222 -0.19153613
0.5746084 6.7037644 -0.7661445
0.5746084 6.7037644 -0.84275895
0.5746084 6.933608 -0.6512228
0.38307226 7.125144 -0.11492168
0.15322891 7.354988 0.42137945
-0.038307227 7.316681 0.9959879
-0.076614454 7.1251445 1.2641385
0.038307227 7.0102224 1.1492168
0.19153613 6.8953004 0.7661445
0.30645782 6.9336076 0.22984338
0.26815057 7.201759 -0.15322891
0.11492168 7.201759 0.15322891
0.038307227 7.2783732 0.5746084
-0.11492168 7.240066 1.0726023
-0.15322891 7.1634517 1.4173675
-0.076614454 7.0868373 1.6472108
-0.076614454 7.1251445 1.6472108
-0.038307227 7.240066 1.3790601
0.0 7.469909 1.3024457
0.0 7.73806 1.1109096
0.038307227 7.929596 1.0726024
0.076614454 8.159439 1.1492168
0.038307227 8.389282 1.2641385
0.076614454 8.580819 1.4556746
0.30645782 8.772355 1.685518
0.57460845 9.078814 2.030283
0.8810662 9.385271 2.1452045
0.9959879 9.576807 2.0685902
0.8810662 9.653421 1.8004396
0.34476507 9.346964 1.1492169
0.11492168 9.308657 0.9576807
-0.19153611 9.308657 0.9576807
-0.38307226 9.346964 0.91937345

