-0.34476504 9.423578 1.0726023
-0.2681506 9.5385 1.4556746
-0.038307227 9.730036 1.8770542
0.076614454 9.921572 2.336741
0.61291564 9.80665 2.1452048
1.2641385 9.730036 1.9153614
1.9153614 9.691729 1.532289
2.6048915 9.921572 1.4173675
2.566584 9.998186 1.4173675
2.528277 10.151415 1.532289
2.4899697 10.228029 1.7238252
2.4516625 10.189722 1.9153614
2.4516625 10.151415 2.1068974
2.3750482 9.998186 2.1452045
2.2984338 9.921572 1.9919758
2.1452048 9.768343 1.7238252
1.9536686 9.653421 1.4173675
1.838747 9.691729 1.2258313
1.8004396 9.768343 1.1492169
1.838747 9.959879 1.1109097
1.9536686 10.189722 0.99598795
2.030283 10.189722 1.0726023
1.9536686 10.113108 0.99598795
1.8387468 9.959879 0.9576807
1.6472107 9.768343 1.0342952
1.4173675 9.653421 0.9193735
1.3024458 9.5385 0.7661445
1.2258313 9.423578 0.6512228
1.1875241 9.270349 0.61291564
1.2258313 9.155427 0.61291564
1.1492169 9.232041 0.6512229
1.1109097 9.385271 0.61291564
1.0726024 9.461885 0.38307226
0.9959879 9.500193 0.30645782
0.9959879 9.423578 0.49799395
0.9959879 9.385271 0.61291564
0.9576807 9.461885 0.6895301
0.9193735 9.5385 0.6895301
0.842759 9.615114 0.38307226
0.6895301 9.576807 0.22984336
0.5746084 9.5385 0.15322891
0.49799398 9.576807 0.038307227
0.45968673 9.576807 -0.11492168
0.49799395 9.576807 -0.22984336
0.4596867 9.576807 -0.15322891
0.38307226 9.500193 0.0
0.26815057 9.385271 0.57460845
0.11492168 9.346964 0.9576807
0.11492168 9.423578 0.88106626
0.19153613 9.461885 0.6512229
0.26815057 9.5385 0.19153613
0.344765 9.576807 -0.2681506
0.344765 9.461885 -0.45968673
0.30645782 9.461885 -0.53630114
0.19153613 9.423578 -0.7661446
0.076614454 9.346964 -0.80445176
-0.15322891 9.346964 -0.5363012
-0.45968673 9.308657 -0.114921674
-0.68953013 9.461885 0.4213795
-0.9193734 9.653421 0.80445176
-0.9193734 9.883265 0.80445176
-0.7661445 10.228029 0.4213795
-0.45968673 10.381258 0.03830722
-0.22984336 10.49618 -0.22984336
-0.30645782 10.49618 -0.2681506
-0.61291564 10.266336 -0.11492168
-1.2258313 10.036493 0.2681506
-1.8004396 9.921572 0.91937345
-2.2218192 9.80665 1.6472107
-2.4516625 9.959879 2.4899697
-2.528277 10.189722 2.9496565
-2.4899697 10.228029 2.8347347
-2.3367407 10.189722 2.2218192
-2.2601264 9.921572 1.0726024
-2.0685902 9.5385 -0.8044518
-2.0685902 9.615114 -1.1875241
-2.0685902 9.80665 -1.0342951
-2.1068974 10.036493 -0.6895301
-2.2601264 10.0748005 -0.19153613
-2.4516625 9.883265 0.038307227
-2.6431987 9.5385 0.15322891
-2.6431987 9.155427 0.15322891
-2.4516625 8.848969 -0.076614454
-2.1068974 8.810662 -0.4213795
-1.685518 9.078813 -0.80445176
-1.3024458 9.576806 -1.1109096
-1.0342951 10.228029 -1.1109096
-0.9959879 10.994174 -0.6895301
-1.0342951 11.60709 -7.4505806E-9
-1.3407528 11.798626 0.72783726
-1.7238252 11.798626 1.3024458
-2.0685904 11.453861 1.685518
-2.3750482 10.879252 1.8004397
-2.5282772 10.381259 1.685518
-2.681506 9.844957 1.6472108
-2.7964275 9.500193 1.838747
-2.9496565 9.308657 2.0685904
-3.1028855 9.2703495 2.3750482
-3.1411927 9.2703495 2.5282772
-3.0645783 9.11712 2.336741
-2.9113493 8.925584 2.1068976
-2.6431987 8.848969 1.9153614
-2.2984338 8.887277 1.8770542
-1.8770542 9.078814 1.9919758
-1.3790603 9.346964 1.9536686
-0.9193735 9.461885 1.7621324
-0.49799395 9.500193 1.37906
-0.30645782 9.423578 0.88106614
-0.30645782 9.193735 0.7661446
-0.4213795 8.848969 1.0342952
-0.72783726 8.350975 1.4556748
-0.9193734 7.8912888 1.9919759
-1.0342951 7.584831 2.336741
-1.0342951 7.3549876 2.221819
-0.9193734 7.240066 1.8387469
-0.7661445 7.201759 1.2258313
-0.5746084 7.1634517 0.80445176
-0.49799395 7.1634517 0.61291564
-0.49799395 7.0868373 0.7278373
-0.6895301 6.8569937 1.1109096
-0.88106626 6.5505357 1.1492168
-0.91937345 6.205771 1.2641385
-0.7661445 6.0142345 1.2258313
-0.38307226 6.129156 0.9576807
0.07661445 6.359 0.68953013
0.49799395 6.6654577 0.19153616
0.7661445 6.8569937 -0.22984335
0.9959879 6.8569937 -0.6512228
1.0726024 6.933608 -0.88106626
1.0726024 7.0485296 -0.68953013
1.1109097 7.2400656 -0.4213795
0.99598795 7.5082164 0.11492167
0.842759 7.6231384 0.80445176
0.6512228 7.6614456 1.2641385
0.49799395 7.699753 1.6089035
0.38307226 7.6231384 1.685518
0.38307226 7.6231384 1.4556746
0.45968676 7.699753 1.0726023
0.5746084 7.8912888 0.91937345
0.7661445 8.236053 0.8810662
0.9193735 8.427589 1.1109096
0.9576807 8.542512 1.3790601
0.9193734 8.580819 1.4939818
0.84275895 8.42759 1.7621324
0.6895301 8.465898 1.7621324
0.61291564 8.504205 1.7621324
0.53630114 8.619126 1.6472108
0.45968673 8.810662 1.4173675
0.4213795 8.963891 1.2641385
0.30645782 9.078813 1.2641385
0.15322891 9.040505 1.4556746
-0.038307227 9.040505 1.7621324
-0.30645782 9.040505 2.2218192
-0.5746084 9.040505 2.528277
-0.80445176 9.040505 2.6048913
-0.8810662 9.040505 2.566584
-0.8044518 9.155427 2.4899697
-0.49799398 9.65342 2.528277
-0.22984336 10.381258 2.6048915
-0.15322891 11.070788 2.643199
-0.22984336 11.530476 2.566584
-0.5363012 11.645397 2.566584
-0.8810662 11.492168 2.75812
-1.1492168 11.33894 2.9496562
-1.3024458 11.224018 3.217807
-1.3790601 11.032481 3.1794999
-1.3790601 10.955867 2.911349
-1.3407528 10.840945 2.6048913
-1.2641385 10.764331 2.2601264
-1.1492169 10.879252 2.030283
-0.91937345 11.070788 1.9536686
-0.80445176 11.415553 1.9919758
-0.6895301 11.836933 2.030283
-0.61291564 12.181699 2.1452048
-0.6512228 12.334928 2.2218192
-0.5746084 12.334928 2.183512
-0.45968673 12.373235 2.183512
-0.3830723 12.411542 2.1452048
-0.34476504 12.564771 2.183512
-0.45968673 12.832921 2.3750482
-0.61291564 12.871228 2.4516625
-0.80445176 12.832921 2.4899697
-1.0726023 12.641385 2.5282772
-1.2641385 12.449848 2.6431987
-1.4173673 12.143391 2.834735
-1.4939818 11.836933 3.1028855
-1.532289 11.645397 3.371036
-1.6089036 11.645397 3.5625722
-1.685518 11.722012 3.7541084
-1.7238252 11.87524 3.7541084
-1.7238252 11.990162 3.524265
-1.7238252 11.9135475 3.2944217
-1.685518 11.645397 2.9879637
-1.685518 11.18571 2.7581203
-1.7238252 10.687716 2.7964275
-1.8004397 10.228029 2.9113493
-1.8770542 10.036493 3.0645783
-1.9536686 10.113108 3.1411927
-1.9919758 10.342952 3.1794999
-1.9536686 10.649409 3.1794999
-1.9536686 10.955868 3.2561142
-2.030283 10.994175 3.3710358
-2.1452045 10.955868 3.4476504
-2.3750482 10.726024 3.371036
-2.6815057 10.342952 3.2561145
-2.9879637 9.921572 3.1411924
-3.371036 9.538499 3.1028852
-3.7158008 9.193734 3.2561142
-3.9073372 9.193734 3.1411924
-3.9456444 9.423578 3.0262709
-3.86903 9.730036 2.719813
-3.7924156 10.113108 2.4516625
-3.86903 10.151415 2.4133554
-4.098873 10.0748005 2.566584
-4.4053307 9.691729 2.9113493
-4.7500963 9.308657 3.064578
-5.0182467 8.925584 3.2944217
-5.2097826 8.619126 3.2944217
-5.24809 8.465898 3.217807
-5.133168 8.350975 3.217807
-4.9416323 8.350975 3.0262709
-4.673482 8.350975 2.9496565
-4.4436383 8.465897 2.9879637
-4.1754875 8.580819 2.9879637
-3.8307228 8.810662 2.911349
-3.4093432 9.078814 2.719813
-2.9496565 9.2703495 2.336741
-2.6048913 9.500193 2.0685904
-2.3367407 9.423578 2.030283
-2.2218192 9.232042 1.8004396
-2.2218192 8.963891 1.5322889
-2.2218192 8.695741 1.340753
-2.2984335 8.542512 1.1492168
-2.3367407 8.389283 1.2258312
-2.3367407 8.350975 1.4939818
-2.2601264 8.274361 1.6472108
-2.1452045 8.312668 1.7238252
-2.1068974 8.580818 1.8770542
-1.9536686 8.925583 2.1068976
-1.7621324 9.423578 2.183512
-1.5705965 9.998186 1.991976
-1.2258313 10.534487 1.5322891
-0.9576807 10.840945 0.9193735
-0.842759 10.994174 0.8044518
-0.9193734 10.840945 1.3790601
-1.2258312 10.342951 2.4899697
-1.6855179 9.921572 3.5242648
-2.2218192 9.270349 3.9073372
-2.566584 8.6574335 3.6391864
-2.6815057 8.274361 2.7964277
-2.6048913 8.0445175 2.1452048
-2.2218192 8.159439 1.9919758
-1.5705962 8.465897 2.4516625
-1.1492169 8.772355 3.4859576
-0.842759 9.193735 4.367024
-0.80445176 9.615114 4.711789
-1.1109096 9.768343 4.55856
-1.3790601 9.691729 3.86903
-1.532289 9.155427 3.1794996
-1.6089035 8.542512 2.9113493
-1.532289 8.159439 3.1028852
-1.3024457 8.312668 3.6774936
-1.0342951 8.810662 4.3287163
-0.61291564 9.461885 4.596867
-0.19153613 9.959879 4.3670235
0.26815057 9.921572 3.7541082
0.6895301 9.691728 3.0262709
0.9576807 9.232041 2.7581203
1.1875241 9.040505 2.719813
1.3407528 9.040505 2.8347347
1.4556746 9.11712 3.0262709
1.9153614 9.4618845 2.9113493
2.2218192 9.730036 3.0645783
2.5665843 10.304644 3.8307226
2.4133554 10.266336 4.2904096
2.183512 9.959879 4.5585604
1.8770542 9.423577 4.6351748
1.7238252 8.848969 4.4819455
1.685518 8.389282 4.1754875
1.7621324 8.159439 3.8307228
1.9536686 8.197746 3.5242648
2.3750482 8.580819 3.3327286
2.9879637 9.461885 3.4859574
3.5242648 10.49618 3.7924154
3.9073372 11.338939 4.098873
3.9073372 11.760319 4.2137947
3.4859576 11.530476 4.060566
2.873042 10.764331 3.7924151
2.2984338 9.844957 3.4476502
1.8770542 9.11712 3.217807
1.685518 8.6574335 2.9879637
1.7621324 8.734048 2.8347347
1.9919758 9.193735 2.8730419
2.336741 9.768343 2.9496565
2.6431987 10.304644 3.1411927
2.719813 10.611101 3.217807
2.528277 10.572794 3.2944217
2.1068974 10.113108 3.3327289
1.6089036 9.5385 3.1794996
1.3024458 9.155428 3.1794996
1.340753 9.232042 3.217807
1.5705963 9.768343 3.371036
1.8387468 10.342951 3.6008794
1.9919758 10.76433 3.7541084
1.9153614 10.840945 3.6391866
1.8004396 10.649409 3.4093432
1.7238252 10.534488 3.217807
1.685518 10.534488 2.8730419
1.685518 10.649409 2.6048913
1.7621324 10.879252 2.4899697
1.9153614 11.300632 2.4516625
2.1452048 11.836933 2.7198129
2.2601264 12.411541 3.1794996
2.2218192 12.909534 3.7158008
1.8770542 12.986151 4.2904096
1.3024457 12.603079 4.8267107
0.80445176 11.951856 5.171476
0.45968673 11.300632 5.363012
0.5363012 11.109097 5.401319
0.99598795 11.453861 5.171476
1.6472108 12.105083 4.9799395
2.2218192 12.794615 4.903325
2.4516625 13.101072 4.9416323
2.2218192 12.756308 5.094861
1.5705962 11.951855 5.1714754
0.8044518 11.070789 4.9799395
0.2681506 10.457872 4.903325
0.22984338 10.342951 4.9416323
0.5746084 10.611102 4.9799395
1.0342951 10.91756 4.865018
1.3790601 11.185711 4.3287163
1.5322891 11.33894 3.7924154
1.5705965 11.415554 3.371036
1.5705965 11.415554 3.2944217
1.5705965 11.377247 3.562572
1.4939818 11.185711 3.7158012
1.4939818 10.994175 3.6774938
1.6089036 10.917561 3.4859576
1.685518 10.649409 3.064578
1.6472108 10.49618 2.7581203
1.340753 10.304644 2.7964277
0.91937345 9.998186 2.9496565
0.5746084 9.730036 3.2561145
0.3830723 9.423578 3.2178073
0.3830723 9.11712 2.873042
0.6512229 9.11712 2.3750482
1.1492168 9.308656 1.9536686
1.6089035 9.5385 1.7238252
1.9536686 9.615114 1.685518
1.9919758 9.461885 1.9153614
1.7621324 9.040505 2.1068976
1.4556746 8.69574 2.2984335
1.2258313 8.465897 2.336741
1.0726024 8.159439 2.183512
0.8810662 7.967903 2.030283
0.7661445 7.699753 1.9919758
0.72783726 7.546524 2.1452048
0.7661446 7.6231384 2.3750482
0.99598783 7.929596 2.4899697
1.4173675 8.312668 2.5665843
1.7621324 8.657433 2.528277
1.9919758 8.69574 2.4516625
2.0685902 8.427589 2.2984338
1.838747 7.929596 2.1835117
1.5322891 7.4699097 2.1835117
1.1875241 7.2017584 2.2218194
0.842759 6.9719152 2.4133554
0.57460845 6.8186865 2.4133554
0.45968676 6.8569937 2.3367407
0.61291564 6.9719152 2.183512
0.91937345 7.3166804 1.8387468
1.340753 7.699753 1.4173675
1.7238252 7.699753 1.0726023
1.8004396 7.508217 0.6512228
1.6472107 7.0868373 0.30645782
1.2641385 6.703765 0.26815057
0.80445176 6.4739213 0.30645782
0.45968673 6.3589997 0.5363012
0.34476504 6.5505357 0.95768064
0.45968673 6.933608 1.4173675
0.68953013 7.393295 1.7238252
0.842759 7.776367 1.9536686
0.7661445 7.6614456 1.9919758
0.49799395 7.2017584 1.685518
0.19153613 6.7037644 1.532289
0.0 6.397307 1.4939818
-0.038307227 6.5505357 1.532289
0.076614454 6.9719152 1.8004397
0.34476504 7.5082164 1.9153614
0.6512229 8.082825 2.030283
0.842759 8.542511 2.2601264
0.88106626 8.734048 2.528277
0.7278373 8.848969 2.7581203
0.45968676 8.734048 3.1028855
0.30645782 8.312668 3.1028855
0.30645782 8.0445175 2.8347347
0.38307226 7.967903 2.528277
0.57460845 8.236054 2.1452048
0.7278373 8.887277 2.1452048
0.9193734 9.576807 2.4516625
0.9959879 9.883265 2.8347347
0.91937345 9.768343 2.9879637
0.7661446 9.576807 2.911349
0.49799395 9.500193 2.7581203
0.3830723 9.308657 2.7581203
0.34476504 9.346964 2.528277
0.4213795 9.385271 2.2601264
0.5746084 9.193734 1.9536686

