0.5746084 9.232041 1.3790601
0.45968673 9.270349 1.1875241
0.30645782 9.270349 1.2258313
0.30645782 9.576807 1.7621324
1.0342951 9.615114 1.8770541
1.7621324 9.80665 1.8387469
2.4899697 9.80665 1.685518
2.9879637 9.998186 1.6089035
3.064578 10.151415 1.340753
3.217807 10.228029 1.0726024
3.371036 10.266336 0.9959879
3.4859576 10.419565 1.0726024
3.4476504 10.457873 1.2641385
3.1794999 10.457873 1.4556746
2.8347347 10.381258 1.6472108
2.528277 10.189722 1.685518
2.4133554 9.998186 1.6089035
2.4899697 9.883265 1.4556746
2.6431987 9.768343 1.1109096
2.681506 9.730036 0.7661446
2.6048915 9.80665 0.6512229
2.4133554 9.883265 0.68953013
2.1068976 9.959879 0.9576807
1.8004396 9.998186 1.3790601
1.4556746 9.959879 1.7238251
1.1875241 9.844957 1.9536685
0.9576807 9.691729 1.877054
0.842759 9.461885 1.4939818
0.842759 9.308657 0.8810662
0.91937345 9.193735 0.19153614
1.0726024 9.308657 -0.22984335
1.1492168 9.615114 -0.30645782
1.1492168 9.844957 0.038307227
0.9193734 9.959879 0.49799395
0.61291564 9.768343 0.842759
0.45968673 9.385271 0.9959879
0.34476504 9.040505 0.7278373
0.30645782 8.963891 0.49799395
0.3830723 9.078814 0.19153611
0.45968673 9.385271 0.038307227
0.6512229 9.730036 0.0
1.1492169 10.113108 0.61291564
1.1109096 10.0748005 0.99598795
0.91937345 9.80665 1.2641385
0.61291564 9.423578 1.4173675
0.19153613 8.848969 1.1109096
-0.11492168 8.350975 0.68953013
-0.34476507 8.350975 0.49799395
-0.3830723 8.504204 0.45968676
-0.19153614 8.8489685 0.57460845
0.076614454 9.346964 0.61291564
0.30645782 9.5385 0.61291564
0.34476507 9.653421 0.5363012
0.2681506 9.844957 0.49799395
0.076614454 9.844957 0.7278373
-0.076614454 9.576807 0.8810662
-0.15322891 9.346964 0.7278373
-0.2681506 8.925584 0.4213795
-0.38307226 8.619126 -0.15322891
-0.38307226 8.695741 -0.6895301
-0.38307226 8.810662 -0.9576807
-0.26815057 9.117121 -0.88106626
-0.038307227 9.576807 -0.5363012
0.0 9.959879 7.4505806E-9
0.0 10.189722 0.4213795
-0.11492168 10.228029 0.7278373
-0.30645782 10.036493 1.0726024
-0.45968673 9.768343 1.4173673
-0.7661445 9.500193 1.8770541
-0.84275895 9.423578 2.1068974
-0.80445176 9.5385 2.0685902
-0.84275895 9.653421 1.8004396
-0.6512228 9.80665 1.4173673
-0.5363012 9.959879 1.1109095
-0.6895301 9.998186 1.0726023
-0.80445176 10.0748005 1.2258313
-1.0726024 10.228029 1.6472108
-1.4939818 10.0748005 2.2218192
-1.8770542 9.921572 2.8347347
-2.1068976 9.883265 3.1028855
-2.0685902 9.921572 2.834735
-1.9153614 10.113108 2.2218194
-1.5322891 10.266336 1.2641385
-1.3790601 10.381258 0.4213795
-1.5322891 10.342951 0.038307227
-1.7238252 10.381258 0.22984335
-2.030283 10.419566 0.8810662
-2.2218192 10.304644 1.7238252
-2.1452048 10.189722 2.413355
-2.030283 10.113108 2.566584
-1.8387468 10.0748005 2.2218192
-1.6472108 9.998186 1.532289
-1.5705962 10.0748005 0.7278373
-1.4556746 10.113108 0.11492168
-1.4556746 10.151415 -0.19153613
-1.4556746 10.304644 0.038307242
-1.532289 10.419565 0.61291564
-1.8387469 10.342951 1.340753
-2.2218192 10.151415 2.030283
-2.6431985 9.80665 2.2218192
-2.9879637 9.423578 1.9536686
-3.1794996 9.193734 1.4556746
-3.2561142 9.078813 1.0342951
-3.3327286 9.155427 0.91937345
-3.4476504 9.155427 1.3024458
-3.5242648 9.193734 2.1068976
-3.562572 9.155427 2.9113493
-3.5242648 9.155427 3.562572
-3.2944217 9.2703495 3.86903
-2.9879637 9.385271 3.6008794
-2.6048913 9.5385 2.873042
-2.2601264 9.461885 2.0685904
-2.0685902 9.193735 1.3790603
-2.030283 8.887277 1.0342951
-2.0685902 8.619126 1.1875241
-2.2218192 8.389283 1.8004396
-2.183512 8.312668 1.8770541
-1.9536686 8.197746 1.8387469
-1.685518 8.159439 1.8387469
-1.2641385 8.0445175 1.7238252
-0.842759 7.8912888 1.5705963
-0.49799395 7.8146744 1.0342951
-0.19153613 7.6231384 0.30645782
0.076614454 7.546524 -0.42137945
0.15322891 7.6231384 -0.6129156
0.076614454 7.6231384 -0.2681506
0.038307227 7.6231384 0.42137948
-0.038307227 7.546524 1.187524
-0.038307227 7.316681 1.4173673
0.076614454 7.163451 1.4173673
0.26815057 7.0485296 1.0726024
0.53630114 7.0485296 0.49799395
0.8044517 7.086837 0.03830722
1.0342951 7.086837 -0.38307226
1.187524 7.125144 -0.5746084
1.2641385 7.2783737 -0.49799392
1.340753 7.546524 -0.22984333
1.340753 7.73806 0.076614454
1.2641386 7.8529816 0.34476507
1.0342952 7.8146744 0.5363012
0.7661446 7.6231384 0.6512228
0.57460845 7.393295 0.80445176
0.38307226 7.1634517 0.7661446
0.38307226 7.0868373 0.91937345
0.5363012 7.1634517 0.9959879
0.9959879 7.73806 1.4939818
1.2258313 8.121132 1.5705962
1.3024457 8.389282 1.7621324
1.2641385 8.619125 1.8387469
1.1109097 8.734048 2.4516625
1.0726024 8.848969 2.834735
0.9959879 8.810662 3.0262709
0.842759 8.734047 2.873042
0.57460845 8.504204 2.336741
0.2681506 8.159439 1.8387469
0.0 8.159439 1.7621325
-0.22984335 8.42759 2.0685902
-0.38307226 8.84897 2.7964275
-0.4213795 9.2703495 3.4093432
-0.4213795 9.576807 3.7541082
-0.49799395 9.691729 3.6008794
-0.6895301 9.730036 3.026271
-0.8810662 9.844957 2.5282772
-1.1109096 10.113108 2.030283
-1.1875241 10.457872 1.9153614
-1.1109096 10.917559 2.183512
-1.1109096 11.3006315 2.4899697
-1.1492168 11.453861 2.7964275
-1.2258313 11.415554 3.1028855
-1.3790601 11.109097 3.1028855
-1.5705963 10.764332 3.1028855
-1.6472108 10.49618 2.9879637
-1.685518 10.381258 2.719813
-1.7238252 10.572794 2.528277
-1.7238252 10.649409 2.2218192
-1.7238252 10.726024 1.9536686
-1.8004397 10.764331 1.7621324
-1.7238252 10.649409 1.8004396
-1.532289 10.840945 1.9536685
-1.4556746 11.032482 2.1452045
-1.2641385 11.185711 2.3750482
-1.1492168 11.377247 2.4133554
-1.1492168 11.453861 2.4133554
-1.0726024 11.492168 2.4516625
-1.0342951 11.415554 2.3750482
-0.9959879 11.33894 2.4899697
-0.9576807 11.33894 2.5282772
-0.9576807 11.262325 2.5282772
-1.1875241 11.377247 2.873042
-1.2641385 11.224018 3.1794999
-1.3024457 11.147404 3.4476504
-1.2258313 11.032481 3.371036
-1.1492169 10.994174 3.1794999
-1.1492169 10.994174 2.873042
-1.1875241 11.032481 2.6431987
-1.3790603 11.109097 2.681506
-1.532289 11.032482 2.6431987
-1.6472108 11.147404 2.7964275
-1.7238252 11.262325 2.9496565
-1.7621324 11.224018 2.9879637
-1.9153614 11.453861 3.064578
-2.1068974 11.60709 3.1028852
-2.3750482 11.568783 3.371036
-2.6431985 11.60709 3.7924156
-2.9113493 11.492168 4.2904096
-3.1795 11.224018 4.711789
-3.4093432 11.109097 4.865018
-3.4859576 11.032481 4.865018
-3.4093432 11.032481 4.7500963
-3.3327286 11.147403 4.5202527
-3.1794999 11.224018 4.290409
-3.064578 11.33894 4.1371803
-3.0262709 11.33894 3.9456444
-3.0262709 11.262325 3.8307228
-3.0262709 11.032482 3.7541084
-3.1028852 10.6877165 3.7924156
-3.1794996 10.457872 3.9456444
-3.1794996 10.151415 4.0222588
-3.1794996 9.959879 3.9839516
-3.064578 9.80665 3.715801
-2.9496565 9.5385 3.2944214
-2.9113493 9.38527 2.9113493
-2.9879637 9.270349 2.6048913
-3.217807 9.11712 2.4899697
-3.5242648 8.925584 2.4516625
-3.86903 8.542512 2.4516625
-4.1754875 8.121132 2.4899697
-4.3287168 7.929596 2.566584
-4.405331 8.121132 2.6048913
-4.2521024 8.504204 2.528277
-4.060566 8.963891 2.4516625
-3.9456444 9.232041 2.2218192
-3.86903 9.078813 1.9536686
-3.9839516 8.887277 2.030283
-4.1754875 8.504204 2.2601264
-4.3287168 8.121132 2.6048913
-4.367024 7.929596 2.834735
-4.252102 7.8146744 2.7581203
-3.9456444 7.8912888 2.4133554
-3.6774938 7.967903 2.1068976
-3.4859576 8.082825 2.4516625
-3.1794999 8.734048 3.1028855
-2.8730423 9.423578 3.86903
-2.4133554 10.228029 4.520253
-1.9153614 10.840945 4.520253
-1.532289 10.802638 4.2521024
-1.2641385 10.457873 3.9839518
-1.0726024 10.036494 3.7541084
-0.9193734 9.844957 3.6008794
-0.8044517 9.768343 3.4859576
-0.6512228 9.959879 3.2944214
-0.57460845 9.921572 3.064578
-0.57460845 9.691729 2.8730419
-0.5363012 9.4618845 2.6815057
-0.45968673 9.193734 2.566584
-0.4213795 9.270349 2.4899697
-0.11492168 9.385271 2.6815057
0.19153613 9.5385 2.9113493
0.26815057 9.500193 3.0262709
0.15322891 8.427589 2.7964277
-0.22984335 7.73806 2.528277
-0.34476504 7.4699097 2.8730419
-0.34476504 7.6614456 3.562572
-0.07661445 8.427589 4.367024
0.3830723 9.346963 4.8267107
0.6512228 9.998186 4.1754875
0.7278373 10.266336 3.1411924
0.61291564 10.151415 2.183512
0.38307226 9.691729 1.5322891
0.38307226 9.308657 1.6855179
0.5363012 9.11712 2.1835117
0.6895301 9.193734 2.6815057
0.7661445 9.270349 3.2944214
0.34476504 9.2703495 3.9839516
0.19153613 9.040505 4.2137947
0.11492168 8.925584 4.1754875
0.26815057 8.848969 3.9456444
0.57460845 8.848969 3.3327289
0.9576807 9.078813 2.681506
1.4173675 9.308657 2.336741
1.685518 9.346964 2.183512
1.8004396 9.308657 2.4133554
1.7621324 9.155428 2.9496565
1.5705962 9.040505 3.6391864
1.3790603 9.002198 4.2904096
1.3024457 9.040505 4.4436383
1.3790603 9.040505 4.022259
1.5705963 9.078814 3.141193
1.8387469 9.155428 2.1452048
2.1068976 9.308657 1.3790603
2.2984338 9.615114 1.3790603
2.4516628 10.0748005 1.9919758
2.5282772 10.419565 2.9496565
2.4133554 10.726024 3.86903
2.2218192 10.572795 4.2137947
1.9536686 10.036493 3.9073372
1.7238252 9.576807 3.4476504
1.6089035 9.078813 3.026271
1.532289 8.963891 2.6048915
1.5705962 9.117121 2.2601266
1.7621324 9.500193 2.2601266
1.9919758 10.0748005 2.4516625
2.183512 10.572794 2.7198129
2.2601264 10.764331 3.1028852
2.0685902 10.534488 3.1794999
1.7238252 9.95988 2.9496565
1.4173673 9.2703495 2.7581203
1.1492168 8.810662 2.6431987
1.1492168 8.810662 2.5665843
1.3790601 9.346964 2.6431987
1.685518 10.036494 2.7581203
1.8387468 10.649409 3.0262709
1.8387468 10.879252 3.3327289
1.532289 10.572795 3.4093432
1.2258313 9.959879 3.2561145
1.0726023 9.423578 2.9879637
1.1109096 9.11712 2.7198129
1.3790601 9.193734 2.566584
1.5705962 9.500193 2.4516625
1.7238252 9.959879 2.336741
1.8770542 10.611101 2.2984338
1.9153614 11.224018 2.3750482
1.8387469 11.60709 2.4899697
1.6472108 11.530476 2.566584
1.2641385 11.070788 2.4516625
0.8810662 10.572794 2.2218194
0.7661446 10.304644 2.1068976
0.9193735 10.534488 2.1068976
1.2641385 11.109096 2.2984338
1.7238252 11.951856 2.9496565
1.9153614 12.832922 3.6774938
1.8770542 13.215994 3.9456444
1.6089036 13.292608 3.907337
1.1109096 12.986151 3.409343
0.842759 12.488156 2.911349
0.57460845 12.258312 2.8347347
0.53630114 12.258312 2.7964275
0.7661445 12.411541 2.9113493
1.0726024 12.794613 3.1028855
1.340753 13.1393795 3.371036
1.3790601 13.369223 4.060566
1.4173675 13.40753 4.673482
1.3024458 13.177686 5.0948615
1.2258313 12.794614 5.3247046
1.2641386 12.334927 5.1331687
1.2258313 11.990162 4.673482
1.1492169 11.760319 4.0222588
1.2258313 11.798626 3.217807
1.4173675 11.9135475 2.4899697
1.6089035 12.066776 2.1068976
1.8004397 12.181698 2.2601266
1.9153614 12.258312 2.7581205
1.9536686 12.296619 3.2561145
1.8770542 12.105083 3.6008797
1.8004397 11.683704 3.4093435
1.6855179 11.109096 2.987964
1.5705963 10.534488 2.681506
1.4939818 10.151415 2.4516625
1.532289 10.0748005 2.2218192
1.532289 10.0748005 2.0685902
1.6472108 10.151415 1.9153614
1.9153614 10.304644 1.8770542
2.1068974 10.342952 2.1068976
2.2218192 10.304645 2.183512
2.0685902 10.036494 2.2601264
1.6472107 9.423578 2.336741
1.187524 8.772355 2.3750482
0.8810662 8.427589 2.6431987
0.842759 8.312668 2.9496565
0.9193734 8.42759 2.9879637
1.1109096 8.695741 2.8347347
1.5322891 8.963891 2.7581203
1.8770541 9.270349 2.7964275
2.1452045 9.461885 2.7581203
2.1452045 9.346964 2.681506
1.7238253 8.963891 2.4133554
1.340753 8.42759 1.8770542
1.1875241 8.00621 1.532289
1.2641385 8.00621 1.4939818
1.4556746 8.0445175 1.532289
1.4556746 8.0445175 1.4556746
1.2641385 8.0445175 1.1875241
1.0342951 7.8529816 1.0726024
0.8810662 7.699753 1.1492169
0.80445176 7.584831 1.4173675
0.7661446 7.4699097 2.030283
0.8044518 7.2783737 2.336741
0.8810662 7.086837 2.2218194
1.1109096 7.0485296 1.8387469
1.3024458 7.0102224 1.2258313
1.3790603 7.125144 0.497994
1.2641385 7.201759 0.0
0.8810662 7.125144 -0.15322891
0.38307226 6.9719152 -0.11492168
-0.11492169 6.4739213 0.11492168
-0.72783726 5.899313 0.34476504
-0.4596867 6.0908494 0.19153613
0.07661447 6.7803793 -0.15322891
0.7278373 7.508217 -0.45968673
1.2641385 8.082825 -0.6895301
1.4939818 8.350975 -0.5746084
1.2641385 8.274361 0.03830722
0.7278373 7.929596 0.91937345
0.15322891 7.469909 1.8770541
-0.38307226 7.0485296 2.528277
-0.61291564 6.7803793 2.7581205
-0.53630114 6.6654577 2.4899697
-0.38307226 6.6654577 1.9536685
-0.2681506 6.8569937 1.532289
-0.22984336 7.1251445 1.3024457
-0.30645782 7.5465236 1.5705963
-0.344765 7.929596 1.9536686
-0.38307226 8.159439 2.336741
-0.38307226 8.197746 2.4516625
-0.5363012 8.082825 2.2984338
-0.80445176 8.0445175 2.0685902

