-0.95768064 8.00621 1.9153614
-0.9959879 8.121132 2.030283
-0.15322891 9.040506 2.2601266
0.68953013 9.193735 2.2601266
1.3790601 9.232042 2.2218194
2.4516625 9.11712 2.4133554
2.873042 9.155427 2.4899697
2.7964277 9.232042 2.3750482
2.719813 9.385271 2.2218192
2.4899697 9.385271 2.030283
2.2601264 9.385271 2.030283
2.2601264 9.500193 2.0685902
2.4516625 9.653421 2.030283
2.7964277 9.921572 1.8770542
3.1028855 10.0748005 1.340753
3.2561142 10.266336 0.842759
3.2561142 10.342951 0.3830723
3.1411924 10.266336 0.15322891
2.9879637 10.189722 0.22984335
2.7964277 9.998186 0.4213795
2.566584 9.883265 0.7278373
2.336741 9.921572 0.9576807
2.1835117 10.0748005 0.99598795
2.1452045 10.266337 0.9576807
2.2218192 10.419566 0.7278373
2.4516625 10.457873 0.49799395
2.6431987 10.342951 0.4213795
2.6815062 10.0748005 0.30645782
2.6048913 9.844957 0.26815057
2.336741 9.691729 0.22984336
2.030283 9.576807 0.038307227
1.7621324 9.576807 -0.038307227
1.5322891 9.500193 -0.076614454
1.4556746 9.461885 0.0
1.493982 9.5385 0.22984336
1.6472108 9.730036 0.34476504
1.8387469 10.0748005 0.2681506
1.7621324 10.113108 0.19153613
1.4556746 9.921572 0.076614454
0.99598795 9.500192 0.11492168
0.4213795 8.925584 0.38307226
0.076614454 8.619126 0.53630114
0.038307227 8.580819 0.57460845
0.15322891 8.810663 0.4213795
0.45968673 9.117121 0.22984336
0.8810662 9.730036 0.4213795
0.8810662 9.883265 0.6512229
0.6512228 9.883265 0.842759
0.45968673 9.768343 0.9193735
0.19153613 9.615114 0.88106626
0.0 9.576807 0.7661446
-0.038307227 9.691729 0.6895301
-0.038307227 9.844957 0.6895301
-0.076614454 9.844957 0.49799395
-0.22984335 9.576807 0.42137948
-0.34476504 9.461885 0.49799395
-0.38307226 9.576807 0.61291564
-0.26815057 9.844957 0.9959879
-0.11492168 10.342952 1.3790601
-0.15322891 10.572795 1.4173675
-0.38307226 10.572795 1.3024457
-0.88106626 10.342951 1.1875241
-1.3790603 9.959879 1.0726023
-1.838747 9.615114 1.1875241
-2.183512 9.2703495 1.4556746
-2.2984335 9.193735 1.8387468
-2.2601264 9.346964 2.2218192
-2.1068974 9.5385 2.7964277
-2.1068974 9.80665 3.0645783
-2.0685902 9.883265 2.834735
-2.030283 10.036493 2.5665843
-1.9919758 10.266336 1.9536686
-1.8004397 10.342951 1.4556746
-1.7238252 10.457872 1.1109097
-1.8004396 10.572794 0.9193735
-1.9919758 10.572794 0.9576807
-2.2601264 10.611102 1.1875241
-2.6048913 10.457873 1.685518
-2.9879637 9.883265 1.9153614
-3.3327289 9.2703495 1.8387469
-3.6008794 8.772355 1.4939818
-3.6008794 8.580819 1.2641385
-3.4476504 8.810663 1.1109096
-3.217807 9.385271 1.1492169
-2.9113493 10.113108 1.532289
-2.719813 10.726025 1.532289
-2.6048915 10.994175 1.3024458
-2.6431987 10.649409 0.8810662
-2.7581203 9.998187 0.26815057
-2.9113493 9.2703495 -0.1532289
-3.0262709 8.6574335 -0.11492167
-2.9496565 8.504204 0.2681506
-2.8730419 8.734048 0.6895301
-2.681506 9.193735 1.0342951
-2.4133554 9.730036 1.1492168
-2.1452048 10.228029 1.2641385
-1.8770541 10.496181 1.2641385
-1.685518 10.534488 1.2641385
-1.4939818 10.49618 1.4173673
-1.3024457 10.381258 1.3407528
-1.1492169 10.228029 1.2641385
-0.95768064 10.151415 1.340753
-0.8810662 9.998186 1.2641385
-0.91937345 9.691729 1.2258313
-1.0342951 9.461885 1.1109096
-1.1875241 9.193735 0.9576807
-1.3024458 9.040505 0.9193735
-1.3024458 9.11712 0.9576807
-1.1109096 9.193734 1.0342952
-0.8810662 9.423578 1.1109096
-0.61291564 9.653421 1.1109096
-0.4213795 9.730036 1.1109096
-0.4596867 9.5385 1.0726024
-0.6129156 9.117121 0.842759
-0.9193734 8.504205 0.6512228
-1.2641385 7.929596 0.53630114
-1.532289 7.546524 0.61291564
-1.6472107 7.3549876 0.95768064
-1.532289 7.469909 1.4173675
-1.2258313 7.699753 1.7621324
-0.8044517 8.0445175 1.9919758
-0.34476507 8.312668 1.877054
0.0 8.389282 1.5705962
0.19153613 8.121132 1.2258313
0.19153613 7.508217 0.842759
0.038307227 6.7803793 0.6512229
-0.19153613 6.052542 0.5363012
-0.42137948 5.66947 0.5363012
-0.49799398 5.66947 0.61291564
-0.49799398 5.861006 0.49799395
-0.3830723 6.129156 0.34476504
-0.22984335 6.397307 0.07661445
-0.11492168 6.5505357 -0.15322891
-0.038307227 6.5505357 -0.22984335
-0.11492168 6.435614 -0.114921674
-0.22984336 6.244078 0.11492168
-0.3830723 6.244078 0.38307226
-0.45968676 6.4739213 0.72783726
-0.34476507 6.8569937 0.72783726
-0.30645782 7.201759 0.5363012
-0.26815057 7.393295 0.38307226
-0.34476504 7.508217 0.4213795
-0.5746084 7.6614456 0.80445176
-0.7278373 7.8146744 1.4556746
-0.8810662 7.8912888 1.8770542
-1.1109096 7.8146744 2.0685902
-1.2641385 7.546524 1.9536686
-1.3790601 7.31668 1.5705963
-1.3407528 7.163451 1.1875241
-1.0726023 7.2400656 0.842759
-0.7661445 7.5465236 0.7278373
-0.45968676 8.00621 0.8810662
-0.34476507 8.389282 1.1109096
-0.34476507 8.695741 1.340753
-0.30645782 8.887277 1.4173675
-0.22984335 9.040505 1.3407528
0.03830722 9.308656 1.1875241
0.3830723 9.653421 0.91937345
0.68953013 10.036493 0.842759
0.8810662 10.304644 0.8810662
0.8044518 10.496181 1.1109096
0.61291564 10.381259 1.4173675
0.4213795 10.342952 1.5705963
0.22984336 10.304645 1.5705963
0.22984336 10.189722 1.4173673
0.4213795 10.496181 1.2258313
0.5746084 10.91756 1.1109096
0.8044518 11.338939 1.0726024
0.9576807 12.028469 1.1492168
0.842759 12.488155 1.3407528
0.61291564 12.603077 1.7238252
0.30645782 12.794614 2.2218192
-0.07661445 12.641384 2.7964277
-0.34476504 12.526463 3.4093432
-0.53630114 12.488155 4.1754875
-0.45968673 12.641385 4.1754875
-0.30645782 12.871228 3.9073372
-0.076614454 12.947843 3.4093432
0.11492168 12.98615 2.834735
0.45968676 12.909535 2.566584
0.7278373 12.679692 2.4516625
0.88106626 12.641385 2.4133554
1.0342952 12.641385 2.528277
1.0726024 12.717999 2.566584
1.0726024 12.871228 2.719813
1.0726024 12.909535 2.834735
1.0726024 12.794614 2.9496565
1.0726024 12.679692 2.9113493
1.0342952 12.449849 2.681506
0.99598795 12.181699 2.6431987
0.8810662 11.990162 2.6048915
0.6512228 11.722012 2.719813
0.38307226 11.530476 2.9496565
0.114921674 11.262325 2.9879637
-0.15322891 11.032482 2.873042
-0.30645782 10.879252 2.719813
-0.30645782 10.802638 2.528277
-0.11492168 11.032481 2.4899697
-0.038307227 11.147403 2.4899697
0.0 11.18571 2.6431987
0.038307227 11.224017 2.7964275
0.038307227 11.262325 3.0262709
0.0 11.262325 3.1411927
-0.076614454 11.147404 3.1411927
-0.22984336 10.955868 2.987964
-0.38307226 10.726024 2.873042
-0.5363012 10.496181 2.834735
-0.6895301 10.381258 2.7964277
-0.842759 10.381258 2.873042
-0.9959879 10.534487 2.9496565
-1.1492168 10.726024 3.1794999
-1.3407528 10.879252 3.3327286
-1.532289 10.879252 3.3327286
-1.7621324 10.6877165 3.2944214
-2.0302832 10.381259 3.1794999
-2.4516628 9.883265 3.064578
-2.6431987 9.691729 3.0262709
-2.7964277 9.615114 2.9496565
-2.9113493 9.5385 2.834735
-3.0262709 9.346964 2.834735
-3.1028852 9.232042 2.7581205
-3.1794999 9.155427 2.7581205
-3.217807 9.270349 2.834735
-3.217807 9.461885 2.681506
-3.1794999 9.80665 2.566584
-3.0262709 10.113108 2.2984335
-2.9113493 10.189722 2.030283
-2.9113493 10.113108 2.030283
-2.9496565 9.768343 2.0685902
-3.1028855 9.2703495 2.2218192
-3.2561142 8.772355 2.4133554
-3.2944214 8.427589 2.4133554
-3.2561142 8.274361 2.3750482
-3.1028855 8.312668 2.2984335
-2.9113493 8.504205 2.1068976
-2.4899697 8.887278 1.838747
-2.030283 9.308657 1.6089036
-1.4556746 9.730036 1.3407531
-0.91937345 10.113108 1.3790603
-0.7278373 10.151415 1.4556746
-0.80445176 9.883265 1.7621324
-1.3024457 9.2703495 2.2218192
-1.8770542 8.504204 2.2984338
-2.4133554 7.8912888 2.3750482
-2.6048915 7.6231384 2.1068976
-2.2984335 7.8529816 1.8387469
-1.7238252 8.465897 1.9153614
-0.8044518 9.385271 2.4133554
-0.8810662 9.346964 2.6048915
-1.2641385 8.772356 2.566584
-1.6089035 8.197747 2.4133554
-1.8770541 7.699753 2.4133554
-1.9153614 7.4699097 2.4516625
-1.7621324 7.6231384 2.7198129
-1.5705962 7.8529816 3.256114
-1.2641385 8.350975 3.86903
-0.95768064 9.002198 4.3287168
-0.61291564 9.5385 4.213795
-0.19153613 9.883265 3.6774938
0.19153613 9.80665 2.6048913
0.5363012 9.500193 1.3024457
0.9576807 9.232042 0.7278373
1.3024458 9.346964 1.1875241
1.4173675 9.883265 2.6431987
1.1875241 10.189722 4.2137947
0.80445176 10.266336 5.286397
0.49799395 10.113108 5.133168
0.842759 9.615114 3.3327289
1.3790601 9.768343 2.681506
1.8770542 9.998186 2.528277
2.2984338 10.228029 2.528277
2.4899697 10.457873 2.7964275
2.528277 10.572795 3.1028855
2.4516625 10.457872 3.4093432
2.2984335 10.113108 3.6008794
2.1452048 9.615114 3.7541082
1.9919758 8.925584 3.9456444
1.838747 8.427589 3.9456444
1.838747 8.159439 3.9456444
2.0302832 8.197746 3.9456444
2.3750482 8.657433 3.6774938
2.9113493 9.308656 3.1794999
3.4859576 9.959879 2.681506
3.9073372 10.381259 2.183512
4.098873 10.419566 1.8004397
3.9839516 10.189722 1.838747
3.677494 9.883265 2.0685904
3.371036 9.576807 2.4133554
3.1028852 9.423578 2.681506
3.064578 9.385271 2.873042
3.1028852 9.500193 3.0262709
3.1028852 9.653421 3.0645783
3.064578 9.844957 3.1028855
2.9113493 9.768343 3.1411927
2.681506 9.615114 2.9879637
2.5665843 9.461885 2.8347347
2.5665843 9.346964 2.6431987
2.5665843 9.500193 2.4133554
2.6431987 9.576807 2.2218192
2.5282772 9.576807 2.1068974
2.336741 9.5385 2.1452048
2.1452048 9.5385 2.2218192
1.8770542 9.500193 2.4899697
1.7238252 9.461885 2.7964277
1.532289 9.423578 2.9113493
1.37906 9.270349 3.026271
1.3024457 9.232041 2.9113493
1.37906 9.500192 2.719813
1.4939818 9.959879 2.681506
1.5705963 10.419566 2.7964277
1.4173673 10.6877165 2.9879637
0.7278373 10.381258 3.3327289
0.34476507 10.0748005 3.4093432
0.22984336 9.959879 3.4859576
0.19153613 9.921572 3.3327289
0.15322891 10.036493 3.064578
0.2681506 10.266336 2.7964275
0.34476504 10.611102 2.528277
0.4213795 10.955867 2.528277
0.5363012 11.300632 2.7964275
0.6512229 11.60709 3.0262709
0.6895301 12.105083 4.137181
0.6512229 12.449848 4.711789
0.57460845 12.756306 5.439626
0.68953013 13.062764 6.0142345
0.842759 13.292607 6.2823853
1.1492169 13.407529 6.0908494
1.3790603 13.369222 5.3630123
1.4939818 13.177686 4.3287168
1.6089035 12.947843 3.2178073
1.6472107 12.717999 2.719813
1.7238252 12.641385 2.834735
1.8004397 12.717999 3.6774938
1.8770542 13.139379 5.554548
1.9536686 13.2543 5.8226986
2.1068974 13.139379 5.24809
2.2218192 12.871228 4.4053307
2.183512 12.411541 3.5242648
2.1068976 11.990162 3.064578
1.8387469 11.530476 3.0262709
1.532289 11.109096 3.2561142
1.1875241 10.534488 3.6391864
0.842759 9.959879 3.9073372
0.7661445 9.691729 3.9456444
1.0726024 9.653421 3.9073372
1.4173675 9.883265 3.7158008
1.8004397 10.0748005 3.6008792
1.9536686 10.151415 3.5242648
1.8004396 10.036493 3.5242648
1.685518 9.844957 3.4859576
1.5705963 9.615114 3.217807
1.4173673 9.346964 2.9496565
1.1875241 9.040505 2.6431987
0.7661445 8.6574335 2.4516625
0.19153616 8.274361 2.4516625
-0.26815057 7.8146744 2.6048913
-0.53630114 7.431602 2.7964275
-0.4213795 7.240066 2.7964275
0.114921674 7.393295 2.6048913
0.7661445 7.8529816 2.4133554
1.4556746 8.42759 2.1068974
1.8770541 8.925585 1.7621324
1.8770541 9.078814 1.4939818
1.6472107 8.810662 1.3024458
1.2258313 8.236053 1.3024458
0.8044517 7.6614456 1.5705963
0.42137948 7.3166804 1.9919758
0.19153613 7.2017584 2.4516625
-0.038307227 7.2783732 2.873042
-0.038307227 7.3549876 3.026271
0.22984336 7.393295 2.7964277
0.49799395 7.3549876 2.1452048
0.80445176 7.2783732 1.340753
0.91937345 7.163451 0.80445176
0.7661445 7.0485296 0.7661445
0.5746084 7.0485296 1.187524
0.53630114 7.2400665 1.877054
0.72783726 7.73806 2.7198129
1.1492168 8.159439 3.3327286
1.6089035 8.427589 3.4859576
1.8770541 8.580818 3.1028852
1.9536686 8.465897 2.183512
1.9536686 8.197746 1.1492169
1.8770541 8.0445175 0.3830723
1.8387469 7.929596 -0.038307227
1.7238252 7.776367 -0.076614454
1.5705963 7.8529816 0.038307227
1.340753 7.929596 0.15322891
1.1875241 7.8912888 0.34476507
1.1109096 7.8912888 0.4596867
1.1492169 7.967903 0.4213795
1.1492169 8.082825 0.2681506
1.0726024 8.082825 0.22984336
0.88106626 8.082825 0.30645782
0.68953013 8.082825 0.6895301
0.49799395 8.00621 1.3024457
0.34476504 8.121132 1.9536686
0.19153613 8.0445175 2.528277
0.038307227 7.699753 2.566584
0.11492168 7.3166804 1.9919758
0.22984336 7.1634517 1.3790601
0.26815057 7.240066 1.0342951
0.22984336 7.6231384 1.1109096
0.11492168 8.121132 1.3790601
0.038307227 8.427589 1.8004396
-0.038307227 8.504204 1.9919758
-0.15322891 8.389282 1.9919758
-0.30645782 8.312668 1.8770542
-0.30645782 8.389282 1.685518
-0.34476504 8.389282 1.2641385
-0.42137948 8.465897 0.6895301

