-0.3064578 8.734048 0.42137948
-0.15322888 9.078813 0.38307226
0.15322891 9.5385 0.842759
0.57460845 9.921572 1.7238252
0.8044517 9.998186 2.4899695
0.19153613 9.691729 2.4899697
0.84275895 9.730036 2.030283
1.4173675 9.653421 1.685518
1.9919759 9.653421 1.3024457
2.6431987 9.768343 0.8810662
2.7581205 9.844957 0.9576807
2.7964277 9.998186 0.99598795
2.7964277 9.998186 1.0726024
2.7581205 9.998186 1.1109096
2.7581205 9.921572 1.1109096
2.873042 9.80665 1.2258313
3.0262709 9.80665 1.1875241
3.2178068 9.883265 1.2258313
3.371036 9.998186 1.1875241
3.4476504 10.113108 1.0726024
3.2944214 9.998186 1.1875241
3.064578 9.883265 1.1492169
2.7964275 9.653421 1.3024457
2.566584 9.576807 1.4173675
2.4516625 9.576807 1.6089035
2.4516625 9.5385 1.8004397
2.4516625 9.615114 1.8387469
2.4516625 9.615114 1.685518
2.413355 9.653421 1.4939818
2.3367407 9.730036 1.3407528
2.2601264 9.730036 1.1492169
2.183512 9.653421 1.1109097
2.0685902 9.385271 1.0726024
1.8387469 9.040506 1.187524
1.6089035 8.772355 1.187524
1.4556746 8.6574335 1.1109096
1.4173675 8.84897 0.9193734
1.532289 9.232042 0.6895301
1.7621324 9.653421 0.6512228
1.9536686 9.959879 0.7661445
1.9919758 9.998186 0.91937345
1.8770542 9.768343 0.9576807
1.5705963 9.385271 0.842759
1.2258313 9.040506 0.6895301
0.95768064 8.848969 0.5746084
0.84275895 8.848969 0.49799395
0.84275895 8.963891 0.7278373
0.84275895 9.040505 0.91937345
0.8810662 9.193735 1.340753
0.91937345 9.461885 1.8004396
0.99598795 9.80665 1.9536686
1.0342952 10.151415 2.1452045
0.99598795 10.228029 2.1068974
0.8810662 10.0748005 1.9919758
0.61291564 9.615114 1.8004396
0.30645782 9.193735 1.4556746
-7.4505806E-9 8.925584 0.9959879
-0.22984336 8.810662 0.6512229
-0.2681506 9.078813 0.5746084
-0.15322891 9.423578 0.61291564
0.11492168 9.883265 0.80445176
0.30645782 10.228029 1.0342951
0.34476504 10.342951 1.0726024
0.30645782 10.342951 1.2258313
0.0 10.151415 1.340753
-0.3830723 9.844957 1.2258313
-0.61291564 9.730036 0.9576807
-0.8044517 9.653421 0.49799395
-0.7661445 9.576807 0.11492168
-0.49799395 9.80665 -0.15322891
-0.34476504 9.959879 -0.19153613
-0.19153613 10.113108 -0.15322891
-0.22984336 10.381259 0.038307227
-0.42137948 10.572795 0.34476507
-0.6512228 10.840946 0.7661445
-0.8810662 11.109097 1.3024457
-0.9576807 11.262325 1.6089035
-1.0342952 11.109096 1.4939818
-1.0726024 10.726024 0.7661445
-1.1109096 10.036493 -0.6512228
-1.0342951 9.998186 -0.72783726
-0.91937345 10.113108 -0.11492166
-0.8810662 10.304644 0.45968676
-0.9959879 10.457873 1.1492169
-1.2641385 10.649409 1.8004396
-1.6472107 10.649409 2.183512
-2.1835117 10.381259 2.4516625
-2.7581203 9.998186 2.6048915
-3.2561142 9.2703495 2.336741
-3.6774938 8.6574335 2.030283
-3.7541084 8.197746 1.8004396
-3.677494 7.8912888 1.3407528
-3.562572 7.967903 1.1875241
-3.4859576 8.082825 0.95768064
-3.562572 8.312668 0.7278373
-3.715801 8.657433 0.8810662
-3.7541082 8.963891 1.1109096
-3.6008792 9.346963 1.6089036
-3.217807 9.80665 2.030283
-2.681506 10.151416 1.9536686
-2.2218192 10.342952 1.532289
-1.8004396 10.381259 0.8044518
-1.6089035 10.189722 0.19153614
-1.6472107 9.921572 -0.038307227
-1.7621324 9.730036 0.15322891
-1.9536686 9.653421 0.68953013
-1.9919758 9.691729 1.3024457
-1.8387469 9.921572 1.8770541
-1.5322891 10.228029 2.1452045
-1.1875241 10.381259 2.2984338
-0.8810662 10.572795 2.2218192
-0.6512229 10.611102 1.9919758
-0.5363012 10.342952 1.6472107
-0.49799398 9.998187 1.1109096
-0.6512229 9.576807 0.7278373
-0.7661446 9.193734 0.5363012
-0.842759 9.078813 0.61291564
-0.9193735 9.193734 0.9193734
-0.9576807 9.346964 1.3790603
-1.0726023 9.730036 2.030283
-0.9959879 9.921572 2.2601264
-0.80445176 10.0748005 1.9919758
-0.6512228 10.113108 1.4939818
-0.57460845 10.113108 0.99598783
-0.6512228 9.959879 0.5746084
-0.8044517 9.768343 0.5746084
-0.9959879 9.653421 0.80445176
-1.2641386 9.5385 0.99598795
-1.4173675 9.5385 1.2641385
-1.5705963 9.691729 1.532289
-1.6472108 9.844957 1.6472108
-1.5705965 9.998186 1.8770542
-1.4939818 10.0748005 1.838747
-1.2258313 9.883265 1.3024457
-1.1875241 9.691729 0.8810662
-1.2258313 9.500193 0.68953
-1.2641385 9.155428 0.53630114
-1.340753 9.002198 0.53630114
-1.340753 8.963891 0.61291564
-1.2641386 9.040505 0.68953013
-1.1492169 9.346964 0.842759
-1.0726024 9.615114 0.842759
-1.0342952 9.653421 0.7278373
-1.0342952 9.653421 0.45968673
-1.0726024 9.5385 0.45968673
-0.99598795 9.346964 0.5363012
-0.842759 9.2703495 0.7661446
-0.7278373 9.11712 0.9193735
-0.61291564 8.772355 0.7278373
-0.57460845 8.350975 0.5746084
-0.61291564 7.967903 0.344765
-0.6512228 7.584831 0.4596867
-0.68953 7.3549876 0.6895301
-0.68953 7.2017584 0.8810662
-0.68953 6.895301 1.1875241
-0.6512228 6.5888433 1.0726024
-0.6512228 6.2057705 0.7278373
-0.7278373 5.7843914 0.38307226
-0.842759 5.5928555 0.114921674
-0.91937345 5.363012 0.114921674
-0.8810662 5.363012 0.45968676
-0.7661445 5.5162406 1.0726024
-0.5363012 5.66947 1.4939818
-0.30645782 5.9759274 1.877054
-0.15322891 6.2440777 2.030283
0.038307227 6.4356136 1.8004396
0.076614454 6.4356136 1.4556746
0.0 6.282385 0.842759
-0.076614454 6.090849 0.2681506
-0.19153613 5.93762 -0.11492168
-0.22984335 5.899313 -0.26815057
-0.22984335 6.0142345 -0.22984336
-0.2681506 6.2057705 -0.076614454
-0.38307226 6.5122285 0.076614454
-0.4213795 6.8569937 0.076614454
-0.2681506 7.3932953 0.19153613
-0.11492168 7.546524 0.2681506
0.038307227 7.73806 0.4213795
0.22984336 7.929596 0.6512228
0.4213795 8.274361 0.6512228
0.6512229 8.69574 0.6895301
0.842759 9.117121 0.7661445
0.91937345 9.5385 0.7661445
1.0342951 9.768343 0.8810662
1.1492168 9.730036 0.80445176
1.3024458 9.730036 0.6512229
1.5705963 9.768343 0.5746084
1.685518 9.883265 0.45968673
1.8387469 10.036493 0.49799395
1.9153614 10.0748005 0.57460845
1.9153614 9.998186 0.61291564
2.030283 9.844957 0.6512228
2.1068974 9.80665 0.6512228
2.0685902 9.883265 0.53630114
2.030283 10.113108 0.45968673
1.877054 10.266336 0.4213795
1.5705962 10.381258 0.49799395
1.3407528 10.304644 0.80445176
1.0342951 10.228029 1.1492168
0.842759 10.419565 1.4173675
0.7661445 10.6877165 1.5705963
0.6895301 11.032481 1.4556745
0.6512228 11.377247 1.2641385
0.57460845 11.568783 1.2258313
0.5363012 11.683704 1.0726024
0.57460845 11.87524 1.0726024
0.68953013 12.028469 1.1109096
0.7278373 12.220005 1.1109096
0.8044518 12.603077 1.4173675
0.8044518 12.986151 1.7238252
0.7661445 13.369223 1.9536686
0.7661445 13.67568 2.0685902
0.6895301 13.522451 2.0685902
0.5746084 13.292608 2.030283
0.4596867 13.101072 2.2218192
0.3064578 13.215994 2.2601264
0.11492168 13.40753 2.2984335
-0.07661445 13.599066 2.4516625
-0.3830723 13.560759 2.6815057
-0.68953013 13.3309145 2.9113493
-0.8044518 13.177686 3.141193
-0.842759 13.177686 3.2178073
-0.7661445 13.407529 3.2561145
-0.7278373 13.560759 3.1794999
-0.8810662 13.713987 3.217807
-1.1875241 13.560759 3.4476504
-1.6089035 13.1393795 3.4476504
-1.9919758 12.641385 3.5242648
-2.221819 11.990162 3.4093432
-2.3750482 11.45386 3.141193
-2.4516625 11.147403 3.0262709
-2.5665843 11.070788 2.9879637
-2.681506 10.994174 3.0262709
-2.719813 10.955867 2.9879637
-2.7581203 10.91756 2.7964275
-2.719813 10.649408 2.4899697
-2.719813 10.49618 2.2601264
-2.834735 10.266336 2.1452048
-3.026271 9.959879 2.0685902
-3.2944217 9.80665 2.183512
-3.7541084 9.80665 2.6431985
-3.9073372 9.921572 2.9496565
-3.9073372 10.189722 3.064578
-3.9456444 10.151415 2.834735
-3.9073372 9.883265 2.4133554
-3.6774938 9.730036 1.9536686
-3.371036 9.615114 1.532289
-2.5665843 9.921572 1.9153614
-2.4516625 10.036493 2.2218192
-2.6431985 9.768343 2.6431987
-2.9879637 9.346964 2.873042
-3.2561145 8.887277 2.7581203
-3.4093432 8.504204 2.6431987
-3.2944214 8.312668 2.4133554
-3.0645783 8.274361 1.9153614
-2.8347347 8.389282 1.4939818
-2.4133554 8.580818 1.340753
-2.0685902 8.810661 1.4173675
-1.7621325 9.078813 1.9536686
-1.5322891 9.11712 2.3367407
-1.6089035 8.887277 2.375048
-1.7621324 8.619126 2.2984335
-1.9536686 8.350975 2.183512
-2.030283 8.312668 2.4133554
-2.030283 8.427589 2.873042
-1.8770541 8.734047 3.2944217
-1.7238252 9.155428 3.562572
-1.6472107 9.423578 3.677494
-1.532289 9.461885 3.3327289
-1.532289 9.193734 2.873042
-1.3407528 8.6574335 2.6048915
-1.1492168 8.427589 2.3750482
-0.84275895 8.504204 2.681506
-0.42137948 8.772354 2.9496565
-0.11492168 9.385271 2.7964275
0.19153613 9.768343 2.3750482
0.38307226 10.036493 1.7238252
0.45968673 10.266336 1.4556746
0.45968673 10.381258 1.4939818
0.4213795 10.49618 2.183512
0.22984335 10.649408 3.0262709
-0.076614454 10.572794 3.2561142
-0.4213795 10.0748005 3.1411927
-0.7278373 9.500193 2.6431987
-0.91937345 8.925585 2.2601264
-1.0342951 8.542512 2.2984338
-0.95768064 8.465898 2.6048915
-0.80445176 8.542512 2.834735
-0.45968673 8.772355 2.873042
0.03830722 9.040506 2.7964277
0.38307226 9.232042 2.2984338
0.6895301 9.232042 1.7621324
0.80445176 8.810662 1.1492169
0.80445176 8.274361 0.61291564
0.80445176 7.929596 0.5746084
0.9193734 7.967903 1.1109096
1.1875241 8.580818 2.030283
1.532289 9.346963 2.9879637
1.8004396 9.921572 3.5242648
1.8770542 10.113108 3.371036
1.8387468 9.844957 2.7964277
1.7238252 9.538499 2.030283
1.685518 9.193734 1.7238252
1.6472108 9.040505 1.5705962
1.685518 9.078813 1.532289
1.8770541 9.423578 1.7621324
2.2601266 10.151415 1.9919758
2.7198133 10.91756 2.528277
2.9113493 11.492168 2.7964275
2.7581205 11.492168 2.8347347
2.3750482 11.070788 2.681506
1.9536686 10.496181 2.2984335
1.685518 9.921572 1.9919758
1.6472108 9.691729 1.6472108
1.7621324 9.80665 1.340753
1.9536686 10.22803 1.1875241
2.2218194 10.802639 1.3024458
2.336741 11.262325 1.4939818
2.183512 11.33894 1.685518
1.8770542 10.879252 1.8004396
1.4939818 10.228029 1.6089036
1.2258313 9.615113 1.3024458
1.2258313 9.4618845 1.1492168
1.340753 9.768342 0.9959879
1.4556746 10.342951 1.2258313
1.5705963 10.91756 1.7621324
1.4173673 11.147403 2.030283
1.1875241 10.91756 2.1068976
0.91937345 10.49618 1.8004398
0.7278373 9.959879 1.2258314
0.7278373 9.576807 0.7661445
0.8810662 9.576807 0.4596867
1.3790603 9.959879 0.6129156
1.7621324 10.726024 1.0342951
2.1068974 11.60709 1.532289
2.030283 12.143391 1.9919758
1.6089034 12.411541 2.2601264
1.187524 12.373234 2.2601264
0.7278373 12.181698 2.0685902
0.53630114 12.296619 1.8387469
0.53630114 12.679692 1.685518
0.6512228 13.330915 2.030283
0.842759 13.790602 2.4516625
0.9959879 14.097059 3.064578
0.9576807 14.020445 3.4093432
0.8044518 13.52245 3.4476504
0.6512228 13.101071 3.4093432
0.61291564 12.717999 3.2178068
0.80445176 12.526463 3.2178068
1.0726023 12.794613 3.3710358
1.340753 13.254301 3.7924154
1.532289 13.752295 4.2137947
1.4939818 13.982138 4.55856
1.3790601 13.599066 4.405331
1.3024457 12.871228 3.86903
1.3790601 12.105084 3.2944217
1.5705962 11.492168 2.9113493
1.7621324 11.185711 2.9496565
1.7238252 11.070788 3.2944217
1.4556746 10.879252 3.7924154
1.1492168 10.534488 4.1371803
0.8810662 10.342951 4.098873
0.8810662 10.304644 3.8307228
1.0726023 10.189722 3.5242648
1.1492169 10.0748005 3.0262709
1.1875241 9.883265 2.6815057
1.0726024 9.500193 2.528277
0.8044518 9.346964 2.4516625
0.5746084 9.193735 2.566584
0.5746084 9.002198 2.6048913
0.6512229 8.848969 2.528277
0.7661446 8.695741 2.2984335
0.91937345 8.734048 1.9153614
0.8810662 8.810662 1.9153614
0.80445176 8.810662 1.9536686
0.7661445 8.848969 1.9919758
0.7661445 8.963891 2.2218192
0.80445176 9.193735 2.1835117
0.7278373 8.887277 2.1452045
0.5746084 8.389282 1.9536686
0.4213795 7.967903 1.6472108
0.4596867 7.73806 1.685518
0.7278373 8.159439 1.685518
1.0342952 8.465898 1.8387468
1.2258313 8.542512 1.9153613
1.1492168 8.465898 1.8387469
0.8044517 8.00621 1.9153613
0.45968673 7.584831 1.8387469
0.114921674 7.201759 1.8387469
-0.076614454 6.971915 1.7621324
-0.038307227 7.0485296 1.6472107
0.0 7.240066 1.6472107
0.11492168 7.508217 1.4939818
0.26815057 7.6231384 1.4556746
0.45968673 7.699753 1.2258313
0.68953013 7.8146744 0.9576807
0.842759 7.776367 0.80445176
0.7661446 7.584831 0.5363012
0.45968673 7.201759 0.49799395
0.07661445 6.933608 0.72783726
-0.19153613 6.8569937 0.95768064
-0.15322891 6.933608 1.1109096
0.114921674 7.2017584 1.0342951
0.61291564 7.508217 0.6512228
0.9576807 7.8146744 0.34476504
1.0726024 8.00621 0.19153613
0.8810662 7.967903 0.19153613
0.4213795 7.73806 0.4213795
0.038307212 7.3932953 0.7278373
-0.22984336 7.2017584 0.99598795
-0.19153613 7.125144 1.1492169
0.038307227 7.163451 1.2258313
0.38307226 7.431602 1.3407531
0.6895301 7.8529816 1.4939818
0.8044518 8.236053 1.685518
0.6895301 8.427589 1.685518
0.5363012 8.465897 1.5705962
0.4596867 8.350975 1.4556746
0.4596867 8.312668 1.3790603
0.6895301 8.350975 1.2258313
0.8810662 8.504204 1.1492168
0.9193734 8.580819 1.0342951
0.842759 8.925584 0.9576807
0.57460845 9.2703495 1.0726024
0.2681506 9.5385 1.3024458

