0.038307227 9.691729 1.4556746
-0.038307227 9.078813 1.6472108
0.26815057 8.580819 2.2218192
0.99598795 9.308656 2.1452048
1.7621324 10.381259 2.183512
2.7964275 10.419566 1.5322891
2.6048915 10.266337 1.4939818
2.4133554 9.998186 1.4173673
2.2218192 9.730036 1.3790601
2.030283 9.576807 1.2641385
1.9919758 9.653421 1.0726024
1.9919758 9.921572 0.842759
2.1068974 10.381259 0.6895301
2.1452045 10.649409 0.61291564
1.9919759 10.496181 0.38307226
1.7621325 9.998186 0.07661445
1.3407528 9.002198 -0.34476504
1.3024457 8.963891 -0.30645782
1.4173675 9.078814 -0.19153613
1.5705963 9.461885 0.0
1.685518 9.768343 0.11492168
1.7238252 9.921572 0.30645782
1.5705963 9.998186 0.53630114
1.340753 9.80665 0.6512228
1.1109096 9.461885 0.80445176
0.9959879 9.346964 0.84275895
0.9576807 9.346964 1.0342951
0.9959879 9.423578 1.2641385
0.9576807 9.615114 1.3790601
0.8044518 9.576807 1.3407528
0.68953013 9.461885 1.1492168
0.57460845 9.346963 0.84275895
0.5363012 9.270349 0.5746084
0.61291564 9.308656 0.38307226
0.7278373 9.5385 0.22984336
0.842759 9.921572 0.22984336
0.9193735 10.342951 0.2681506
0.8810662 10.6877165 0.49799395
0.7278373 10.726024 0.6512228
0.42137948 10.381258 0.6129156
7.4505806E-9 9.883265 0.6129156
-0.3064578 9.423578 0.6129156
-0.6512229 9.193735 0.6512228
-0.9959879 9.155427 0.80445176
-1.1492168 9.155427 1.0342951
-1.2641385 9.346964 1.1109096
-1.1492168 9.615114 1.187524
-0.7661445 10.22803 1.2641385
-0.34476507 10.802638 1.1109096
-0.038307227 11.032482 0.8810662
0.0 10.91756 0.5746084
-0.19153613 10.457872 0.22984335
-0.61291564 9.883265 -0.038307227
-0.9959879 9.385271 -0.076614454
-1.1875241 9.117121 0.0
-1.3790601 8.963891 0.11492168
-1.4939818 8.848969 0.30645782
-1.5705963 8.734047 0.26815057
-1.6472107 8.619125 7.4505806E-9
-1.532289 8.619125 -0.38307226
-1.1875241 9.002198 -0.6512228
-0.8044517 9.538499 -0.6895301
-0.5363012 10.151415 -0.49799395
-0.57460845 10.496181 -0.07661445
-1.0726024 10.496181 0.4213795
-1.7621324 10.342952 1.0342951
-2.375048 10.036493 1.6855179
-2.6431985 9.883265 2.0685902
-2.4133554 9.844957 1.9153614
-2.030283 9.998186 1.340753
-1.6472108 10.113108 0.5746084
-1.4173675 10.151415 -0.038307235
-1.5322891 10.189722 -0.076614454
-1.7621324 10.228029 0.53630114
-2.1835117 10.342951 1.532289
-2.7964275 10.457873 2.6431985
-3.4093432 10.496181 3.4859576
-3.9839516 10.381259 3.6008792
-4.252102 10.228029 3.1794999
-4.290409 9.921572 2.2601264
-4.098873 9.576807 0.9959879
-3.8307226 9.308657 -0.038307264
-3.6008792 9.232042 -0.6512229
-3.3327286 9.346964 -0.6895301
-3.1411927 9.653421 -0.19153613
-3.1028855 9.998186 0.5363012
-3.1794999 9.959879 1.1492168
-3.371036 9.691729 1.340753
-3.4859576 9.423578 1.1492168
-3.371036 9.193735 0.80445176
-3.026271 9.308657 0.49799395
-2.5665843 9.691729 0.49799395
-2.1068976 10.113108 0.6512228
-1.7621324 10.419565 0.6895301
-1.5705963 10.457872 0.5746084
-1.532289 10.228029 0.5746084
-1.5705963 9.921572 0.842759
-1.7238252 9.730036 1.187524
-1.8387469 9.385271 1.4556745
-1.9153614 8.963892 1.3407528
-1.9919758 8.580819 0.9959879
-1.9536686 8.159439 0.4596867
-1.8004397 8.121132 -0.15322892
-1.5705963 8.159439 -0.45968673
-1.2641385 8.236053 -0.45968673
-0.9959879 8.389282 -0.19153613
-0.9193734 8.236053 0.2681506
-0.9193734 7.967903 0.842759
-0.9959879 7.73806 1.3024458
-1.1109096 7.3549876 1.6089036
-1.1492169 6.933608 1.6472108
-1.1492169 6.5505357 1.4173675
-1.1875241 6.244078 1.1492168
-1.1109097 6.0142345 0.9193734
-0.9576807 6.090849 0.8810662
-0.7661445 6.1674633 0.8810662
-0.53630114 6.090849 0.91937345
-0.34476504 5.93762 0.842759
-0.11492168 5.4013195 0.19153614
-0.038307227 5.2863975 -0.11492168
0.038307227 5.363012 -0.22984336
0.0 5.4779334 -0.19153613
0.038307227 5.899313 -0.038307227
0.038307227 6.129156 -0.15322891
0.11492168 6.320692 -0.49799395
0.11492168 6.4739213 -0.6512228
-0.11492168 6.933608 -0.5746084
-0.2681506 7.201759 -0.11492169
-0.3830723 7.5465236 0.344765
-0.4213795 7.8912888 0.5746084
-0.2681506 8.274361 0.5363012
0.0 8.69574 0.34476504
0.4213795 9.346964 -0.30645782
0.45968673 9.576807 -0.3830723
0.38307226 9.768343 -0.19153614
0.344765 9.921572 0.19153613
0.15322891 9.998186 0.61291564
-0.2681506 10.036493 1.2641385
-0.49799395 10.036493 1.3407528
-0.57460845 9.998186 1.3024457
-0.49799395 10.113108 1.0726023
-0.26815057 10.342952 0.84275895
0.038307227 10.649409 0.57460845
0.38307226 11.070789 0.4596867
0.4596867 11.415554 0.5363012
0.30645782 11.492168 0.7661445
-0.038307227 11.33894 0.9576807
-0.5746084 11.147403 1.1875241
-0.88106614 10.91756 1.3024457
-1.0342951 10.879252 1.3790601
-0.9576807 11.032482 1.4556746
-0.88106626 11.300632 1.2641385
-0.842759 11.683704 0.95768064
-0.9576807 11.9135475 0.842759
-0.88106626 12.028469 0.8810662
-0.8044518 12.105083 0.91937345
-0.68953013 12.143391 0.842759
-0.49799395 12.066776 0.8810662
-0.30645782 12.066776 0.9576807
-0.11492168 12.258312 1.1109096
0.0 12.373234 0.99598795
0.076614454 12.526463 0.68953013
0.076614454 12.449848 0.11492168
-0.11492168 12.181698 -0.26815057
-0.4213795 11.836933 -0.26815057
-0.80445176 11.492168 0.11492167
-1.1492169 11.33894 0.7661446
-1.2641385 11.492168 1.4173673
-1.2258313 11.836933 1.877054
-1.0726023 12.220005 2.1835117
-0.9193734 12.641385 2.3367407
-0.7661445 12.832921 2.4133554
-0.5746084 13.024458 2.4516625
-0.4596867 13.1393795 2.4133554
-0.4213795 13.101072 2.528277
-0.49799395 13.062765 2.6048913
-0.68953013 12.832921 2.681506
-0.8810662 12.603077 2.719813
-1.0342952 12.373234 2.6431987
-1.2258313 12.143391 2.528277
-1.3790603 11.990162 2.4899697
-1.532289 11.798626 2.4516625
-1.685518 11.645397 2.3750482
-1.8004396 11.453861 2.2601264
-1.9153614 11.262325 2.1068974
-2.030283 11.109097 2.030283
-2.2218192 10.955867 2.030283
-2.528277 10.764331 2.1068974
-2.873042 10.49618 2.1068974
-3.2178068 10.304644 1.9919758
-3.4476504 10.151415 1.9153614
-3.6008792 9.998186 1.685518
-3.6774938 9.959879 1.685518
-3.7924156 9.921572 1.8387469
-3.9839516 9.730036 1.8004396
-4.1754875 9.500193 1.7621324
-4.290409 9.193734 1.5705962
-4.367024 9.002198 1.5705962
-4.3287163 8.887277 1.6089034
-4.1754875 9.002198 1.5705962
-4.060566 9.2703495 1.6472107
-3.86903 9.423578 1.4939818
-3.7541082 9.653421 1.6472107
-3.6008792 9.5385 1.9919758
-3.4859576 9.308656 2.1068974
-3.4093432 9.002198 2.1452045
-3.2561145 8.810662 2.1452045
-3.1028852 8.848969 1.8387468
-2.9496565 8.887277 1.5705962
-2.834735 9.040505 1.532289
-2.719813 9.040505 1.3024457
-2.6431987 9.078813 1.2641385
-2.6431987 9.11712 1.3790601
-2.566584 9.193734 1.532289
-2.566584 9.423577 1.9919758
-2.4133554 9.80665 3.2944214
-2.2601264 9.959879 3.6008792
-1.9153614 10.036493 3.2561142
-1.6472108 10.151415 2.4516625
-1.3790601 10.266336 1.2641386
-1.1492168 10.151415 0.42137948
-0.9959879 9.844957 0.3064578
-0.7661445 9.5385 0.8044517
-0.6512228 9.270349 1.8004396
-0.61291564 9.308656 2.834735
-0.6512228 9.615113 3.4476504
-0.8044517 9.768343 3.6391864
-0.84275895 9.921572 3.2561142
-0.6512228 9.80665 2.566584
-0.4213795 9.461885 1.8004396
-0.114921674 9.155428 0.9959879
0.11492168 9.117121 0.7661445
0.45968673 9.80665 1.5322891
0.68953013 10.457872 2.5282772
0.88106626 10.764331 3.141193
0.8044518 10.802638 3.2178073
0.5363012 10.6877165 2.566584
0.19153613 10.189722 1.532289
-0.11492168 9.80665 0.49799395
-0.038307227 9.691729 0.038307235
0.26815063 9.844957 0.26815063
0.7278373 10.304644 1.0726023
0.91937345 10.6877165 2.2218192
0.842759 10.572795 2.873042
0.49799395 9.5385 2.4516625
0.11492168 7.354987 0.61291564
0.4213795 6.8569937 -0.076614454
1.0726024 7.546524 0.3830723
1.9919758 8.887277 1.3024457
2.7581203 10.189722 2.1835117
3.1411927 10.955867 2.6048913
3.0262709 10.879252 2.030283
2.4516625 10.151415 0.9959879
1.7621324 9.155427 0.26815057
1.340753 8.542511 0.15322888
1.187524 8.389282 0.7278373
1.4556746 8.69574 1.8387469
1.9536686 9.500193 2.7964277
2.4133554 10.342951 3.2561145
2.7964275 11.109096 3.2178068
2.9113493 11.377247 2.4516625
2.834735 11.224018 1.4173675
2.6431987 10.726024 0.6895301
2.4516625 10.189723 0.4596867
2.2218192 9.80665 0.8810662
1.9536686 9.576807 1.532289
1.8387469 9.768343 2.1452048
1.8004397 10.0748005 2.681506
1.8770541 10.342951 2.9496565
1.9919758 10.457872 2.7581203
1.9153614 10.228029 2.3750482
1.8004396 9.80665 1.877054
1.685518 9.461885 1.2641385
1.5705963 9.232042 0.9959879
1.6089035 9.2703495 1.0342951
1.6089035 9.500193 1.2258313
1.5705963 9.730036 1.685518
1.5705963 9.921572 1.9153614
1.4939818 9.998186 2.0685902
1.4173673 9.998186 1.9919758
1.3407528 9.921572 1.7238252
1.2641385 9.768343 1.6472108
1.2641385 9.730036 1.5705962
1.2641385 9.768343 1.685518
1.1492168 9.653421 1.838747
0.9959879 9.653421 1.838747
0.842759 9.615114 1.838747
0.8044517 9.768343 1.9153614
0.9193734 10.151415 2.030283
1.1492168 10.534488 2.1068974
1.2641385 10.840945 2.030283
1.2641385 10.91756 1.9153614
1.1492169 10.802638 1.7621324
0.88106626 10.572794 1.8387468
0.61291564 10.419565 1.9153614
0.30645782 10.266336 1.9153614
0.076614454 10.228029 1.877054
0.0 10.381258 1.6472107
0.22984338 10.726024 1.6089035
0.842759 11.492168 1.6089035
1.3790601 12.29662 1.685518
1.6472108 12.832921 1.8770542
1.532289 12.947843 2.183512
1.0726023 12.641385 2.528277
0.6512229 12.334927 2.8347347
0.5363012 12.258312 3.1028852
0.7278373 12.488155 3.217807
1.0726023 12.871228 3.2561142
1.3790603 13.062764 3.3327286
1.4556746 13.101071 3.4476504
1.3024457 13.062764 3.7158012
1.0726024 12.947843 4.0988736
1.0726024 12.909535 4.405331
1.340753 12.947843 4.5968676
1.7621324 12.909535 4.5968676
2.1068976 12.641384 4.5202527
2.183512 12.449848 4.4819455
2.0685904 12.258312 4.4436383
1.9153614 12.220005 4.290409
1.9153614 12.220005 4.098873
2.030283 12.105083 3.9073372
2.1068974 11.951855 3.8307228
2.1452045 11.683704 4.060566
2.030283 11.453861 4.367024
1.8387469 11.224018 4.4819455
1.6472108 10.994175 4.405331
1.37906 10.457873 3.9839516
1.1492169 9.844958 3.4093432
1.0342951 9.423578 2.9496565
1.0726024 9.308657 2.7964275
1.3024458 9.576807 2.8730419
1.5322891 9.883265 2.9879637
1.6089035 9.959879 3.217807
1.4556746 9.615114 3.371036
1.0726023 9.155428 3.4859576
0.6512228 8.619126 3.6391869
0.30645782 8.197746 3.4093432
0.11492168 7.967903 2.873042
0.0 7.8529816 2.2601264
-0.038307227 8.0445175 1.6472107
-0.038307227 8.197746 1.4556745
0.076614454 8.159439 1.4173673
0.22984336 8.082825 1.493982
0.3830723 7.929596 1.6089035
0.5363012 7.8529816 1.7238253
0.49799395 7.8529816 1.8004398
0.49799395 8.00621 1.4939818
0.45968676 8.00621 1.2258313
0.4213795 8.082825 1.1875241
0.4213795 8.159439 1.2641385
0.5363012 8.197746 1.4173673
0.7278373 8.42759 1.4556745
0.9576807 8.465898 1.3407528
0.9576807 8.236053 1.1492169
0.8810662 7.967903 0.9959879
0.7278373 7.5848308 0.9193735
0.5363012 7.623138 0.88106626
0.4596867 7.8912888 0.9576807
0.4596867 8.197746 0.9576807
0.5746084 8.619126 1.0726024
0.842759 8.925585 1.1492169
1.1109096 8.963892 1.3790603
1.0342952 8.772354 1.6472108
0.68953013 8.197746 1.8387468
0.19153616 7.508217 1.8387468
-0.30645782 7.0102224 1.532289
-0.53630114 6.895301 1.1492169
-0.4213795 7.278373 0.95768064
-0.07661447 7.699753 1.0342951
0.22984335 8.082825 1.0342951
0.45968673 8.312668 0.9193734
0.49799395 8.236053 0.61291564
0.34476504 8.082825 0.38307226
0.3064578 8.00621 0.45968673
0.42137948 8.00621 0.7661445
0.49799395 7.929596 1.187524
0.5363012 7.776367 1.4939818
0.49799395 7.584831 1.3790601
0.4213795 7.2783732 1.2258313
0.38307226 7.240066 0.7661445
0.4213795 7.3549876 0.30645782
0.4213795 7.5082164 0.30645782
0.34476504 7.6614456 0.34476504
0.22984336 7.8146744 0.7661445
0.11492168 7.967903 1.1875241
0.19153613 8.082825 1.5705965
0.22984336 8.159439 1.7621324
0.2681506 8.159439 1.7238252
0.19153614 8.082825 1.6089034
-0.076614454 8.00621 1.5705962
-0.26815057 7.967903 1.6472108
-0.49799395 7.967903 1.7238252
-0.5363012 8.197746 2.030283
-0.45968673 8.504204 2.2601266
-0.34476504 9.002198 2.566584

