-0.038307227 9.691729 3.064578
0.22984336 10.304645 3.4476504
0.45968673 10.496181 3.715801
0.4213795 9.500193 3.4859576
0.72783726 9.423578 3.217807
0.99598783 9.653421 3.1411927
1.685518 9.691729 3.0262709
2.4516625 9.921572 2.566584
2.681506 9.959879 2.3750482
2.7964277 9.921572 2.1068974
2.719813 9.768343 1.7621324
2.4899697 9.461885 1.5705963
2.3367407 9.2703495 1.4556746
2.2984335 9.155427 1.6089035
2.4133554 9.232041 1.7621325
2.5665843 9.461885 1.9536686
2.7581203 9.730036 2.030283
2.873042 10.036493 1.9153614
2.873042 10.151415 1.8770542
2.834735 10.113108 1.7621324
2.7198133 9.959879 1.6472108
2.5665843 9.576807 1.4939818
2.4133554 9.346964 1.2641385
2.2984335 9.193734 1.0726024
2.183512 9.11712 0.9576807
2.183512 9.346963 1.0726024
2.2218192 9.5385 1.3024458
2.2601264 9.653421 1.4939818
2.2601264 9.844957 1.5705962
2.1835117 9.768343 1.340753
1.9919758 9.615114 0.9576807
1.8004396 9.461885 0.6512229
1.6472107 9.232042 0.5363012
1.4939818 9.078813 0.5746084
1.3790601 9.002198 0.842759
1.1875241 9.078814 1.0726024
0.88106626 9.155428 1.4173675
0.7661446 9.232042 1.838747
0.91937345 9.385271 1.9919759
1.2258313 9.5385 2.1068976
1.685518 9.730036 1.7238252
1.9536686 9.998186 0.9959879
1.8004396 9.998186 0.15322891
1.4173673 9.80665 -0.4213795
0.8810662 9.576807 -0.45968673
0.34476507 9.193734 0.22984335
0.0 9.040505 1.3790601
-0.076614454 9.040505 2.2601264
-0.038307227 9.078813 2.7964275
0.0 9.308656 2.681506
0.15322891 9.5385 2.1452045
0.22984336 9.653421 1.4173673
0.30645782 9.730036 0.7661446
0.4213795 9.730036 0.2681506
0.34476504 9.576807 0.038307227
0.19153613 9.576807 0.076614454
0.038307227 9.653421 0.4213795
-0.15322891 9.653421 1.0342951
-0.4213795 9.80665 1.7621324
-0.7278373 9.768343 2.528277
-0.9959879 9.653421 2.834735
-1.1875241 9.730036 2.719813
-1.2641386 9.653421 1.8770541
-1.1875241 9.615114 0.6512228
-1.0726024 9.5385 -1.2641385
-0.7661445 9.730036 -1.4173673
-0.49799395 10.151416 -0.95768064
-0.19153613 10.726024 -0.07661444
-0.038307227 11.224018 0.95768064
-0.19153613 11.453861 1.685518
-0.45968673 11.377247 1.9153614
-0.842759 10.994174 1.3407528
-1.2258313 10.457873 0.26815057
-1.6472107 9.730036 -0.8427591
-2.030283 9.078813 -1.6089036
-2.2984335 8.695741 -1.8387469
-2.2984335 8.734048 -1.4939818
-2.0685902 9.423578 -0.61291564
-1.8387468 10.342952 0.53630114
-1.8004396 11.18571 1.6089036
-2.0685902 11.530476 2.183512
-2.4899697 11.3006315 2.030283
-3.5242648 9.844957 0.19153613
-4.3287168 8.580818 -0.34476507
-4.4819455 8.389282 0.344765
-4.3670235 8.504204 1.3407528
-3.9839516 8.887277 2.183512
-3.6008792 9.346964 2.6431987
-3.2944214 9.768343 2.5665843
-3.2561142 9.959879 2.0685902
-3.409343 9.80665 1.2258313
-3.562572 9.385271 0.34476504
-3.715801 8.925584 -0.22984336
-3.7541084 8.619126 -0.26815057
-3.7541084 8.504205 0.497994
-3.7924156 8.580819 1.5705963
-3.677494 8.734048 2.1452048
-3.371036 9.002198 2.2601266
-3.0262709 9.38527 1.685518
-2.4899697 9.768343 0.7661446
-2.1068976 10.151415 0.0766145
-1.9153614 10.419565 -0.53630114
-1.838747 10.496181 -0.7661445
-2.030283 10.381259 -0.7278373
-2.336741 10.036493 -0.34476507
-2.8730419 9.232041 0.53630114
-2.8730419 9.155427 0.80445176
-2.566584 9.385271 0.91937345
-2.1068974 9.80665 1.1492169
-1.5705963 10.304644 1.1492169
-1.1492168 10.649408 1.0726023
-0.91937345 10.649408 0.7661445
-0.842759 10.381258 0.4213795
-0.9576807 9.998186 0.45968673
-1.1109096 9.576807 0.7661445
-1.3024457 9.308656 1.1875241
-1.5705962 9.155427 1.3790603
-1.7238252 9.11712 1.4939818
-1.8770542 9.002198 1.4556746
-1.9536686 8.925584 1.532289
-1.9919758 8.734047 1.8387469
-2.1452048 8.389282 1.9153614
-2.2218192 8.121132 1.8770541
-2.183512 7.8912888 1.7621324
-1.9536686 7.8912888 1.4939818
-1.532289 7.967903 1.1875241
-1.1109096 8.121132 1.0342951
-0.84275895 8.274361 0.9576807
-0.7661446 8.082825 1.1875241
-0.80445176 7.8529816 1.5705962
-0.91937345 7.4699097 1.532289
-0.91937345 7.0102224 1.2641385
-0.7661446 6.7037644 0.7278374
-0.5363012 6.588843 0.07661445
-0.19153613 6.703765 -0.15322891
0.076614454 6.8186865 -0.07661445
0.15322891 7.0102224 0.22984336
0.038307227 6.933608 0.6895301
-0.15322891 6.703765 1.0726024
-0.4213795 6.3589997 1.1492169
-0.57460845 6.129156 1.0726023
-0.57460845 6.0525417 0.91937345
-0.45968673 6.090849 0.6512228
-0.30645782 6.3589993 0.61291564
-0.11492168 6.703765 0.68953013
0.038307227 7.0485296 0.7278373
0.076614454 7.2017584 0.9576807
0.22984336 7.3166804 0.91937345
0.34476504 7.2783732 0.842759
0.49799395 7.201759 0.7278373
0.6512228 7.240066 0.3830723
0.5746084 7.2017584 0.11492169
0.4596867 7.2400656 -0.19153613
0.3064578 7.4316025 -0.19153613
0.22984335 7.699753 0.19153613
0.30645782 7.929596 0.6512228
0.3830723 8.0445175 0.95768064
0.49799398 8.082825 0.8810662
0.3830723 8.0445175 0.49799395
0.19153614 8.082825 0.19153613
-0.076614454 8.159439 0.15322891
-0.34476507 8.197746 0.34476504
-0.38307226 8.389282 0.61291564
-0.30645782 8.69574 0.9959879
-0.038307227 9.117121 1.3024457
0.22984338 9.5385 1.4939818
0.3830723 9.80665 1.7238252
0.45968676 9.998186 1.8387469
0.26815057 10.036493 1.8387469
7.4505806E-9 10.151415 1.8770541
-0.26815057 10.304644 2.030283
-0.45968673 10.419566 2.183512
-0.45968673 10.649409 2.3750482
-0.4213795 10.955868 2.2984335
-0.5363012 11.645397 1.5705962
-0.7278373 11.87524 1.2258313
-1.0342951 11.9135475 1.2641385
-1.3024457 11.722012 1.4939818
-1.4173673 11.60709 1.8004396
-1.3790601 11.60709 2.0685902
-1.1109096 11.760319 2.2601264
-0.6895301 12.373235 2.2984335
-0.26815057 13.024458 2.2601264
0.0 13.599066 2.1068974
0.076614454 13.905523 1.9919758
0.038307227 13.752295 1.9536686
-0.038307227 13.369222 2.0685902
-0.038307227 12.98615 2.2601266
0.076614454 12.717999 2.2984338
0.19153613 12.564771 2.1835122
0.22984335 12.5264635 1.9153615
0.15322891 12.449849 1.8004397
0.11492168 12.411542 1.8387469
0.19153613 12.373235 1.7621324
0.38307226 12.334928 1.6855179
0.6895301 12.258312 1.5705962
0.8044518 12.181698 1.6855179
0.7278373 12.105083 1.9536685
0.45968673 12.028469 2.3367407
0.076614454 11.951855 2.528277
-0.2681506 11.798626 2.4133554
-0.5363012 11.60709 2.336741
-0.6512228 11.492168 2.1452048
-0.68953 11.453861 2.030283
-0.68953 11.492168 2.1068976
-0.7661445 11.568783 2.2218192
-0.9576807 11.453861 2.4899697
-1.1875241 11.377247 2.681506
-1.3790601 11.262325 2.681506
-1.5322891 11.147404 2.6048915
-1.6089036 11.109097 2.4516625
-1.685518 11.032481 2.375048
-1.838747 10.994174 2.2984335
-1.9919758 10.91756 2.2984335
-2.2218192 10.802638 2.4133554
-2.4133554 10.572795 2.528277
-2.5282772 10.304645 2.566584
-2.5665843 10.113108 2.4516625
-2.528277 9.998186 2.0685902
-2.566584 9.883265 1.5705962
-2.75812 9.883265 1.1875241
-3.0262709 9.844957 0.99598795
-3.2561145 9.921572 1.2258313
-3.562572 10.036493 1.5705965
-3.8307228 9.998186 1.9919758
-4.1371803 9.883265 2.336741
-4.5202527 9.423578 2.2601264
-4.6351748 8.542512 1.8387469
-4.3287163 8.504204 1.4939818
-3.907337 8.8489685 1.3790601
-3.4476502 9.385271 1.340753
-3.1028855 9.998186 1.340753
-2.9496565 10.266336 1.493982
-2.9113493 10.304644 1.685518
-2.9879637 10.0748005 1.532289
-2.9879637 9.730036 1.2641385
-2.9496565 9.500193 0.9959879
-2.873042 9.2703495 0.7278373
-2.9113493 9.11712 0.8810662
-3.1411927 8.925584 1.340753
-3.4093432 8.810662 1.7238252
-3.562572 8.695741 1.9919758
-3.4859576 8.6574335 1.9919758
-3.371036 8.734048 1.9536686
-3.1028852 8.810662 2.030283
-2.9113493 8.925584 1.9919758
-2.681506 9.078813 2.0685902
-2.4133554 9.308656 2.0685902
-2.2601266 9.385271 1.9919758
-2.1452048 9.5385 2.2601264
-2.2601264 9.576807 2.6431987
-2.4516625 9.2703495 2.9496565
-2.681506 8.84897 3.1794999
-2.834735 8.350976 2.9496565
-2.7581203 7.967903 2.3367407
-2.2984335 7.929596 1.9536686
-1.6472108 8.389282 1.9536686
-1.1109096 8.963891 1.9536686
-0.7661445 9.461885 2.1068974
-0.7661445 9.844957 2.183512
-0.9193734 9.844957 2.030283
-0.95768064 9.691729 2.336741
-0.91937345 9.500193 2.7581203
-0.80445176 9.155428 2.9496565
-0.80445176 9.002198 2.7198129
-0.7661445 9.040505 2.6815057
-0.53630114 9.193734 2.7964277
-0.38307226 9.385271 3.256114
-0.15322891 9.5385 3.6774936
0.15322891 9.308657 3.9839516
0.19153613 8.963892 3.9073372
0.26815057 8.734049 3.2944214
0.49799395 8.695741 2.7964275
0.842759 9.38527 2.6048913
1.3407528 10.151415 2.7964275
1.8004396 10.802639 3.4093432
1.4556746 10.266336 2.9496567
1.1109096 9.576807 2.4516625
0.91937345 9.002199 2.1068976
0.80445176 8.695741 1.9536686
0.91937345 8.619126 2.1068974
1.2641385 8.887277 2.413355
1.4939818 9.346964 2.9879637
1.7621325 9.80665 3.4093432
1.8770542 9.998186 3.6391864
1.7621324 9.80665 3.6391864
1.7621324 9.423578 3.3327286
1.8004396 9.155427 3.1794996
1.9153614 9.002198 3.217807
1.9919758 9.002198 3.2561142
1.9919758 9.11712 3.1794999
2.1068974 9.308657 3.0645783
2.4899697 9.653421 2.9496565
2.9113493 10.036493 2.7581203
3.371036 10.228029 2.4899697
3.6391864 10.228029 2.336741
3.562572 9.998186 2.030283
3.3327289 9.615114 1.8004396
2.9879637 9.2703495 1.685518
2.7581203 9.002198 1.532289
2.6431987 8.925584 1.6089035
2.719813 9.155427 1.6472107
2.987964 9.500193 1.7238252
3.2178073 9.921572 1.685518
3.371036 10.228029 1.6089035
3.371036 10.228029 1.685518
3.1411924 10.113108 1.7621325
2.8347347 9.80665 2.0685904
2.4899697 9.500193 2.4516625
2.1452048 9.2703495 2.719813
1.9153614 9.193735 3.0262709
1.8387469 9.232042 3.1794996
1.8770542 9.461885 3.217807
2.030283 9.883265 3.1411924
2.2218192 10.304644 3.064578
2.2984335 10.611102 2.7964275
2.2601264 10.764331 2.4516625
2.1452048 10.572795 2.2984335
1.9919758 10.266336 2.2601264
1.838747 10.036493 2.566584
1.8004396 9.883265 2.9113493
1.7238252 9.883265 3.1028852
1.6089036 9.844957 3.1795
1.5705963 9.883265 3.0645783
1.3790601 9.921572 2.9879637
1.2641385 9.998186 2.9879637
1.3024457 10.228029 2.9113493
1.4556746 10.534488 2.7964277
1.838747 11.032481 2.6048913
2.2218192 11.530476 2.4133554
2.4133554 11.9135475 2.2601266
2.183512 11.990162 2.183512
1.6089034 11.87524 2.3367407
0.80445176 12.066776 2.9879637
0.9959879 12.871228 3.6391866
1.7238252 13.713987 4.1371803
2.4133554 14.480132 4.711789
2.9879637 14.901511 4.865018
3.217807 14.863204 4.9416323
2.987964 14.633361 5.056554
2.6048913 14.403518 5.1714754
2.1068974 14.097059 5.3630114
1.7238252 13.675679 5.401319
1.5322891 13.215993 5.209783
1.4939818 12.794614 4.903325
1.685518 12.603077 4.55856
1.9919758 12.7179985 4.2137947
2.1452048 12.526463 3.9456444
2.1068976 12.143391 3.715801
1.838747 11.530476 3.715801
1.4173675 10.687717 3.8307228
1.0342951 10.151415 4.0222588
0.8044518 9.5385 4.2137947
0.7278373 9.040506 4.098873
0.6895301 8.695741 3.7924154
0.84275895 8.580819 3.371036
1.2258313 8.772355 3.0645783
1.7621324 9.002198 3.1411927
2.336741 9.155427 3.2944217
2.681506 9.155427 3.5625722
2.6431987 8.887277 3.715801
2.2218192 8.504204 3.5242648
1.7238252 7.929596 3.0262709
1.3790601 7.3932953 2.3750482
1.3407528 7.163451 1.8004398
1.5705962 7.086837 1.3024458
1.9153613 7.3549876 1.2641385
2.3750482 7.8146744 1.3790601
2.7964277 8.197746 1.3407528
3.1028852 8.465898 1.4939818
3.3327289 8.580819 1.5705963
3.4476504 8.504204 1.7621325
3.4093432 8.312668 2.1068976
3.2561145 8.082825 2.336741
2.9113493 7.967903 2.4516625
2.3750482 7.8146744 2.4133554
1.8004396 7.6231384 2.1452045
1.2258313 7.3932953 1.8004396
0.842759 7.086838 1.4939818
0.842759 7.0102224 1.3024457
1.4556745 7.8146744 1.2641385
2.030283 8.389282 1.3790601
2.336741 8.657433 1.4556745
2.4899697 8.504204 1.4556745
2.2601264 7.967903 1.5705963
1.685518 7.4699097 1.6089036
1.0726024 6.9719152 1.6472108
0.5363012 6.6654577 1.8004398
0.19153613 6.550536 1.8004398
0.038307227 6.473922 1.7621325
-0.11492168 6.6654577 1.6855179
-0.2681506 6.703765 1.4939818
-0.34476504 6.5888433 1.2258313
-0.34476504 6.435614 1.0342951
-0.22984335 6.3206925 0.91937345
-0.076614454 6.4739213 1.0342951
0.038307227 6.7037644 1.3407531
0.22984336 6.8569937 1.6472108
0.42137948 7.125144 1.8004397
0.4596867 7.354988 1.9536686
0.3064578 7.4699097 2.1452048
-2.9802322E-8 7.584831 2.4899697
-0.11492168 7.4699097 2.7581205
0.45968673 7.6231384 2.7964277
0.9576807 7.8529816 2.336741
1.1492168 8.0445175 1.8770541

