1.2641385 8.236053 1.3790601
1.0342952 8.350975 1.1109096
0.7661446 8.542511 1.0726024
0.038307227 9.346964 2.0685902
0.53630114 9.346964 2.2218192
1.2258313 9.385271 2.528277
2.0302832 9.308657 2.336741
2.7581203 9.193735 2.2984338
2.9879637 9.346964 2.336741
3.1028852 9.385271 2.2601264
3.1028852 9.2703495 2.0685902
3.0262709 9.078814 1.8770542
2.9496565 8.887277 1.7238252
2.9496565 8.810662 1.6472107
3.1028855 9.002198 1.7238252
3.3327286 9.346964 1.8387469
3.7158008 9.768343 1.9919758
4.098873 10.113108 1.9536686
4.3287168 10.189722 1.8004396
4.4819455 10.151415 1.6089036
4.4819455 10.036493 1.2641385
4.290409 9.844957 1.1109095
4.1371803 9.730036 0.95768064
3.9073372 9.691729 0.842759
3.6391869 9.653421 0.9959879
3.562572 9.768343 1.1492168
3.4476504 9.921572 1.4173675
3.2944217 9.959879 1.6089035
3.064578 9.921572 1.5705962
2.7198133 9.768343 1.4173675
2.4133554 9.576807 1.2258313
2.2218194 9.423578 0.95768064
2.183512 9.308657 0.84275895
2.2218192 9.2703495 0.6512228
2.2218192 9.308657 0.26815057
2.1452048 9.346964 -0.038307235
1.8387469 9.461885 -0.38307226
1.4556746 9.615114 -0.45968673
1.1492168 9.615114 -0.19153613
0.9193735 9.5385 0.2681506
0.842759 9.308656 0.7278373
0.61291564 8.963891 0.95768064
0.30645782 8.657433 0.91937345
0.15322891 8.657433 0.6512228
0.076614454 8.925583 0.114921674
0.34476504 9.232042 -0.38307226
0.6512229 9.500193 -0.7661446
0.6512229 9.615114 -0.88106626
0.57460845 9.615114 -0.5363012
0.42137948 9.768343 0.038307227
0.22984335 9.998186 0.57460845
0.22984335 10.304644 1.0726024
0.19153613 10.649409 1.3790603
0.038307227 10.802638 1.5322893
0.0 10.840945 1.7621324
-0.15322891 10.6877165 1.532289
-0.22984336 10.457872 0.9576807
-0.26815057 10.228029 0.22984335
-0.30645782 10.113108 -0.57460845
-0.4213795 9.959879 -1.1492168
-0.5746084 9.730036 -1.1109096
-0.7661445 9.5385 -0.8810662
-1.0726023 9.5385 -0.49799395
-1.2258313 9.730036 0.15322891
-1.1875241 10.074801 0.6512228
-0.9959879 10.457873 1.1875241
-0.7661445 10.534488 1.1875241
-0.49799395 10.49618 0.7661445
-0.45968673 10.304644 0.03830725
-0.57460845 10.0748005 -0.80445176
-0.842759 9.998186 -1.1492168
-1.2258313 9.844957 -1.0726023
-1.6089036 9.691729 -0.53630114
-1.9919758 9.730036 0.07661444
-2.2984335 9.80665 0.7661446
-2.4516625 10.151415 1.4556746
-2.4133554 10.496181 1.5705962
-2.2218192 10.457873 0.842759
-2.2601264 10.189722 0.03830725
-2.3750482 10.151415 -0.11492166
-2.566584 10.113108 0.15322891
-2.7964277 10.304644 1.187524
-3.1411924 10.266336 2.3750482
-3.5242648 10.0748005 3.1028852
-3.8307228 9.959879 3.371036
-3.86903 9.921572 3.2178068
-3.6774938 9.959879 2.75812
-3.4093432 9.844957 2.2984335
-3.1411927 9.691729 1.6472108
-3.064578 9.615114 1.1492169
-3.064578 9.423578 0.7278373
-3.1028852 9.346963 0.5363012
-3.1794999 9.232041 0.38307226
-3.2944214 8.8489685 0.22984336
-3.4093432 8.542511 -0.26815057
-3.5625722 8.350975 -0.9959879
-3.6008794 8.350975 -1.532289
-3.371036 8.580818 -1.8387468
-3.064578 8.925584 -1.6855179
-2.7198129 9.308657 -1.187524
-2.4516625 9.576807 -0.4213795
-2.3367407 9.730036 0.4596867
-2.413355 9.730036 1.1875241
-2.528277 9.5385 1.4939818
-2.6431987 9.2703495 1.4556746
-2.6431987 9.11712 0.95768064
-2.4516625 9.155427 0.34476504
-2.183512 9.2703495 -0.076614454
-1.8770542 9.461885 -0.34476504
-1.6089036 9.615114 -0.22984336
-1.4173675 9.730036 0.19153613
-1.3790601 9.691729 0.842759
-1.4939818 9.461885 1.4173675
-1.7621323 9.002198 1.7621324
-2.1452045 8.312668 1.9153614
-2.4899697 7.623138 1.9153614
-2.6431987 6.9719152 1.8770542
-2.5665843 6.5122285 1.7621324
-2.183512 6.3589993 1.4939818
-1.5705963 6.473921 1.0342951
-0.9576807 6.742072 0.7661445
-0.4213795 7.086837 0.6129156
-0.11492168 7.2400656 0.5363012
-0.076614454 7.163451 0.45968673
-0.15322891 6.933608 0.30645782
-0.34476507 6.473922 0.0
-0.49799395 6.129156 -0.2681506
-0.49799395 5.93762 -0.34476507
-0.38307226 5.861006 -0.4213795
-0.076614454 6.0525417 -0.30645782
0.19153614 6.2823853 -0.15322891
0.4213795 6.435614 -0.26815057
0.57460845 6.5122285 -0.45968673
0.5363012 6.4739213 -0.7661446
0.5363012 6.3589997 -1.1492169
0.45968676 6.167464 -1.4173675
0.30645782 5.9759274 -1.532289
0.15322891 5.746084 -1.4939818
0.038307227 5.6694694 -1.1492168
0.038307227 5.93762 -0.53630114
0.22984336 6.473922 0.0
0.49799395 7.163451 0.30645782
0.80445176 7.73806 0.26815057
1.0342951 8.159439 0.114921674
1.2258313 8.619126 0.114921674
1.4173675 9.078813 0.34476507
1.4939818 9.500193 0.80445176
1.4173675 9.80665 1.1875241
1.2258313 9.959879 1.4939818
0.9959879 10.113108 1.6855179
0.80445176 10.342951 1.9919758
0.7661445 10.572795 2.336741
0.72783726 10.726024 2.4899697
0.6512228 10.840945 2.5665843
0.49799395 10.764331 2.183512
0.38307226 10.764331 1.7621324
0.22984336 10.611102 1.2258313
0.26815057 10.611102 1.3790603
0.07661445 10.572795 1.6472108
-0.15322891 10.534488 1.7621324
-0.3064578 10.649409 1.8004396
-0.3064578 10.802638 1.7238252
-0.038307205 11.109096 1.532289
0.38307226 11.453861 1.532289
0.68953013 11.760319 1.6089035
0.8044517 11.990162 1.6089035
0.8044517 11.9135475 1.6089035
0.61291564 11.722012 1.6089035
0.26815057 11.453861 1.6855179
-0.076614454 11.147404 1.6855179
-0.5363012 10.917561 1.8004396
-1.0726023 10.726024 1.685518
-1.1875241 10.91756 1.5705963
-1.1109096 11.224017 1.2641385
-0.9576807 11.568783 1.1109095
-0.8044518 11.9135475 0.842759
-0.6895301 12.066776 0.7661446
-0.61291564 12.143391 1.0342952
-0.6512228 12.143391 1.4173675
-0.68953 11.990162 1.9536686
-0.7661445 11.9135475 2.4516625
-0.80445176 11.9135475 2.6431987
-0.7278373 12.181698 2.4516625
-0.61291564 12.373234 2.2601264
-0.57460845 12.488155 2.1068974
-0.5363012 12.564771 2.1068974
-0.57460845 12.526463 2.2984335
-0.57460845 12.488155 2.4899697
-0.5363012 12.526463 2.719813
-0.45968673 12.641384 2.9496565
-0.4213795 12.832921 3.0262709
-0.38307226 12.909535 3.1028855
-0.38307226 12.871228 3.1028855
-0.49799395 12.56477 2.9496565
-0.6512229 12.258312 2.9113493
-0.91937345 11.990162 2.987964
-1.2258313 11.683704 3.026271
-1.5705965 11.415554 3.217807
-1.838747 11.18571 3.3327286
-2.1452048 10.955867 3.4476504
-2.3750482 10.802638 3.5242648
-2.6431987 10.726024 3.4093432
-2.719813 10.611102 3.1028852
-2.7964275 10.457872 2.9113493
-2.9113493 10.342951 2.7198133
-3.0262709 10.189722 2.6048915
-3.1411927 10.0748005 2.719813
-3.2944217 9.959879 2.9496565
-3.4476504 9.80665 3.1411924
-3.5242648 9.653421 3.371036
-3.4093432 9.691729 3.4476504
-3.1794999 9.844957 3.2561142
-2.9113493 9.998186 2.873042
-2.6431987 10.151415 2.4899697
-2.5665843 9.959879 2.030283
-2.5665843 9.615114 1.8770542
-2.6431987 9.232042 1.9919758
-2.7198133 8.848969 2.030283
-2.7198133 8.6574335 2.0685902
-2.6048915 8.542512 2.0685902
-2.4516625 8.427589 2.030283
-2.2984335 8.465897 1.9919758
-2.0685902 8.465897 1.9536686
-1.8770541 8.619125 1.9153613
-1.6089035 8.772355 1.7621324
-1.340753 8.887277 1.6472107
-1.1875241 8.925584 1.4556746
-1.1492169 8.772355 1.0342951
-1.0726023 8.427589 0.6895301
-1.1875241 8.00621 0.6895301
-1.3024457 7.776367 1.2641386
-1.3790601 7.6231384 2.2984338
-1.532289 7.8146744 3.5242648
-1.3790601 8.159439 4.367024
-1.1109096 8.734047 4.596867
-0.6512229 9.500192 4.1371803
-0.15322891 10.113108 3.0645783
0.19153613 10.457872 1.8004396
0.30645782 10.228029 0.61291564
0.2681506 9.576806 0.038307235
0.11492168 9.11712 0.34476507
0.038307227 8.848969 1.6472107
-0.076614454 8.887277 3.2944214
-0.3830723 8.963891 4.596867
-0.842759 8.734048 4.9416323
-1.3790601 8.389283 4.405331
-1.7238252 8.0445175 3.4859576
-1.7238252 7.929596 2.566584
-1.340753 8.159439 2.183512
-0.8044518 8.6574335 2.1452048
-0.038307235 9.232042 2.5665843
0.5746084 9.921572 3.371036
1.0342951 10.419565 4.1371803
1.1492168 10.534487 4.5968676
0.8810662 10.228029 4.6351748
0.5363012 9.538499 4.098873
0.19153613 8.772355 3.5625722
0.2681506 8.389282 2.9113493
0.6512229 8.657433 2.4516625
2.1452045 10.151415 2.336741
2.873042 10.764331 2.6431985
3.2944217 10.917561 2.873042
3.3327289 10.802639 2.9113493
3.0645783 10.304644 2.681506
2.6048915 9.768343 2.4516625
2.030283 8.848969 2.030283
1.838747 8.580818 2.030283
1.9153614 8.580818 2.0685902
2.2218192 8.963891 2.4516625
2.8347347 9.730036 3.1028852
3.5242648 10.649408 3.6008792
3.9456441 11.18571 3.6391864
4.0222588 11.070788 2.873042
3.7924154 10.419565 1.8770541
3.4476502 9.500193 0.9193735
3.217807 8.848969 0.3830723
3.1028852 8.619125 0.4213795
3.0262709 8.619125 0.6895301
2.9496565 8.925584 1.1492168
2.9113493 9.500192 1.8004397
2.9113493 9.959879 2.3750482
2.9113493 10.266336 2.7581203
2.9113493 10.266336 2.8347347
2.8730419 9.883265 2.4899697
2.8730419 9.5385 1.9153613
3.1028852 9.653421 1.2258313
3.1028852 9.883265 1.1492168
2.9496562 9.998186 1.2641385
2.7198129 9.921572 1.4173675
2.3750482 9.768343 1.6089036
2.1068974 9.576807 1.9536686
1.9536686 9.500193 2.4516625
1.8770541 9.653421 2.719813
1.9536686 9.730036 2.7581203
2.0685902 9.883265 2.528277
2.0685902 9.998186 2.1068974
1.9536686 9.883265 1.8770541
1.7621324 9.768343 1.6472108
1.685518 9.921572 1.7238252
1.7621325 10.113108 1.9536686
1.8770542 10.228029 1.9153614
2.030283 10.457872 1.8770542
2.0685902 10.534487 1.685518
2.030283 10.649408 1.3790601
1.9536686 11.070788 1.6089035
1.838747 11.492168 2.030283
1.8770542 11.760319 2.528277
1.9536686 11.990162 2.9496565
2.2601264 12.258312 2.9113493
2.6048913 12.373234 2.7198129
2.6431987 12.564771 2.1835117
2.336741 12.258313 2.0685902
1.9153614 11.87524 1.9153614
1.6472108 11.530475 1.7238252
1.7621325 11.798625 1.9919758
2.1452045 12.449848 2.3367407
2.4516625 13.177686 2.7581203
2.6815062 13.752294 3.1028855
2.6048915 13.790602 3.2561145
2.3367407 13.522451 3.5242648
2.1452048 13.177687 3.8307228
2.0685902 12.871229 4.1371803
2.030283 12.641385 4.1754875
2.0685902 12.56477 3.8307228
1.9536686 12.449848 3.3327289
1.7238252 12.181698 2.834735
1.532289 11.9135475 2.4899697
1.4173675 11.722012 2.4133554
1.6089034 11.683704 2.4133554
1.9919758 11.87524 2.3750482
2.4516625 12.220005 2.4516625
2.681506 12.373234 2.528277
2.719813 12.143391 2.4899697
2.4516625 11.60709 2.528277
2.0685902 10.955868 2.7581205
1.685518 10.342951 3.141193
1.2641385 9.921572 3.7924156
1.0342951 9.691729 4.3287168
1.0342951 9.653421 4.7500963
1.1875241 9.615114 4.7500963
1.340753 9.5385 4.1371803
1.340753 9.346964 3.4093432
0.99598795 8.925584 2.5665843
0.61291564 8.695741 2.0685904
0.38307226 8.580819 2.336741
0.2681506 8.504205 2.9496565
0.4213795 8.504205 3.4476504
0.57460845 8.427589 3.6391866
0.57460845 8.389282 3.4859576
0.5363012 8.312668 3.0645783
0.34476507 8.159439 2.5665843
0.11492168 8.00621 1.9919758
-0.076614454 7.699753 1.4173675
-0.076614454 7.699753 0.91937345
0.114921674 7.8912888 0.7661445
0.4213795 8.159439 1.0726023
0.61291564 8.350975 1.6089035
0.5746084 8.350975 2.0685904
0.42137948 8.121132 2.2984338
0.22984335 7.6231384 2.0685902
0.3064578 7.3166804 1.532289
0.5363012 7.1634517 1.1875241
0.80445176 7.240066 0.9576807
0.99598795 7.393295 0.9576807
0.99598795 7.584831 1.187524
0.91937345 7.699753 1.3407528
0.7278373 7.73806 1.5705962
0.61291564 7.73806 1.8004396
0.45968673 7.5848308 1.8387469
0.34476504 7.393295 1.8387469
0.4213795 7.3166804 1.685518
0.49799395 7.393295 1.4556748
0.5746084 7.4316025 1.2258313
0.5746084 7.3932953 0.9959879
0.22984335 7.2400665 0.9193734
-0.11492168 7.125144 1.1875241
-0.26815057 7.163451 1.4556746
-0.30645782 7.163451 1.6089035
-0.11492168 7.201759 1.4939818
0.15322891 7.2783732 0.9959879
0.30645782 7.4699097 0.7278373
0.34476504 7.6231384 0.7661445
0.2681506 7.546524 0.9576807
0.038307227 7.4316025 1.2641385
-0.22984338 7.2400656 1.4173673
-0.49799395 7.2400656 1.4173673
-0.49799395 7.431602 1.7238252
-0.38307226 7.584831 2.030283
-0.15322891 7.776367 2.336741
0.22984335 8.082825 2.5665843
0.4596867 8.350975 2.336741
0.5746084 8.427589 1.9919758
0.49799395 8.274361 1.6089036
0.15322891 7.929596 1.1109097
0.076614454 7.6614456 1.0726024
-0.15322891 7.8912888 0.95768064

