-0.26815057 8.42759 0.9959879
-0.07661445 9.040506 1.4939818
-0.07661445 9.615114 1.7238252
0.34476504 9.768343 2.4133554
0.7661445 9.691729 2.2984338
1.1109097 9.5385 2.1452045
1.5705962 9.155428 2.2218192
2.1068974 9.193735 2.336741
2.1835117 9.155428 2.4899697
2.3750482 9.155428 2.4516625
2.6048913 9.2703495 2.2984338
2.7581205 9.308657 1.9536686
2.873042 9.232041 1.7238252
2.834735 9.078813 1.8004396
2.6431987 8.887277 1.9153614
2.4899697 8.734048 2.1068976
2.4133554 8.695741 2.336741
2.4516625 8.963891 2.2984338
2.6431987 9.346963 2.2601264
2.7964277 9.615114 2.0685902
2.873042 9.691729 1.6472107
2.9113493 9.500193 1.2258313
2.834735 9.232042 0.7661445
2.7581205 9.117121 0.45968673
2.7581205 9.193735 0.45968673
2.834735 9.461885 0.57460845
2.9113493 9.730036 0.7278373
2.9879637 9.959879 0.61291564
2.9879637 10.036493 0.15322892
2.873042 10.0748005 -0.30645782
2.7964275 9.998186 -0.61291564
2.681506 9.921572 -0.5746084
2.566584 9.883265 -0.22984335
2.336741 9.80665 0.11492168
2.030283 9.730036 0.2681506
1.7621324 9.653421 0.34476504
1.532289 9.653421 0.2681506
1.6089035 9.730036 0.15322891
1.8387469 9.998186 0.11492168
2.030283 10.113108 -0.038307227
1.9919759 10.151415 -0.19153613
1.6472107 9.921572 -0.19153613
1.1109096 9.5385 -0.11492168
0.5746084 9.193735 0.22984338
0.19153613 8.925584 0.61291564
-0.038307227 9.002198 0.9576807
-0.038307227 9.11712 1.0342951
0.076614454 9.2703495 0.9576807
0.22984336 9.500193 0.6895301
0.4213795 9.615114 0.26815057
0.45968673 9.768343 0.19153613
0.30645782 9.921572 0.34476504
0.03830722 9.998186 0.842759
-0.4213795 9.921572 1.6089035
-0.9576807 9.844957 2.2218192
-1.2641385 9.653421 2.4133554
-1.340753 9.38527 2.2218192
-1.2258313 9.270349 1.5705962
-0.7661445 9.270349 0.6512229
-0.22984336 9.691729 -0.07661444
0.11492168 10.22803 -0.38307226
0.38307226 10.726024 -0.114921674
0.38307226 10.994174 0.6895301
0.038307227 10.840945 1.4556746
-0.61291564 10.0748005 1.8004396
-0.80445176 9.80665 1.1492168
-0.7278373 9.691729 0.34476504
-0.6512229 9.653421 -0.3830723
-0.5746084 9.653421 -0.7278373
-0.6895301 9.615114 -0.6512228
-0.9959879 9.461885 -0.19153614
-1.1875241 9.385271 0.5363012
-1.3024457 9.615114 1.2258313
-1.2641385 10.113108 1.7621325
-1.1109097 10.687717 1.9153614
-1.1109097 11.147404 1.5705963
-1.3407528 10.879252 0.6895301
-1.532289 10.457872 0.34476504
-1.7238252 9.998186 0.03830722
-1.9919758 9.615114 -0.26815057
-2.3750482 9.385271 -0.53630114
-2.681506 9.385271 -0.26815057
-2.834735 9.615114 0.34476507
-2.719813 9.959879 1.1109097
-2.336741 10.534488 1.838747
-1.9919758 10.994175 2.030283
-1.6855179 11.262325 1.8770541
-1.5705963 11.300632 1.4173673
-1.8387469 10.879252 0.8044518
-2.183512 10.228029 0.2681506
-2.6431987 9.500192 0.0
-3.0262709 8.848969 -0.11492168
-3.1794999 8.350975 -0.076614454
-3.217807 8.159439 -0.11492168
-2.9496565 8.312668 -0.038307227
-1.9919758 9.538499 0.15322891
-1.5705962 10.151415 0.19153613
-1.532289 10.419565 0.038307227
-1.685518 10.342951 -0.076614454
-2.030283 9.921572 -0.22984336
-2.4899697 9.346964 -0.11492168
-2.9113493 8.848969 0.11492168
-3.2944217 8.389282 0.45968673
-3.6008794 8.389282 1.340753
-3.3327289 8.810661 1.6089036
-2.987964 9.308657 1.6089036
-2.528277 9.730036 1.3790603
-2.1068976 9.998186 1.1875241
-1.8770542 10.0748005 1.1492168
-1.7621324 10.151415 1.2258313
-1.8770542 10.036493 1.4556745
-2.0685902 9.691729 1.5705963
-2.566584 8.848969 1.9536686
-2.681506 8.504204 2.030283
-2.719813 8.274361 2.1068974
-2.566584 8.236053 2.030283
-2.2984335 8.350975 1.8004397
-1.9153614 8.542512 1.5705963
-1.4939818 8.695741 1.3024458
-1.1492169 8.6574335 1.1109096
-0.91937345 8.427589 1.0342952
-0.80445176 8.082825 0.9959879
-0.8810662 7.73806 0.8810662
-0.9576807 7.3932953 0.7661445
-0.9959879 7.163451 0.61291564
-0.9576807 7.086837 0.45968673
-0.7661445 7.125144 0.45968673
-0.61291564 7.2783732 0.57460845
-0.49799398 7.3549876 0.7278373
-0.5363012 7.393295 0.9576807
-0.61291564 7.3166804 0.9576807
-0.6512228 7.086837 0.68953013
-0.61291564 6.856993 0.19153613
-0.49799395 6.6654572 -0.4213795
-0.38307226 6.588843 -0.842759
-0.2681506 6.6271505 -0.9959879
-0.22984335 6.8569937 -0.6512228
-0.22984335 7.163452 -0.22984336
-0.19153613 7.4699097 0.3830723
-0.19153613 7.776367 0.7661446
-0.26815057 7.8912888 0.6895301
-0.30645782 7.8146744 0.5363012
-0.38307226 7.6614456 -0.076614454
-0.53630114 7.546524 -0.6895301
-0.68953013 7.431602 -1.0342951
-0.80445176 7.4699097 -1.1492168
-0.80445176 7.8912888 -0.61291564
-0.61291564 8.197746 -0.19153613
-0.45968673 8.42759 0.11492169
-0.4213795 8.619126 0.5363012
-0.49799395 8.619126 0.8810662
-0.72783726 8.619126 1.3790601
-0.6895301 8.619126 1.340753
-0.49799395 8.619126 1.0726024
-0.15322891 8.619126 0.6895301
0.07661445 8.695741 0.38307226
0.26815057 8.887277 0.30645782
0.344765 9.193735 0.45968673
0.38307226 9.653421 0.842759
0.38307226 10.151415 1.1109096
0.4213795 10.457872 1.3790603
0.4213795 10.534487 1.5322891
0.26815057 10.266336 1.3407528
0.15322891 9.883265 1.0342951
-0.038307227 9.5385 0.5746084
-0.22984336 9.461885 0.19153613
-0.38307226 9.615114 0.15322891
-0.45968676 9.998186 0.2681506
-0.5746084 10.457872 0.5363012
-0.6512228 10.802638 0.7278373
-0.7661445 11.070788 0.7278373
-0.7661445 10.955867 0.6895301
-0.842759 10.91756 0.6512228
-0.9193734 10.879252 0.842759
-1.0726024 10.955867 1.0726024
-1.2258313 11.070788 1.3790601
-1.2258313 11.109096 1.7238252
-1.1492168 11.18571 1.8770541
-0.8810662 11.300632 1.8387469
-0.5746084 11.377247 1.4173675
-0.344765 11.377247 0.91937345
-0.11492168 11.377247 0.38307226
-0.038307227 11.33894 0.076614454
0.038307227 11.415554 0.11492168
0.038307227 11.645397 0.30645782
-0.11492168 11.9135475 0.72783726
-0.30645782 12.066776 1.1109096
-0.6129157 12.181698 1.532289
-0.88106626 12.105083 1.9153614
-1.0726023 11.951855 1.9919758
-1.2641385 11.683704 1.9153614
-1.3407528 11.377247 1.7238252
-1.3790601 11.300632 1.4556746
-1.3024458 11.33894 1.2641385
-1.0726024 11.722012 1.2641385
-0.7278373 12.220005 1.3790603
-0.38307226 12.641384 1.5322891
-0.22984336 12.98615 1.7238252
-0.22984336 12.947843 1.8770542
-0.5363012 12.679692 1.8770542
-0.8810662 12.220006 1.9919758
-1.2258313 11.760319 2.0685902
-1.4173673 11.492168 2.1452048
-1.340753 11.415554 2.2218192
-1.2258313 11.645397 2.2218192
-0.9576807 11.836933 2.2601264
-0.6895301 12.105083 2.3367407
-0.5746084 12.334927 2.528277
-0.53630114 12.296619 2.719813
-0.61291564 12.143391 2.873042
-0.842759 11.87524 2.8347347
-0.99598795 11.3006315 2.6048913
-1.0342952 10.879252 2.4516625
-1.0726024 10.572795 2.2984338
-1.0726024 10.189722 2.528277
-1.1875241 10.0748005 2.6048915
-1.3790601 9.959879 2.6431987
-1.6089035 9.844957 2.5282772
-1.8387469 9.730036 2.336741
-2.1068974 9.615114 2.2601266
-2.2984338 9.576807 2.2218192
-2.4899697 9.576807 2.3750482
-2.6815057 9.653421 2.7964277
-2.7964275 9.653421 3.1794999
-2.873042 9.653421 3.4859576
-2.834735 9.615114 3.5242648
-2.7198133 9.653421 3.064578
-2.4899697 9.730036 2.413355
-2.2984338 9.80665 1.8770542
-2.2218192 9.921572 1.5322891
-2.3750482 9.883265 1.7621324
-2.4899697 9.844957 2.030283
-2.528277 9.80665 2.2218192
-2.4899697 9.768343 2.2601264
-2.413355 9.768343 2.0685902
-2.2984335 9.653421 1.9153613
-2.2601264 9.461885 1.6855179
-2.1452048 9.308657 1.6855179
-1.9153614 9.346964 1.7621324
-1.6472108 9.576807 1.7238252
-1.2641385 9.844957 1.7238252
-1.0342951 10.113108 1.6472108
-0.9576807 10.151415 1.5705963
-1.0726024 9.998186 1.5322891
-1.2258313 9.80665 1.3790601
-1.3024457 9.308657 0.842759
-1.2641385 9.078814 0.842759
-1.3407528 9.002198 1.4556746
-1.4556746 8.848969 2.4133556
-1.5705963 9.040506 3.4476507
-1.5322891 9.308657 4.0222588
-1.3024457 9.576807 3.7924154
-0.95768064 9.883265 2.9113493
-0.61291564 9.959879 1.8004397
-0.2681506 9.959879 0.8044517
-0.30645782 9.461885 0.842759
-0.34476507 9.461885 1.685518
-0.38307226 9.500193 2.681506
0.0 10.036493 3.1794999
0.038307227 9.998186 2.6048913
-0.11492168 9.80665 1.8770541
-0.19153613 9.500193 1.3790601
-0.26815057 9.346964 1.2258313
-0.30645782 9.5385 1.4939818
-0.038307227 10.151415 2.0685902
0.34476507 10.955868 2.6815057
0.3830723 10.802639 2.2601264
0.11492168 9.959879 1.8004396
-0.26815057 9.2703495 1.4556746
-0.49799395 8.887276 1.7238252
-0.45968673 8.925583 2.528277
-0.34476504 9.346964 3.2561145
-0.19153613 9.615114 3.6774938
-0.11492168 9.615114 3.4859576
-0.11492168 9.346963 3.0262709
-0.038307227 9.040505 2.4133554
0.076614454 8.810662 1.9153614
0.19153613 8.772355 1.838747
0.4213795 8.848969 1.9153614
0.6895301 9.11712 1.9536686
1.0342951 9.691728 2.030283
1.340753 9.998186 1.9919759
1.4173675 10.151415 1.7238253
1.3407528 10.036493 1.5705963
1.1492169 9.576807 1.6089035
1.0342951 9.193735 1.685518
0.9576807 8.963891 1.8770542
0.9193735 8.925584 2.0685902
0.9193735 8.963891 1.9919758
0.9576807 9.193734 1.8770542
1.1109096 9.500193 1.8004397
1.340753 9.730036 1.685518
1.5705963 9.998186 1.7238252
1.7621324 10.113108 1.9919758
1.8387469 10.0748005 1.9536686
1.8004397 9.998186 1.9919758
1.6472108 9.768343 1.8770542
1.4173675 9.5385 1.7621324
1.2641385 9.423578 1.7621324
1.2258313 9.346964 1.685518
1.4173675 9.500193 1.7621324
1.7238252 9.883265 1.838747
1.9919758 10.342952 2.030283
2.1452045 10.764331 2.2601264
1.9536686 10.802638 2.4133554
1.4939818 10.381258 2.336741
0.9959879 9.730035 2.2601264
0.61291564 9.193734 2.183512
0.49799395 8.963891 2.1452048
0.61291564 9.11712 2.0685904
0.842759 9.5385 2.1452048
1.1492169 10.151415 2.4899697
1.3407528 10.802638 2.834735
1.4556746 11.262325 3.064578
1.4173673 11.224018 3.1028855
1.3024457 10.840944 2.6431987
1.2258313 10.304644 2.183512
1.1875241 9.959879 1.8770542
1.2641385 9.844957 1.532289
1.2641385 9.883265 1.532289
1.2641385 9.998186 1.6089034
1.340753 10.151415 1.8770542
1.4173675 10.572795 2.4133554
1.4556746 10.6877165 2.7198133
1.3790601 10.649409 2.873042
1.1492169 10.457872 2.6815062
0.91937345 10.151415 2.3750482
0.80445176 10.189722 2.336741
0.80445176 10.342951 2.336741
0.7661445 10.572794 2.528277
0.6512228 10.840945 2.681506
0.5746084 11.185711 2.873042
0.5363012 11.798626 3.371036
0.6512228 12.5264635 3.9839516
0.9193734 13.177687 4.5202527
1.0726024 13.67568 4.8267107
1.1109096 13.828909 4.8267107
0.9959879 13.790602 4.5968676
0.6512229 13.484143 4.367024
0.3830723 13.062764 4.2137947
0.19153613 12.756307 4.098873
0.19153613 12.603078 3.9456444
0.45968673 12.832922 3.9839516
0.6512229 13.062765 3.9839516
0.842759 13.215994 3.9839516
0.9193734 13.1393795 4.060566
0.84275895 12.871228 4.060566
0.84275895 12.603077 4.1371803
0.8810662 12.334927 4.1754875
1.0726023 12.066776 3.86903
1.340753 11.760319 2.987964
1.6472108 11.492168 2.0302832
1.8770541 11.3006315 1.4173673
1.8004396 11.262324 1.4556745
1.532289 11.070788 2.2601264
1.1109096 10.726024 3.2561142
0.6895301 10.342952 3.9839518
0.53630114 9.998186 4.4436383
0.6512228 9.844957 4.4436383
0.95768064 9.844957 3.9456444
1.2641385 9.80665 3.1411924
1.532289 9.768343 2.3750482
1.7238252 9.615114 1.8770541
1.9536686 9.615114 1.7621324
2.1452048 9.576807 2.030283
2.183512 9.423578 2.3750482
2.030283 9.270349 2.681506
1.7238252 8.925584 2.9113493
1.5322891 8.542511 2.8730419
1.5322891 8.350975 2.566584
1.685518 8.350975 2.2218192
1.8004397 8.274361 1.838747
1.7238252 8.274361 1.4939818
1.4173673 8.121132 1.3790601
1.187524 7.929596 1.2258313
1.0342951 7.967903 1.1492169
0.9959879 8.082825 0.9959879
1.0726024 8.0445175 0.68953013
0.88106626 7.8146744 0.57460845
0.5363012 7.4316025 0.45968673
0.11492169 7.0102224 0.61291564
-0.114921674 6.742072 0.9576807
0.0 6.8186865 1.3024457
0.38307226 7.0485296 1.5322891
0.8810662 7.431602 1.4556746
1.1492169 7.6231384 0.9959879
1.1492169 7.6231384 0.30645782
0.99598783 7.431602 -0.15322891
0.80445176 7.0868373 -0.26815057
0.6512228 6.933608 0.0
0.45968673 6.6654572 0.4213795
0.22984336 6.5505357 0.8810662
0.038307227 6.5122285 1.3790601
-0.038307227 6.5122285 1.8004396
0.11492168 6.703765 2.0685902
0.38307226 6.933608 1.8770541
0.68953013 7.2017593 1.4556746
0.842759 7.3932953 1.0342951
0.80445176 7.4316025 0.8044517
0.6512229 7.4699097 0.8810662
0.38307226 7.3166804 1.187524
0.19153613 7.2783732 1.4939818
0.038307227 7.469909 1.8387469
-0.038307227 7.699753 2.183512
0.0 7.8912888 2.2218194
0.038307227 7.8146744 2.1068976
0.038307227 7.6231384 1.6472108

