0.038307227 7.546524 1.1492168
-0.076614454 7.73806 1.0342951
-0.22984335 8.236053 1.0726023
-0.07661445 9.346964 1.6855179
0.7278373 9.615114 1.9919758
1.4556746 9.921572 2.1452048
1.8387468 9.80665 1.838747
2.2218192 9.576807 1.5705963
2.2218192 9.308656 1.4556746
2.6048915 9.155427 1.9153614
2.7964277 9.461885 2.1452048
2.9496565 9.80665 2.2218194
3.1028855 10.036493 2.2218194
3.2561142 9.883265 1.9153613
3.0262709 9.576806 1.5705962
2.3367407 9.002198 0.8044518
1.9153614 8.963891 0.7661445
1.685518 8.963891 0.8810662
1.6472108 9.270349 1.532289
2.2218192 9.998186 2.4516625
2.6048915 10.228029 2.413355
2.681506 10.113108 1.8004397
2.566584 9.883265 1.1109096
2.2218192 9.653421 0.6512228
1.8004396 9.576807 0.6512228
1.4173675 9.5385 0.9959879
1.1875241 9.461885 1.4556746
1.1109096 9.423578 1.6472108
1.4556745 9.653421 1.1492168
1.7621323 10.036493 0.5746084
2.030283 10.304644 0.0
2.1452045 10.342951 -0.4213795
2.0685902 10.151415 -0.5746084
1.7621324 9.730036 -0.49799395
1.340753 9.385271 -0.15322891
0.9576807 9.346964 0.34476504
0.7661445 9.461885 0.8810662
0.8044518 9.80665 1.3407528
1.1109096 10.228029 1.3407528
1.5705962 10.534488 0.8044517
1.9153614 10.764331 -0.076614454
2.1452048 10.840945 -0.9959879
2.1068974 10.6877165 -1.340753
1.7238252 10.457872 -1.0342951
1.2258313 10.0748005 -0.26815063
0.6895301 9.653421 0.72783726
0.19153613 9.461885 1.4173675
-0.11492168 9.385271 1.7238252
-0.11492168 9.615114 1.7621324
0.07661443 9.998186 1.4939818
0.42137945 10.228029 1.1109095
0.68953 10.266336 0.72783726
0.61291564 9.998186 0.38307226
0.30645782 9.5385 0.15322891
-0.19153613 9.193735 0.4213795
-0.7278373 8.963891 1.0342951
-1.1492169 8.887277 1.7621324
-1.4173673 8.925584 2.6431985
-1.532289 8.963891 3.3327289
-1.2641385 9.040505 3.4476504
-0.7278373 9.155427 2.911349
-0.19153613 9.500192 1.6472107
0.22984338 9.730036 0.11492169
0.15322894 9.730036 -0.842759
-0.4213795 9.576807 -0.91937345
-1.1492168 9.232041 -0.114921674
-1.8004396 9.040505 0.9959879
-2.221819 8.963891 1.8004396
-2.2984338 8.848969 2.030283
-2.1835117 8.848969 1.7238252
-1.9153613 8.925584 0.99598783
-1.4939818 9.155428 -5.9604645E-8
-1.0342951 9.615114 -1.0342951
-0.6895301 9.998186 -1.7621324
-0.5746084 10.189722 -1.9919758
-0.7278373 10.304644 -1.4173675
-1.1875241 10.304644 -0.19153613
-1.7621325 10.266336 1.0342951
-2.2601264 10.151415 2.0302832
-2.5665843 9.921572 2.2218192
-2.6048915 9.653421 1.7238253
-2.4133554 9.385271 0.9576807
-2.183512 9.232042 0.03830722
-1.8387468 9.2703495 -0.6895301
-1.6089036 9.615114 -0.9959879
-1.4939818 10.036493 -0.6512228
-1.532289 10.572794 0.11492169
-1.8387469 10.994174 1.1492169
-2.2601264 11.109096 2.183512
-2.75812 10.91756 2.834735
-3.1794996 10.419565 3.026271
-3.4093432 9.844957 2.719813
-3.3327289 9.193735 1.8004397
-3.0262709 8.6574335 0.49799392
-2.6815057 8.504204 -0.68953
-2.2984335 8.580818 -1.3790601
-2.0685902 8.925584 -1.4173675
-1.9919758 9.538499 -0.9193734
-1.9153614 10.036493 -0.19153613
-2.030283 10.266336 0.45968673
-2.2601264 10.266336 0.9959879
-2.528277 9.959879 1.3024457
-2.873042 9.423578 1.4173675
-3.141193 8.887277 1.2641385
-3.2178073 8.389282 0.8810662
-3.1795 7.929596 0.42137948
-3.0262709 7.73806 0.038307227
-2.7964277 7.967903 0.07661445
-2.6048913 8.465898 0.61291564
-2.4133554 9.308656 1.4939818
-2.1068976 10.91756 3.1794999
-1.9919758 11.300632 3.6391864
-1.8770542 11.33894 3.6774938
-1.8004397 10.994174 3.4859576
-1.7621324 10.457872 2.8347347
-1.7238252 9.883265 1.9919759
-1.7238252 9.308657 1.3024458
-1.6472108 8.963892 0.8810662
-1.5705963 8.772355 1.1109096
-1.4556746 8.6574335 1.8004396
-1.3024458 8.6574335 2.566584
-1.2258313 8.504205 3.2178068
-1.2258313 8.197746 3.3710358
-1.3024457 7.73806 3.1411927
-1.3790601 7.1634517 2.719813
-1.340753 6.742072 2.183512
-1.1492168 6.397307 1.685518
-0.5363012 6.129156 1.0342951
-0.34476504 6.0525417 0.7661446
-0.30645782 5.93762 0.7278373
-0.38307226 5.8226986 0.5746084
-0.49799395 5.8226986 0.38307226
-0.5746084 5.7843914 -0.076614454
-0.45968673 5.93762 -0.2681506
-0.34476504 6.0142345 -0.30645782
-0.15322891 6.244078 -0.19153613
0.038307227 6.550536 0.076614454
0.11492168 6.6271505 0.15322891
0.11492168 6.7803793 0.038307227
0.038307227 6.933608 0.0
-0.15322891 7.010223 0.07661445
-0.22984336 7.240066 0.49799395
-0.15322891 7.3549876 1.1492169
-0.076614454 7.393295 1.532289
0.15322891 7.5082164 1.685518
0.30645782 7.73806 1.2258313
0.34476504 8.0445175 0.5363012
0.38307226 8.389282 -0.3064578
0.4213795 8.887277 -1.1492168
0.5746084 9.270349 -0.8810662
0.61291564 9.691729 0.0766145
0.5363012 10.189723 1.3024458
0.30645782 9.844957 0.7661445
0.30645782 9.730036 0.22984336
0.3830723 9.80665 -0.19153613
0.45968673 9.921572 -0.344765
0.6512229 10.151415 -0.30645782
0.7661446 10.381259 -0.1532289
0.842759 10.726024 0.34476507
0.80445176 11.109097 0.84275895
0.61291564 11.262325 1.1492168
0.38307226 11.300632 1.37906
0.11492168 11.070789 1.2641385
-0.076614454 10.726024 0.91937345
-0.22984336 10.534488 0.88106626
-0.38307226 10.419566 0.8044518
-0.45968673 10.572795 0.9193735
-0.57460845 10.879253 1.1875241
-0.68953013 11.147404 1.4556746
-0.8044518 11.453861 1.8387469
-0.9576807 11.683704 2.2984338
-1.0342952 11.9135475 2.7581205
-0.9193735 12.220005 2.7581205
-0.6512229 12.411541 2.4516625
-0.038307227 12.564771 1.3024457
0.0 12.449849 1.1492168
-0.15322891 12.449849 1.5322891
-0.26815057 12.5264635 1.6472107
-0.30645782 12.488156 1.7621325
-0.19153613 12.5264635 1.7621325
-0.15322891 12.5264635 1.5705963
-0.11492168 12.334927 1.4556745
-0.19153613 12.181698 1.532289
-0.38307226 11.990162 1.6472107
-0.49799395 11.760319 1.7621324
-0.49799395 11.722012 1.8387469
-0.45968673 11.798626 1.7238252
-0.4213795 11.760319 1.5705963
-0.4213795 11.760319 1.5705963
-0.45968676 11.645397 1.6472107
-0.5363012 11.492168 1.7238252
-0.61291564 11.453861 1.8004396
-0.6895301 11.33894 1.8770542
-0.84275895 11.3006315 1.838747
-0.9959879 11.147403 1.9153614
-1.1492168 11.032481 2.1452048
-1.3790601 10.955867 2.2601266
-1.5705963 10.879252 2.4133554
-1.7621325 10.994174 2.6048915
-1.9153614 11.032481 2.719813
-1.9536686 11.109096 2.7964275
-2.0685902 11.147403 2.681506
-2.1068974 10.994174 2.4899697
-2.1835117 10.840945 2.0685902
-2.3367407 10.649409 1.7621325
-2.4133554 10.534488 1.8004397
-2.681506 10.419566 1.8387469
-3.2561145 10.0748005 2.2984335
-3.6008792 9.576807 2.3367407
-3.8307228 9.117121 2.2984335
-4.098873 8.887277 2.183512
-4.060566 8.734048 2.1452048
-3.9839516 9.002198 2.1452048
-3.7541084 9.385271 2.2984335
-3.371036 9.730036 2.4899697
-3.217807 10.266336 2.2984335
-3.064578 10.611102 2.1452048
-3.1794999 10.611102 1.9153614
-3.4476504 10.228029 1.8770541
-3.7924154 9.500193 2.183512
-4.060566 8.6574335 2.4516625
-3.9839516 8.082825 2.4516625
-3.6391866 7.967903 2.2984335
-2.987964 8.236053 2.1452048
-2.183512 8.772355 1.9919759
-1.4556746 9.615114 2.030283
-0.9576807 10.151416 2.0685902
-0.49799395 10.534488 2.1068974
-0.22984336 10.6877165 1.9536686
-0.22984336 10.381259 1.6855179
-0.19153613 9.998186 1.532289
-0.5363012 9.155427 1.5322891
-0.6512229 9.078813 1.8004397
-0.8810662 9.232042 1.9919758
-1.1492168 9.615114 2.1068974
-1.1875241 9.844957 2.1452048
-1.1492168 9.959879 2.4516625
-0.9576807 9.883265 2.6048915
-0.68953 9.576807 2.528277
-0.49799395 9.385271 2.719813
-0.22984336 9.2703495 2.834735
-0.038307227 9.346964 2.873042
0.22984335 9.500193 2.9496565
0.42137948 9.5385 2.528277
0.49799395 9.423578 1.8770541
0.5363012 9.270349 1.4556746
0.49799395 9.155427 1.2641385
0.6895301 9.308656 1.8004396
0.8810662 9.653421 2.681506
1.0726024 9.844957 3.677494
1.1492168 9.844957 4.367024
0.9193734 9.5385 4.4436383
0.7661445 8.925584 3.9073372
0.7278373 8.465897 2.911349
0.91937345 8.312668 2.1068976
1.4173675 8.542512 1.6089036
1.9919758 9.232042 1.5705962
2.7581203 10.266337 1.8770541
3.3327289 11.032481 2.2984338
3.5242648 11.377247 2.566584
3.217807 10.994174 2.4133554
2.0685902 9.270349 1.9153613
1.7621325 8.6574335 1.8770541
1.8770541 8.619126 2.0685902
2.183512 8.84897 2.336741
2.4516625 9.232042 2.566584
2.719813 9.576807 2.566584
2.834735 9.730036 2.4133554
2.7964277 9.768343 2.1452048
2.6431985 9.5385 2.030283
2.336741 9.155428 1.9536686
2.1068974 8.84897 2.0685902
1.9919758 8.6574335 2.2218192
2.1068974 8.734048 2.2601264
2.4899697 9.270349 2.4133554
2.7964275 9.80665 2.6048913
2.9113493 10.0748005 2.6815057
2.6431985 10.113108 2.6431985
2.1452045 9.730036 2.7581203
1.6472107 9.2703495 2.9879637
1.3407528 9.002198 3.371036
1.3790603 8.848969 3.562572
1.685518 9.002198 3.4093432
2.2218192 9.346964 3.1028855
2.719813 9.730036 2.6431987
2.9113493 9.921572 2.3750482
2.8347347 9.844957 2.2984335
2.528277 9.576807 2.4133554
2.1068974 9.11712 2.681506
1.8770541 8.772355 3.0262709
1.8387469 8.580818 3.1028852
1.9919759 8.619125 3.0262709
2.2984338 8.96389 2.7964275
2.5282772 9.346964 2.4516625
2.6048915 9.615114 2.2218192
2.4899697 9.768343 1.9153614
2.4516625 9.883265 1.9153614
2.4133554 10.036493 2.183512
2.336741 10.0748005 2.528277
2.2218194 9.959879 2.911349
1.8770542 9.653421 3.1411924
1.532289 9.346964 3.0262709
1.3407528 9.2703495 2.9496565
1.4173675 9.461885 2.873042
1.7238252 9.959879 2.9496565
2.0685902 10.572795 3.2178073
2.2984338 11.032481 3.562572
2.2984338 11.415554 3.7924156
2.1452048 11.568783 3.6774938
1.9153614 11.60709 3.4093432
1.8004397 11.722012 2.987964
1.8004397 11.836933 2.681506
1.9153614 12.066776 2.719813
2.2218192 12.5264635 3.0645783
2.4133554 13.062764 3.6008794
2.4516625 13.407529 4.252102
2.3750482 13.560758 4.711789
2.1452048 13.407529 4.9416323
1.9536686 13.177686 5.1714754
1.8004396 13.101071 5.477934
1.6855179 13.1393795 5.9759274
1.6472107 13.215994 6.473922
1.6472107 13.330915 6.8186865
1.7621324 13.177687 6.7803793
1.8004396 12.832921 6.435614
1.685518 12.334928 5.861006
1.532289 11.798626 5.0182467
1.3790603 11.530476 4.4819455
1.340753 11.492168 4.252102
1.4173673 11.60709 4.5202527
1.532289 11.645397 5.133168
1.6472107 11.568783 5.7077765
1.7621324 11.262325 6.0525417
1.8770541 11.032482 5.93762
1.9536686 10.764331 5.554548
1.8770541 10.496181 4.903325
1.685518 10.342951 4.213795
1.532289 10.0748005 3.715801
1.3407528 9.921572 3.4859576
1.2641385 9.844957 3.5242648
1.2641385 9.730036 3.715801
1.2258313 9.5385 3.6774938
1.1875241 9.346964 3.4859576
0.9576807 9.040506 3.217807
0.68953013 8.772355 3.1028852
0.42137948 8.542511 3.4093432
0.22984335 8.312668 3.7158008
0.34476504 8.236053 3.9839516
0.49799395 8.197746 3.8690298
0.6512228 8.197746 3.3710358
0.6895301 8.121132 2.8347347
0.53630114 7.967903 2.221819
0.38307226 7.8146744 1.9919758
0.15322891 7.699753 2.1452048
0.15322891 7.699753 2.4516625
0.19153613 7.699753 2.6048915
0.26815057 7.776367 2.6431987
0.34476507 7.8146744 2.4133554
0.5746084 7.967903 2.1068974
0.7278373 8.236053 1.9536686
0.7661446 8.389282 2.030283
0.7278373 8.427589 2.528277
0.49799395 8.274361 3.1028852
0.30645782 7.967903 3.3710358
0.19153613 7.8146744 3.4093432
0.3064578 7.8529816 3.0262709
0.5363012 7.967903 2.2984335
0.8810662 8.159439 1.6089035
1.2258313 8.312668 0.9576807
1.2641385 8.350975 0.7661446
1.1109096 8.389282 1.1492168
0.7661446 8.274361 1.7621324
0.38307226 7.967903 2.2984338
0.038307227 7.699753 2.2984338
-0.22984338 7.393295 1.9153614
-0.3830723 7.240066 1.3024458
-0.34476504 7.2783732 0.842759
-0.11492168 7.4699097 0.5746084
0.19153613 7.776367 0.5746084
0.38307226 7.929596 0.842759
0.38307226 7.8912888 1.0342951
0.30645782 7.6614456 1.2258313
0.30645782 7.469909 1.340753
0.34476504 7.3166804 1.2641385
0.4213795 7.240066 1.1492169
0.49799395 7.240066 1.0726023
0.45968673 7.431602 0.99598795
0.4213795 7.73806 0.88106626
0.4213795 8.0445175 0.99598783
0.34476507 8.274361 1.1109095
0.15322891 8.159439 1.2641385
-0.076614454 7.8912888 1.532289
-0.30645782 7.6614456 1.685518
-0.38307226 7.584831 1.8770542
-0.2681506 7.699753 1.9919758
0.0 7.8912888 2.030283
0.30645782 8.082825 1.7238252
0.53630114 8.312668 1.340753
0.61291564 8.465897 0.842759
0.49799395 8.734047 0.6512228
0.15322891 8.963891 0.9576807
-0.22984335 8.925584 1.3407528
-0.45968673 8.734048 1.8387468
-0.4213795 8.504204 2.183512
-0.076614454 8.427589 2.336741
0.34476504 8.734048 2.4133554
0.6512229 9.308657 2.4133554
0.91937345 9.653421 2.3750482
0.95768064 9.959879 2.2601266
0.7278373 9.921572 2.336741
0.45968673 9.844957 2.3750482

