0.11492168 9.959879 2.0685902
-0.11492168 9.959879 1.8004396
-0.15322891 9.959879 1.4556746
-0.15322891 9.730036 1.3407531
-0.076614454 9.5385 1.685518
0.45968673 9.576807 1.9919759
0.84275895 9.615114 2.2218192
1.0726023 9.615114 2.4516625
1.3024457 9.576807 2.6048915
1.2641385 9.5385 2.5665843
1.9536685 9.80665 2.1452048
2.336741 9.844957 1.9536686
2.528277 9.921572 1.9153614
2.6048913 9.998186 1.9919758
2.6431987 9.998186 2.1068974
2.5282772 9.959879 2.2984338
2.336741 9.80665 2.2601266
2.183512 9.500193 2.2218192
2.0685902 9.346964 2.0685902
2.1068976 9.308657 1.9153614
2.3367407 9.423578 1.9153614
2.566584 9.615114 1.9153614
2.8347347 9.768343 1.8770542
2.9496565 9.883265 1.7621324
2.9496565 9.959879 1.6089036
2.7964275 9.959879 1.4556746
2.566584 9.844957 1.3790601
2.4516623 9.768343 1.3790601
2.3367407 9.576807 1.4173675
2.3367407 9.500193 1.5322891
2.4133554 9.576807 1.5705963
2.4899697 9.576807 1.5705963
2.6431987 9.615114 1.4173673
2.834735 9.691729 1.1109096
2.9879637 9.691729 0.91937345
3.064578 9.691729 0.6895301
3.0262709 9.653421 0.53630114
2.8730419 9.576807 0.5746084
2.6431985 9.5385 0.61291564
2.4133554 9.500193 0.80445176
2.2601264 9.576807 1.0342951
2.1068976 9.691729 1.2258313
1.9919759 9.615114 1.2258313
1.8770542 9.500193 1.1875241
1.7238252 9.308657 1.1109096
1.5322891 9.040506 0.8810662
1.4556746 8.925584 0.6129156
1.4556746 8.963891 0.22984338
1.532289 9.232041 0.038307227
1.6855179 9.691729 0.07661445
1.5705962 10.074801 0.5363012
1.2641385 10.266337 1.0726023
0.8810662 10.22803 1.6089036
0.45968673 9.998186 1.9536686
0.114921674 9.768343 1.9919758
-0.11492168 9.461885 2.1452048
-0.30645782 9.308657 2.0685902
-0.61291564 9.11712 1.8770541
-0.6512228 9.38527 1.8770541
-0.6512228 9.691728 1.9919759
-0.45968673 9.883265 2.183512
-0.30645782 10.0748005 1.9919758
-0.30645782 10.0748005 1.532289
-0.38307226 9.921572 1.0726024
-0.5363012 9.730036 0.7661445
-0.7661445 9.38527 0.6895301
-0.9959879 9.040505 0.91937345
-1.1492168 8.657433 1.2258313
-1.1875241 8.619125 1.3407528
-0.91937345 8.96389 1.4556746
-0.34476504 9.308657 1.3790603
0.22984338 9.768343 0.95768064
0.57460845 10.036493 0.38307226
0.6512229 9.998186 -0.30645782
0.4213795 9.80665 -0.95768064
0.076614454 9.461885 -1.2258313
-0.15322891 9.193735 -1.1875241
-0.22984336 9.155428 -0.842759
-0.11492168 9.423578 -0.2681506
0.19153611 9.921572 0.3064578
0.38307226 10.381258 1.0342951
0.30645782 10.611102 1.7238252
0.076614454 10.496181 2.1452048
-0.4596867 10.151416 2.5282772
-0.95768064 9.844957 2.7964277
-1.3024457 9.576807 3.0262709
-1.532289 9.385271 3.371036
-1.4939818 9.346964 3.1794996
-1.3790603 9.2703495 2.6815057
-1.2258313 9.308657 2.1835117
-1.0342951 9.653421 1.7621325
-1.0342951 10.036493 2.030283
-1.1875241 10.342951 2.528277
-1.4939818 10.381258 2.7964277
-1.877054 10.189722 2.6431987
-2.183512 9.844957 2.030283
-2.4133554 9.461885 1.3790603
-2.4133554 9.232041 1.0726024
-2.3750482 9.078813 0.9193735
-2.3367407 9.155427 0.9576807
-2.183512 9.423578 1.0342951
-2.183512 9.844957 1.1109096
-2.2984335 10.304644 1.4173675
-2.4516625 10.457872 1.8770542
-2.719813 10.457872 2.3750482
-2.9113493 10.381258 2.528277
-3.0262709 10.113108 2.528277
-3.0262709 9.844957 2.1452048
-2.8730419 9.691729 1.6472108
-2.7198129 9.576807 1.5322891
-2.4133554 9.615114 1.6089035
-2.183512 9.844957 2.030283
-2.1452045 10.036493 2.8730419
-2.260126 9.998186 3.0262709
-2.336741 9.921572 2.911349
-2.336741 9.80665 2.719813
-2.2601264 9.80665 2.2984338
-2.2601264 9.5385 1.8387469
-2.2218192 9.385271 1.6855179
-2.2601264 9.193735 1.7621324
-2.2984335 9.078814 2.2984335
-2.3750482 9.232042 2.9496565
-2.528277 9.2703495 3.4859576
-2.566584 9.2703495 3.7158012
-2.6048913 9.11712 3.4476507
-2.4899697 9.002198 2.873042
-2.2601266 8.848969 2.0685904
-1.9919758 8.848969 1.2641385
-1.685518 9.002199 0.8810662
-1.4556746 9.078814 0.842759
-1.37906 9.040506 1.3407528
-1.4556746 8.810662 2.2218192
-1.6472107 8.465897 2.9496565
-1.8770541 8.00621 3.371036
-1.9919758 7.776367 3.217807
-1.9153613 7.508217 2.6431985
-1.7621324 7.316681 1.8387468
-1.4556746 7.240066 1.0726023
-1.0342951 7.163451 0.6512228
-0.6895301 7.201759 0.4213795
-0.38307226 7.163451 0.22984336
-0.30645782 7.086837 0.22984336
-0.5363012 6.8186865 0.19153613
-0.80445176 6.4356146 0.15322891
-1.1492168 6.0908494 0.19153613
-1.3407528 5.899313 0.19153613
-1.3790601 5.8226986 0.038307227
-1.340753 6.0525417 -0.076614454
-1.1492169 6.320692 -0.038307227
-1.1492169 6.473921 0.11492168
-1.2641385 6.5888433 0.26815057
-1.4939818 6.4356146 0.38307226
-1.7238252 6.205771 0.49799395
-1.7238252 6.0142345 0.49799395
-1.4556746 5.9759274 0.4596867
-1.1109095 6.129156 0.53630114
-0.76614445 6.62715 0.45968673
-0.4213795 7.163451 0.3830723
-0.19153613 7.623138 0.45968673
-0.038307227 8.00621 0.2681506
0.038307227 7.967903 0.11492168
-0.038307227 7.73806 0.0
-0.038307227 7.73806 0.19153613
-0.076614454 7.929596 0.45968673
-0.038307227 8.350975 0.7278373
0.038307227 8.887277 0.9576807
0.076614454 9.193735 1.1109096
0.15322891 9.385271 1.1109096
0.22984335 9.346964 0.9576807
0.26815057 9.2703495 0.8044518
0.38307226 9.461885 0.8810662
0.5746084 9.844957 1.0342951
0.8810662 10.457873 1.1492168
1.1492168 11.070788 1.3024457
1.3024457 11.530476 1.4173673
1.3024457 11.836933 1.4939818
1.0726023 11.951855 1.8004397
0.8044518 11.9135475 2.030283
0.57460845 11.798626 1.9153614
0.3830723 11.722012 1.7238252
0.34476504 11.645397 1.4173675
0.34476504 11.683704 0.9959879
0.34476504 11.836933 0.842759
0.34476504 11.87524 0.842759
0.076614454 12.028469 1.0726024
-0.30645785 12.105083 1.532289
-0.7661445 12.143391 1.8387468
-1.1875241 12.105083 1.9919758
-1.4173673 11.951855 1.7238252
-1.4556745 11.798626 1.3024457
-1.340753 11.645397 1.0342951
-1.1875241 11.683704 0.8810662
-1.0342952 11.760319 0.9193734
-0.9193735 11.9135475 1.1492168
-0.842759 12.028469 1.3024457
-0.7278373 12.066776 1.4173673
-0.6895301 12.028469 1.5322891
-0.6895301 11.87524 1.5322891
-0.7278373 11.722012 1.6089035
-0.8810662 11.568783 1.685518
-0.9576807 11.453861 1.8387469
-1.0342952 11.33894 1.9153614
-1.0726024 11.300632 1.8004397
-0.9576807 11.33894 1.7238252
-0.842759 11.33894 1.7238252
-0.8810662 11.262325 1.8004396
-1.2641385 10.64941 2.1068974
-1.532289 10.304644 2.183512
-1.532289 10.036493 2.1068974
-1.4173675 10.0748005 1.9536686
-1.2258313 10.381259 1.532289
-1.0342952 10.764331 1.187524
-0.9959879 11.224018 1.1109096
-1.1492168 11.492168 1.3790601
-1.4173675 11.568783 2.0685902
-1.8004396 11.492168 2.719813
-2.2984335 11.18571 3.4476502
-2.2601264 11.262324 3.2944214
-2.0685902 11.377247 2.9113495
-1.8770542 11.453861 2.6431987
-1.7621325 11.568783 2.3750482
-1.8004397 11.492168 2.4133554
-1.8387469 11.377247 2.4899697
-1.8770541 11.18571 2.4516625
-1.8770541 10.994174 2.4516625
-1.8387469 10.840945 2.4133554
-1.9536686 10.6877165 2.4516625
-2.1068976 10.534488 2.336741
-2.2984338 10.304644 2.2218192
-2.48997 9.998186 1.9536686
-2.6048915 9.80665 1.8004397
-2.6431987 9.768343 1.9153614
-2.6431987 9.844957 2.030283
-2.6431987 10.0748005 2.1068976
-2.6815062 10.189722 2.030283
-2.834735 10.151415 1.7238252
-3.0645783 9.883265 1.5705963
-3.3327289 9.38527 1.6472108
-3.562572 8.925584 1.7238252
-3.4859576 8.695741 1.9919758
-2.834735 9.155428 2.1452045
-2.2984338 9.5385 1.9153614
-1.838747 9.883265 1.340753
-1.4939818 10.189722 0.7278373
-1.2258313 10.151415 0.19153613
-1.0726024 10.036493 0.15322891
-1.2258313 9.80665 0.72783726
-1.7621324 9.308657 1.1492169
-2.528277 8.772355 1.6089036
-3.2561142 8.159439 1.838747
-3.8307226 7.584831 1.6472108
-3.86903 7.125144 1.685518
-3.5625722 7.163451 1.9536686
-3.0645783 7.584831 2.2218192
-2.4133554 8.312669 2.1452048
-1.8387469 9.423578 1.9153614
-1.3790601 10.266337 1.4556746
-1.3024457 10.726024 1.0726024
-1.532289 10.802638 1.340753
-1.9536686 10.304644 1.8770541
-2.4899697 9.730035 2.3750482
-2.9496565 9.232041 2.7581203
-3.1794999 8.772355 2.8347347
-3.2561142 8.619126 2.566584
-3.1028855 8.6574335 2.4516625
-2.834735 8.810662 2.7964277
-2.528277 9.193734 3.4093432
-2.2218192 9.5385 4.060566
-1.9919758 9.768343 4.6351748
-1.6472108 9.998186 4.5585604
-1.3024457 9.998186 4.098873
-1.0342951 9.883265 3.6774938
-0.842759 9.653421 3.1411927
-0.842759 9.308657 2.873042
-0.8810662 9.040505 2.987964
-0.7661446 9.193734 3.4093432
-0.2681506 9.653421 4.060566
0.4213795 10.266336 4.3287168
1.1109096 10.764331 4.0222588
1.6089035 10.955867 3.064578
1.685518 10.687716 2.030283
1.493982 10.266336 1.5705962
1.1492168 9.998186 1.4173675
0.842759 9.730036 1.7621324
0.6512228 9.653421 2.030283
0.5363012 9.691729 1.9919758
0.68953013 9.615114 1.685518
1.0342951 9.80665 1.1109096
1.8004397 10.457873 0.4213795
1.8770541 10.764331 0.34476504
1.7238252 10.572795 0.6512228
1.4173675 10.189722 1.0726023
1.1109096 9.768343 1.6472108
0.84275895 9.500193 2.4516625
0.53630114 9.346963 2.9879637
0.19153613 9.040505 3.0262709
-0.22984335 8.542512 2.6048913
-0.45968673 8.00621 2.030283
-0.53630114 7.5848308 1.685518
-0.30645782 7.661445 1.9153614
0.19153613 8.236053 2.7581203
0.6895301 9.078813 3.9456444
1.2258313 9.844957 4.8267107
1.4939818 10.189722 4.7500963
1.3790601 9.883265 3.8307226
1.0726024 9.040506 2.528277
0.49799392 7.8146744 0.842759
0.57460845 7.73806 0.842759
1.0342952 8.197746 1.2641385
1.8004397 9.308657 2.3367407
2.4516625 10.342951 3.2944214
2.6431987 10.840945 3.86903
2.3750482 10.6877165 3.6774938
1.8387468 9.768343 2.9496565
1.4939818 8.925584 2.2984335
1.6089036 8.695741 2.0685902
1.9536686 8.772355 2.3367407
2.183512 9.040505 2.4516623
2.375048 9.730036 2.6815057
2.566584 10.381258 2.6815057
2.8347347 10.879253 2.6815057
2.8730419 11.070789 2.413355
2.6048913 10.76433 1.9536685
2.183512 10.151415 1.6472107
1.7238252 9.576807 1.5705963
1.4939818 9.270349 1.8004396
1.340753 9.11712 1.9919758
1.2641386 9.232041 2.183512
1.2641386 9.615114 2.4133554
1.4173675 10.22803 2.681506
1.6089035 10.764331 2.9496565
1.685518 10.955868 2.9496565
1.6089035 10.840946 2.834735
1.3024457 10.496181 2.4899697
1.0342951 10.151415 2.1835117
0.80445176 10.036493 2.1068974
0.61291564 10.113108 2.030283
0.61291564 10.266337 2.3367407
0.6512228 10.534488 2.719813
0.6895301 10.6877165 3.217807
0.91937345 10.726024 3.562572
1.3024457 10.91756 3.5242648
1.8387468 11.300632 3.5625722
2.2984335 11.836933 3.6391866
2.528277 12.143392 3.9839516
2.1452048 11.951856 4.252102
1.5322893 11.453861 4.4819455
1.1109096 11.070788 4.6351748
0.91937345 10.994174 4.367024
1.1875241 11.338939 4.175488
1.5322891 11.60709 3.8307228
1.7621325 11.60709 3.3327289
1.838747 11.60709 3.1411924
1.838747 11.530476 3.1794996
1.7238252 11.568783 3.4476504
1.5705963 11.530476 3.9456444
1.3024458 11.453861 4.2521024
0.91937345 11.377247 4.5585604
0.6512229 11.33894 4.673482
0.49799395 11.377247 4.5968676
0.5746084 11.377247 4.443639
0.91937345 11.377247 4.175488
1.2258313 11.415554 4.0222588
1.3790603 11.60709 4.0222588
1.340753 11.9135475 4.3670235
1.1109096 12.066776 4.903325
0.9576807 12.143391 5.3630114
0.9576807 12.066776 5.592855
1.1492169 11.760319 5.439626
1.4939818 11.415554 4.865018
1.8004396 11.147404 4.2521024
1.9919758 10.994174 3.7924156
2.1452045 10.994174 3.562572
2.1068974 11.18571 3.7158008
1.9153614 11.18571 3.7924156
1.6089035 10.764331 3.7541082
1.4556746 10.266336 3.5242648
1.3790601 10.0748005 3.4476502
1.3024458 9.921572 3.562572
1.1109096 9.883265 3.715801
0.9193735 9.768343 3.9073372
0.8044517 9.346964 3.86903
0.9576807 9.040505 3.6008792
1.187524 8.887277 3.1411927
1.3790601 8.963892 2.5665843
1.4556748 9.078814 2.183512
1.3024458 9.078814 1.8770542
1.2258313 9.078814 1.9536686
1.2641385 9.002198 2.2984335
1.2641385 8.887277 2.681506
1.3024458 8.887277 3.0262709
1.3024458 8.810662 3.1794999
1.3407531 8.734048 2.9879637
1.532289 8.848969 2.528277
1.7238252 8.848969 1.877054
1.7621324 8.695741 1.1875241
1.532289 8.427589 0.91937345
1.2258313 8.159439 0.9576807
0.80445176 7.8912888 1.4556746
0.49799395 7.8529816 1.9153612
0.38307226 8.0445175 2.2601264
0.38307226 8.0445175 2.3750482
0.49799395 7.967903 2.0685904
0.49799395 7.73806 1.5322891
0.5363012 7.508217 0.9193735
0.5363012 7.393295 0.57460845
0.45968676 7.4699097 0.68953013
0.3830723 7.6231384 1.2258313
0.2681506 7.584831 1.838747
0.30645782 7.4699097 1.9153614
0.45968673 7.240066 1.6472108
0.6512228 7.086837 1.0342952
0.8044517 7.0485296 0.49799398
0.7661445 7.0102224 0.6129156
0.57460845 7.0102224 0.91937345
0.4213795 6.8186865 1.340753
0.22984338 6.6654572 1.6472108
0.038307227 6.62715 1.685518
-0.038307227 6.588843 1.4556746
-0.11492168 6.7420716 1.0342951
-0.15322891 6.7420716 0.5363012
-0.26815057 6.6654572 0.038307227
-0.5746084 6.5505357 0.076614454
-0.7278373 6.6271505 0.49799395
-0.842759 6.8186865 0.8810662
-0.9193735 6.9719152 1.1109096
-0.9193735 7.2017584 1.1875241
-0.6512229 7.5465236 1.0726024
-0.11492168 7.929596 0.88106626
0.45968676 8.389282 0.80445176
0.8427591 8.848969 0.8810662
0.8044518 9.117121 0.9959879
0.49799395 9.078814 1.3024458
0.15322891 8.963892 1.4556746
-0.19153613 9.002199 1.4556746
-0.03830722 9.040506 1.6089035
-0.03830722 9.346964 1.3407528

