-0.076614454 9.576807 0.9959879
0.0 9.691729 0.9959879
-0.038307227 9.959879 1.0726023
0.22984336 10.0748005 1.685518
0.6512228 10.266336 2.413355
0.9576807 10.381259 2.911349
1.0726024 10.304644 3.064578
1.0342951 10.151415 2.7964275
0.842759 9.653421 1.8770541
1.4556746 9.691729 1.685518
2.1452045 9.730036 1.9536686
2.681506 9.768343 1.9536686
2.987964 9.615114 1.8770542
2.7964277 9.461885 2.0685902
2.5665843 9.346964 1.9536686
2.48997 9.308657 1.8770542
2.6048915 9.423578 1.6089035
2.7964275 9.615114 1.3024457
2.9496565 9.883265 0.9959879
2.9879637 10.113108 0.7661445
2.834735 10.228029 0.91937345
2.6048913 10.266336 1.1875241
2.4516625 10.342951 1.532289
2.2218192 10.419565 1.7238252
1.9919758 10.496181 1.4939818
1.8387469 10.457873 1.1875241
1.685518 10.342952 1.0342951
1.6089035 10.228029 0.88106626
1.6089035 10.151415 1.0342952
1.4556746 10.036493 1.1875241
1.2258313 9.883265 1.0726024
0.91937345 9.691729 0.8810662
0.61291564 9.576807 0.49799398
0.4596867 9.576807 0.076614454
0.4596867 9.5385 -0.3064578
0.6512229 9.576807 -0.5363012
0.7278373 9.576807 -0.6512228
0.7661445 9.691729 -0.53630114
0.7278373 9.80665 -0.2681506
0.53630114 9.844957 -0.076614454
0.4596867 9.691729 0.11492168
0.38307226 9.346964 0.076614454
0.26815057 9.040505 -0.11492168
0.22984336 8.887277 -0.34476504
0.22984336 8.887277 -0.5746084
0.26815057 9.040505 -0.6895301
0.4213795 9.38527 -0.5746084
0.6512229 9.615114 -0.34476504
0.842759 9.80665 0.076614454
0.8044517 9.921572 0.4596867
0.49799398 9.768343 0.7661446
0.03830725 9.500193 0.842759
-0.42137948 9.308656 0.80445176
-0.61291564 9.308656 0.80445176
-0.42137948 9.538499 1.0726024
0.07661447 10.0748005 1.3790603
0.61291564 10.764331 1.4556746
1.0726024 11.415553 1.532289
1.1109096 11.760319 1.4173675
0.5746084 11.530475 1.3024457
-0.22984336 10.726023 1.2258313
-1.2641385 9.768343 0.7661446
-2.1452048 8.810662 0.11492169
-2.7581205 8.197746 -0.5363012
-3.1028855 8.082825 -1.1109096
-3.1411927 8.121132 -1.3790601
-2.9496562 8.465897 -1.4939818
-2.4899697 9.040505 -1.3790601
-1.3790601 10.381258 -0.5363012
-0.9959879 10.840945 -0.11492168
-0.9193734 11.032482 0.11492168
-1.1109096 10.994175 0.19153613
-1.532289 10.649409 0.2681506
-1.9919758 10.381259 0.42137948
-2.4133554 10.113108 0.7278373
-2.681506 9.80665 0.842759
-2.7581203 9.691729 0.842759
-2.719813 9.691729 0.842759
-2.4516625 9.691729 0.7661445
-2.183512 9.921572 0.80445176
-1.9919759 10.266336 0.8810662
-1.9153614 10.534488 1.1875241
-2.183512 10.764331 1.532289
-2.6431987 10.649408 1.8387469
-3.371036 10.304644 2.1068974
-4.1371803 9.500193 1.9153614
-4.596867 8.6574335 1.1109096
-4.5585604 7.508217 -1.0726023
-3.9456444 7.8529816 -2.2218192
-3.2561145 8.619126 -2.6431987
-2.5665843 9.5385 -2.5665843
-2.1068976 10.266337 -1.9919758
-2.1452048 10.419566 -1.2258313
-2.6431987 10.036493 -0.57460845
-3.4476504 9.423577 -0.11492168
-4.1754875 8.810662 0.076614454
-4.6351748 8.504204 0.3064578
-4.673482 8.389282 0.4596867
-4.405331 8.580818 0.6512228
-3.9839516 8.963891 0.9576807
-3.4859576 9.308656 1.2641385
-3.064578 9.615114 1.6472108
-2.7198129 9.653421 1.838747
-2.4516625 9.500193 1.5705965
-2.2984338 9.193735 1.1875241
-2.2984338 9.078814 0.6512229
-2.4516625 8.848969 0.15322891
-2.7964275 8.657433 0.0
-3.4476502 8.465897 0.34476507
-3.3710358 8.734047 1.0342951
-2.987964 9.117121 1.9536685
-2.4899697 9.5385 2.7198129
-2.030283 9.80665 3.1794996
-1.685518 9.768343 2.8730419
-1.493982 9.500193 1.9919758
-1.340753 9.232042 0.8044517
-1.1492169 8.887278 -0.11492169
-1.1109097 8.810662 -0.3830723
-1.0726024 8.772355 -0.15322891
-1.2258313 8.619125 0.5746084
-1.5705962 8.427589 1.2641385
-1.8004396 7.929596 1.7621324
-2.030283 7.584831 2.1068974
-1.9919758 7.354988 2.1452045
-1.7238252 7.086837 1.9153612
-1.1109096 6.895301 0.8810662
-0.8044518 6.6271505 0.19153616
-0.5363012 6.359 -0.3064578
-0.22984338 6.0908494 -0.61291564
-0.038307227 5.861006 -0.7661445
0.11492168 5.7843914 -0.72783726
0.22984335 5.861006 -0.61291564
0.22984335 5.93762 -0.45968673
0.22984335 6.090849 -0.22984335
0.11492168 6.205771 0.038307227
-0.038307227 6.3589997 0.15322891
-0.15322891 6.435614 0.19153613
-0.4213795 6.435614 0.076614454
-0.6512228 6.435614 -0.038307227
-0.95768064 6.512229 0.22984336
-0.91937345 6.7803793 0.57460845
-0.72783726 7.163451 0.842759
-0.49799392 7.6614456 0.99598795
-0.26815057 8.197746 0.842759
0.0 8.542511 0.6512229
0.15322891 8.734048 0.5363012
0.30645782 8.963891 0.5746084
0.3830723 9.193735 0.80445176
0.49799395 9.615114 1.1109095
0.61291564 10.113108 1.4556746
0.6895301 10.419565 1.5705962
0.7278373 10.534488 1.340753
0.7661445 10.419566 0.80445176
0.7278373 9.998187 0.038307205
0.6512228 9.730036 -0.6129157
0.6895301 9.653421 -0.68953013
0.7278373 9.730036 -0.45968676
0.91937345 10.113108 0.11492166
1.0726023 10.342951 0.80445176
0.9959879 10.304644 1.4173675
0.7278373 10.151415 1.7621325
0.22984338 9.998186 1.7238253
-0.19153613 9.883265 1.3790603
-0.34476504 9.921572 0.6512229
-0.34476504 9.959879 0.07661446
-0.22984335 9.959879 -0.22984335
-0.22984335 9.998186 0.1149217
-0.4213795 9.998186 0.80445176
-0.61291564 10.189722 1.532289
-0.7661445 10.49618 2.1452045
-0.80445176 10.8792515 2.030283
-0.7661445 11.224017 1.7238252
-0.7661445 11.415554 1.3024457
-0.84275895 11.377247 0.9959879
-0.91937345 11.300632 0.9959879
-1.0726024 11.109097 1.1109096
-1.1875241 10.955867 1.1875241
-1.1875241 10.91756 1.0342951
-1.1492169 10.6877165 0.7278373
-1.0342952 10.6877165 0.34476504
-0.842759 10.802638 0.2681506
-0.61291564 11.070789 0.2681506
-0.38307226 11.645397 0.6512228
-0.22984336 12.258312 1.1875241
-0.19153613 12.7179985 1.685518
-0.344765 12.909535 2.2601264
-0.5746084 12.832921 2.566584
-0.6895301 12.603078 2.6048913
-0.80445176 12.411541 2.566584
-0.7661445 12.334927 2.528277
-0.7661445 12.258312 2.4899697
-0.80445176 12.181698 2.4516625
-0.7661446 12.143391 2.3750482
-0.7661446 12.066776 2.2218192
-0.6512229 12.105083 2.1068974
-0.5363012 12.181698 2.1452045
-0.5746084 12.105083 2.1452045
-0.6512229 11.951855 2.183512
-0.842759 11.645397 2.3367407
-1.0342951 11.33894 2.3750482
-1.1492169 11.070789 2.4133554
-1.2258313 11.070789 2.4899697
-1.2258313 11.300632 2.528277
-1.2258313 11.683704 2.719813
-1.2641385 12.105083 2.911349
-1.3024457 12.296619 2.9879637
-1.4173675 12.143391 2.9113493
-1.5322891 11.377247 2.4516625
-1.6089035 10.994174 2.2601264
-1.6472107 10.879252 2.2601264
-1.685518 10.879252 2.2984338
-1.7238252 10.994174 2.3750482
-1.838747 11.147404 2.566584
-1.9919758 11.224018 2.6048913
-2.2601264 11.224018 2.7581203
-2.566584 11.109097 2.9113493
-2.7581203 10.955867 2.9113493
-2.834735 10.802638 2.681506
-2.9113493 10.572794 2.2984338
-3.0262709 10.304644 1.9153613
-3.2561142 9.921572 1.6089035
-3.6391866 9.5385 1.6855179
-3.9073372 9.232041 1.9536686
-3.9839516 9.232041 2.336741
-3.7924156 9.65342 2.6048915
-3.217807 10.572795 2.6048915
-3.064578 10.802638 2.2601264
-3.0262709 10.534488 2.030283
-3.1028855 10.228029 1.7621324
-3.1795 9.730036 1.6089035
-3.2561145 9.308657 1.4556748
-3.3327289 9.040505 1.340753
-3.2561145 8.810662 1.2258313
-3.0645783 8.810662 1.1109096
-2.7581203 8.887277 1.0726024
-2.336741 9.11712 1.0726024
-1.8004396 9.5385 1.0726024
-1.3407528 10.036494 1.2641385
-0.9959879 10.381259 1.4556746
-0.91937345 10.457873 1.6089036
-1.0726023 10.113108 1.8004396
-1.340753 9.38527 1.7238252
-1.6472108 8.542512 1.4939818
-1.9153613 7.8146744 1.340753
-2.030283 7.3549876 1.0726024
-1.9153613 7.431602 1.1109096
-1.6089035 7.776367 1.340753
-1.2258313 8.274361 1.6472107
-0.842759 8.772355 2.336741
-0.9193734 8.619125 2.4516625
-0.9193734 8.350975 2.2601266
-0.8044518 8.00621 1.8770541
-0.49799398 7.8912888 1.3790601
-0.038307227 8.00621 0.99598795
0.45968673 8.350976 1.1109096
0.88106626 9.002199 1.8004397
1.1109096 9.730036 3.1028855
1.0726024 10.228029 4.520253
0.8044517 10.266336 5.4779334
0.38307226 9.768343 5.363012
-7.4505806E-9 9.040505 4.405331
-0.30645782 8.389282 3.1028852
-0.4213795 7.8912888 1.8004397
-0.076614454 8.197746 1.4556746
0.49799398 8.810662 2.4133554
1.1492168 9.615114 3.8307228
1.5705963 10.304644 5.133168
1.8004397 10.611102 5.554548
1.6472107 10.381259 5.094861
1.1492169 9.730036 4.098873
0.7661445 8.963891 3.1794996
0.4213795 8.42759 2.9113493
0.26815057 8.312668 3.1794996
0.45968673 8.810662 3.7924156
0.8427591 9.615114 4.405331
1.3407531 10.036493 4.7884035
1.9919758 10.036493 4.1754875
2.0685902 9.615114 3.2944214
2.1068974 9.385271 2.4516625
2.1452045 9.2703495 1.8004396
2.2601264 9.423578 1.5705962
2.4133554 9.576807 1.7621324
2.5665843 9.844957 2.0685902
2.681506 10.151415 2.528277
2.681506 10.228029 2.9879637
2.566584 10.036493 3.0645783
2.375048 9.65342 2.834735
2.2984335 9.155427 2.4516625
2.4133554 8.963891 2.1452048
2.6048913 9.040505 2.030283
2.7964275 9.193735 2.0685902
2.834735 9.385271 2.2218192
2.7581203 9.5385 2.3367407
2.681506 9.615114 2.4899697
2.719813 9.959879 2.834735
2.873042 10.228029 3.1794996
2.873042 10.228029 3.1028852
2.7581205 10.036493 2.7581203
2.6048915 9.844957 2.4516625
2.5282772 9.768343 2.183512
2.4133554 9.730036 2.221819
2.4133554 9.730036 2.2601266
2.4133554 9.883265 2.4516625
2.3750482 9.883265 2.566584
2.1452045 9.768343 2.6431987
1.8004397 9.615114 2.719813
1.4173673 9.346964 2.7964277
1.1875241 9.155428 2.7581205
1.1109096 9.11712 2.834735
1.1875241 9.232041 2.9496565
1.3407528 9.500192 3.1028855
1.3024457 9.730036 3.2561142
1.1492168 9.844957 3.3327289
0.8810662 9.80665 3.4093432
0.57460845 9.653421 3.371036
0.38307226 9.576807 3.4093432
0.4213795 9.5385 3.4093432
0.61291564 9.691729 3.4476504
0.8810662 9.921572 3.371036
1.1875241 10.228029 3.2944217
1.2641385 10.572795 3.217807
1.2258313 10.879253 3.064578
1.0726024 11.032482 3.1028852
0.8044518 10.955868 3.1411924
0.57460845 10.840946 3.1794996
0.38307226 10.611102 3.1411924
0.19153613 10.496181 3.1411924
0.076614454 10.649409 3.1028852
0.076614454 10.91756 3.064578
0.22984335 11.185711 3.064578
0.49799395 11.568783 3.1028855
0.842759 11.836933 3.3327286
1.2258313 12.296619 3.6774936
1.532289 12.756308 4.1754875
1.7621324 12.986151 4.4819455
1.8770542 13.1393795 4.596867
1.7238252 12.909535 4.4436383
1.2641385 12.56477 4.1371803
0.7278373 12.143391 3.9456444
0.15322891 11.760319 3.7924156
-0.30645782 11.415554 3.8307228
-0.57460845 11.185711 4.098873
-0.6512228 11.262325 4.3287168
-0.4596867 11.377247 4.7884035
-0.038307205 11.645397 5.363012
0.45968673 11.951855 5.746084
0.7661446 12.028469 6.0525417
0.7661446 11.9135475 5.9759274
0.61291564 11.530476 5.4779334
0.344765 11.147404 4.7117887
0.19153613 10.802638 3.9073372
0.19153613 10.840945 3.4859576
0.19153613 10.955867 3.4859576
0.22984336 10.955867 3.9073372
0.344765 10.994174 4.4436383
0.5363012 10.840945 4.711789
0.7661445 10.649408 4.903325
1.0342951 10.457872 4.711789
1.1492169 10.304644 4.5202527
1.1109097 9.998186 4.290409
0.9193735 9.768343 3.8307226
0.7278373 9.615114 3.5242648
0.5746084 9.461885 3.2944214
0.49799395 9.346964 3.2944214
0.53630114 9.308657 3.4093432
0.45968673 9.155428 3.3327289
0.34476504 8.887277 3.1028852
0.22984335 8.580818 2.9879637
0.22984335 8.274361 2.9879637
0.30645782 8.121132 2.9496565
0.38307226 8.121132 3.1411927
0.45968673 8.197746 3.2178073
0.49799398 8.236053 3.3327289
0.49799398 8.197746 3.1795
0.5746084 8.197746 2.4516625
0.6895301 8.121132 1.7238253
0.6895301 7.929596 1.1109096
0.4213795 7.6614456 1.2641385
0.15322891 7.508217 1.8387468
0.4213795 7.8912888 2.2984335
0.72783726 8.236053 2.528277
1.0342952 8.542512 2.5665843
1.1875241 8.734048 2.3750482
0.68953013 8.465897 2.1452048
-0.11492168 7.967903 2.1452045
-0.19153613 8.0445175 2.3367407
-0.11492168 8.236053 2.2601264
0.0 8.389282 1.9536686
0.11492168 8.350975 1.3790603
0.19153613 8.159439 0.68953013
0.45968673 8.121132 0.07661446
1.1492168 8.274362 -0.22984336
1.3407528 8.312669 0.038307235
1.2258313 8.121132 0.49799395
0.9576807 8.00621 0.8810662
0.49799395 7.8529816 1.0342952
0.07661445 7.73806 0.99598795
-0.22984336 7.584831 1.0342952
-0.45968673 7.3549876 1.0342952
-0.45968673 7.240066 0.99598795
-0.19153613 7.3166804 0.842759
0.22984338 7.5465236 0.5746084
0.6512229 7.8146744 0.344765
0.8810662 8.159439 0.11492168
0.7661446 8.312668 0.19153613
0.45968673 8.389282 0.4213795
0.15322891 8.389282 0.8810662
-0.038307227 8.236053 1.5705963
0.0 8.197746 2.2601266
0.15322891 8.082825 2.7581205
0.26815057 8.121132 2.7581205
0.4596867 8.465897 2.2218192
0.49799395 8.6574335 1.340753
0.34476504 8.848969 0.49799398
0.11492168 8.925584 0.11492168
-0.15322888 8.6574335 0.34476504
-0.22984335 8.6574335 1.1109096
-0.038307227 8.887277 1.9153614
0.3830723 9.232041 2.3750482
0.80445176 9.576807 2.4516625
1.0342951 9.768343 1.9536686
1.0342951 9.768343 1.3024457
0.8044517 9.576807 0.7278373

