0.4213795 9.423578 0.19153613
0.076614454 9.193734 0.0
-0.15322891 9.040505 0.22984335
-0.26815057 9.002198 0.7278373
-0.34476507 9.002198 1.3790601
-0.34476507 9.040505 1.9153614
0.0 9.346964 2.3367407
0.61291564 9.500193 2.2601264
1.2258313 9.615114 2.3750482
1.9536686 9.80665 2.4516625
2.528277 9.921572 2.4133554
2.6048913 9.998186 2.528277
2.4133554 9.883265 2.4899697
2.2218194 9.653421 2.3750482
2.1068974 9.461885 2.2218192
2.1452048 9.270349 2.0685902
2.3750482 9.232041 1.7238252
2.5282772 9.308656 1.3790601
2.6431987 9.461885 1.0342952
2.6048913 9.653421 0.88106626
2.4899697 9.730036 1.0342951
2.3750482 9.730036 1.3407528
2.2218192 9.691729 1.685518
2.0685902 9.615114 1.8387469
1.9153614 9.5385 1.8004397
1.8770542 9.5385 1.4939818
1.8770542 9.500193 1.2258313
1.8770542 9.500193 0.8810662
1.8770542 9.500193 0.80445176
1.7621324 9.500193 0.9193735
1.6089035 9.500193 1.0342952
1.4939818 9.500193 1.2258313
1.4939818 9.691729 1.2258313
1.685518 10.036493 1.2258313
1.9536686 10.342951 1.1875241
2.183512 10.611102 1.1109096
2.2218192 10.6877165 0.9576807
1.9536686 10.381259 0.8810662
1.4939818 10.189722 1.1875241
0.95768064 9.959879 1.8004397
0.42137948 9.730036 2.566584
0.11492168 9.615114 3.2561145
0.0 9.385271 3.2561145
0.0 9.232041 2.7581203
0.11492168 9.11712 1.9536686
0.076614454 9.155427 1.0342951
-0.038307227 9.155427 0.5746084
-0.15322891 9.078813 0.49799395
-0.26815057 9.002198 0.6512228
-0.38307226 8.848969 0.9959879
-0.4596867 8.925584 1.2258313
-0.30645782 9.155428 1.2258313
-0.15322891 9.423578 1.1492168
0.076614454 9.615114 0.9959879
0.30645782 9.691729 0.7661445
0.2681506 9.653421 0.7661445
0.076614454 9.461885 0.7278373
-0.15322891 9.193735 0.7278373
-0.6129156 8.887278 0.7661445
-1.1492168 8.504205 0.80445176
-1.532289 8.350976 1.0726023
-1.685518 8.580819 1.2641385
-1.3790601 8.772355 1.3407528
-0.84275895 9.002198 1.0342951
-0.30645785 9.193734 0.57460845
0.038307227 9.270349 2.9802322E-8
0.19153613 9.346964 -0.38307226
0.19153613 9.461885 -0.38307226
0.15322891 9.653421 -0.19153613
0.076614454 9.80665 0.19153613
-0.076614454 10.036493 0.61291564
-0.22984336 10.381259 0.8810662
-0.30645782 10.649409 1.0342951
-0.34476504 10.840945 1.2258313
-0.30645782 10.91756 0.7661445
-0.22984335 10.802638 0.3064578
-0.26815057 10.649409 0.22984335
-0.38307226 10.266337 0.07661447
-0.88106626 9.844957 0.91937345
-1.7238252 9.500192 2.1452045
-2.6048913 9.078813 3.1028852
-3.371036 8.887277 4.098873
-3.6008792 8.772355 4.1754875
-3.2944214 8.6574335 3.6008794
-2.6431985 8.734048 2.566584
-1.9536686 8.963891 1.2641385
-1.3024457 9.346964 0.45968673
-0.80445176 9.844957 0.038307227
-0.57460845 10.304644 0.15322891
-0.4213795 10.572795 0.61291564
-0.49799395 10.726024 1.1875241
-0.8810662 10.572794 1.6089036
-1.3790601 10.0748005 1.6089036
-1.9919758 9.461885 1.1875241
-2.6048915 8.8489685 0.5363012
-2.873042 8.389282 -0.038307235
-3.0262709 8.274361 -0.45968673
-2.9113493 8.427589 -0.5363012
-2.6431987 8.772355 -0.3830723
-2.2984338 9.385271 0.22984335
-1.9153613 9.998186 1.0726024
-1.8387469 10.534488 1.7621324
-1.8387469 10.764331 2.2984335
-2.1452048 10.611101 2.1835117
-2.528277 10.228029 1.9153613
-2.7581203 9.768343 1.7238251
-2.9496565 9.423578 1.4173673
-2.9496565 9.308657 1.3024457
-2.719813 9.5385 1.3024457
-2.2984335 9.959879 1.4173673
-1.7621324 10.419565 1.6472107
-1.2641385 10.802638 1.8004396
-0.9959879 10.840945 1.6089036
-1.1109096 10.611102 1.1875241
-1.6472108 10.151415 0.842759
-2.4899697 9.500192 0.61291564
-3.4859576 8.848969 0.49799395
-4.4436383 8.159439 0.4213795
-5.1714754 7.776367 0.4213795
-5.592855 7.6231384 0.49799395
-5.592855 7.776367 0.8044517
-5.2097826 8.197746 1.340753
-4.55856 8.695741 1.6089035
-3.7541082 9.232042 1.6089035
-3.0262709 9.80665 1.6472108
-2.5665843 10.228029 1.3790603
-2.4516625 10.419565 1.1492169
-2.6431985 10.304644 1.1875241
-3.0262709 9.921572 1.2258313
-3.371036 9.461885 1.37906
-3.6008792 9.078814 1.4939818
-3.562572 8.887277 1.340753
-3.371036 8.695741 0.8810662
-3.1028855 8.734048 0.57460845
-2.528277 9.040506 0.7661445
-2.375048 9.385271 1.1109096
-2.2601264 9.653421 1.2258313
-2.183512 9.844957 1.2258313
-2.1452048 9.80665 0.9959879
-2.1452048 9.615114 0.68953013
-2.183512 9.193734 0.34476507
-2.3367407 8.8489685 -0.03830722
-2.4133554 8.465897 -0.114921674
-2.4133554 8.312668 0.19153613
-2.336741 8.350976 0.6895301
-2.1452045 8.236053 1.1875241
-1.9536686 8.236053 1.4939818
-1.685518 8.082825 1.4173673
-1.4173675 7.8912888 1.1492168
-1.1875241 7.8146744 0.91937345
-0.9576807 7.6614456 0.49799398
-0.7661445 7.776367 0.19153613
-0.49799395 7.967903 0.2681506
-0.114921674 8.236053 0.2681506
0.26815057 8.465897 0.4213795
0.5746084 8.389282 0.53630114
0.6512228 8.274361 0.34476504
0.61291564 8.0445175 0.15322891
0.49799395 7.776367 0.0
0.34476507 7.6231384 0.0
0.22984336 7.4316025 0.038307227
0.076614454 7.2783732 0.15322891
-0.076614454 7.163451 0.34476504
-0.19153613 7.163451 0.45968673
-0.344765 7.31668 0.8810662
-0.3064578 7.5082164 0.8810662
-0.22984335 7.6231384 0.68953013
-0.15322891 7.699753 0.4213795
-0.11492168 7.73806 0.2681506
-0.15322891 7.6231384 0.22984336
-0.30645782 7.508217 0.2681506
-0.49799395 7.3166804 0.4213795
-0.6895301 7.201759 0.45968673
-0.7661445 7.240066 0.6512228
-0.7661445 7.3549876 0.9959879
-0.7278373 7.4699097 1.0726023
-0.7278373 7.546524 0.9959879
-0.80445176 7.6231384 0.61291564
-0.80445176 7.584831 0.19153614
-0.7278373 7.6614456 0.076614454
-0.5363012 7.776367 0.114921674
-0.30645782 8.082825 0.61291564
-0.11492168 8.504205 1.2258313
0.038307227 8.963891 1.7238252
0.11492168 9.308657 1.9919758
0.15322891 9.385271 1.877054
0.15322891 9.461885 1.532289
0.3064578 9.500193 1.2258313
0.5746084 9.691729 0.9959879
0.8810662 10.036493 0.91937345
1.187524 10.342951 0.9576807
1.3024457 10.496181 1.1109096
1.187524 10.534488 1.4939818
0.9959879 10.342952 1.5705962
0.8044518 10.266337 1.4556746
0.6512229 10.266337 1.4173675
0.57460845 10.381259 1.4939818
0.6512228 10.611102 1.4556746
0.8044517 10.917561 1.340753
0.9576807 11.185711 1.1875241
0.9576807 11.262325 0.842759
0.68953013 11.300632 0.7661445
0.19153613 11.224017 0.9959879
-0.49799392 11.147403 1.4939818
-1.0726023 11.224017 2.1452048
-1.4173675 11.300632 2.7581203
-1.4556746 11.568783 3.064578
-1.1875241 11.9135475 2.9496565
-0.84275895 12.181698 2.5665843
-0.61291564 12.488155 2.1068976
-0.49799395 12.526463 1.7621324
-0.61291564 12.449848 1.5705962
-0.8044518 12.334927 1.7238252
-0.9959879 12.105083 1.9153612
-1.2258313 11.87524 2.2218192
-1.3790601 11.645397 2.2984335
-1.532289 11.415554 2.2984335
-1.532289 11.33894 2.2218192
-1.4556746 11.453861 2.030283
-1.3407528 11.683704 2.0685902
-1.0726023 11.951855 2.030283
-0.8810662 12.296619 2.1452048
-0.7661445 12.411541 2.2218192
-0.7661445 12.373234 2.4133554
-0.8810662 12.258312 2.4899697
-0.9576807 11.9135475 2.3750482
-1.0726024 11.722012 2.336741
-1.1492168 11.60709 2.2601264
-1.2258313 11.492168 2.3750482
-1.340753 11.492168 2.7198133
-1.3790601 11.645397 3.026271
-1.3790601 11.60709 2.9879637
-1.3024457 11.760319 2.7964275
-1.2641385 11.87524 2.566584
-1.340753 11.60709 2.183512
-1.4556746 11.415554 2.2601264
-1.8004397 11.032482 2.2984335
-2.1452048 10.457873 2.1068974
-2.336741 10.22803 2.030283
-2.4899697 10.151416 1.7621324
-2.4899697 10.189723 1.6472108
-2.4899697 10.342952 1.7621324
-2.6431985 10.342952 1.9919759
-2.9113493 10.151415 2.2984338
-3.1795 9.844957 2.48997
-3.4093432 9.615114 2.4133554
-3.4476504 9.461885 2.2984338
-3.2561145 9.461885 1.9536686
-3.0645783 9.576807 1.7238252
-2.834735 9.691729 1.6472108
-2.681506 9.768343 1.532289
-2.719813 9.768343 1.685518
-2.9496565 9.576807 1.7238252
-3.3327289 9.232042 1.685518
-3.7924154 8.772355 1.5705963
-4.1754875 8.274361 1.3790601
-4.3287163 8.197746 1.5705963
-4.1754875 8.504205 2.2218192
-3.9073372 9.193734 2.9879637
-3.3327286 10.381259 4.060566
-3.217807 10.381259 3.9073372
-3.1028852 10.074801 3.562572
-3.064578 9.500193 3.1411924
-2.9496565 9.078813 2.6048913
-2.719813 8.963891 2.1452045
-2.4133554 9.078813 1.9919758
-1.5705963 9.883265 2.2601264
-1.340753 10.228029 2.681506
-1.340753 10.151415 2.834735
-1.5705962 9.883265 2.7964275
-1.9536686 9.270349 2.7964275
-2.336741 8.465898 2.6431987
-2.6431987 7.8146744 2.6048915
-2.7198133 7.278373 2.834735
-2.5665843 7.163451 3.2944217
-2.1068976 7.584831 3.7924151
-1.3024458 8.42759 4.4436383
-0.2681506 9.653421 4.8267107
0.9193734 10.840945 4.596867
2.030283 11.683704 3.8307228
2.8730419 12.181699 2.528277
3.2561142 12.181699 1.0342951
3.1028852 11.568783 -0.42137954
2.4899697 10.457872 -1.0726024
1.6472108 9.193735 -0.5363012
0.11492172 8.236053 2.9879637
-0.53630114 8.6574335 4.8267107
-0.9576807 9.040506 5.24809
-1.2258313 8.887278 4.711789
-1.3790603 8.542512 3.2561142
-0.99598795 8.236053 1.0726024
-0.49799398 8.8489685 1.0726024
0.15322888 9.65342 1.685518
0.80445176 10.304644 2.566584
1.1875241 10.419565 2.9879637
1.3024458 10.0748005 2.873042
1.2258313 9.346963 2.3367407
1.1492168 8.772355 1.8770542
1.1492168 8.734048 1.8770542
1.1492168 9.002199 2.3367407
1.1875241 9.385271 2.8347347
1.2258313 9.615114 3.0645783
1.2641385 9.576807 2.911349
1.37906 9.346964 2.4516625
1.5705962 9.078813 2.0685902
1.7621324 8.848969 1.8004396
1.9536686 8.734048 1.7238252
2.1452048 8.734048 1.9153614
2.2601266 8.810662 2.1068974
2.221819 9.078813 2.336741
2.260126 9.193734 2.4899697
2.2984335 9.308657 2.6431985
2.3367407 9.461885 2.528277
2.4899697 9.461885 2.4516625
2.6048915 9.576807 2.4516625
2.5665843 9.615114 2.528277
2.3750482 9.500193 2.7964275
2.1452048 9.385271 3.1411927
1.8770542 9.270349 3.3327286
1.8770542 9.4618845 3.4476504
1.9919758 9.653421 3.4859576
2.0685902 9.653421 3.217807
1.9919758 9.615114 2.9879637
1.8004396 9.385271 2.7581203
1.7238252 9.423578 2.6431987
1.7621324 9.768343 2.719813
1.9153613 10.0748005 2.834735
1.9919758 10.304644 2.9496565
1.8770541 10.342951 3.064578
1.6472107 10.151415 3.1794999
1.3790601 10.113108 3.2561142
1.1492169 9.959879 3.4476504
1.0726024 9.844957 3.5625722
1.2258313 9.959879 3.4476504
1.532289 10.151415 3.2944217
1.7621324 10.419565 2.9496567
1.8387469 10.611102 2.643199
1.6472108 10.649409 2.528277
1.3790601 10.572795 2.4899697
1.1875241 10.496181 2.566584
0.99598795 10.381258 2.6431987
0.88106626 10.419565 2.7581203
0.7278373 10.419565 2.9496565
0.5363012 10.381258 2.9496565
0.3830723 10.457873 2.9879637
0.22984335 10.381258 2.9113493
0.19153613 10.419565 2.7964275
0.15322891 10.496181 2.681506
0.2681506 10.572795 2.681506
0.4596867 10.840946 2.719813
0.61291564 11.109097 2.8347347
0.7278373 11.415554 2.8347347
0.7278373 11.492168 2.7198129
0.68953 11.530476 2.6048913
0.68953 11.530476 2.3750482
0.8044517 11.645397 2.336741
0.95768064 11.9135475 2.2601264
1.0726023 12.028469 2.2218192
1.0726023 12.066776 2.1068974
1.0726023 11.9135475 2.1452048
0.9959879 11.836933 2.3750482
0.9576807 11.9135475 2.8730419
0.9193735 11.990162 3.5242646
0.8044518 12.028469 4.1754875
0.6512229 11.990162 4.6734815
0.4213795 11.798626 4.865018
0.26815057 11.722012 5.0182467
0.15322891 11.645397 5.133168
0.22984336 11.683704 5.209783
0.45968673 11.990162 5.1331687
0.7661445 12.143392 4.9416323
1.0726023 12.373235 4.673482
1.2641385 12.488156 4.6351748
1.3024458 12.411542 4.8267107
1.1492168 12.143391 5.171476
1.0342951 11.722012 5.4396267
0.91937345 11.262325 5.4396267
0.842759 10.649409 5.0948615
0.842759 10.457873 4.4436383
0.842759 10.457873 3.7924156
0.80445176 10.342951 3.371036
0.842759 10.342951 3.2944217
0.9959879 10.419565 3.6774936
1.1109095 10.611101 4.3287168
1.1109095 10.49618 4.55856
0.95768064 10.189722 4.55856
0.53630114 9.385271 4.3287168
-0.22984336 7.967903 3.6774938
-0.34476504 7.6614456 3.6774938
-0.19153613 7.73806 3.5625722
0.038307227 7.8912888 3.4859576
0.45968673 8.082825 3.4093432
0.7661446 8.197746 3.2944217
0.9576807 8.082825 3.371036
1.0726024 7.967903 3.4859576
0.6512228 7.584831 3.4476504
0.2681506 7.431602 3.3327289
-0.15322891 7.163451 3.1411924
-0.49799395 6.9336076 2.9496565
-0.61291564 6.818686 2.9496565
-0.38307226 6.8953004 2.9496565
0.19153613 7.278373 3.0645783
0.91937345 7.776367 2.9496565
1.4939818 8.082825 2.6048913
1.6089034 8.082825 2.183512
1.2641385 7.8146744 1.7238252
0.7278373 7.4699097 1.6089036
0.19153613 7.201759 1.8004396
-0.076614454 7.201759 2.1068976
-0.076614454 7.3166804 2.2218192
0.076614454 7.5082164 2.2601264
0.4213795 7.967903 2.183512
0.61291564 8.274361 1.9153614
0.57460845 8.274361 1.4939818
0.2681506 8.082825 0.91937345
-0.22984336 7.6231384 0.30645782
-0.53630114 7.3166804 -0.19153613
-0.61291564 7.3166804 -0.15322891
-0.4596867 7.5465236 0.038307227
-0.11492168 7.8529816 0.30645782
0.19153614 8.0445175 0.5363012
0.34476507 8.121132 0.4213795
0.30645785 8.0445175 0.49799395
0.15322891 7.8912888 0.6895301
-0.038307227 7.73806 1.0342951
-0.15322891 7.699753 1.4939818
-0.15322891 7.699753 1.7621324
-0.11492168 7.73806 1.7238252
0.038307227 7.8912888 1.5322891
0.30645782 8.0445175 1.1875241
0.5746084 8.236053 0.9959879
0.80445176 8.465897 0.9959879
0.88106626 8.542512 1.1492168
0.6895301 8.42759 1.3790601
0.49799395 8.274361 1.4173675
0.3064578 8.159439 1.4556746
0.15322891 8.159439 1.37906
0.2681506 8.465897 1.3024457
0.53630114 8.848969 1.4173673
0.5746084 8.887277 1.4556745
0.38307226 8.810662 1.8004397
0.15322891 8.734048 2.1452048
-0.038307227 8.772355 2.4133554
-0.15322891 8.772355 2.5282772
-0.15322891 8.734048 2.2984338
-0.11492168 8.695741 1.9153615
-0.076614454 8.848969 1.5322891
-0.038307227 9.155427 1.2258313
0.15322891 9.461885 1.1109096
0.038307227 9.576807 0.84275895
-0.22984338 9.615114 0.80445176

