-0.4213795 9.615114 0.9959879
-0.7661445 9.576807 1.2641386
-0.6895301 9.730036 1.685518
-0.42137948 9.691729 1.9153614
-0.22984335 9.691729 1.9919758
-0.076614454 9.730036 1.8770541
-0.038307227 9.730036 1.9153614
0.49799395 9.576807 1.7621324
1.0726023 9.461885 1.6089035
1.5705963 9.346964 1.8004397
2.030283 9.500193 1.8004397
2.030283 9.653421 2.1068974
1.9919758 9.80665 2.2601264
1.9153614 9.959879 2.3750482
1.9153614 9.883265 2.336741
1.9536686 9.768343 2.1452048
2.1068974 9.615114 1.9536687
2.2601266 9.500193 1.6855179
2.3750482 9.461885 1.4556746
2.4133554 9.5385 1.4173673
2.3367407 9.576807 1.5705962
2.3367407 9.576807 1.7238252
2.2984335 9.615114 1.8387469
2.2984335 9.576807 1.8387469
2.2984335 9.576807 1.6472108
2.1835117 9.576807 1.37906
2.0685902 9.461885 1.0726023
1.9153614 9.346964 0.8810662
1.8770542 9.385271 0.80445176
1.9153614 9.500193 0.7661445
2.030283 9.730036 0.8810662
2.183512 9.959879 0.842759
2.2218192 10.036493 0.6512229
2.0685902 9.959879 0.45968673
1.7621324 9.80665 0.22984335
1.3407528 9.576807 0.19153613
0.88106614 9.500193 0.34476504
0.6512229 9.385271 0.57460845
0.6512229 9.385271 0.91937345
0.84275895 9.653421 1.0342951
1.1109096 9.80665 1.1109096
1.2641386 10.113108 1.0726024
1.1875241 10.189722 0.8810662
0.9576807 10.0748005 0.8810662
0.6895301 9.844957 0.842759
0.38307226 9.5385 0.9959879
0.19153613 9.500193 1.340753
0.076614454 9.461885 1.6472108
-0.038307227 9.576807 1.9536686
-0.038307227 9.730036 2.030283
0.038307227 9.844957 1.7621324
0.076614454 9.844957 1.4556746
0.076614454 9.691729 1.3024458
-0.114921674 9.423578 1.3024458
-0.53630114 9.040505 1.4173673
-0.95768064 8.810662 1.4556746
-1.3024457 8.619126 1.3024458
-1.4939818 8.580819 0.9576807
-1.3790601 8.619126 0.6512229
-0.8810662 8.925584 0.45968673
0.0 9.653421 0.61291564
1.0342951 10.419565 0.9193734
1.8387469 11.109096 1.1875241
2.030283 11.300632 1.4556746
1.5705962 10.917561 1.2258313
0.7661446 10.228029 1.0342951
-0.07661446 9.5385 0.842759
-0.61291564 8.925584 0.68953
-0.88106626 8.542511 0.7661445
-0.8044518 8.389282 0.6512229
-0.38307226 8.619125 0.61291564
0.1532289 9.11712 0.5746084
0.842759 9.844957 0.61291564
1.4556746 10.6877165 0.9193734
1.8004396 11.070788 1.2641385
1.7621324 11.109097 1.6472108
1.3790601 10.802639 2.0685904
0.7661446 10.189722 2.183512
0.11492169 9.615114 2.030283
-0.26815057 9.117121 1.4939818
-0.38307226 8.772355 0.5746084
-0.2681506 8.734048 -0.114921674
0.07661444 9.002198 -0.4213795
0.49799392 9.576807 -0.19153613
0.8044517 10.22803 0.4213795
1.0342951 10.840945 0.9959879
1.0726024 11.185711 1.2641385
0.9959879 11.185711 1.2641385
0.80445176 10.955868 0.9959879
0.4596867 10.457872 0.61291564
-0.07661444 9.80665 0.11492168
-0.7278373 9.193735 -0.22984335
-1.1875241 8.810662 -0.26815057
-1.4556745 8.6574335 -0.076614454
-1.3790601 8.810662 0.4213795
-1.1109096 9.2703495 0.80445176
-0.842759 9.730036 1.0726024
-0.61291564 10.228029 1.0726024
-0.45968673 10.611102 0.9193735
-0.4213795 10.764331 0.7661445
-0.5363012 10.726024 0.61291564
-0.7661446 10.572795 0.68953013
-1.1492168 10.342952 0.95768064
-1.6089035 10.036493 1.3407528
-1.9919758 9.730036 1.4939818
-2.1835117 9.461885 1.3790601
-2.030283 9.423578 1.1109096
-1.6089035 9.5385 0.6512228
-1.0726024 9.844957 0.38307226
-0.5746084 10.304644 0.6512229
-0.30645782 10.764331 1.2258313
-0.344765 11.147404 1.8770541
-0.6895301 11.262325 2.6048913
-1.2258313 11.109097 2.9113493
-1.8004398 10.726024 2.9879637
-2.2601266 10.189722 2.8730419
-2.48997 9.653421 2.3367407
-2.6431987 9.155428 1.6855179
-2.7198133 8.695741 0.9576807
-2.681506 8.427589 0.61291564
-2.6048913 8.312668 0.6512228
-2.3750482 8.312668 1.0342951
-2.1452048 8.542511 1.4939818
-1.8770542 8.695741 1.7621324
-1.6472108 8.963892 1.8387469
-1.4939818 9.193735 1.6855179
-1.4173675 9.155428 1.6472107
-1.5705963 9.117121 1.6472107
-1.7621324 8.925584 1.7238252
-1.9536686 8.504204 1.7621324
-2.1452048 8.082825 1.6472108
-2.2601264 7.776367 1.6089035
-2.2984335 7.4316025 1.685518
-2.2218192 7.3166804 1.9919758
-1.9919758 7.2783732 2.183512
-1.6472108 7.354988 2.2218192
-1.2641385 7.4316025 2.1068976
-0.95768064 7.508217 1.838747
-0.7661446 7.546524 1.6472108
-0.6512228 7.431602 1.532289
-0.6895301 7.393295 1.5705963
-0.8044518 7.240066 1.6472108
-0.9959879 7.010223 1.685518
-1.1492168 6.6654577 1.5322891
-1.1875241 6.2823853 1.1875241
-1.1109096 6.0142345 0.8810662
-0.9193734 5.9759274 0.5746084
-0.7278373 6.205771 0.6512229
-0.49799395 6.5888433 0.7278373
-0.30645782 7.0485296 0.7278373
-0.15322891 7.354988 0.5746084
-0.076614454 7.508217 0.19153613
-0.11492168 7.508217 0.038307227
-0.26815057 7.469909 0.038307227
-0.4596867 7.469909 0.34476504
-0.6129156 7.469909 0.6512229
-0.68953 7.469909 0.7661445
-0.68953 7.469909 0.68953013
-0.53630114 7.508217 0.53630114
-0.30645782 7.6231384 0.38307226
-0.038307227 7.8912888 0.30645782
0.22984336 8.159439 0.42137945
0.34476504 8.504205 0.4596867
0.4213795 8.810662 0.61291564
0.4213795 9.078814 0.7278373
0.4213795 9.423578 0.80445176
0.49799398 9.615114 1.0726023
0.5746084 9.730036 1.1492168
0.7278373 9.80665 1.2258313
0.842759 9.653421 0.9576807
0.8810662 9.615114 0.5363012
0.8044518 9.615114 0.0
0.61291564 9.653421 -0.6512228
0.4596867 9.80665 -0.9959879
0.34476507 9.883265 -1.1492168
0.15322891 9.883265 -0.99598783
-0.038307227 9.768343 -0.5746083
-0.22984336 9.653421 -0.07661445
-0.45968676 9.500193 0.15322891
-0.5363012 9.461885 0.15322891
-0.5363012 9.5385 -0.038307235
-0.5746084 9.653421 -0.2681506
-0.61291564 9.80665 -0.22984336
-0.6895301 9.998186 -0.038307227
-0.80445176 10.151415 0.34476504
-0.9576807 10.381258 0.842759
-1.1109096 10.764331 1.1492168
-1.3024457 10.994175 1.3790601
-1.532289 11.262325 1.4556746
-1.7238252 11.33894 1.3024457
-1.9153614 11.18571 1.1109096
-1.9536686 11.070788 0.6895301
-1.8387469 10.955867 0.34476504
-1.6472108 11.224018 0.07661445
-1.4556746 11.645397 0.22984335
-1.3790601 12.258312 0.84275895
-1.4173673 12.871227 1.6089035
-1.6089035 13.215994 2.4133554
-1.7238252 13.369223 2.6431987
-1.8004397 13.369223 2.6431987
-1.9153614 13.177686 2.2218192
-1.8770541 12.871228 1.5705962
-1.8770541 12.756307 1.1875241
-1.9536686 12.679692 1.1492169
-1.9919758 12.756307 1.3790603
-1.9536686 13.024457 1.9536686
-1.8387468 13.369222 2.4899697
-1.6472108 13.52245 2.566584
-1.4939818 13.560758 2.6048913
-1.4556746 13.3309145 2.413355
-1.5705963 12.794614 2.1068974
-1.7238252 12.258312 1.9919758
-1.8387469 11.798626 1.9153614
-1.9919758 11.415554 1.7621324
-2.030283 11.300632 1.8387469
-1.9536686 11.300632 1.9536686
-1.8770542 11.415554 2.0685902
-1.7238252 11.530476 2.336741
-1.6089036 11.453861 2.3750482
-1.7621324 11.147404 2.3750482
-2.0685902 10.764331 2.2601266
-2.528277 10.266337 2.2984338
-2.8730419 9.921572 2.3750482
-3.064578 9.691729 2.3750482
-3.1028852 9.615114 2.336741
-3.0262709 9.730036 2.0685902
-2.873042 9.768343 2.1068974
-2.873042 9.921572 2.1068974
-2.9113493 10.036493 2.1068974
-3.064578 10.0748005 2.183512
-3.409343 10.0748005 2.2984338
-3.754108 9.768343 2.6431987
-4.3287168 9.346964 3.5242648
-4.2137947 9.423578 3.3327286
-3.3327286 10.036493 1.6472108
-2.8730419 10.304644 0.9576807
-2.7964275 10.304644 0.57460845
-2.9879637 10.113108 0.5363012
-3.4093432 9.80665 1.1109096
-3.9456441 9.270349 1.6089035
-4.252102 8.887276 2.1068976
-4.3287163 8.734047 2.336741
-4.098873 8.772355 2.2218192
-3.6774936 9.002198 1.9919758
-3.3327286 9.078813 1.532289
-3.1411924 8.925584 0.95768064
-3.1028852 8.580818 0.4596867
-3.1411924 8.121132 0.4596867
-3.064578 7.8146744 0.91937345
-3.064578 7.73806 1.685518
-3.064578 7.699753 2.4516625
-2.9496565 7.8146744 2.48997
-2.6815062 7.8146744 1.685518
-2.4516625 7.929596 1.2641385
-2.2984338 8.236053 1.187524
-2.0685902 8.657433 1.4556746
-1.8770542 9.078813 2.1068976
-1.685518 9.385271 3.026271
-1.6472108 9.193735 3.7541084
-1.8770542 8.580818 3.9839518
-2.183512 7.852981 3.677494
-2.4133554 7.2400656 3.1794996
-1.9536686 7.5082164 2.9496565
0.07661447 9.346963 3.1028855
1.4173673 10.457873 2.834735
2.2601264 10.955867 2.2218192
2.7964277 11.109097 0.7278373
2.2984335 10.496181 0.22984335
1.5322891 9.653421 0.11492168
0.8044518 8.734048 0.30645782
0.3830723 8.197746 0.9959879
0.3064578 8.274361 2.2218192
0.34476504 8.695741 3.371036
0.49799395 9.040505 4.2137947
0.5363012 9.040505 4.4819455
0.49799395 8.6574335 3.9073372
0.6129156 8.197746 2.9113493
0.8810662 8.121132 2.0685902
1.4556746 8.504204 1.8770541
2.2218192 9.423578 2.4516625
2.9113493 10.381258 3.715801
3.217807 10.879253 4.673482
3.1794996 10.726024 4.4819455
2.834735 9.998186 3.5242648
2.6048913 9.040505 2.1068976
3.2944214 8.542511 1.6472108
3.9456446 9.461885 2.834735
4.481946 10.76433 3.9839516
4.903325 12.143391 4.55856
5.0182467 13.024458 4.2521024
5.133168 13.369223 3.2944217
5.1714754 13.292608 2.2218192
4.9799395 12.871229 1.4173673
4.596867 12.258313 1.2258313
4.0222588 11.568783 1.3790603
3.2944217 10.802638 1.7621324
2.528277 9.921572 2.1068976
1.8387468 9.11712 2.2601264
1.2641385 8.389282 2.3367407
0.9959879 7.967903 2.4133554
0.9576807 8.00621 2.4133554
0.9959879 8.274361 2.2984335
1.1492168 8.6574335 2.183512
1.187524 9.11712 2.183512
1.0342951 9.385271 2.4899697
0.7661445 9.308657 2.9496565
0.4213795 9.078814 3.2561142
0.15322891 8.887277 3.6391866
0.19153613 8.887277 3.9073372
0.30645782 9.040505 3.86903
0.3830723 9.193734 3.5242648
0.53630114 9.308657 3.1028857
0.6512228 9.461885 2.7198133
0.6512228 9.576807 2.5665843
0.4213795 9.423578 2.7581203
-0.38307226 8.734047 2.9879637
-0.5746084 8.542511 2.9879637
-0.49799395 8.734048 2.9496565
-0.38307226 9.040505 2.719813
-0.15322891 9.500193 2.6048915
-0.11492168 9.844957 2.5665843
-0.076614454 10.113108 2.681506
-0.076614454 10.228029 2.9496565
-0.15322891 10.189722 3.0645783
-0.038307227 10.189722 3.1028855
0.11492168 10.189722 3.0262709
0.22984336 10.266336 2.8347347
0.22984336 10.228029 2.6048915
0.11492168 10.113108 2.4516625
0.038307227 10.036493 2.3367407
0.038307227 9.921572 2.413355
0.15322891 9.921572 2.566584
0.30645782 9.921572 2.6048913
0.4596867 9.768343 2.566584
0.5746084 9.730036 2.4516625
0.7278373 9.653421 2.3750482
0.8810662 9.576807 2.2601264
0.9959879 9.653421 2.1835117
1.0726024 9.615114 2.1068974
1.0342952 9.500193 1.9536686
0.9576807 9.423577 2.1068976
0.8810662 9.232041 2.2218192
0.84275895 9.155427 2.3750482
0.8810662 9.155427 2.6048915
0.91937345 9.11712 2.4899697
0.9576807 9.193734 2.3750482
0.99598795 9.346963 2.2601264
1.0342952 9.576807 2.1452045
0.99598795 9.80665 2.1835117
0.842759 9.959879 2.2984335
0.6512228 9.998186 2.4899697
0.38307226 9.921572 2.6431985
0.15322891 9.844957 2.6815057
0.038307227 9.844957 2.6815057
0.038307227 10.036493 2.6431985
0.076614454 10.189722 2.528277
0.11492168 10.266336 2.375048
0.076614454 10.457872 2.4133554
0.038307227 10.611103 2.4133554
0.038307227 10.955868 2.528277
0.076614454 11.453861 2.6815057
0.19153613 11.9135475 2.6048913
0.30645782 12.181698 2.566584
0.57460845 12.449848 2.873042
0.7661445 12.7179985 3.1028855
0.80445176 12.7179985 3.2944217
0.6895301 12.334927 3.3327289
0.49799395 12.028469 3.1028855
0.5363012 11.9135475 3.026271
0.8427591 12.143392 3.1794999
1.4556748 12.794614 3.6008794
2.1068976 13.599066 4.4436383
2.681506 14.250288 6.2440777
2.3367407 13.828909 6.780379
1.6855179 12.832921 6.7037644
1.0726023 11.722012 6.167464
0.61291564 10.955867 5.2097826
0.5746084 10.649409 4.405331
0.91937345 10.91756 3.9456444
1.3790603 11.33894 3.7541082
1.8387469 11.645397 4.0222588
2.1452048 11.722012 4.1754875
2.2601264 11.377247 4.1754875
2.221819 11.070789 4.060566
2.1068974 10.840945 3.9456444
1.8770542 10.534488 3.86903
1.6089036 10.304644 3.8307228
1.3790603 9.998186 3.9456444
1.3024457 9.653421 3.86903
1.3407528 9.500193 3.8307228
1.4173673 9.385271 3.6391866
1.532289 9.461885 3.2561142
1.5705963 9.576807 2.9496565
1.6089035 9.5385 2.8347347
1.532289 9.461885 2.8347347
1.2641385 9.11712 3.0262709
0.5363012 8.580818 3.2561142
0.2681506 8.542511 3.2561142
0.30645782 8.6574335 3.3327286
0.45968673 8.695741 3.3710358
0.7278374 8.772355 3.2561142
1.0726024 8.810662 3.1028852
1.340753 8.925584 2.7964277
1.6089035 9.155427 2.4516625
1.8004397 9.232041 2.1835122
1.7238252 9.155427 1.991976
1.532289 8.887277 1.991976
1.1109096 8.427589 2.2218192
0.80445176 8.274361 2.7581205
0.6895301 8.082825 3.1411927
0.6895301 7.929596 3.1028852
0.88106626 7.929596 2.681506
1.1875241 7.8146744 1.9536686
1.4556746 7.73806 1.3407528
1.6089035 7.699753 1.0342951
1.5705963 7.6231384 1.0342951
1.0726023 7.201759 1.3024457
0.53630114 6.895301 1.532289
0.114921704 6.7420716 1.685518
-0.11492168 6.7037644 1.8770542
0.038307227 6.933608 1.838747
0.2681506 7.240066 1.838747
0.4213795 7.393295 1.685518
0.38307226 7.240066 1.2641385
0.22984336 6.933608 1.0726024
-0.038307227 6.588843 1.0342951
-0.2681506 6.3206925 1.2258313
-0.19153613 6.397307 1.4939818
0.038307227 6.8186865 1.685518
0.61291564 7.584831 1.7238252
0.72783726 7.8529816 1.8387469
0.5746084 7.699753 1.7238252
0.30645782 7.508217 1.5705962
0.076614454 7.316681 1.3790603
-0.11492168 7.2017584 1.1492169
-0.11492168 7.316681 1.1109096
0.038307227 7.508217 0.9959879
0.22984336 7.8146744 0.9959879
0.4213795 8.121132 1.0726023
0.49799395 8.504205 1.3024457
0.5363012 8.810662 1.5705963
0.6512229 9.002198 1.838747
0.7661446 9.193734 2.0685902
0.9959879 9.2703495 2.030283
1.1109096 9.2703495 1.8387468
0.9576807 9.193735 1.532289
0.6895301 9.040505 1.1109096
0.34476504 8.925584 0.8810662
0.076614454 9.002198 1.1109096
-0.076614454 9.040505 1.532289
-0.19153613 9.040505 2.0685902
-0.15322891 9.040505 2.375048
-0.038307227 9.078814 2.3367407
0.15322891 9.232042 2.1452048
0.38307226 9.461885 1.7238252
0.45968676 9.653421 1.1875241
0.45968676 9.730036 0.8427591
0.38307226 9.730036 0.61291564
0.15322891 9.576807 0.5746084
0.0 9.2703495 0.8810662
-0.30645782 9.193735 1.0342951
-0.4596867 9.193735 1.187524

