-0.34476504 9.2703495 1.4939818
-0.19153613 9.5385 1.6089035
0.19153613 9.5385 1.7238252
0.61291564 9.653421 1.5705963
0.842759 9.730036 1.4173673
0.9576807 9.691729 1.3407528
0.57460845 9.576807 2.4133554
0.7661445 9.730036 2.719813
1.3024457 9.959879 2.6048913
1.685518 9.998186 2.4516625
1.8004397 9.80665 1.8004396
1.8004397 9.5385 1.1109096
1.8004397 9.461885 0.6895301
1.9153614 9.500193 0.6895301
2.030283 9.653421 1.1875241
2.1835117 9.959879 1.7621324
2.2984335 9.998186 2.1452048
2.2601264 9.883265 2.0685902
2.183512 9.844957 1.6472107
2.0685902 9.653421 1.1492169
1.9536686 9.5385 0.842759
1.8770541 9.461885 0.7661445
1.9536686 9.385271 0.80445176
2.183512 9.461885 0.7661445
2.4516625 9.653421 0.7661445
2.719813 9.883265 0.80445176
2.834735 10.036493 0.9576807
2.7581203 9.998186 1.1875241
2.6048915 9.883265 1.2258313
2.4133554 9.80665 1.2258313
2.2984335 9.691729 1.0726023
2.2601264 9.576807 0.95768064
2.2984335 9.500193 0.91937345
2.3750482 9.500193 0.80445176
2.3750482 9.768343 0.91937345
2.2984338 9.80665 1.0342951
1.8770541 9.691729 1.1109096
1.5705963 9.500193 1.2258313
1.2641385 9.2703495 1.3790603
0.9576807 9.078813 1.6089036
0.7278373 8.963891 1.7621324
0.6512228 8.887277 1.8004397
0.7278373 9.078813 1.8004397
0.9193735 9.385271 1.685518
1.1492168 9.80665 1.5322891
1.340753 10.151415 1.4173673
1.340753 10.189722 1.340753
1.1875241 9.998186 1.2641385
1.0726023 9.653421 1.1492168
0.91937345 9.461885 0.9193734
1.0342951 9.461885 0.61291564
1.2641385 9.500193 0.4213795
1.4173675 9.653421 0.38307226
1.685518 9.768343 0.38307226
1.7621324 9.844957 0.5363012
1.9153614 10.113108 0.7278373
2.1068974 10.304644 0.7661445
2.1452048 10.381258 0.8044517
2.1068974 10.266336 0.7661445
1.8770541 9.959879 0.5746084
1.5705963 9.500193 0.4213795
1.340753 9.232042 0.4213795
1.2641386 9.155428 0.6512228
1.2258313 9.232042 0.80445176
1.3024457 9.5385 0.7661445
1.3407528 9.691729 0.6512228
1.3024457 9.730036 0.22984336
1.3024457 9.691729 -0.038307227
1.2641385 9.500193 -0.076614454
1.1875241 9.423578 -0.11492168
1.1492169 9.615114 0.11492168
1.1875241 9.844957 0.57460845
1.2258313 10.266336 1.1875241
1.3024458 10.611102 1.838747
1.2641385 10.611102 2.2218192
1.0726024 10.381258 2.030283
0.842759 10.036493 1.4556746
0.57460845 9.615114 0.6895301
0.38307226 9.346964 0.0
0.26815057 9.346964 -0.2681506
0.15322891 9.346964 0.03830722
0.076614454 9.5385 0.72783726
0.038307227 9.653421 1.3790603
0.038307227 9.615114 1.838747
0.076614454 9.5385 1.8004398
0.0 9.308657 1.3024458
-0.11492168 9.040506 0.842759
-0.22984336 8.925584 0.68953013
-0.4213795 8.810662 0.7661445
-0.5363012 8.772355 1.1492168
-0.5746084 8.963891 1.4556746
-0.5746084 9.117121 1.6089036
-0.4213795 9.232042 1.6472108
-0.19153613 9.423578 1.3024457
0.076614454 9.500193 0.842759
0.30645782 9.576807 0.3830723
0.49799395 9.730036 0.0
0.68953013 9.844957 0.15322891
0.8044518 10.0748005 0.5746084
0.842759 10.304645 1.1109096
0.7661445 10.496181 1.7621325
0.61291564 10.496181 2.030283
0.38307226 10.381258 1.9919758
0.19153613 10.151415 1.685518
0.038307227 9.730036 1.1109096
-0.076614454 9.461885 0.5746084
-0.15322891 9.193735 0.19153613
-0.2681506 9.040505 0.0
-0.2681506 9.232041 0.076614454
-0.19153613 9.500192 0.4213795
-0.11492168 9.844957 0.91937345
-0.076614454 10.113108 1.2258313
-0.15322891 10.228029 1.3407528
-0.38307226 10.0748005 1.1492169
-0.61291564 9.844957 0.88106626
-0.7278373 9.730036 0.7278373
-0.80445176 9.691729 0.4213795
-0.842759 9.80665 0.22984336
-0.9959879 9.844957 0.0
-1.2641385 9.844957 0.0
-1.6472108 9.844957 0.68953013
-2.030283 9.80665 1.6472107
-2.2984338 9.80665 2.7964277
-2.6048915 9.653421 3.3327289
-2.719813 9.423578 2.873042
-2.719813 9.385271 1.8004396
-2.528277 9.385271 0.3064578
-2.183512 9.691729 -0.68953013
-1.9919758 10.266337 -0.91937345
-1.9536686 10.496181 -0.30645782
-2.2601264 10.534488 0.80445176
-2.7964275 10.304645 1.9919758
-3.2561142 9.730036 3.1028852
-3.4093432 9.500193 3.6774936
-2.6431987 9.653421 3.7924154
-1.3024458 10.266336 2.7581203
-0.7661445 10.457872 2.2218192
-0.57460845 10.457872 1.8387469
-0.57460845 10.266336 1.6472107
-0.7278373 9.959879 1.9536686
-1.0342951 9.5385 2.2601266
-1.340753 9.155427 2.6048915
-1.6089035 8.848969 2.834735
-1.6472108 8.619126 2.719813
-1.5705963 8.465898 2.528277
-1.3790601 8.42759 2.1835117
-1.1109096 8.465898 1.8770541
-0.842759 8.504205 1.5705963
-0.6512228 8.465898 1.4556745
-0.5746084 8.427589 1.4939818
-0.6895301 8.121132 1.532289
-0.9959879 7.661445 1.7238252
-1.3790603 7.278373 1.838747
-1.7238252 6.6654572 1.8004397
-1.8770542 6.2823853 1.6089035
-1.8004396 6.129156 1.4939818
-1.4173675 6.129156 1.4173673
-0.30645782 6.8569937 1.6089036
0.038307227 7.086837 1.6089036
0.19153613 7.125144 1.685518
0.15322891 6.933608 1.7238252
0.0 6.5505357 1.6472108
-0.11492168 6.205771 1.3790601
-0.22984336 5.899313 0.8810662
-0.2681506 5.707777 0.34476507
-0.11492168 5.746084 -0.038307227
0.11492168 5.9759274 -0.038307227
0.45968673 6.5122285 0.114921674
0.7661445 7.086837 0.45968673
0.8810662 7.431602 0.842759
0.7278373 7.546524 0.8810662
0.38307226 7.3166804 0.7278373
-0.26815057 6.703765 -0.15322891
-0.26815057 6.3589993 -0.61291564
-0.15322891 6.3589993 -0.6512228
0.038307227 6.8569937 -0.4213795
0.26815057 7.4316015 -0.15322891
0.5363012 8.121132 0.076614454
0.80445176 8.734047 -0.076614454
1.1109097 9.11712 -0.38307226
1.1492169 9.040505 -0.57460845
1.0342951 8.963891 -0.34476507
0.88106626 8.925584 -0.076614454
0.80445176 9.040505 0.19153614
0.7661445 9.385271 0.4213795
0.80445176 9.768343 0.61291564
0.9576807 10.228029 0.4213795
1.1109096 10.649409 -2.9802322E-8
1.1492168 11.070788 -1.0342951
1.0726024 11.109096 -1.1875241
0.9576807 11.185711 -0.9576807
0.9193734 11.377247 -0.53630114
0.61291564 11.836933 0.6512228
0.34476504 12.143391 0.9959879
0.076614454 12.449848 0.9959879
-0.22984336 12.641384 0.80445176
-0.49799398 12.832921 0.22984338
-0.8044517 12.794614 -0.19153613
-1.187524 12.488156 -0.30645782
-1.5705962 12.258313 -0.076614454
-1.9153614 12.066776 0.38307226
-2.1068976 11.990162 0.842759
-2.030283 12.296619 1.1492168
-1.7621324 12.7179985 1.3024457
-1.4939818 13.024458 1.4556745
-1.3407528 13.177687 1.7238251
-1.4173673 13.101072 2.030283
-1.6089035 12.794614 2.1068974
-1.6472108 12.488155 2.1068974
-1.4939818 12.296619 1.685518
-1.1875241 12.143391 1.3024458
-0.8810662 12.105083 1.1492169
-0.7278373 12.028469 1.0342951
-0.7661445 11.9135475 1.2641385
-1.0342951 11.722012 1.5705962
-1.3790601 11.453861 1.8387468
-1.7238252 11.224018 2.030283
-1.9536686 10.994174 2.030283
-1.9536686 10.955867 1.9153614
-1.8770542 10.955867 1.5705963
-1.685518 11.070789 1.4939818
-1.5705965 11.224018 1.4556746
-1.6089036 11.300632 1.5705963
-1.7238252 11.415554 1.9153614
-1.9536686 11.492168 2.1835117
-2.1452048 11.683704 2.375048
-2.2601264 11.836933 2.2984335
-2.4133554 11.990162 2.336741
-2.6048913 11.9135475 2.1452045
-2.9496565 11.645397 2.2984338
-3.371036 11.18571 2.7581205
-3.6774938 10.726023 2.9879637
-3.8307228 10.534487 3.2178073
-3.6391866 10.726023 3.141193
-3.2561145 11.185711 2.7964277
-2.873042 11.683704 2.4516625
-2.6431985 12.028469 2.2218192
-2.7964272 11.760319 2.183512
-3.1794996 11.262324 2.2218192
-3.6774936 10.572794 2.3750482
-4.098873 9.883265 2.528277
-4.3287168 9.500193 2.4899697
-4.367024 9.232042 2.4516625
-4.2137947 9.155427 2.2984335
-3.9073372 9.232041 2.0685902
-3.371036 9.423577 1.8770541
-2.681506 9.80665 1.4939818
-2.0685902 10.342952 1.2641385
-1.685518 10.611102 1.3407528
-1.7621325 10.572795 1.532289
-2.3367407 10.113108 2.030283
-3.1411924 9.270349 2.3367407
-3.9456444 8.580819 2.3367407
-4.7117887 7.929596 2.1835117
-4.4819455 8.159439 2.2601264
-4.0222588 8.542512 2.3750482
-3.5242648 9.11712 2.336741
-3.2561145 9.500193 2.2984338
-3.5242648 9.232041 2.2218192
-3.9073372 8.504205 2.2218192
-4.1754875 7.8912888 2.2984338
-4.2137947 7.4699097 2.183512
-3.9839516 7.4699097 2.0685902
-3.4093432 7.967903 1.9536686
-2.566584 8.69574 1.7621324
-1.8770541 9.346963 1.5705962
-1.3790601 9.653421 1.4173675
-1.2641385 9.461885 1.5705962
-1.5705962 8.925584 1.877054
-1.9536686 8.350975 2.2984335
-2.1452048 8.082825 2.719813
-1.9919758 8.00621 2.719813
-1.5705962 8.159439 2.3367407
-0.95768064 8.274361 1.8387468
-0.5363012 8.274361 1.1492168
-0.30645782 8.350975 0.45968673
-0.076614454 8.312668 0.34476504
0.076614454 8.389282 0.7278373
0.19153613 8.810662 1.8004397
0.30645782 9.002198 2.9879637
0.15322891 9.155427 3.6774936
-0.11492168 9.155427 3.715801
-0.2681506 8.887277 3.217807
-0.42137948 8.848969 2.528277
-0.114921674 9.040505 2.183512
0.9959879 9.80665 2.1452045
1.6089035 9.959879 1.9919758
1.8387469 9.80665 1.7238252
1.9536686 9.423577 1.6472108
1.8387469 9.232041 1.7621324
1.685518 9.078813 2.4133554
1.6472108 9.040505 2.873042
1.838747 9.423578 3.1028855
2.2601266 9.730036 3.1028855
2.5665843 9.998186 2.566584
2.7581203 10.151415 1.8387469
2.7581203 9.883265 1.2641385
2.681506 9.461885 0.7661445
2.719813 9.308657 0.8810662
2.834735 9.308657 1.5322891
2.834735 9.346964 2.1068976
2.681506 9.500193 2.5665843
2.6431987 9.653421 2.9496565
2.681506 10.036493 3.217807
2.9496565 10.6877165 3.371036
3.217807 11.338939 3.4093432
3.2944217 11.760319 2.9879637
3.3327289 11.951855 2.2984338
3.2561145 11.9135475 1.7621325
3.1411924 11.722012 1.4939818
2.9496565 11.377247 1.6472107
2.4899697 10.879253 2.1835117
1.9536686 10.496181 2.9113493
1.532289 10.342951 3.5242648
1.2258313 10.189722 3.8307228
1.2258313 10.0748005 3.562572
1.3024458 9.883265 2.9496565
1.4556746 9.615114 2.183512
1.5705963 9.5385 1.5705963
1.5705963 9.653421 1.340753
1.5705963 9.998186 1.532289
1.3790601 10.534488 1.9153614
1.1492168 10.91756 2.5665843
0.842759 11.070789 3.1411927
0.45968673 10.955868 3.4093432
0.30645782 10.572795 3.5242648
0.38307226 10.457873 3.2178073
0.7278373 10.840945 2.873042
1.3790603 11.60709 2.6431987
2.0685902 12.718 2.7581203
2.528277 13.752295 3.026271
2.5665843 14.020445 3.2561142
2.183512 13.713987 3.1794996
1.5705962 13.215993 3.1028852
1.1109096 12.756307 3.5242648
0.842759 12.756307 4.2904096
0.68953013 12.909535 5.2097826
0.5363012 12.794613 5.746084
0.30645782 12.641384 5.746084
0.19153613 12.526463 5.477934
0.22984336 12.488155 5.0948615
0.4213795 12.641384 4.596867
0.7278373 12.756307 4.2137947
0.9193735 12.717999 3.9073372
0.99598795 12.641385 3.7924154
0.842759 12.411541 3.9073372
0.6512229 11.990162 3.9456444
0.38307226 11.415553 3.9073372
0.11492168 10.91756 3.8307228
0.15322891 10.649409 4.0988736
0.34476507 10.611102 4.5202527
0.80445176 10.764331 4.865018
1.2258313 10.726023 4.7884035
1.4173673 10.419565 3.9839516
1.4173673 10.0748005 3.1028852
1.1492168 9.691729 2.2601264
0.9193734 9.461885 1.8387469
0.7278373 9.385271 1.9153613
0.6512228 9.346964 2.2218192
0.7661445 9.385271 2.6431987
0.9959879 9.423578 3.064578
1.2641385 9.385271 3.3327289
1.2641385 9.11712 3.2944217
1.1109096 8.734047 3.1028852
0.7661446 8.236053 2.834735
0.45968673 7.8912888 2.6431985
0.45968673 8.00621 2.6431985
0.7661446 8.274361 2.9113493
1.1109096 8.427589 2.9496567
1.340753 8.427589 2.6431987
1.340753 8.197746 2.1068976
1.0726024 7.8529816 1.7238252
0.842759 7.699753 1.7621324
0.8044517 7.8529816 2.4899697
1.0342951 8.274362 3.6008794
1.3790601 8.695741 4.4436383
1.685518 9.193735 4.673482
1.7621324 9.2703495 4.213795
1.532289 8.772355 3.1794999
1.1492168 8.236053 2.030283
0.7278373 7.699753 1.532289
0.4213795 7.4316025 1.4173675
0.2681506 7.508217 1.6089036
0.61291564 8.0445175 1.9919758
0.9959879 8.236053 1.9919758
1.1492169 8.121132 1.5705962
1.1492169 7.929596 0.95768064
0.6512228 7.393295 0.2681506
0.1532289 7.240066 -0.038307227
-0.22984336 7.201759 0.26815057
-0.5363012 7.2783732 0.842759
-0.7278373 7.2400656 1.4173675
-0.7661446 6.971915 1.685518
-0.6512229 6.8953004 1.4556746
-0.4213795 6.780379 0.91937345
-0.19153613 6.780379 0.34476504
-0.076614454 6.895301 -0.076614454
0.038307227 6.9719152 -0.19153613
0.11492168 7.163451 0.11492168
0.30645782 7.4699097 0.6129156
0.4213795 7.546524 1.1109096
0.4213795 7.584831 1.340753
0.30645782 7.4699097 1.3024458
0.22984336 7.240066 1.1875241
0.57460845 7.6614456 1.2258313
0.95768064 8.082825 1.4173673
1.1875241 8.389282 1.6472107
1.3024457 8.657433 1.8004396
1.2641385 8.810662 1.9153614
1.0342951 8.734048 1.9153614
0.7278373 8.580819 1.685518
0.49799395 8.427589 1.4939818
0.30645782 8.312668 1.5322891
0.30645782 8.197746 1.7621325
0.4596867 8.389282 2.1068976
0.5746084 8.619125 2.336741
0.84275895 8.69574 2.2984335
0.84275895 9.002198 1.9153614
0.7661445 9.193735 1.1492169
0.61291564 9.002199 0.6512229

