0.2681506 8.312668 5.5545483
0.2681506 8.427589 5.6311626
0.34476504 8.69574 5.707777
0.49799395 9.078813 5.707777
0.61291564 9.576807 5.6311626
0.5746084 9.921572 5.5545483
0.45968673 10.228029 5.4013195
0.22984338 10.457873 5.4013195
0.0 10.649409 5.4396267
-0.076614454 10.879253 5.746084
0.0 11.185711 6.205771
0.2681506 11.530476 6.6271505
0.7278373 11.87524 6.8186865
1.1492168 12.143391 6.7803793
1.3790601 12.258312 6.473922
1.4173673 12.334927 6.1291566
1.1875241 12.334927 6.052542
0.8044517 12.181698 6.244078
0.45968673 12.066776 6.6654577
0.26815057 11.951855 7.201759
0.22984336 11.951855 7.623138
0.4213795 12.066776 7.776367
0.72783726 12.258312 7.699753
1.0726023 12.526463 7.3932953
1.340753 12.603077 7.0102224
1.4939818 12.603077 6.5888433
1.532289 12.488155 6.282385
1.3790601 12.220005 6.129156
1.187524 11.951855 6.0142345
0.9576807 11.645397 5.9759274
0.61291564 11.262325 5.7843914
0.30645782 10.764332 5.401319
0.15322891 10.381258 5.094861
0.11492168 10.151415 5.094861
0.34476504 10.113108 5.2097826
0.6512228 10.266337 5.4779334
0.7661445 10.419566 5.6311626
0.68953013 10.457873 5.4779334
0.4213795 10.342951 5.094861
0.11492168 10.113108 4.4819455
-0.076614454 9.80665 3.7924154
-0.15322891 9.500193 3.064578
-0.19153613 9.155428 2.7581203
-0.22984336 8.734048 2.7964277
-0.30645782 8.312668 3.0262709
-0.4596867 7.8146744 3.3327289
-0.5363012 7.3166804 3.4476504
-0.49799395 7.0102224 3.1794996
-0.19153613 6.7803793 3.064578
0.2681506 6.8186865 3.064578
0.6512228 6.933608 3.0262709
0.9576807 6.9719152 3.1411927
1.0342952 6.933608 3.0262709
0.9576807 6.742072 2.681506
0.842759 6.5888433 2.4133554
0.6512228 6.3589997 2.2984335
0.4213795 6.2057705 2.1452045
0.19153613 5.9759274 2.0685902
0.0 5.707777 1.8770542
-0.076614454 5.516241 1.4939818
-0.038307227 5.4396267 1.1875241
0.19153611 5.5545483 0.91937345
0.53630114 5.746084 0.7661445
0.8810662 6.090849 0.80445176
1.1109096 6.2440777 0.842759
1.2258313 6.282385 0.9576807
1.2641385 6.2440777 1.0342952
1.1875241 6.0525417 1.1109097
1.0726024 5.93762 1.2258313
0.9193734 5.861006 1.2258313
0.7278373 5.746084 1.1492168
0.61291564 5.66947 0.95768064
0.61291564 5.707777 0.88106626
0.68953013 5.7843914 0.80445176
0.8810662 6.0908494 0.842759
1.0726024 6.3589997 0.9576807
1.2641385 6.588843 0.91937345
1.4556746 6.818686 0.9576807
1.685518 7.1251445 0.95768064
1.8770542 7.393295 1.0342951
2.1068976 7.699753 1.1492169
2.336741 8.0445175 1.2641385
2.6048915 8.427589 1.37906
2.719813 8.580818 1.37906
2.7964277 8.772355 1.2641385
2.987964 8.925584 1.3024458
3.141193 8.963891 1.3024458
3.371036 9.078813 1.3407528
3.6391869 9.078813 1.4556746
3.9073372 9.155427 1.4556746
4.290409 9.385271 1.5322891
4.673482 9.80665 1.6089035
5.056554 10.228029 1.5705963
5.324704 10.572794 1.4556745
5.4779334 10.6877165 1.3407528
5.554548 10.572795 1.1492168
5.4779334 10.457873 1.0726024
5.363012 10.266336 1.0726024
5.1714754 10.266336 1.1492168
5.0182467 10.381258 1.3024457
4.903325 10.534488 1.4556746
4.865018 10.6877165 1.685518
4.865018 10.6877165 1.838747
4.8267107 10.611102 1.9153614
4.711789 10.572795 2.0685902
4.405331 10.49618 2.2601264
4.0222588 10.304644 2.4133554
3.677494 10.151415 2.5665843
3.371036 9.959879 2.7581203
3.1794999 9.844957 2.8730419
3.1028852 9.883265 2.9496565
2.9496565 9.921572 3.064578
2.719813 9.959879 3.1028852
2.3750482 9.844957 3.064578
1.9919758 9.691729 2.9879637
1.6089036 9.5385 2.873042
1.2258313 9.385271 2.6431987
0.84275895 9.270349 2.3750482
0.3830723 9.11712 2.183512
-0.11492168 8.848969 1.9919758
-0.5363012 8.6574335 1.9153614
-0.88106626 8.619126 2.0685902
-1.1109097 8.619126 2.2218192
-1.1875241 8.848969 2.336741
-1.1492169 9.117121 2.3750482
-1.0726024 9.346964 2.3750482
-1.0342952 9.500193 2.4133554
-1.0726024 9.5385 2.6048913
-1.2258313 9.5385 2.7964277
-1.4173675 9.423578 2.7581203
-1.6089036 9.500193 2.566584
-1.685518 9.615114 2.183512
-1.6472108 9.730036 1.7621324
-1.5705963 9.959879 1.5322891
-1.4939818 10.036493 1.340753
-1.3790601 10.113108 1.2641385
-1.3790601 10.113108 1.4173675
-1.532289 10.036493 1.6472108
-1.7621324 9.80665 2.0685902
-2.2218192 9.5385 2.719813
-2.681506 9.2703495 3.1794999
-3.1028855 9.002198 3.4859576
-3.4476504 8.848969 3.4476504
-3.6008794 8.734048 2.9879637
-3.6391869 8.772355 2.528277
-3.4859579 8.963892 1.9536686
-2.9879637 9.423578 1.5705962
-2.7581203 9.615114 1.685518
-2.6048913 9.576807 1.9536686
-2.4516625 9.500193 2.3367407
-2.4899697 9.385271 2.7964275
-2.528277 9.117121 3.1411924
-2.528277 8.887277 3.4476504
-2.528277 8.6574335 3.562572
-2.4516625 8.465897 3.371036
-2.3750482 8.274361 2.9879637
-2.2984335 8.121132 2.6048913
-2.1452045 7.929596 2.1068974
-1.9919758 7.776367 1.8004396
-1.7621324 7.6231384 1.6472107
-1.4939818 7.4316025 1.4173673
-1.2641385 7.278373 1.3790601
-1.0342951 7.125144 1.4939818
-0.842759 7.0102224 1.532289
-0.6129157 7.0102224 1.7238252
-0.34476504 7.0102224 1.9919758
-0.11492168 6.9719152 1.9919758
0.038307227 6.8569937 1.9536686
0.11492168 6.62715 1.8387469
0.076614454 6.3589997 1.6089035
0.11492168 6.129156 1.4939818
0.19153613 6.0525417 1.5322891
0.2681506 6.090849 1.685518
0.4213795 6.2057705 1.9153614
0.61291564 6.397307 2.2218192
0.8044518 6.62715 2.6048913
0.9193735 6.9719152 2.7964275
0.9959879 7.2017584 2.7964275
0.9193735 7.3166804 2.5665843
0.842759 7.3549876 2.2218192
0.80445176 7.2783732 2.183512
0.7661445 7.354988 2.4899697
0.7661445 7.584831 3.1028855
0.72783726 7.8146744 3.86903
0.6512228 8.00621 4.252102
0.49799395 8.0445175 4.290409
0.30645782 8.00621 3.9839516
0.19153613 7.967903 3.4859576
0.15322891 8.0445175 3.2944217
0.26815057 8.274361 3.4476504
0.38307226 8.580819 3.86903
0.49799395 8.887277 4.2521024
0.61291564 9.193735 4.405331
0.61291564 9.461885 4.3287168
0.72783726 9.691729 4.1754875
0.84275895 9.959879 4.0222588
0.95768064 10.113108 3.9073372
1.1109097 10.304644 3.7158012
1.1875241 10.457872 3.562572
1.2641385 10.49618 3.3327289
1.340753 10.572795 3.1411927
1.4556746 10.649409 3.026271
1.7621324 10.840946 2.834735
2.1835117 11.109097 2.719813
2.566584 11.415554 2.6431985
2.8347347 11.530476 2.4899697
2.719813 11.453861 2.7198129
2.1068974 11.262325 3.256114
1.3024458 10.840946 4.0222588
0.5363012 10.457872 4.865018
0.038307227 10.151415 5.4779334
0.11492168 10.113108 5.7843914
0.49799395 10.381259 5.66947
0.9959879 10.91756 5.24809
1.3790601 11.568783 4.7500963
1.4939818 12.066776 4.5968676
1.4939818 12.373234 4.9416323
1.4173675 12.564771 5.592855
1.4556746 12.679692 6.090849
1.6089035 12.947843 6.2440777
1.7238252 13.177687 6.129156
1.685518 13.177687 5.93762
1.4173675 13.024458 5.899313
0.9576807 12.564772 5.9759274
0.49799395 12.143392 6.0525417
0.19153613 11.87524 6.090849
0.038307227 11.568783 6.0142345
0.0 11.33894 5.93762
-0.038307227 11.070789 5.8226986
-0.19153613 10.726024 5.899313
-0.34476504 10.419566 6.1291566
-0.45968673 10.189722 6.3206925
-0.57460845 9.998186 6.5122285
-0.68953013 9.80665 6.588843
-0.9193734 9.5385 6.473921
-1.1109096 9.193735 6.320692
-1.3024457 8.810662 6.1674633
-1.3024457 8.542512 5.9759274
-0.9959879 8.465898 5.861006
-0.61291564 8.504205 5.8226986
-0.0766145 8.6574335 5.7843914
0.5746084 8.848969 5.7843914
1.1109096 9.040505 5.8226986
1.4173675 9.193735 5.592855
1.532289 9.2703495 5.2097826
1.3024457 9.078814 4.5968676
0.8810662 8.772355 3.86903
0.4213795 8.274361 3.5242648
0.03830722 7.73806 3.5242648
-0.11492168 7.4699097 3.7541084
-0.076614454 7.4699097 4.213795
0.19153611 7.699753 4.520253
0.49799395 8.00621 4.5585604
0.7278373 8.236053 4.5202527
0.842759 8.236053 4.4819455
0.9576807 8.197746 4.4819455
1.0342951 8.274361 4.55856
1.2258313 8.465897 4.711789
1.4556746 8.695741 4.711789
1.6089036 8.963891 4.5585604
1.685518 9.078813 4.2904096
1.5705963 8.963891 4.098873
1.4939818 8.772354 4.0222588
1.4173673 8.542511 4.098873
1.4939818 8.465897 4.290409
1.7621324 8.542511 4.405331
1.9919758 8.619126 4.252102
2.183512 8.810662 3.9839516
2.3750482 8.887277 3.7924156
2.4899697 9.002198 3.6391869
2.719813 9.193734 3.7924156
2.873042 9.193734 3.9456444
2.873042 9.193734 3.9073372
2.7581203 9.002198 3.86903
2.4516625 8.69574 3.86903
2.2218192 8.542511 4.213795
2.1068974 8.389282 4.865018
2.1068974 8.427589 5.5162406
2.2218192 8.542512 5.861006
2.3750482 8.619126 5.784391
2.5665843 8.6574335 5.286397
2.719813 8.6574335 4.711789
2.9113493 8.695741 4.3670235
3.1028855 8.695741 4.290409
3.2178073 8.6574335 4.4436383
3.2944217 8.580819 4.6351748
3.2944217 8.427589 4.7500963
3.2178073 8.274361 4.711789
3.1794999 8.121132 4.596867
3.1794999 7.929596 4.5202527
3.1794999 7.776367 4.596867
3.2561142 7.6231384 4.6351748
3.4093432 7.584831 4.7884035
3.7158012 7.6231384 4.8267107
4.0988736 7.776367 4.55856
4.481946 7.8912888 4.098873
4.903325 7.967903 3.6774936
5.209783 7.967903 3.2944214
5.401319 7.8529816 3.1411927
5.439626 7.776367 3.2944214
5.286397 7.6231384 3.4093432
5.133168 7.508217 3.6008794
5.0182467 7.3549876 3.677494
5.0182467 7.240066 3.7924156
5.094861 7.2783732 3.8307228
5.094861 7.3549876 3.7924156
5.094861 7.4699097 3.8307228
5.0182467 7.508217 3.86903
4.865018 7.4699097 3.86903
4.711789 7.393295 4.0222588
4.5202527 7.4316025 4.2137947
4.2904096 7.4316025 4.2521024
4.060566 7.4316025 4.367024
3.86903 7.546524 4.4819455
3.7924156 7.699753 4.405331
3.9073372 8.00621 4.405331
4.1371803 8.389282 4.4436383
4.4436383 8.69574 4.2137947
4.6734815 8.963891 4.1754875
4.750096 9.078813 4.1754875
4.6351743 9.078813 4.1754875
4.3287168 9.078813 4.3287163
3.9456444 8.925584 4.4436383
3.6391864 8.810662 4.55856
3.4476504 8.772355 4.7500963
3.4476504 8.695741 5.0182467
3.5625725 8.734048 5.171476
3.677494 8.848969 5.1331687
3.7541084 8.887277 4.865018
3.7158012 8.963891 4.5202527
3.6391866 9.040505 4.2137947
3.5242648 9.11712 4.0222588
3.3327286 9.11712 3.9073372

