3.1411927 9.11712 3.9456444
2.9496565 9.040505 4.098873
1.6472107 8.312668 5.24809
1.9536686 9.38527 5.6694694
2.2218192 10.611101 6.090849
2.5282772 11.760319 6.320693
2.873042 12.717999 6.512229
2.9496565 12.603078 6.1291566
2.9879637 12.488155 5.861006
2.873042 12.296619 5.5928555
2.7964277 12.066776 5.477934
2.7581205 11.9135475 5.3630123
2.834735 11.798626 5.2480903
3.1411927 11.798626 5.0948615
3.4093432 11.722012 4.9799395
3.6391866 11.60709 4.7500963
3.6008794 11.377247 4.4436383
3.3327289 10.994174 4.2904096
2.873042 10.649409 4.098873
2.3750482 10.342951 3.9456444
1.9153614 9.998186 3.7924156
1.4939818 9.653421 3.4859576
1.0726024 9.040505 3.1795
0.9959879 8.810662 3.1028852
0.8810662 8.6574335 3.1028852
0.7278373 8.312669 3.1028852
0.49799395 8.00621 2.9879637
0.2681506 7.584831 3.0645783
0.076614454 7.0868373 3.217807
-0.19153613 6.703765 3.3327286
-0.30645782 6.2823853 3.2944214
-0.34476504 5.8226986 3.026271
-0.34476504 5.5162406 2.6431985
-0.15322891 5.2097826 2.2601264
0.076614454 4.9416323 2.0685902
0.19153613 4.7884035 2.0685902
0.45968673 4.5202527 2.1452048
0.6512228 4.5968676 1.9536686
0.95768064 4.711789 2.030283
1.4556746 4.8267107 2.2984335
1.4173673 4.5968676 2.566584
0.9959879 4.098873 2.0685902
0.8810662 3.9839516 1.5705963
0.91937345 4.1754875 1.1109096
1.1492169 4.4053316 0.68953013
1.4556746 4.7884035 0.45968673
1.7621324 5.094861 0.22984336
2.1068976 5.363012 0.038307227
2.3750482 5.5928555 0.0
2.681506 5.707777 -0.038307227
2.9113493 5.861006 0.15322891
3.1028852 5.93762 0.34476504
3.2561145 6.0142345 0.34476504
3.2944217 6.090849 0.34476504
3.2561145 6.090849 0.22984336
3.1411927 6.1674633 -0.038307227
3.064578 6.3206925 -0.34476504
3.1794999 6.7037644 -0.5363012
3.4093432 7.163451 -0.68953013
3.7541084 7.699753 -0.7278373
4.098873 8.274361 -0.61291564
4.405331 8.963891 -0.34476504
4.4436383 9.11712 -0.03830722
4.367024 9.232041 0.6512228
4.3287168 9.2703495 0.9959879
4.2904096 9.423578 1.2258313
4.367024 9.691729 1.4173673
4.55856 9.998186 1.4939818
4.9416323 10.381258 1.7238251
5.3247046 10.649409 1.9919758
5.554548 10.91756 2.6048915
5.094861 10.802638 2.7581203
4.3287168 10.572794 2.7198129
3.371036 10.151415 2.6431985
2.4899697 9.768343 2.4133554
1.9153614 9.653421 1.9536686
1.7238252 9.768343 1.685518
1.8770542 10.189722 1.3024458
2.183512 10.6877165 1.2258313
2.6431987 11.377247 1.8770542
2.681506 11.568783 2.3750482
2.6431987 11.722012 2.834735
2.4133554 11.798626 3.1028855
2.030283 11.798626 3.2944217
1.532289 11.722012 3.371036
0.95768064 11.568783 3.141193
0.4213795 11.33894 2.7964277
-7.4505806E-9 11.147404 2.3750482
-0.30645782 10.955868 2.0685902
-0.61291564 10.6877165 1.9919758
-0.9576807 10.457872 2.0685902
-1.340753 10.113108 2.221819
-1.7621324 9.768343 2.1452045
-2.1068976 9.500193 1.8770541
-2.2218192 9.385271 1.5322891
-2.183512 9.500193 1.1492169
-2.1068976 9.653421 1.0342952
-1.9919758 9.844957 1.1492168
-2.0685902 9.844957 1.4556746
-2.3750482 9.5385 1.8770542
-2.6815057 9.155428 2.4133554
-2.9496562 8.772355 2.9496565
-3.1411924 8.42759 3.4476504
-3.1794996 8.350976 3.6008792
-3.1028852 8.465898 3.2944214
-2.9496565 8.542512 2.719813
-2.681506 8.695741 1.877054
-2.4133554 8.734048 1.2258312
-2.2601264 8.619126 0.8044517
-2.2218192 8.580819 0.49799395
-2.2601264 8.504205 0.4213795
-2.2984335 8.465898 0.3830723
-2.2601264 8.465898 0.3830723
-2.1835117 8.465898 0.5363012
-2.1068974 8.542512 0.61291564
-2.030283 8.619126 0.61291564
-1.9153614 8.772355 0.5746084
-1.8387469 8.887277 0.4213795
-1.685518 9.040505 0.30645782
-1.5322891 9.2703495 0.4213795
-1.5322891 9.385271 0.6512229
-1.6089035 9.500193 0.95768064
-1.8770541 9.461885 1.3790601
-2.183512 9.346963 1.685518
-2.681506 9.002198 2.0685902
-2.834735 8.848969 2.0685902
-2.9496565 8.695741 2.2601264
-3.1411927 8.580819 2.9113493
-3.1411927 8.580819 3.4093432
-3.1411927 8.580819 3.7541084
-3.0262709 8.619126 4.098873
-2.8730419 8.734048 4.1754875
-2.7581203 8.848969 4.1754875
-2.681506 8.887277 4.060566
-2.7581205 8.734047 3.9456444
-2.9496565 8.350975 3.9073372
-3.1028855 7.967903 3.9839516
-3.1411927 7.508217 4.098873
-3.0262709 7.2400656 4.2137947
-2.7581203 7.125144 4.098873
-2.336741 7.125144 3.677494
-1.8770541 7.393295 3.1028855
-1.4173673 7.5848308 2.4133554
-0.9959879 7.776367 1.685518
-0.68953013 7.8146744 1.187524
-0.5363012 7.6614456 0.88106614
-0.49799395 7.4316025 0.6512228
-0.49799395 7.1634517 0.53630114
-0.5363012 6.8186865 0.34476504
-0.49799395 6.5122285 0.2681506
-0.38307226 6.1674633 0.2681506
-0.22984336 5.861006 0.6512229
-0.038307227 5.554548 1.3790601
0.076614454 5.401319 1.9153614
0.076614454 5.5162406 2.6048915
0.11492168 5.631162 2.987964
0.038307227 5.861006 2.7581205
-0.11492168 5.861006 2.2601266
-0.19153613 5.631162 1.3790601
-0.34476504 5.4779334 0.49799395
-0.4213795 5.363012 0.15322891
-0.34476504 5.554548 0.22984336
-0.15322891 6.090849 0.8044518
0.07661445 6.703765 1.6089035
0.2681506 7.3549876 2.2984335
0.4213795 7.73806 2.7964275
0.3830723 7.8912888 2.8347347
0.2681506 7.8529816 2.4899697
0.11492168 7.776367 2.0685902
-0.038307227 7.8912888 1.9153612
-0.11492168 8.159439 1.9536686
-0.076614454 8.580819 2.2984335
0.0 9.002199 2.6815057
0.19153613 9.423578 2.7964275
0.38307226 9.730036 2.719813
0.49799395 9.921572 2.566584
0.61291564 10.151415 2.6048915
0.6512228 10.304645 2.9113493
0.6512228 10.534488 3.4476504
0.6895301 10.764331 3.8690298
0.7661445 11.032481 3.9456444
0.7661445 11.262324 3.6774938
0.6512228 11.18571 3.2944214
0.4213795 11.109096 3.217807
0.19153613 11.032481 3.6008794
0.19153613 11.109096 4.4819455
0.57460845 11.722012 5.5162406
1.1492169 12.449849 6.3206925
1.7621324 13.139379 6.62715
2.1452048 13.522451 6.435614
2.030283 13.40753 6.0525417
1.5705962 13.024458 5.707777
0.8044517 12.334927 5.707777
-0.03830725 11.798626 5.861006
-0.61291564 11.377247 5.899313
-0.8810662 11.224018 5.7460837
-0.7661445 11.377247 5.363012
-0.5363012 11.568783 4.865018
-0.22984335 11.798626 4.673482
0.11492168 11.990162 4.8267107
0.45968673 12.220005 5.094861
0.8810662 12.56477 5.554548
1.3790603 13.330915 5.93762
1.1492169 13.330915 5.861006
0.68953013 13.024457 5.6311626
-0.03830722 12.411542 5.4396267
-0.80445176 11.683704 5.401319
-1.4556746 10.994175 5.3247046
-1.9919758 10.419566 5.286397
-2.336741 9.998186 5.133168
-2.4516625 9.730036 5.0182467
-2.4133554 9.730036 4.9799395
-2.2218192 9.844957 4.903325
-1.9919758 9.959879 4.865018
-1.8004398 10.0748005 4.7500963
-1.6472108 10.036493 4.673482
-1.6089035 9.883265 4.711789
-1.5705963 9.768343 4.673482
-1.5705963 9.691729 4.5968676
-1.6855179 9.615114 4.3287168
-1.8387468 9.615114 3.9839516
-2.030283 9.615114 3.86903
-2.2218192 9.615114 3.7541084
-2.2984335 9.691729 3.7924156
-2.2218192 9.80665 3.9456444
-1.9919758 9.959879 4.060566
-1.5705962 10.266336 4.252102
-1.0342951 10.534487 4.405331
-0.7278373 10.6877165 4.2904096
-0.61291564 10.726024 4.098873
-0.7278373 10.496181 4.0222588
-0.9576807 10.189722 4.098873
-1.0726024 9.883265 4.405331
-1.0342951 9.691729 4.673482
-0.842759 9.576807 4.903325
-0.6512228 9.576807 5.094861
-0.34476504 9.691729 5.209783
0.0 9.844957 5.171476
0.42137948 10.0748005 4.9799395
0.842759 10.228029 4.6351743
1.1492168 10.189722 4.405331
1.1875241 9.921572 4.4819455
0.842759 9.270349 4.6351743
0.38307226 8.350975 4.9799395
0.038307227 7.546523 5.094861
-0.15322891 6.8953004 5.056554
0.0 6.62715 4.903325
0.3830723 6.7037644 4.7500963
0.842759 6.895301 4.711789
1.5322891 7.3932953 4.865018
2.4133554 8.082826 5.094861
3.371036 8.963892 5.094861
4.2904096 9.730037 4.9799395
5.0182467 10.189723 4.6351748
5.2863975 10.304645 4.213795
5.2480903 9.998186 3.9456444
4.903325 9.538499 3.8307228
4.4436383 8.925584 3.9839516
4.0222588 8.312668 4.3287168
3.6008792 7.776367 4.5968676
3.3327286 7.3932953 4.903325
3.1411927 7.125144 5.0182467
3.1794999 6.933608 4.903325
3.4859576 7.0102224 4.7500963
3.9073372 7.1634517 4.3287168
4.4053307 7.431602 3.8307228
4.8267107 7.8529816 3.4859576
5.0182467 8.082825 3.3327289
5.056554 8.159439 3.4859576
4.9416323 8.159439 3.8307228
4.7500963 7.967903 4.2904096
4.5202527 7.8146744 4.711789
4.252102 7.6231384 4.9799395
3.9839516 7.354988 5.133168
3.715801 7.1634517 5.056554
3.4476504 6.933608 4.903325
3.3327289 6.9719152 4.903325
3.371036 7.1634517 4.8267107
3.4093432 7.354988 4.7884035
3.6008792 7.699753 4.7500963
3.7924154 8.00621 4.673482
3.9456444 8.274361 4.903325
4.098873 8.542512 5.2097826
4.1371803 8.619126 5.4396267
4.0222588 8.542512 5.6311626
3.7924156 8.427589 5.439626
3.6008794 8.389282 5.1331687
3.524265 8.389282 4.9416323
3.5625722 8.465897 4.7500963
3.6391866 8.504205 4.7884035
3.6391866 8.542512 4.903325
3.5242648 8.619126 5.0182467
3.3327286 8.695741 4.9799395
3.1411927 8.810662 4.9416323
3.0262709 8.848969 4.903325
2.9113493 8.848969 4.750096
2.7964277 8.810662 4.6734815
2.681506 8.772355 4.6351743
2.48997 8.6574335 4.5202527
2.2601266 8.734048 4.4819455
2.1068976 8.772355 4.5968676
1.9536686 8.810662 4.6351748
1.8387469 8.887277 4.673482
1.7621324 8.848969 4.711789
1.6472107 8.848969 4.55856
1.5705963 8.925584 4.3670235
1.532289 9.040505 4.2137947

