1.4939818 9.078813 4.060566
0.8810662 9.078813 4.903325
0.9959879 10.189722 5.363012
1.1492169 11.3006315 5.5928555
1.532289 12.5264635 5.5162406
1.685518 13.139379 5.5162406
1.685518 12.871228 5.4779334
1.7621324 12.5264635 5.592855
1.9536686 12.181698 5.8226986
1.9919758 11.836933 6.0525417
1.9919758 11.568783 6.2440777
1.8770541 11.262325 6.2440777
1.6089035 10.840945 5.93762
1.4173675 10.381259 5.439626
1.0726024 9.346963 4.4436383
1.1492168 8.963891 4.367024
1.3024457 8.695741 4.8267107
1.340753 8.312669 5.133168
0.8810662 7.584831 5.133168
0.30645782 7.1634517 4.443639
-0.22984338 6.8569937 3.86903
-0.7278373 6.435614 3.3327289
-1.2258313 5.7843914 2.4899697
-1.2641385 5.4779334 1.9919758
-1.2258313 5.286397 1.4556745
-1.1875241 4.9416323 0.8810662
-1.3024457 4.3670235 -0.19153613
-1.3024457 4.1371803 -0.53630114
-1.1875241 4.060566 -0.5746084
-0.8810662 4.098873 -0.26815057
-0.53630114 4.1371803 0.15322891
-0.1532289 4.1754875 0.7661445
0.15322891 4.2904096 1.3790603
0.34476507 4.3287168 1.685518
0.45968676 4.4436383 1.8387468
0.45968676 4.6351748 1.6855179
0.45968676 4.7500963 1.3407528
0.45968676 4.903325 1.0726024
0.4213795 4.9799395 0.7278373
0.5363012 5.2097826 0.38307226
0.7278373 5.6694694 -7.4505806E-9
0.95768064 6.205771 -0.4213795
1.2641385 6.7803793 -0.6512228
1.4173673 7.086837 -0.7661445
1.3790601 7.125144 -0.7661445
1.1875241 7.0102224 -0.30645782
1.1875241 7.1634517 0.11492169
1.3790601 7.3549876 0.5363012
1.6855179 7.4699097 0.88106626
1.9919758 7.584831 0.88106626
2.4516625 7.6231384 0.7661446
2.911349 7.584831 0.61291564
3.3710358 7.776367 0.45968676
3.7541082 8.00621 0.34476507
3.86903 8.274361 -0.07661444
3.8307228 8.580818 -0.53630114
3.6008794 8.695741 -1.1109096
3.4859576 8.887277 -1.3407528
3.5242648 9.078814 -1.2641385
3.6391864 9.385271 -0.9193735
3.86903 9.844957 -0.2681506
3.9073372 10.113108 0.30645782
3.86903 10.381259 0.9576807
3.715801 10.764332 1.3790603
3.524265 11.070789 1.532289
3.4859576 11.377247 1.6089036
3.4476504 11.722012 1.340753
3.4093432 11.836933 0.9193734
3.4093432 11.951855 0.42137948
3.4476504 12.181698 -0.11492169
3.4859579 12.334927 -0.45968673
3.6008794 12.56477 -0.61291564
3.524265 12.641385 -0.53630114
3.1794999 12.488156 -0.22984335
2.6431985 12.181699 0.11492169
1.9153613 11.683704 0.49799395
1.2258313 11.224017 0.842759
0.61291564 10.764331 1.0726024
0.19153613 10.419565 1.2641385
0.0 10.304644 1.3790601
-0.038307227 10.151415 1.5322891
-0.076614454 10.036493 1.6472107
-0.22984335 9.691729 1.6855179
-0.8810662 8.848969 1.6089035
-1.1492169 8.504205 1.5322891
-1.340753 8.350975 1.493982
-1.4173673 8.197746 1.3790601
-1.4173673 7.967903 1.1492168
-1.3024457 7.776367 0.7661445
-1.1492168 7.699753 0.7278373
-0.9959879 7.8529816 0.9959879
-0.88106626 8.197746 1.4939818
-1.0726024 8.542512 2.1068976
-1.4173675 8.810662 2.3750482
-1.9536686 8.925584 2.3367407
-2.681506 8.925584 1.9153614
-3.371036 8.810662 1.532289
-4.0222588 8.6574335 1.3024458
-4.481946 8.465897 1.4173675
-4.711789 8.236053 1.8387469
-4.865018 8.236053 2.2601264
-4.865018 8.274361 2.719813
-4.903325 8.389282 3.0262709
-4.865018 8.6574335 3.2561142
-4.8267107 8.734048 3.3710358
-4.865018 8.772355 3.1794996
-4.9416323 8.580818 2.6431985
-5.133168 8.197746 2.0685902
-5.324704 7.8912888 1.6855179
-5.401319 7.6231384 1.6089034
-5.363012 7.431602 1.8770542
-5.209783 7.240066 2.1452048
-4.865018 7.0485296 2.1452048
-4.55856 6.8569937 1.8770542
-4.2904096 6.742072 1.3407528
-4.098873 6.6654577 0.6512229
-3.9839516 6.550536 0.07661447
-3.8307228 6.3206925 -0.34476504
-3.677494 6.0525417 -0.6512228
-3.371036 5.746084 -0.57460845
-3.0262709 5.4013195 -0.30645782
-2.566584 5.3630123 0.03830722
-1.9919758 5.4779334 0.4213795
-1.4939818 5.861006 0.49799395
-0.9576807 6.397307 0.26815057
-0.49799398 6.8569937 -0.11492168
-0.2681506 7.086837 -0.34476504
-0.2681506 7.0485296 -0.53630114
-0.42137948 6.8569937 -0.4213795
-0.7661445 6.5505357 -0.076614454
-1.0342951 6.3589997 0.38307226
-1.0726024 6.3206925 1.1109096
-0.9576807 6.397307 1.6855179
-0.7661446 6.550536 1.9536686
-0.5746084 6.8569937 1.9153614
-0.45968673 7.125144 1.8004396
-0.38307226 7.6231384 2.0685902
-0.26815057 7.776367 2.566584
-0.076614454 8.00621 2.8730419
0.114921674 8.197746 3.064578
0.30645782 8.312668 2.7581203
0.3830723 8.42759 2.2601264
0.3830723 8.465898 1.8387469
0.45968673 8.542512 1.8770542
0.6895301 8.734048 2.4899697
1.0342951 8.963891 3.4093432
1.2641385 9.38527 4.175488
1.2258313 9.921572 3.9839516
0.8810662 10.342952 3.217807
0.30645782 10.649409 2.2984335
-0.2681506 10.840945 1.8387468
-0.6512229 10.91756 2.1068974
-0.9193735 11.070788 2.9113493
-1.0342952 11.262325 3.8307228
-0.9959879 11.568783 4.55856
-1.0342951 11.951855 5.2097826
-0.8810662 12.334927 5.4779334
-0.61291564 12.832921 5.4779334
-0.22984338 13.292607 5.2863975
0.34476504 13.752295 4.903325
0.6895301 14.211982 4.5202527
0.5363012 14.326903 4.2904096
-0.038307264 14.173675 4.252102
-0.842759 13.67568 4.6351743
-1.5322891 13.2543 5.24809
-1.685518 13.101071 5.899313
-1.5322891 13.215993 6.3206925
-1.340753 13.445836 6.205771
-1.2258313 13.369222 5.746084
-1.340753 13.177686 5.2480903
-1.6855179 12.717999 4.9416323
-2.030283 12.296619 4.7884035
-2.4516625 12.028469 4.865018
-2.6431987 11.760319 4.903325
-2.4899697 11.760319 5.0182467
-2.183512 11.722012 5.0948615
-1.9536686 11.453861 5.018247
-1.8770542 11.147403 4.9416327
-1.9153614 10.764331 4.865018
-2.1452048 10.342951 4.711789
-2.5665843 9.959879 4.7884035
-2.9879637 9.615114 4.8267107
-3.2944214 9.461885 4.750096
-3.3710358 9.346964 4.6734815
-3.217807 9.346964 4.5202527
-3.026271 9.385271 4.3287163
-2.9879637 9.232042 4.2137947
-3.1028852 9.155427 4.3287163
-3.2561145 9.11712 4.4436383
-3.4476504 9.040505 4.5968676
-3.562572 8.963891 4.7884035
-3.6774938 8.848969 4.7884035
-3.9456444 8.695741 4.8267107
-4.213795 8.504204 4.9799395
-4.405331 8.465897 5.133168
-4.367024 8.542511 5.592855
-4.0222588 8.772355 5.899313
-3.4859576 9.078813 5.9759274
-3.026271 9.346964 5.784391
-2.834735 9.500193 5.2097826
-2.9113493 9.423578 4.711789
-3.217807 9.232042 4.405331
-3.4859576 8.772355 4.290409
-3.715801 8.236053 4.3670235
-3.7924156 7.8529816 4.596867
-3.6774938 7.6231384 4.8650174
-3.371036 7.73806 5.133168
-2.834735 7.967903 5.2097826
-2.2601264 8.350975 4.9416323
-1.6472108 8.580818 4.252102
-1.1875241 8.619126 3.4859576
-0.7661446 8.695741 2.873042
-0.34476504 8.695741 2.75812
-0.076614454 8.772355 3.256114
0.11492168 8.925584 4.1754875
0.11492168 9.002198 5.056554
-0.11492168 8.772354 5.439626
-0.34476504 8.312668 5.439626
-0.61291564 7.776367 5.1714754
-0.842759 7.2783737 4.9416323
-0.9576807 7.0485296 5.0182467
-0.842759 7.163452 5.51624
-0.53630126 7.508217 6.320692
-0.038307264 7.8912888 6.7803793
0.4213795 8.236053 6.6271505
0.6895301 8.6574335 5.0182467
0.53630114 8.772355 4.5585604
0.38307226 8.734048 4.9416323
0.30645782 8.695741 5.707777
0.34476507 8.504205 6.6271505
0.49799395 8.465898 7.3549876
0.80445176 8.6574335 7.5465236
1.0726024 8.887277 7.086837
1.4556746 9.078813 6.320692
1.7621324 9.078813 5.6694694
2.030283 8.963891 5.363012
2.2218192 8.734048 5.363012
2.3750482 8.504205 5.6311626
2.5282772 8.236053 5.66947
2.681506 7.967903 5.439626
2.9113493 7.8912888 5.2480903
3.2561142 7.967903 4.9416323
3.6008792 8.236053 4.7884035
3.8307226 8.465897 4.673482
4.060566 8.504204 4.6351748
4.060566 8.542511 4.673482
4.0222588 8.504204 4.673482
4.0222588 8.427589 4.6351748
4.0222588 8.465897 4.673482
4.060566 8.465897 4.673482
4.060566 8.504204 4.5968676
4.060566 8.6574335 4.711789
3.9073372 8.772355 4.7884035
3.6774938 8.925584 4.903325
3.371036 9.040505 5.1331687
3.0262709 9.11712 5.3247046
2.7964277 9.155427 5.477934
2.6431987 9.040505 5.66947
2.528277 8.887277 5.6311626
2.2601264 8.619126 5.5162406
2.0685902 8.580819 5.401319
1.9153614 8.580819 5.554548
1.838747 8.619126 5.707777
1.7621324 8.6574335 5.899313
1.6472108 8.772355 6.090849
1.340753 8.810662 6.129156
0.9959879 8.542511 6.0525417
0.842759 8.580818 5.899313
0.7278373 8.6574335 5.439626

