0.7661445 8.810662 5.094861
0.7661445 9.117121 4.903325
0.6512228 9.155428 4.7884035
0.11492169 9.040505 5.6311626
-0.22984335 9.385271 5.477934
-0.53630114 9.768343 5.094861
-0.45968673 10.381258 4.6351748
-0.4213795 9.80665 3.5625722
-0.038307242 9.576807 3.4859576
0.38307226 9.423578 3.8307226
0.7661445 9.308657 4.4819455
0.842759 9.193735 5.171476
0.7278373 8.963891 5.5545483
0.26815057 8.274361 5.3630114
0.11492168 7.8912888 4.903325
0.038307227 7.6614456 4.3287163
-0.11492168 7.469909 4.098873
-0.38307226 7.3549876 4.1754875
-0.61291564 7.04853 4.4436383
-0.7661446 6.6271505 4.405331
-0.842759 6.167464 4.137181
-0.7661445 5.7843914 3.4476504
-0.61291564 5.592855 2.911349
-0.38307226 5.554548 2.4133554
-0.15322891 5.592855 2.183512
0.076614454 5.554548 2.2218192
0.4213795 5.66947 2.2601264
0.68953013 5.746084 2.3367407
0.842759 5.7843914 2.3750482
0.91937345 5.8226986 2.336741
0.80445176 5.592855 2.221819
0.5746084 5.324704 2.1835117
0.38307226 4.9799395 2.1452045
0.22984335 4.673482 2.2984335
0.076614454 4.55856 2.528277
0.076614454 4.55856 2.681506
0.19153613 4.673482 2.834735
0.2681506 4.903325 2.7964277
0.34476504 5.056554 2.6048915
0.38307226 5.1714754 2.2218192
0.42137948 5.363012 1.8004396
0.53630114 5.5928555 1.3790603
0.8044517 5.899313 1.0726023
1.187524 6.2057705 1.1109096
1.532289 6.512228 1.3024457
1.9153614 6.703765 1.5705963
2.2218192 6.9719152 1.8387469
2.4133554 7.163451 1.9536686
2.6431987 7.3549876 1.8004397
2.7581205 7.6231384 1.6089035
2.9496565 7.73806 1.340753
3.217807 7.8529816 0.8044518
3.4476504 7.967903 0.19153616
3.7541082 8.121132 -0.30645782
4.0222588 8.427589 -0.57460845
4.290409 8.848969 -0.38307226
4.5202527 9.193735 -0.038307212
4.673482 9.385271 0.38307226
4.7884035 9.423578 0.80445176
4.8267107 9.308657 1.0726024
4.7884035 9.193734 1.4556746
4.7884035 9.193734 1.6089035
4.7884035 9.308656 1.6089035
4.865018 9.653421 1.685518
5.018247 10.036494 1.8387469
5.209783 10.304645 1.9536686
5.363012 10.496181 1.8770541
5.401319 10.649409 1.8004397
5.401319 10.802638 1.5322891
5.2480903 10.994174 1.4556746
4.97994 11.109096 1.6089035
4.5585604 10.955867 1.8004397
4.0222588 10.687716 2.1452048
3.371036 10.151415 2.4899697
1.9919758 9.002198 3.0645783
1.340753 8.542511 2.873042
0.7661446 8.274361 2.4899697
0.2681506 8.197746 2.0685902
0.0 8.274361 1.4939818
-0.15322891 8.465897 1.340753
-0.15322891 8.848969 1.3790601
-0.076614454 9.155427 1.5705963
-0.076614454 9.423578 1.8770541
-0.30645782 9.346964 2.1068974
-0.6512228 9.155428 2.2218192
-0.9959879 9.002198 2.2218192
-1.3024457 8.925584 2.183512
-1.3790601 9.002198 2.183512
-1.3790601 9.193734 2.2984335
-1.3790601 9.4618845 2.6048913
-1.3790601 9.80665 2.8730419
-1.3790601 10.22803 3.064578
-1.340753 10.6877165 3.1028852
-1.4173675 10.994175 2.9496565
-1.5705963 11.185711 2.8347347
-1.8770542 11.185711 2.7964275
-2.2984338 10.840945 2.9113493
-2.7581203 10.457873 2.9879637
-3.1794999 10.036493 3.0262709
-3.4093432 9.80665 3.1411924
-3.5242648 9.768343 3.1411924
-3.4476504 9.844957 3.1411924
-3.371036 9.921572 3.1028852
-3.3327289 9.80665 2.9496565
-3.3327289 9.691729 2.873042
-3.371036 9.500193 2.7581205
-3.2944217 9.461885 2.6431987
-3.2561142 9.5385 2.566584
-3.1794999 9.576807 2.3750482
-3.1794999 9.461885 2.1835117
-3.3710358 9.155428 2.0685902
-3.562572 8.772355 1.9536686
-3.7541084 8.504205 1.9536686
-3.7924156 8.42759 1.9536686
-3.6008792 8.465898 2.1068974
-3.3327286 8.695741 2.2601264
-3.0262709 8.848969 2.2984335
-2.7964275 8.925584 2.3367407
-2.719813 9.002198 2.1452048
-2.719813 8.887277 1.8387469
-2.9113493 8.657433 1.685518
-3.1028855 8.389282 1.5705963
-3.2561142 8.00621 1.685518
-3.371036 7.699753 1.8770542
-3.2944217 7.4699097 2.030283
-3.1795 7.3549876 2.2218192
-2.9496565 7.3166804 2.2601264
-2.6048913 7.3166804 2.4133554
-2.2601266 7.393295 2.4133554
-1.9536686 7.3549876 2.3367407
-1.685518 7.1634517 2.0685902
-1.4556746 6.7803793 1.5322889
-1.1875241 6.205771 0.9576807
-0.9193734 5.8226986 0.49799395
-0.68953013 5.707777 0.30645782
-0.4213795 5.93762 0.30645782
-0.11492168 6.512229 0.45968673
0.22984335 7.125144 0.61291564
0.61291564 7.6614456 0.61291564
0.9576807 7.8529816 0.45968673
1.1875241 7.6614456 0.38307226
1.3024458 7.201759 0.38307226
1.2258313 6.6271505 0.5746084
0.91937345 6.2823853 1.1109096
0.5746084 6.090849 1.7238252
0.38307226 5.93762 1.9919758
0.57460845 5.899313 1.7238252
0.8810662 5.9759274 1.0726024
1.1109096 6.3206925 0.7278373
1.1875241 6.742072 0.7661445
1.0342951 7.240066 1.0342951
0.80445176 7.5082164 1.532289
0.5363012 7.546524 2.0685902
0.38307226 7.240066 2.2601264
0.38307226 6.8569937 2.3750482
0.4213795 6.8569937 2.566584
0.45968676 7.0485296 2.7964277
0.5746084 7.661445 3.0262709
0.7278373 8.350975 3.217807
0.842759 8.810661 3.1794996
0.9576807 9.193734 2.7964275
0.9193734 9.193734 2.4133554
0.6129156 9.002198 2.183512
0.038307227 8.6574335 2.4899697
-0.53630114 8.389282 3.064578
-0.8810662 8.465897 3.8690298
-0.8810662 8.925583 4.4436383
-0.5363012 9.691729 4.367024
-0.114921674 10.266336 4.0222588
0.22984338 10.687716 3.562572
0.45968673 10.955867 3.4859576
0.68953013 11.032481 3.7924156
0.88106626 11.262325 4.2904096
0.99598795 11.645397 4.7884035
1.1875241 12.105083 4.903325
1.3024457 12.794614 4.865018
1.187524 13.215993 4.6351748
0.84275895 13.177686 4.2904096
0.07661444 12.756307 4.2904096
-0.6895301 12.105084 4.5968676
-1.0726023 11.722012 5.24809
-1.0726023 11.9135475 6.090849
-0.5746084 12.603078 6.6271505
-0.038307227 13.522451 6.6654577
0.38307226 14.326903 6.512229
0.61291564 14.748282 6.3589993
0.5363012 14.748282 6.282385
0.26815057 14.365211 6.5122285
-0.15322891 13.713988 6.7420716
-0.5746084 12.909536 6.780379
-0.91937345 12.143392 6.6654572
-1.0726023 11.530476 6.397307
-1.0726023 11.224017 6.1674633
-0.8810662 11.18571 5.9759274
-0.53630114 11.3006315 5.9759274
-0.19153613 11.645397 5.7843914
0.19153613 11.9135475 5.439626
0.34476504 11.990162 5.094861
0.30645782 11.9135475 4.7117887
0.11492168 11.453861 4.596867
-0.26815057 10.840945 4.6734815
-0.9959879 9.844957 4.9799395
-1.2641385 9.576807 4.903325
-1.493982 9.615114 4.7500963
-1.7238253 9.691729 4.5968676
-1.9536686 9.844957 4.5968676
-2.2218192 9.921572 4.673482
-2.528277 9.844957 4.7884035
-2.834735 9.691729 4.865018
-3.1028857 9.5385 4.711789
-3.3327289 9.5385 4.673482
-3.5242648 9.730036 4.865018
-3.6008792 9.959879 4.9416323
-3.7924154 9.959879 5.171476
-4.098873 9.80665 5.363012
-4.3287168 9.461885 5.3247046
-4.5968676 9.155428 5.401319
-4.711789 8.963891 5.554548
-4.5968676 8.734047 5.4779334
-4.5202527 8.350975 5.2863975
-4.2521024 7.4316025 4.7500963
-3.6774938 7.0485296 4.8267107
-3.0262709 7.278373 4.903325
-2.3367407 8.00621 4.903325
-1.4939818 8.848969 4.7500963
-0.7661445 9.5385 4.6351748
-0.2681506 9.883265 4.5585604
-0.076614454 9.653421 4.5202527
-0.15322891 9.11712 4.55856
-0.49799395 8.580819 4.443638
-0.80445176 8.082825 4.55856
-0.9576807 7.73806 4.865018
-0.9193735 7.546524 5.286397
-0.6512229 7.4699097 5.93762
-0.34476504 7.699753 6.1291566
0.038307227 8.082825 6.052542
0.4213795 8.619126 5.746084
0.7278373 9.040505 5.363012
0.9193735 9.232041 5.2480903
0.9576807 9.040505 5.171476
0.80445176 8.619126 5.4013195
0.6895301 8.274361 5.516241
0.6895301 7.929596 5.5928555
0.7661445 7.8912888 5.516241
1.0726024 8.0445175 5.24809
1.4939818 8.274361 5.133168
1.9536686 8.695741 5.286397
2.4133554 9.040506 5.7843914
2.6431987 9.232042 6.090849
2.681506 9.155428 6.129156
2.566584 8.772355 5.8226986
2.375048 8.389282 5.286397
2.2984335 7.967903 4.9799395
2.2601264 7.699753 4.673482
2.2984335 7.6231384 4.481946
2.4516625 7.6614456 4.520253
2.681506 7.8912888 4.7884035
3.4093432 8.542512 5.7843914
3.7541082 8.887278 5.7843914
3.9456444 9.002199 5.4013186
4.0222588 9.040506 4.7500963
3.9839516 8.963892 4.1754875
3.9073372 8.695741 3.9456444
3.8307228 8.504204 3.86903
3.7541084 8.350975 4.060566
3.7541084 8.236053 4.4053307
3.7541084 8.236053 4.788403
3.715801 8.121132 5.1714754
3.6774938 8.0445175 5.401319
3.562572 7.929596 5.4779334
3.4859576 8.00621 5.5162406
3.5242648 8.274361 5.5545483
3.5242648 8.504205 5.5545483
3.4859576 8.734048 5.439626
3.2944214 8.734048 5.286397
3.0262709 8.619125 5.094861
2.719813 8.465897 4.7500963
2.375048 8.542511 4.367024
2.2601264 8.772354 4.367024

