2.2601264 9.002198 4.7884035
0.6895301 9.346963 5.401319
0.3830723 10.381258 5.1331687
0.49799395 11.377246 5.477934
0.7278373 12.181699 5.2863975
0.842759 12.334928 5.2480903
0.5363012 11.722012 5.1714754
0.2681506 11.032482 5.094861
-0.076614454 10.304644 5.094861
-0.2681506 9.615114 5.133168
-0.2681506 9.002199 5.286397
-0.22984336 8.6574335 5.3247046
-0.076614454 8.465898 5.2863975
0.038307227 8.389282 5.1331687
0.038307227 8.274361 4.6351748
0.038307227 8.0445175 4.2521024
0.0 7.73806 3.7924156
-0.076614454 7.4699097 3.4859579
-0.11492168 7.1634517 3.4476504
-0.076614454 6.9719152 3.371036
-0.076614454 6.703765 3.2561145
-0.076614454 6.359 3.064578
-0.15322891 6.0142345 2.7581205
-0.30645782 5.516241 2.336741
-0.3830723 5.094861 1.9919758
-0.34476504 4.865018 1.4556746
-0.19153613 4.7500963 1.0342951
-0.038307227 4.7884035 0.7661445
0.15322891 4.903325 0.68953013
0.19153613 4.865018 0.8810662
0.15322891 4.7500963 0.9959879
0.038307227 4.4819455 1.1875241
-0.30645782 3.86903 1.3024458
-0.5363012 3.6774938 1.4556746
-0.6895301 3.6391866 1.4556746
-0.7661446 3.7541084 1.4556746
-0.6895301 4.0222588 1.3790601
-0.45968673 4.405331 1.340753
-0.15322891 4.903325 1.1875241
0.11492168 5.363012 1.0342951
0.34476507 5.861006 0.91937345
0.6895301 6.473921 0.7278373
0.842759 6.6271505 0.8044518
0.8810662 6.703765 0.9959879
0.8810662 6.8569937 1.1492168
0.95768064 6.9719157 1.1875241
1.0726023 7.201759 1.1875241
1.4939818 7.508217 1.1109096
2.4133554 8.350975 1.1109096
2.7964275 8.772355 0.9959879
3.0262709 9.11712 0.8810662
3.217807 9.2703495 0.80445176
3.4859576 9.385271 0.6512228
3.7541082 9.346964 0.80445176
3.9073372 9.2703495 1.0342951
4.098873 9.193735 1.2258313
4.098873 9.078813 1.3407528
4.1371803 9.078813 1.3407528
4.2904096 9.270349 1.2641385
4.4436383 9.615114 1.3024457
4.7500963 10.074801 1.3024457
5.056554 10.572795 1.3407528
5.2480903 10.91756 1.2258313
5.2863975 11.070788 1.1109095
5.2863975 11.109096 1.0342951
5.133168 11.109096 1.0726024
5.0182467 11.147404 1.4173675
4.9416323 11.109097 1.9536686
4.711789 11.032482 2.6048913
4.4819455 10.802638 3.1411924
4.098873 10.419566 3.371036
3.6774936 10.151415 3.1795
3.2944214 9.921572 2.7964277
2.9879637 9.80665 2.3750482
2.873042 9.844957 1.9536686
2.7581205 9.959879 1.6472108
2.5665843 10.036493 1.4556746
2.183512 9.998186 1.2258313
1.5705963 9.730036 1.3407528
0.8810662 9.308657 1.5705962
0.2681506 8.925584 1.8004396
-0.22984335 8.619126 1.9536686
-0.6512229 8.580819 1.8387468
-1.1109096 8.619126 1.532289
-1.5705962 8.6574335 1.2258313
-1.9536686 8.772355 1.1492168
-2.2218192 9.040505 1.532289
-2.1452045 9.2703495 2.030283
-2.2218192 9.615114 2.566584
-2.4516625 9.5385 2.4133554
-2.834735 9.308656 2.030283
-3.2178073 8.887277 1.6089035
-3.5242648 8.619125 1.3790601
-3.677494 8.504204 1.3024458
-3.5625722 8.69574 1.340753
-3.217807 9.078814 1.6472107
-2.7964275 9.576807 1.9536686
-2.4133554 10.0748005 2.336741
-2.183512 10.419566 2.6431987
-2.1452048 10.649409 2.7964277
-2.2601264 10.611102 2.873042
-2.4899697 10.342951 2.834735
-3.064578 9.500193 2.7581205
-3.3710358 9.232041 2.6048915
-3.6008794 9.11712 2.4516625
-3.7924156 9.078813 2.2984335
-3.9073372 9.078813 2.2218192
-3.9073372 9.078813 2.2218192
-3.86903 9.11712 2.2601264
-3.7924156 9.232042 2.3750482
-3.6391866 9.308657 2.566584
-3.524265 9.346964 2.6431987
-3.4476504 9.423578 2.7581205
-3.371036 9.385271 2.7964277
-3.371036 9.232042 2.7581205
-3.3327289 9.002198 2.7581205
-3.2178073 8.580819 2.7964277
-3.0645783 8.197746 3.026271
-2.873042 7.929596 3.0645783
-2.719813 7.6614456 3.0645783
-2.5665843 7.4699097 2.873042
-2.4133554 7.3932953 2.4899697
-2.2218192 7.201759 2.183512
-1.9536686 7.04853 1.9919758
-1.6472108 6.895301 1.9919758
-1.3790601 6.435614 1.9153614
-1.187524 6.0142345 1.9536686
-1.0342951 5.554548 1.8004397
-0.9959879 5.133168 1.340753
-0.80445176 4.7500963 0.03830722
-0.6895301 4.7500963 -0.57460845
-0.4213795 4.9799395 -0.80445176
-0.15322892 5.439626 -0.5363012
0.22984336 6.397307 0.6512228
0.19153613 6.62715 1.1875241
0.038307227 6.6654572 1.4173675
-0.15322891 6.5505357 1.4939818
-0.34476507 6.244078 1.5705962
-0.45968676 5.784391 1.6472108
-0.57460845 5.286397 1.7621324
-0.6512228 4.9416323 2.030283
-0.6895301 4.9416323 2.2601264
-0.6512228 5.4013186 2.4133554
-0.344765 6.129156 2.3750482
0.07661446 7.086837 2.0685902
0.61291564 8.082826 1.5705963
1.0342951 8.887277 1.0726023
1.2258313 9.5385 0.8810662
1.1492169 9.844957 1.0726023
0.8810662 9.844957 1.685518
0.49799395 9.615114 2.4516623
0.114921674 9.270349 3.0262709
-0.19153613 9.040505 3.371036
-0.4596867 8.887277 3.2561145
-0.6129156 9.040505 2.834735
-0.68953 9.461885 2.2601264
-0.5746084 10.0748005 1.6472108
-0.34476504 10.6877165 1.2641385
-0.038307227 11.185711 1.2258313
0.34476504 11.530476 1.6472108
0.6512229 11.760319 2.4516625
0.7278373 11.9135475 3.4476504
0.6512229 11.836933 4.3670235
0.22984338 11.60709 5.056554
-0.42137948 11.032481 5.209783
-0.9959879 10.534488 5.018247
-1.4939818 10.228029 4.711789
-1.685518 10.189722 4.2521024
-1.6089035 10.611102 4.1371803
-1.340753 11.18571 4.3287168
-1.0726023 11.798626 4.673482
-0.80445176 12.488155 5.3247046
-0.6512228 12.947844 5.93762
-0.5746084 13.330915 6.3589997
-0.49799398 13.637373 6.7420716
-0.45968676 13.713987 6.8569937
-0.49799395 13.790602 6.8186865
-0.5746084 13.67568 6.5888433
-0.72783726 13.599066 6.3589993
-0.9193734 13.522451 6.129156
-1.0726023 13.369223 5.861006
-1.187524 13.330915 5.8226986
-1.2641385 13.254301 5.7843914
-1.3790601 13.101071 5.7843914
-1.5705963 12.679691 5.861006
-1.8387469 12.220005 5.899313
-2.1068974 11.722012 5.746084
-2.2984335 11.262325 5.477934
-2.4516625 10.91756 4.673482
-2.6048913 10.611102 4.2521024
-2.8347347 10.228029 3.86903
-3.1028852 9.653421 3.677494
-3.3710358 9.232042 3.8307228
-3.6008794 8.887278 4.060566
-3.8307228 8.6574335 4.443638
-3.9839516 8.465897 4.711789
-3.9839516 8.389282 4.903325
-3.9456444 8.427589 4.9416323
-3.9073372 8.504204 4.865018
-3.9839516 8.619126 4.7884035
-4.098873 8.695741 4.8267107
-4.098873 8.6574335 5.056554
-3.9839516 8.772356 5.2863975
-3.7541084 9.040506 5.363012
-3.4093432 9.2703495 5.171476
-3.2561145 9.500193 4.7884035
-3.1028855 9.5385 4.5202527
-2.9496565 9.5385 4.4819455
-2.7964275 9.461885 4.7117887
-2.4899697 9.423578 5.0182467
-2.1452045 9.461885 5.209783
-1.9153613 9.346964 5.1331687
-1.7238252 9.193735 5.0948615
-1.5705963 8.887277 5.0565543
-1.4556746 8.6574335 5.0565543
-1.1109096 8.542512 5.0565543
-0.8044517 8.580819 4.865018
-0.49799395 8.734048 4.6351748
-0.26815057 8.6574335 4.4819455
-0.19153613 8.695741 4.4436383
-0.11492168 8.695741 4.5202527
0.038307227 8.734048 4.55856
0.15322891 8.772355 4.5202527
0.22984336 8.695741 4.5202527
0.19153613 8.504204 4.5202527
0.15322891 8.236053 4.903325
0.076614454 8.00621 5.401319
-0.038307227 7.73806 5.861006
-0.114921674 7.6231384 6.397307
-0.22984335 7.6231384 6.703765
-0.26815057 7.776367 6.6271505
-0.076614454 8.121132 6.4739213
0.15322891 8.389282 5.93762
0.30645782 8.619126 5.2863975
0.4213795 8.6574335 4.9799395
0.30645782 8.465897 5.056554
0.076614454 8.121132 5.51624
-0.30645782 7.584831 6.090849
-0.8810662 6.7037644 6.8186865
-0.842759 6.5505357 6.8186865
-0.3830723 6.8569937 6.473922
0.22984335 7.3166804 5.9759274
1.0726024 7.8529816 5.5545483
1.8004397 8.427589 4.9799395
2.2601264 8.695741 4.673482
2.5665843 8.734048 4.5202527
2.5665843 8.619125 4.367024
2.4516628 8.312668 4.367024
2.2984338 8.00621 4.4436383
2.2218192 7.776367 4.5968676
2.183512 7.6231384 4.865018
2.2601264 7.508217 5.324704
2.4133554 7.508217 5.746084
2.5665843 7.584831 6.129156
2.834735 7.776367 6.282385
3.1028855 8.0445175 6.2057705
3.371036 8.274361 6.0142345
3.5625722 8.465897 5.439626
3.6774938 8.542512 4.8267107
3.7541084 8.6574335 4.367024
3.7924156 8.6574335 4.060566
3.7541084 8.619126 4.2137947
3.6008792 8.619126 4.6351748
3.4476504 8.465897 5.133168
3.2178073 8.465897 5.6311626
2.987964 8.504204 6.129156
2.7581203 8.465897 6.512229
2.4516625 8.427589 6.703765
2.0685902 8.312668 6.5888433
1.7238252 8.121132 6.397307
1.3790603 8.0445175 5.93762
1.0726023 8.082825 5.7077765
0.99598795 8.197746 5.7077765
0.9576807 8.542511 5.784391
0.9959879 8.772354 6.205771
1.0342951 8.925584 6.2823853
0.9959879 9.040505 6.2057705
0.9576807 9.117121 6.0142345
0.88106626 9.193735 5.707777
0.80445176 9.193735 5.6311626

