0.26815054 8.772355 5.66947
-0.03830725 9.615114 6.052542
-0.3830723 10.534488 6.397307
-0.842759 11.377247 6.6654572
-0.88106626 12.603078 7.0102224
-1.0726023 12.717999 6.9719152
-1.0726023 12.871228 7.0102224
-0.91937345 13.062764 7.278373
-0.61291564 13.177686 7.699753
-0.2681506 13.139379 8.197746
-0.038307227 12.98615 8.427589
0.076614454 12.794614 8.312668
0.076614454 12.564771 7.967903
0.19153613 12.373234 7.4316025
0.34476504 12.181698 6.9719152
0.53630114 11.836933 6.6271505
0.7661445 11.530476 6.435614
0.91937345 11.185711 6.282385
1.187524 10.994174 6.2440777
1.685518 11.070788 6.3589997
2.2218192 11.18571 6.6271505
2.681506 11.262324 6.933608
3.0262709 11.18571 7.1634517
3.0262709 10.91756 6.8569937
2.9113493 10.49618 6.282385
2.6048915 9.959879 5.516241
2.0685904 9.308657 4.6351748
1.5705963 8.542511 4.1371803
1.0726024 8.0445175 3.86903
0.8044517 7.73806 3.9073372
0.68953 7.6614456 4.060566
0.6512228 7.776367 4.2137947
0.6512228 7.8146744 4.1754875
0.6512228 7.776367 3.8307228
0.61291564 7.6614456 3.3327286
0.61291564 7.508217 2.7964275
0.5746084 7.316681 2.2984335
0.45968673 7.125144 2.030283
0.34476504 6.895301 1.9536686
0.11492168 6.703765 1.8770542
-0.11492168 6.5505357 1.838747
-0.22984336 6.397307 1.9153614
-0.22984336 6.3589997 2.1452048
0.0 6.397307 2.566584
0.2681506 6.435614 2.9879637
0.4213795 6.5122285 3.1795
0.53630114 6.588843 3.141193
0.49799395 6.5122285 2.9496565
0.4213795 6.3206925 2.7198133
0.30645782 5.9759274 2.3750482
0.15322891 5.4779334 2.0685902
-0.038307227 4.903325 1.7238252
-0.11492168 4.4436383 1.4173675
0.0 4.367024 1.4173675
0.114921674 4.4819455 1.4556746
0.30645782 4.865018 1.532289
0.4213795 5.3247046 1.6472108
0.5363012 5.631162 1.685518
0.7278373 5.93762 1.8004396
0.91937345 6.2057705 1.8770542
1.1492168 6.320692 1.8004397
1.1875241 6.282385 1.4556746
1.1875241 6.2057705 0.9959879
1.1492169 6.1674633 0.5746084
1.1875241 6.320692 0.34476504
1.4556746 6.703765 0.6129156
1.8387469 7.3932943 1.0342951
2.336741 8.0445175 1.5322891
2.7964277 8.619125 1.9919758
3.1411924 9.078813 2.0685902
3.4093432 9.193734 1.7621324
3.4859576 9.232041 1.1492168
3.4859576 9.2703495 0.4596867
3.4859576 9.308657 0.038307212
3.4859576 9.385271 0.15322888
3.7158012 9.500193 0.7278373
3.9839516 9.653421 1.4939818
4.1754875 9.730036 2.183512
4.3287168 9.80665 2.6048915
4.2904096 9.883265 2.873042
4.2137947 9.883265 2.873042
4.252102 9.959879 2.6048915
4.3287163 10.036493 2.0685902
4.4819455 10.151415 1.2641385
4.711789 10.304645 0.53630114
4.903325 10.534488 -0.038307235
5.0182467 10.879253 -0.30645782
5.056554 11.032482 -0.19153613
4.903325 11.032482 0.19153614
4.5202527 10.764331 0.8810662
3.9839516 10.304645 1.7238252
3.371036 9.80665 2.2984335
2.7964277 9.423577 2.528277
2.336741 9.155427 2.183512
2.0685902 9.002198 1.4173675
1.9153614 9.040505 0.61291564
1.7621324 9.078813 0.076614454
1.6089035 9.11712 0.11492169
1.2258313 9.270349 0.9959879
1.0342951 9.385271 1.4173675
0.842759 9.461885 1.6472108
0.5363012 9.500193 1.6472108
-0.45968673 8.695741 1.8770542
-0.7661445 8.350975 2.1068976
-0.8810662 8.236053 2.566584
-0.84275895 8.389282 2.7964275
-0.8044517 8.69574 2.413355
-0.9193734 9.040505 1.7238252
-1.1875241 9.232041 0.9576807
-1.340753 9.346964 0.30645782
-1.3790603 9.461885 0.076614454
-1.3790603 9.653421 0.19153613
-1.2641385 9.80665 0.38307226
-1.2641385 9.998186 0.5363012
-1.4173675 10.189722 0.5363012
-1.6089035 10.304644 0.49799395
-1.9153614 10.381259 0.4213795
-2.2984335 10.304645 0.57460845
-2.681506 10.036493 0.8810662
-3.2178073 9.691729 1.3790601
-3.6391864 9.423578 2.183512
-3.9456444 9.346964 2.8347347
-4.2137947 9.423578 3.217807
-4.405331 9.5385 3.1794999
-4.6734815 9.500193 2.681506
-5.0182467 9.346964 2.2218192
-5.401319 9.002198 1.9536686
-5.746084 8.580818 1.8770542
-6.0142345 8.236053 1.9536686
-6.0908494 7.967903 2.0685902
-5.8993134 7.967903 2.1835117
-5.516241 8.121132 2.2218192
-5.018247 8.350975 2.2218192
-4.5585604 8.580819 2.183512
-4.175488 8.619126 2.0302832
-3.86903 8.504204 1.9536686
-3.6391866 8.274361 1.8004398
-3.4476504 7.967903 1.532289
-3.2561142 7.584831 1.4173675
-3.064578 7.278373 1.3407528
-2.7581203 6.895301 1.3790603
-2.4133554 6.512229 1.4173675
-2.1068976 6.244078 1.3024457
-1.8770542 5.93762 1.1492169
-1.8004398 5.707777 0.61291564
-1.7238253 5.746084 0.344765
-1.4556746 5.8226986 0.038307227
-0.9576807 5.93762 -0.19153613
-0.4596867 6.0142345 -0.19153613
-0.03830722 6.0525417 0.0
0.22984336 6.1674633 0.22984336
0.22984336 6.244078 0.53630114
0.076614454 6.397307 0.9959879
-0.11492168 6.4739213 1.4556746
-0.30645782 6.3589993 2.030283
-0.4213795 6.1674633 2.528277
-0.4213795 5.9759274 2.528277
-0.45968673 5.7843914 2.2218192
-0.38307226 5.8226986 1.4939818
-0.22984336 6.1291566 0.45968673
-0.076614454 6.4739213 -0.38307223
0.22984336 6.9719152 -0.84275895
0.53630114 7.5082164 -0.6895301
0.7661445 7.967903 0.11492166
0.842759 8.427589 1.1492167
0.6512229 8.772354 2.1068974
0.19153616 8.887277 2.719813
-0.34476504 8.848969 2.9113493
-0.80445176 8.6574335 2.6431987
-1.0342951 8.389282 2.1068976
-1.0726024 8.121132 1.4556746
-0.8810662 7.967903 0.9576807
-0.61291564 8.159439 0.9576807
-0.30645782 8.619125 1.3790603
0.0 9.500193 2.0685904
0.19153613 10.381258 2.5665843
0.38307226 11.147404 2.7581203
0.49799395 11.722012 2.528277
0.4213795 11.722012 2.030283
0.15322891 11.415553 1.7621324
-0.2681506 10.76433 1.6472108
-0.68953013 10.189722 2.030283
-0.842759 10.036493 2.566584
-0.7278373 10.49618 3.1028855
-0.49799395 11.33894 3.3710358
-0.34476504 12.028469 3.2944214
-0.53630114 12.449848 3.2944214
-0.842759 12.296619 3.4859576
-0.9576807 12.258312 4.1371803
-0.7661446 12.679692 4.9416323
-0.19153611 13.560759 5.7077765
0.38307226 14.824897 5.899313
0.72783726 15.820885 5.7843914
0.72783726 16.4338 5.5545483
0.26815057 16.318878 5.1331687
-0.842759 15.399506 4.9799395
-1.340753 14.901512 4.9799395
-1.7621324 14.5567465 5.171476
-1.8770542 14.633361 5.401319
-2.0685902 14.671668 5.7077765
-2.2601266 14.709975 5.9759274
-2.4516625 14.78659 6.0525417
-2.873042 14.480132 6.0142345
-3.3327289 13.867216 5.707777
-3.9456444 12.832921 5.1331687
-4.596867 11.683703 4.711789
-4.9416323 10.649409 4.213795
-5.171476 9.883265 3.9073372
-5.171476 9.653421 3.9456444
-4.9033256 9.730036 3.9839516
-4.520253 10.189722 3.9839516
-4.0605664 10.6877165 4.060566
-3.677494 10.91756 4.060566
-3.4859576 10.840945 4.060566
-3.5242648 10.304644 4.060566
-3.7924156 9.500192 3.8307228
-4.098873 8.695741 3.7541084
-4.367024 8.00621 3.6391869
-4.4819455 7.5465236 3.7158012
-4.405331 7.3166804 3.9839516
-4.1371803 7.354988 4.0222588
-3.7924156 7.6231384 3.9073372
-3.4859576 8.00621 3.4859576
-3.2944217 8.427589 2.7964275
-3.2944217 8.580818 2.3750482
-3.4093432 8.312668 2.4516625
-3.6008792 7.929596 2.9879637
-3.7924154 7.4316025 3.7924154
-3.7924154 7.163451 4.2137947
-3.6774938 7.2783737 4.2137947
-3.4476504 7.4699097 3.9073372
-3.1794999 7.699753 3.371036
-3.064578 7.8146744 3.3327289
-2.9496565 7.929596 3.6774938
-2.8347347 8.082825 4.252102
-2.6048913 8.427589 5.0182467
-2.2218192 8.810661 5.439626
-1.9153614 9.040505 5.363012
-1.8004396 9.078813 5.0182467
-1.8770541 8.810662 4.6734815
-2.1452045 8.350975 4.4436383
-2.2601266 7.8529816 4.596867
-2.1068976 7.5082164 4.9416323
-1.6472108 7.431602 5.2863975
-0.9959879 7.584831 5.66947
-0.34476504 7.8529816 5.707777
0.22984335 8.197746 5.8226986
0.61291564 8.504204 5.707777
0.80445176 8.657433 5.5162406
0.842759 8.580818 5.4779334
0.842759 8.389282 4.9799395
0.8810662 8.121132 4.5968676
1.0342951 8.00621 4.405331
1.4173673 8.350975 4.405331
1.9536685 8.925584 4.673482
2.6048913 9.730036 5.094861
3.217807 10.457872 5.401319
3.5625722 10.611101 5.4779334
3.6008794 10.49618 5.401319
3.3327289 9.959879 5.094861
2.9879637 9.232041 4.865018
2.5665843 8.695741 4.711789
2.2601264 8.159439 4.7500963
2.0685902 7.8529816 5.133168
1.9153614 7.699753 5.5162406
1.8770542 7.584831 6.205771
1.9919758 7.5082164 7.0102224
2.2218192 7.469909 7.431602
2.4899697 7.584831 7.546524
2.719813 7.8912888 7.125144
2.834735 8.159439 6.6271505
2.873042 8.427589 6.244078
2.7964275 8.6574335 5.899313
2.834735 8.810662 5.8226986
2.834735 9.002198 5.7843914
2.7964277 9.040505 5.7843914
2.719813 8.963891 5.899313
2.4899697 8.734047 5.93762
2.1452045 8.504204 5.899313
1.8004396 8.350975 5.93762
1.685518 8.427589 5.93762
1.685518 8.619125 5.9759274
1.8004397 8.810662 5.9759274
1.8770542 9.002198 5.9759274
1.7621324 9.040505 5.9759274
1.5705962 8.887277 6.0142345
1.1875241 8.619126 6.0525417
0.7661445 8.236053 6.129156

