-0.3830723 7.699753 5.7460837
-0.34476507 9.346964 6.5122285
-0.2681506 11.032482 7.3549876
-0.19153616 12.756306 8.197746
0.076614454 14.135366 9.500193
0.11492168 14.211981 9.308656
0.26815057 14.288596 8.887277
0.5363012 14.097059 8.504204
0.6512228 13.713987 8.159439
0.61291564 12.98615 7.929596
0.4213795 12.066776 7.8529816
-0.076614454 10.726024 7.4699097
-0.076614454 10.381258 7.2017593
0.15322891 10.266336 6.7803793
0.5363012 10.228029 6.320693
1.0342951 10.304644 6.0142345
1.4556746 10.304644 5.66947
1.5705963 9.998186 5.363012
1.4173673 9.423578 5.171476
0.9959879 8.657433 4.865018
-0.038307235 7.354987 4.367024
-0.38307226 7.125144 4.098873
-0.61291564 7.0102224 3.7924156
-0.6512229 6.9719152 3.3327289
-0.61291564 6.9719152 2.873042
-0.45968673 7.0102224 2.4133554
-0.19153613 7.163451 2.0685902
0.0 7.3166804 1.9536686
0.076614454 7.3549876 1.9153614
0.038307227 7.1251445 1.9153614
-0.114921674 6.7803793 2.0685902
-0.4213795 6.2823853 2.183512
-0.6512229 5.707777 2.183512
-0.9576807 5.2863975 2.1452045
-1.1492168 4.865018 1.8004397
-1.1875241 4.55856 1.4939818
-1.0726024 4.2521024 1.3024457
-0.842759 4.060566 1.1492169
-0.6512229 4.0222588 1.1109097
-0.57460845 4.098873 1.1109097
-0.68953013 4.2137947 1.1875241
-0.88106626 4.1371803 1.4173675
-1.0342951 3.86903 1.6472108
-0.9959879 3.562572 1.7621324
-0.8044517 3.5242648 1.838747
-0.5363012 3.7158008 1.838747
-0.2681506 4.1371803 1.9153614
-0.038307227 4.7117887 1.9919758
0.15322891 5.2097826 1.9153614
0.26815057 5.592855 1.8387469
0.38307226 5.8226986 1.4939818
0.4213795 5.93762 1.0342951
0.5363012 6.0525417 0.6895301
0.80445176 6.3589997 0.4596867
1.2258313 6.895301 0.6512229
1.8004396 7.6231384 1.1109096
2.336741 8.236053 1.4939818
2.7964275 8.772355 1.6089035
3.1028855 9.078813 1.3024457
3.3327289 9.11712 0.91937345
3.4476504 9.078813 0.6512229
3.4476504 8.963891 0.45968676
3.371036 8.887277 0.49799398
3.217807 8.848969 0.6512229
3.1411927 8.848969 0.8044518
3.217807 8.925584 1.0726024
3.4859576 9.078813 1.3790601
4.060566 9.653421 1.8004396
4.2137947 10.036493 1.7621324
4.098873 10.304644 1.6472108
3.86903 10.419565 1.6472108
3.4859576 10.113108 1.9919758
3.2944217 9.80665 2.3750482
3.0262709 9.691729 2.4899697
2.7964277 9.653421 2.4899697
2.6048913 9.883265 2.336741
2.566584 10.342951 2.0685902
2.7581203 10.802638 1.8004397
2.9879637 11.224018 1.7238253
3.1028852 11.33894 1.7621325
3.064578 11.224018 1.8770541
2.7964275 11.070789 1.9536686
2.3750482 10.840945 1.9153614
2.030283 10.649409 1.6472108
1.7238252 10.49618 1.3024458
1.4173675 10.228029 1.0342952
1.1109096 9.921572 0.68953013
0.7278373 9.615114 0.57460845
0.38307226 9.308657 0.53630114
0.15322891 9.11712 0.6895301
0.0 8.963891 0.95768064
-0.076614454 9.040505 1.1492169
-0.11492168 9.232042 1.2641385
-0.22984336 9.308657 1.1492169
-0.38307226 9.385271 0.91937345
-0.61291564 9.2703495 0.80445176
-0.9959879 9.002199 0.9959879
-1.5322893 8.619126 1.6472108
-1.6472108 8.580819 1.7621325
-1.6472108 8.695741 1.6472108
-1.6472108 9.040505 1.1492169
-1.685518 9.270349 1.2258313
-1.6472108 9.423578 1.3790603
-1.6472108 9.653421 1.8004397
-1.685518 9.844957 2.2984338
-1.685518 10.113108 2.6815057
-1.6472108 10.419565 2.9496565
-1.6089035 10.649409 3.0262709
-1.6089035 10.840945 2.8347347
-1.7621324 10.879252 2.681506
-2.4516625 10.611101 2.681506
-2.9113493 10.304644 3.1411927
-3.5625722 9.615114 3.907337
-3.8307228 9.500193 4.060566
-3.9073372 9.500193 3.86903
-3.9839516 9.5385 3.6008794
-4.060566 9.653421 3.2561142
-4.0222588 9.5385 2.9879637
-3.9456444 9.423578 2.7581203
-3.7924156 9.193734 2.6048915
-3.6008792 8.887277 2.336741
-3.2944217 8.695741 2.0685904
-3.0262709 8.350976 1.838747
-2.7581205 8.159439 1.4939818
-2.528277 7.699753 1.2258313
-2.4133554 7.623138 1.3024458
-2.1068974 7.469909 1.5705965
-1.685518 7.3549876 1.4556746
-1.4173675 7.278373 1.2258313
-1.2258313 7.086837 0.95768064
-0.9959879 6.8186865 0.7661445
-0.842759 6.550536 0.72783726
-0.7661446 6.2823853 0.7661445
-0.6895301 6.129156 0.842759
-0.5746084 6.129156 0.8810662
-0.45968673 6.1674633 0.842759
-0.22984338 6.1674633 0.5363012
-0.076614454 6.0142345 0.22984336
-0.15322891 5.554548 -0.22984336
-0.38307226 5.4779334 0.03830722
-0.5746084 5.4779334 0.49799395
-0.7661446 5.5928555 0.8810662
-0.7278373 5.707777 1.1109096
-0.7278373 5.707777 1.0342951
-0.7278373 5.66947 0.7278373
-0.7278373 5.592855 0.61291564
-0.80445176 5.5162406 0.5746084
-0.7278373 5.631162 0.8044517
-0.5363012 6.090849 1.3024457
-0.19153613 6.742072 1.7238253
0.19153613 7.5848308 1.9919759
0.49799395 8.350975 1.9919759
0.6895301 8.772354 1.7238252
0.72783726 8.963891 1.3790603
0.6512228 9.002198 1.2641386
0.5746084 9.078814 1.4173675
0.4213795 9.461885 1.7621325
0.45968673 10.036493 2.2218194
0.61291564 10.572794 2.5665843
0.7278373 10.955867 2.5665843
0.8810662 11.032481 2.2218192
0.7278373 10.802638 1.7621324
0.4596867 10.649409 1.340753
0.22984335 10.611102 1.2258313
0.11492168 10.802638 1.6089035
0.26815057 11.33894 2.2601264
0.49799395 11.9135475 3.1411924
0.6895301 12.488155 3.8307228
0.6512228 12.832921 4.098873
0.34476504 12.679691 4.1371803
-0.11492169 12.258312 3.9839516
-0.61291564 11.722012 3.8307228
-0.9576807 11.453861 3.7158012
-0.9576807 11.760319 3.6774938
-0.7278373 12.488156 3.8307228
-0.34476507 13.484144 4.213795
-0.038307227 14.211981 4.7884035
-0.114921674 14.518439 5.2480903
-0.5363012 14.288596 5.4013195
-1.1492169 13.67568 5.4013195
-1.9919758 12.641384 5.209783
-1.9919758 12.526463 5.209783
-1.8770542 12.641384 5.1714754
-1.7621324 12.909535 5.2097826
-1.7238252 13.101071 5.3630123
-1.8770542 13.292607 5.477934
-2.0685902 13.369223 5.5545483
-2.2984338 13.215994 5.3247046
-2.6048913 12.832922 5.0182467
-2.834735 12.296619 4.6351743
-3.064578 11.683704 4.3287163
-3.2944217 11.147404 4.252102
-3.4859576 10.6877165 4.098873
-3.7541084 10.342951 4.098873
-3.9456444 10.113108 3.9839516
-4.0222588 10.036493 3.7924156
-3.9073372 10.189722 3.715801
-3.562572 10.611101 3.715801
-3.1794999 11.032481 3.9456444
-2.9496567 11.377247 4.098873
-2.9113493 11.33894 4.1754875
-3.1794999 10.91756 4.0222588
-4.1371803 9.461885 3.409343
-4.55856 8.810662 3.2561142
-4.6351743 8.465897 3.3327286
-4.5202527 8.312668 3.4476504
-4.2521024 8.427589 3.7158012
-3.9073372 8.6574335 3.9456444
-3.6774938 8.772355 4.060566
-3.562572 8.848969 4.060566
-3.4859576 8.772355 3.86903
-3.562572 8.580818 3.677494
-3.5242648 8.389282 3.5242648
-3.4476504 8.236053 3.5625722
-3.3327286 8.197746 3.86903
-3.1028852 8.236053 4.405331
-2.911349 8.236053 5.0182467
-2.6815057 8.274361 5.4779334
-2.4899697 8.312668 5.363012
-2.2218192 8.350975 4.8267107
-1.9153612 8.542512 4.098873
-1.4939817 8.734048 3.4859576
-0.9576807 8.963891 3.2561142
-0.45968673 9.232041 3.2561142
-0.076614454 9.385271 3.217807
0.076614454 9.346964 3.217807
0.0 9.117121 3.2561142
-0.15322891 8.580819 3.409343
-0.30645782 8.082825 3.7924154
-0.2681506 8.00621 4.252102
0.0 8.159439 4.481945
0.34476504 8.619126 4.290409
0.6895301 8.963891 3.9456444
0.8810662 9.040505 3.6391866
0.9576807 9.002198 3.7541082
1.0726024 8.963891 4.4819455
1.2258313 9.11712 5.5545483
1.532289 9.461885 6.3973074
1.9153614 9.768343 6.6654577
2.183512 9.959879 6.3589993
2.4133554 9.80665 5.5545483
2.4899697 9.38527 4.865018
2.4899697 8.963891 4.55856
2.4516625 8.580818 4.55856
2.3750482 8.427589 4.9799395
2.4133554 8.427589 5.6311626
2.6431987 8.542511 6.1674633
3.0645783 8.810662 6.550536
3.6008794 9.002198 6.4356146
4.1754875 9.232042 5.861006
4.520253 9.346964 5.1714754
4.673482 9.232042 4.405331
4.711789 9.117121 3.9456444
4.55856 8.887277 3.6391864
4.4053307 8.734048 3.6774936
4.290409 8.580818 3.9839516
4.1754875 8.465897 4.3287168
4.060566 8.274361 4.8267107
3.9456444 8.0445175 5.1714754
3.8307228 7.8912888 5.363012
3.6774938 7.8146744 5.3247046
3.6008792 7.929596 5.1714754
3.562572 8.159439 4.865018
3.5242648 8.465897 4.5202527
3.4093432 8.619126 4.290409
3.1794999 8.695741 4.1754875
2.834735 8.542511 4.2137947
2.4133554 8.389282 4.1754875
2.030283 8.465897 4.2137947
1.8004396 8.657433 4.060566
1.7238252 9.002199 3.8307228
1.685518 9.232042 3.715801
1.685518 9.346964 3.7541084

