1.5705962 9.2703495 4.098873
1.1492169 9.346964 4.7884035
0.91937345 10.802638 5.2097826
0.7278373 12.488156 5.2863975
0.49799395 14.020445 5.2480903
0.49799395 15.284584 5.363012
0.49799395 15.016434 5.133168
0.42137948 14.556747 5.0182467
0.38307226 14.135366 5.094861
0.34476504 13.67568 5.0182467
0.30645782 13.292608 5.0182467
0.34476507 12.871228 4.9799395
0.34476507 12.488155 4.7884035
0.38307226 12.143391 4.6351748
0.38307226 11.798626 4.481946
0.4213795 11.453861 4.405331
0.3830723 10.955867 4.4436383
0.2681506 10.419566 4.3287163
0.11492168 9.883265 4.2137947
0.038307227 9.270349 4.098873
0.038307227 8.695741 3.9073372
0.11492168 8.236053 3.9456444
0.2681506 7.776367 3.9456444
0.2681506 7.3932953 4.1371803
0.30645782 7.2017584 4.4436383
0.2681506 6.9719152 4.5585604
0.11492168 6.7803793 4.520253
-0.11492168 6.090849 4.0222588
-0.34476504 5.4779334 3.715801
-0.57460845 4.903325 3.4093432
-0.9193735 4.4436383 2.9113493
-1.1109096 4.252102 2.3750482
-1.2258313 4.3287163 1.6089036
-1.2258313 4.4819455 0.8810662
-1.0726023 4.6351748 0.15322888
-0.91937345 4.711789 -0.30645782
-0.6895301 4.7500963 0.11492169
-0.38307226 4.865018 1.7238252
-0.22984336 5.0182467 2.6431987
-0.11492168 5.209783 2.8347347
0.038307227 5.439626 2.6431987
0.15322891 5.554548 2.1452048
0.22984335 5.6311626 1.2258313
0.3064578 5.707777 0.57460845
0.42137948 5.861006 0.11492168
0.61291564 5.9759274 -0.11492168
0.6895301 6.2057705 0.076614454
0.6895301 6.282385 0.30645782
0.6512229 6.2440777 0.61291564
0.61291564 6.320692 0.8810662
0.6895301 6.435614 0.9576807
0.80445176 6.62715 0.9193734
0.8810662 6.780379 0.7278373
0.8810662 6.933608 0.4596867
0.91937345 6.933608 0.30645782
1.0342951 7.163451 0.076614454
1.2258313 7.584831 0.0
1.4939818 7.967903 0.11492168
1.7238252 8.312668 0.4213795
1.8770542 8.312668 0.7661445
1.9536686 8.274361 1.0726023
1.9919758 8.236053 1.2258313
1.9919758 8.274361 0.9576807
1.9919758 8.42759 0.6512228
2.030283 8.504205 0.3830723
2.2218192 8.619126 0.19153613
2.6048915 8.734048 0.38307226
3.0262709 8.963891 0.7278373
3.4476504 9.232042 1.1109096
3.7924154 9.576807 1.3407528
3.9839516 9.883265 1.37906
4.2521024 10.0748005 1.1875241
4.4436383 10.189722 0.842759
4.5968676 10.151415 0.61291564
4.711789 10.113108 0.38307226
4.673482 10.113108 0.4596867
4.6351748 10.113108 0.72783726
4.5202527 10.0748005 0.9959879
4.405331 9.998186 1.3790601
4.3287168 9.883265 1.6089035
4.3287168 9.768343 1.6472107
4.2904096 9.653421 1.3790601
4.2904096 9.730036 0.84275895
4.2904096 9.80665 0.38307226
4.2904096 9.998186 0.15322891
4.2904096 10.189722 0.30645782
4.2137947 10.036493 0.61291564
3.9839516 9.844957 0.9193735
3.6008792 9.461885 1.0342952
3.2561142 9.078813 1.0726024
2.834735 8.772354 1.1109096
2.3750482 8.465897 0.9576807
1.8387468 8.274361 0.8810662
1.3024457 8.197746 0.8810662
0.8810662 8.427589 0.9959879
0.68953 8.925584 1.3407528
0.68953 9.461885 1.7238252
0.6129156 10.036493 2.0685902
0.38307226 10.457872 2.260126
-0.038307235 10.611102 2.1835117
-0.61291564 10.6877165 2.2601266
-1.5322891 10.611102 2.2218192
-2.2601266 10.534488 1.877054
-2.681506 10.534488 1.8004396
-3.1411927 10.304645 1.9536686
-3.5242648 10.342952 2.4516625
-3.7541082 10.649409 3.2944217
-3.9073372 10.840945 3.7158012
-3.8307228 11.492168 3.6008794
-3.715801 11.990162 3.064578
-3.562572 12.028469 2.2601264
-3.3710358 11.951855 1.6472106
-3.3327286 11.492168 1.2641385
-3.3710358 10.764331 1.1109096
-3.5242648 10.113108 1.2258313
-3.715801 9.423577 1.4556746
-3.7924156 8.963891 1.685518
-3.7924156 8.772355 1.8387468
-3.6391866 8.695741 1.685518
-3.3327289 8.848969 1.4173673
-2.9879637 9.002198 1.2641385
-2.6431987 9.11712 1.1492168
-2.48997 9.078813 1.2258313
-2.5665843 8.887277 1.340753
-2.719813 8.504205 1.4939818
-2.834735 8.159439 1.7238252
-2.873042 8.00621 1.9153613
-2.7581205 8.082825 1.9919758
-2.6048913 8.389282 1.838747
-2.4516625 8.542512 1.4939818
-2.2601266 8.6574335 1.0342951
-2.1068976 8.580819 0.6895301
-1.9536686 8.427589 0.6895301
-1.8004397 8.350975 0.95768064
-1.685518 8.274361 1.4939818
-1.6089035 8.197746 2.183512
-1.532289 8.0445175 2.6431987
-1.4939818 7.776367 2.8347347
-1.4173673 7.4316025 2.7581203
-1.2641385 7.125145 2.3750482
-0.9959879 6.8186865 2.0685904
-0.61291564 6.6271505 1.9536686
-0.2681506 6.512229 1.9153614
0.0 6.3206925 1.9536686
0.15322891 6.0142345 1.7238252
0.076614454 5.6694694 1.2641385
0.0 5.24809 0.80445176
-0.076614454 4.7884035 0.38307226
-0.076614454 4.4819455 0.26815057
0.038307227 4.290409 0.34476504
0.19153613 4.3287163 0.34476504
0.30645782 4.711789 0.22984336
0.38307226 5.24809 0.19153614
0.61291564 6.1674633 0.61291564
0.842759 6.3589993 1.1109096
1.1875241 6.588843 1.991976
1.0342951 6.7037644 2.48997
0.7278373 6.62715 2.4133554
0.34476504 6.4739213 2.030283
0.0 6.4739213 1.4173675
-0.19153613 6.6654577 0.80445176
-0.19153613 6.933608 0.3830723
-0.11492168 7.125144 0.15322891
-0.038307227 7.2017584 0.22984335
-0.076614454 7.278373 0.61291564
-0.15322891 7.584831 1.2258313
-0.076614454 8.236054 1.9153614
0.114921674 9.078814 2.3750482
0.38307226 10.036494 2.566584
0.53630114 10.649409 2.336741
0.4213795 10.840945 1.8770541
-1.4901161E-8 10.6877165 1.5322891
-0.45968676 10.342951 1.3024458
-0.8810662 10.113108 1.3790601
-1.0726024 10.113108 1.6089035
-0.9193735 10.457872 1.8770541
-0.7661446 10.840945 1.9536686
-0.7278373 11.147404 2.0685904
-0.842759 11.377247 2.5665843
-1.0726024 11.568783 3.371036
-1.1109096 11.951855 4.367024
-0.842759 12.794614 5.3247046
-0.34476504 13.9438305 5.746084
0.11492169 15.131354 5.592855
0.22984338 15.935806 4.9799395
0.0 16.16565 4.1371803
-0.5363012 16.01242 3.7924156
-1.1109096 15.629349 3.8307228
-1.5705963 15.361198 4.2904096
-1.8387469 15.437813 5.0182467
-1.9919758 15.7825775 5.631162
-2.030283 16.242264 6.244078
-2.1452045 16.625336 6.703765
-2.4516625 16.625336 6.8186865
-2.873042 16.203957 6.5888433
-3.4476504 15.47612 6.0525417
-4.0222588 14.595055 5.5928555
-4.4053316 13.752295 5.4396267
-4.6351748 12.947844 5.477934
-4.7500963 12.258312 5.746084
-4.7500963 11.645397 5.899313
-4.6351748 11.147404 5.861006
-4.520253 10.840945 5.631162
-4.2904096 10.611102 5.24809
-4.060566 10.457872 4.7117887
-3.8307228 10.228029 4.3287168
-3.6391866 9.921572 3.9839516
-3.5242648 9.500193 3.7924156
-3.4476504 8.925584 3.86903
-3.5242648 8.42759 3.7924154
-3.6008797 8.0445175 3.9839516
-3.5242648 7.8912888 3.9456444
-3.371036 8.00621 3.7924156
-3.1794999 8.159439 3.6008797
-3.0262709 8.350975 3.2178073
-3.1411927 8.312668 2.9879637
-3.3327289 8.082825 2.873042
-3.4476504 7.967903 2.873042
-3.371036 7.8529816 2.9879637
-3.2178073 8.00621 2.9879637
-3.026271 8.389282 2.9113493
-2.834735 8.772355 2.7964277
-2.7964275 8.963891 2.719813
-2.8347347 9.078813 3.026271
-2.9496565 8.925584 3.371036
-3.064578 8.695741 3.6774938
-3.1411924 8.580819 3.7541082
-3.1028852 8.542512 3.4859576
-2.9113493 8.580819 3.1794999
-2.7581203 8.6574335 3.0262709
-2.5665843 8.504204 3.0645783
-2.48997 8.236053 3.1794999
-2.48997 8.082825 3.371036
-2.4133554 7.929596 3.6008792
-2.2218192 8.00621 3.7541084
-1.9153614 8.159439 3.562572
-1.4939818 8.236053 3.6774938
-1.1875241 8.312668 4.060566
-0.9959879 8.619126 4.6351748
-0.7661446 8.84897 5.2863975
-0.61291564 9.040506 5.3247046
-0.5363012 9.117121 4.55856
-0.5746084 8.848969 3.4859576
-0.6129156 8.542511 2.9113493
-0.4596867 8.619125 3.9839516
0.114921674 9.078814 7.086837
0.5746084 9.500193 7.967903
0.9959879 9.653421 7.2400656
1.6472108 9.768343 6.4739213
2.183512 9.844957 5.5162406
2.566584 9.883265 4.9799395
2.7581203 9.768343 4.4819455
2.719813 9.615114 4.5202527
2.5665843 9.117121 4.55856
2.2601264 8.159439 4.7884035
2.3750482 7.73806 4.520253
2.719813 7.699753 4.367024
3.1028852 7.8529816 4.1371803
3.4859576 8.121132 3.7924156
3.9839516 8.542511 3.371036
4.0222588 8.619126 3.4093432
3.9456444 8.504204 3.6391866
3.7541084 8.312668 4.1371803
3.4859576 8.236053 4.55856
3.2561142 8.389282 5.094861
2.9879637 8.925584 6.090849
2.834735 9.193735 6.320692
2.7198133 9.385271 6.129156
2.5282772 9.385271 5.7077765
2.1068974 9.232042 4.750096
1.685518 8.963891 4.55856
1.3024457 8.887277 4.4819455
0.9959879 8.848969 4.4436383
0.7661445 9.11712 4.5202527

