0.95768064 9.385271 5.094861
0.7278373 8.887277 5.592855
1.1109096 10.113109 6.205771
2.1452048 13.101072 7.7763677
3.1028852 15.169662 8.734049
3.2944217 15.514427 8.925585
3.3327289 15.667656 8.810663
3.217807 15.514427 8.42759
3.0645783 15.169662 8.082825
2.9113493 14.786591 7.8529816
2.7964277 14.480132 7.776367
2.6815062 14.135366 7.776367
2.528277 13.790602 7.699753
2.3750482 13.369223 7.73806
2.183512 12.947844 7.584831
2.0685902 12.564771 7.2783732
2.0685902 12.296619 6.856993
2.030283 12.143391 6.3206925
2.0685902 11.951855 5.822698
2.1068974 11.836933 5.324704
2.1068974 11.760319 4.7884035
2.2218192 11.683704 4.3287168
2.336741 11.530476 4.098873
2.4133554 11.300632 4.1371803
2.4516625 10.840945 4.405331
2.1068974 9.959879 4.865018
1.8004396 9.461885 4.8267107
1.3407528 9.040505 4.711789
0.91937345 8.580819 4.55856
0.49799395 8.082825 4.3287168
0.19153613 7.584831 4.2904096
0.0 7.125144 4.1754875
-0.19153613 6.6654577 3.86903
-0.38307226 6.2057705 3.4093432
-0.53630114 5.746084 2.7964275
-0.8044517 5.286397 2.1452048
-1.0726024 4.673482 1.6472108
-1.340753 4.1754875 1.3790601
-1.4939818 3.9073372 1.0726023
-1.3407531 3.7924156 0.88106626
-0.8810662 3.8307228 0.80445176
-0.30645782 3.9456444 0.8810662
0.076614454 3.9456444 1.1109096
0.26815057 3.9073372 1.3790603
0.26815057 3.9073372 1.6472108
0.19153613 3.86903 1.838747
0.15322891 3.86903 1.9919758
0.19153613 3.9456444 2.1068974
0.22984335 4.175488 1.9919758
0.30645782 4.481946 1.6472106
0.49799395 4.865018 1.2258312
0.68953013 5.209783 0.9959879
0.9193735 5.592855 1.1492168
1.1109096 6.0908494 1.3024457
1.3024458 6.4356146 1.5705962
1.3790601 6.5888433 1.532289
1.340753 6.550536 1.2258313
1.3790603 6.473922 0.9576807
1.3790603 6.895301 0.68953013
1.6089035 7.2783737 0.9193735
1.8770541 7.6614456 1.4173673
2.6431987 8.312668 2.4133554
3.1411927 8.542512 2.6048913
3.4859576 8.580819 2.1452045
3.3710358 8.619126 1.5705962
3.217807 8.848969 0.99598795
3.2944214 9.193735 0.5363012
3.562572 9.5385 0.4213795
3.9839516 9.883265 0.6512228
4.3287168 10.0748005 0.95768064
4.5202527 10.151415 1.3024457
4.5202527 10.0748005 1.4939818
4.3287168 9.921572 1.4939818
4.098873 9.844957 1.5322891
3.9456444 9.691729 1.5705963
3.7541084 9.615114 1.8004397
3.6008794 9.615114 1.685518
3.4476504 9.80665 1.3790601
3.371036 10.113108 1.1109095
3.4859576 10.534487 0.88106626
3.6391869 10.726024 0.7661446
3.677494 10.802638 0.7278373
3.5625722 10.611101 0.61291564
3.2561142 10.266336 0.49799395
2.8347347 9.959879 0.6895301
2.336741 9.653421 1.0726024
1.8387469 9.385271 1.6089035
1.3790601 9.232042 1.9919758
0.9959879 9.232042 1.9919758
0.68953013 9.193734 1.6855179
0.5363012 9.346964 1.187524
0.4213795 9.5385 0.6895301
0.30645782 9.653421 0.38307226
0.2681506 9.730036 0.45968676
0.11492168 9.691729 0.6512229
-0.15322891 9.5385 0.88106626
-0.53630114 9.461885 1.1492169
-0.9959879 9.423578 1.2258313
-1.4556746 9.461885 1.2641386
-1.7621324 9.615114 1.3024458
-1.9153614 9.80665 1.3024458
-1.9536686 10.036493 1.1875241
-2.030283 10.189722 1.0726024
-2.183512 10.228029 0.91937345
-2.4133554 10.151415 0.842759
-2.719813 10.0748005 0.8810662
-3.0262709 9.998186 1.1109096
-3.3327289 9.998186 1.5705963
-3.6008792 10.036493 1.9919758
-3.7924156 10.113108 2.3750482
-3.7924156 10.228029 2.3750482
-3.7158012 10.342951 2.0685904
-3.677494 10.342951 1.8004397
-3.677494 10.266336 1.5705963
-3.7924156 10.113108 1.5705963
-3.9073372 9.691729 1.7621324
-3.9456444 9.308657 1.8004397
-3.9073372 9.040506 1.8770542
-3.6774938 8.887277 1.9536686
-3.371036 8.963891 1.8770542
-2.9496565 9.11712 1.7238252
-2.4516625 9.155427 1.3790603
-2.1452048 9.193734 0.91937345
-1.9919758 9.040505 0.57460845
-2.0302832 8.657433 0.38307226
-2.2601266 8.121132 0.34476507
-2.48997 7.393295 0.45968673
-2.6431987 6.62715 0.6512229
-2.681506 6.0525417 1.0726023
-2.6048915 5.7460837 1.5705962
-2.4133554 5.592855 1.9919758
-2.1452048 5.7843914 2.2601264
-1.8770541 5.975928 2.183512
-1.6472107 6.014235 1.8004397
-1.4173673 6.052542 1.4173675
-1.1109096 5.592855 0.9576807
-0.9959879 5.4779334 1.1492168
-0.91937345 5.363012 1.4173675
-0.80445176 5.3247046 1.6472108
-0.7661445 5.401319 1.8387469
-0.6512228 5.4779334 1.7238252
-0.26815057 5.8226986 1.1492168
0.19153616 6.1291566 0.8810662
0.45968676 6.435614 0.7661445
0.5363012 6.6654577 0.68953
0.4213795 6.742072 0.6512228
0.076614454 6.742072 0.49799395
-0.11492168 6.7803793 0.38307226
-0.038307227 6.895301 0.4213795
0.19153613 7.0102224 0.5363012
0.49799398 7.086837 0.7278373
0.68953013 6.933608 0.80445176
0.6129157 6.7420716 0.61291564
0.38307226 6.7037644 0.38307226
0.22984335 6.7420716 0.0
0.22984335 7.163451 -0.22984336
0.4213795 7.8529816 -0.22984336
0.7661445 8.504205 -0.15322891
0.9576807 9.193734 0.19153611
0.9576807 9.691729 0.61291564
0.7661446 9.768343 1.0342951
0.4213795 9.768343 1.6089036
0.038307227 9.730036 2.2601264
-0.11492168 9.844957 2.873042
-0.076614454 10.266337 3.562572
0.038307227 10.840945 4.1754875
0.26815057 11.415554 4.55856
0.344765 11.951855 4.8267107
0.344765 12.488155 5.0182467
0.26815057 12.986151 4.9799395
0.038307227 13.484144 4.9799395
-0.038307227 13.982138 4.9416323
-0.22984336 14.633361 4.5968676
-0.2681506 14.78659 4.4819455
-0.49799395 14.824897 4.5968676
-0.7661445 14.78659 4.865018
-0.8044518 14.901511 5.401319
-0.8044518 15.093048 5.7843914
-0.7278373 15.284584 5.8226986
-0.5746084 15.514427 5.5162406
-0.5363012 15.629349 5.1714754
-0.5746084 15.47612 4.903325
-0.7278373 15.131355 4.865018
-1.0726024 14.51844 4.9416323
-1.5705963 13.713987 4.903325
-2.0685902 13.062765 4.7500963
-2.4899697 12.488155 4.367024
-2.8347347 12.143391 4.213795
-2.9879637 11.836933 4.098873
-3.0262709 11.45386 4.0222588
-3.064578 11.109096 4.1371803
-3.0262709 10.611101 4.060566
-3.0262709 10.189722 4.0222588
-3.1794999 9.691729 3.9456444
-3.2944214 9.155428 3.8307228
-3.4093432 8.734048 3.6008794
-3.4093432 8.465898 3.4093432
-3.2178073 8.542512 3.2944214
-3.1028852 8.734048 3.217807
-2.9496565 8.772355 3.1028855
-3.0262709 8.657433 2.987964
-3.217807 8.465897 2.873042
-3.3327286 8.389282 2.7581203
-3.3710358 8.734047 2.7198129
-3.217807 9.385271 2.6048913
-2.9496562 10.113108 2.566584
-2.528277 11.147403 2.4899697
-2.566584 11.33894 2.7581203
-2.7198129 11.262325 2.987964
-2.9113493 11.032482 3.1794999
-3.217807 10.687717 3.3327286
-3.5242648 10.228029 3.3327286
-3.8307226 9.883265 3.4476504
-4.0222588 9.5385 3.9456444
-4.0222588 9.346963 4.4436383
-3.7541084 9.4618845 4.9033256
-3.2561142 9.691728 4.97994
-2.681506 10.189722 4.5585604
-2.1068974 10.649409 3.9839518
-1.6855179 10.840945 3.4476504
-1.6855179 10.572795 3.5242648
-2.1068974 9.691729 4.1754875
-2.6048913 8.542512 5.2863975
-2.873042 7.469909 6.5122285
-2.6048913 7.086837 7.2783732
-1.8387469 7.431602 7.508217
-0.91937345 8.159439 6.9719157
-0.15322891 8.887278 6.167464
0.4213795 9.308657 5.2863975
0.95768064 9.615114 4.405331
1.3024457 9.844957 3.6774936
1.4556746 9.883265 3.2178068
1.340753 9.691729 2.873042
0.80445176 9.040506 2.7964275
0.34476504 8.197747 3.4476504
0.07661445 7.584831 4.098873
0.11492167 7.2400656 4.865018
0.5746084 7.31668 5.5928555
1.1109096 7.699753 5.93762
1.7238252 8.197746 6.0142345
2.2984338 8.772355 5.93762
2.7581205 9.193735 5.5162406
3.141193 9.500193 4.8267107
3.2944217 9.423578 4.1371803
3.2561145 9.002198 3.4476504
3.1794996 8.465897 2.9879637
3.1411924 7.929596 3.026271
3.4093432 7.8529816 3.5625722
3.86903 8.121132 4.4819455
4.4053316 8.580819 5.4779334
4.9033256 9.002198 6.0142345
5.0948615 9.11712 5.899313
5.0948615 9.078813 5.1714754
4.9416323 8.848969 4.290409
4.6734815 8.734048 3.6774936
4.4436383 8.6574335 3.5242648
4.252102 8.619126 3.86903
4.0222588 8.619126 4.4819455
3.7924156 8.465898 4.9799395
3.4859576 8.42759 5.209783
3.141193 8.312668 5.0565543
2.834735 8.274361 4.673482
2.5282772 8.350975 4.2904096
2.2984338 8.427589 3.9839516
2.2218192 8.580819 3.86903
2.1835117 8.848969 3.8307228
2.1835117 9.155428 3.86903
2.2601264 9.423578 3.9073372
2.1835117 9.615114 3.9839516
1.9919758 9.615114 4.2137947
1.6855179 9.500193 4.367024
1.3024457 9.2703495 4.5202527
0.9576807 9.078813 4.55856
0.6512229 8.963891 4.55856
0.57460845 8.887277 4.4819455
0.57460845 8.963891 4.3287168
0.57460845 9.002198 4.3287168
0.6512228 9.11712 4.1754875
0.61291564 9.232042 3.9839516
0.49799395 9.2703495 3.9073372
0.4213795 9.385271 3.7158008
0.30645782 9.385271 3.6391864
0.15322891 9.308657 3.715801
0.038307227 9.155428 3.8307228
-0.15322891 8.963891 3.9839516
-0.30645782 8.810662 4.060566
-0.4213795 8.734048 4.1754875
-0.5363012 8.848969 4.290409
-0.5363012 9.040505 4.367024
-0.49799398 9.346964 4.4436383
-0.45968676 9.615114 4.4819455
-0.5363012 9.768343 4.3670235
-0.6895301 9.844957 4.2137947
-0.91937345 9.768343 4.0222588

