-1.0342951 9.768343 3.9839516
-0.7278373 9.653421 3.9456444
-0.38307226 10.76433 4.596867
-0.19153613 11.722012 4.9799395
-0.076614454 12.603079 5.2480903
-0.11492168 13.445837 5.8226986
-0.2681506 13.024458 5.5928555
-0.34476504 12.679692 5.477934
-0.34476504 12.334927 5.477934
-0.22984336 11.951855 5.5545483
0.038307227 11.568783 5.66947
0.4213795 11.147404 5.8226986
0.7661445 10.726024 5.861006
1.0342951 10.496181 5.861006
1.1875241 10.189722 5.861006
1.1875241 9.844957 5.8226986
0.9959879 9.461885 5.631162
0.6512228 8.963891 5.2863975
0.30645782 8.504204 4.9416323
0.076614454 8.121132 4.596867
0.11492168 7.8529816 4.405331
0.22984335 7.73806 4.1371803
0.34476504 7.73806 3.7541084
0.34476504 7.584831 3.1794999
0.19153613 7.2400656 2.4899697
0.038307227 6.703765 2.1068976
-0.076614454 6.0525417 1.8770542
-0.19153613 5.439626 1.8387469
-0.30645782 4.903325 2.030283
-0.4213795 4.3287168 2.030283
-0.6512229 3.7158008 1.8770541
-0.9193735 3.2561142 1.7621324
-1.1109096 2.9113493 1.532289
-1.1109096 2.7581203 1.5705963
-0.80445176 2.9113493 1.6472107
-0.38307226 3.371036 1.7621324
0.07661446 3.9073372 1.7621324
0.4596867 4.5202527 1.532289
0.6512228 4.9799395 1.340753
0.80445176 5.094861 1.1492169
0.88106626 5.1714754 1.1875241
0.91937345 5.286398 1.2258313
0.9959879 5.477934 1.3407528
1.1492168 5.7843914 1.3790601
1.4173673 6.0525417 1.4173675
1.7621323 6.3206925 1.4939818
2.1068974 6.588843 1.6089035
2.3750482 6.8569937 1.685518
2.5665843 7.163451 1.7238252
2.681506 7.3166804 1.7621324
2.6431987 7.240066 1.685518
2.4899697 7.0485296 1.532289
2.2984338 6.9336076 1.2258313
2.1835117 6.971915 0.9193734
2.2984335 7.354987 0.6512229
2.6431985 7.929596 0.61291564
3.0262709 8.389282 0.6895301
3.3327289 8.810662 0.88106626
3.5242648 9.040505 1.0726024
3.6391866 9.193735 1.2258313
3.7541082 9.346964 1.4556745
3.9456444 9.423578 1.6472107
4.1371803 9.5385 1.9536686
4.2137947 9.5385 2.0685902
4.2137947 9.615114 2.030283
4.1371803 9.80665 1.9153614
4.0222588 10.036493 1.6089035
3.9839516 10.266337 1.3024457
4.060566 10.304645 1.1109096
4.060566 10.074801 0.95768064
4.0222588 9.768343 0.8810662
3.9073372 9.576807 0.9576807
3.677494 9.576807 1.0726024
3.4476504 9.691729 1.2258313
3.1794996 9.730036 1.3790601
2.9113493 9.500193 1.6472108
2.6048913 9.155428 1.8004396
2.2601266 8.925584 1.9536686
1.9536686 8.848969 2.0685902
1.7238252 8.963891 1.8770541
1.5705963 9.11712 1.6089035
1.5705963 9.270349 1.1875241
1.6472107 9.461885 0.842759
1.7238252 9.653421 0.6512228
1.685518 9.921572 0.57460845
1.5322891 10.036493 0.6512228
1.2258313 9.998186 0.8044517
0.80445176 9.921572 0.9959879
0.45968673 9.80665 1.187524
0.076614454 9.80665 1.187524
-0.19153613 9.998186 1.0342951
-0.34476504 10.22803 0.8044517
-0.49799398 10.419566 0.4213795
-0.5363012 10.572795 0.30645782
-0.61291564 10.572795 0.19153613
-0.7661445 10.534488 0.26815057
-0.9576807 10.572795 0.53630114
-1.1875241 10.649409 0.91937345
-1.4556746 10.764331 1.4556746
-1.7621324 10.91756 1.9153614
-2.0685902 11.070789 2.2984338
-2.4899697 11.070789 2.3750482
-2.873042 10.955868 2.1452048
-3.141193 10.802639 1.9153614
-3.3327289 10.572795 1.685518
-3.2944217 10.496181 1.5705962
-3.1795 10.572795 1.7621324
-3.0645783 10.611102 1.8770542
-2.9496565 10.572795 1.9536686
-2.873042 10.457873 1.9536686
-2.834735 10.189722 1.7621324
-2.7964277 9.959879 1.3407531
-2.7964277 9.80665 1.1109096
-2.7964277 9.691729 0.9959879
-2.7964277 9.346964 0.842759
-2.7581203 9.040506 0.8044518
-2.681506 8.810662 0.842759
-2.566584 8.6574335 1.0342951
-2.3367407 8.734048 1.2641385
-2.030283 8.734048 1.4173673
-1.7621324 8.772355 1.4939818
-1.5322891 8.695741 1.4556745
-1.4173675 8.42759 1.37906
-1.4556746 8.159439 1.37906
-1.5705963 7.699753 1.37906
-1.685518 7.2017584 1.2641385
-1.8004397 6.7420716 1.2258313
-1.7621325 6.435614 0.9959879
-1.6089035 6.2823853 0.9193734
-1.340753 6.244078 0.9576807
-1.0726023 6.244078 0.9959879
-0.80445176 6.1674633 1.1109096
-0.6512228 5.9759274 1.0726023
-0.6895301 5.8226986 0.8810662
-0.6895301 5.6311626 0.5746084
-0.842759 5.4779334 0.30645782
-0.91937345 5.439626 0.0
-0.8810662 5.3247046 -0.076614454
-0.6895301 5.401319 0.114921674
-0.30645782 5.5928555 0.49799392
0.15322891 5.861006 1.1492169
0.61291564 6.244078 1.8004396
0.842759 6.6271505 2.4133554
0.9193735 6.895301 2.7964275
0.7278373 7.0102224 2.8347347
0.4213795 7.0102224 2.413355
0.15322891 6.7037644 1.6855179
-0.11492168 6.3589997 1.0342952
-0.19153613 6.205771 0.5363012
-0.22984335 6.129156 0.38307226
-0.30645782 6.2440777 0.49799395
-0.38307226 6.397307 0.7278373
-0.5363012 6.4739213 1.1109096
-0.5746084 6.5505357 1.4939818
-0.5363012 6.6271505 1.877054
-0.34476507 6.7803793 2.183512
-7.4505806E-9 7.0485296 2.4899697
0.26815057 7.4316025 2.681506
0.53630114 8.0445175 2.873042
0.7661446 8.925584 2.7964275
0.95768064 9.959879 2.375048
1.1109096 10.6877165 1.9153613
1.1492168 11.032482 1.4939818
1.1109096 11.032482 1.6089035
1.0342951 10.917561 2.3367407
1.0342951 11.147404 3.3710358
1.1492168 11.683704 4.2137947
1.3024457 12.449849 4.5968676
1.3790601 13.215993 4.4436383
1.3024458 13.599065 3.8307228
0.91937345 13.407529 3.4476504
0.42137948 12.909535 3.4859576
-0.07661446 12.105084 3.86903
-0.3830723 11.530476 4.5585604
-0.49799398 11.453861 4.9799395
-0.57460845 11.645397 5.094861
-0.49799392 12.220006 5.0182467
-0.49799392 13.024458 4.9416323
-0.49799392 13.599066 5.056554
-0.53630114 13.828909 5.133168
-0.8810662 13.599066 5.0182467
-1.2641385 12.986151 4.7500963
-1.4939818 12.679692 4.3287168
-1.4939818 12.717999 3.715801
-1.1109096 13.062764 3.2561145
-0.5746084 13.790602 2.9879637
-1.4901161E-8 14.441825 2.9879637
0.4596867 14.978126 3.371036
0.6895301 15.361198 3.7924156
0.7278373 15.437813 4.175488
0.57460845 15.322891 4.2521024
0.15322891 14.824898 3.9839516
-0.42137948 13.9438305 3.715801
-1.1492169 12.679692 3.3327289
-1.8770542 11.415554 3.1795
-2.4133554 10.342951 3.3327289
-2.7964275 9.768343 3.6008792
-2.834735 9.5385 3.7158012
-2.7581205 9.576807 3.7541084
-2.6048913 9.921572 3.6391869
-2.4516625 10.151415 3.2944217
-2.4516625 10.342951 3.2561145
-2.6431987 10.304644 3.1794999
-3.0262709 9.883265 3.3327286
-3.5242648 9.461885 3.6391864
-4.060566 8.963891 3.8690298
-4.405331 8.465897 4.060566
-4.673482 8.159439 4.060566
-4.7500963 8.00621 4.0222588
-4.596867 8.236053 3.9839516
-4.2137947 8.69574 3.9456444
-3.6391866 9.346964 3.86903
-3.064578 9.921572 3.7924156
-2.566584 10.228029 3.562572
-2.2601264 10.266336 3.2561142
-2.183512 9.998186 3.1794999
-2.2218192 9.423578 3.217807
-2.2601264 8.810662 3.6391866
-2.2984335 8.350975 4.252102
-2.0685902 8.121132 4.711789
-1.6089034 8.350975 4.9416323
-1.0726023 8.772355 4.7500963
-0.49799395 9.308657 4.367024
-0.03830722 9.80665 3.7924156
0.30645782 10.036493 3.4093432
0.4213795 9.959879 3.6008792
0.38307226 9.308656 4.4436383
0.26815057 9.002198 4.865018
0.22984336 8.887277 4.903325
0.2681506 8.887277 4.7884035
0.30645782 8.963891 4.55856
0.45968673 9.040505 4.3287168
0.68953013 9.308656 4.1371803
0.9193735 9.576807 4.1371803
1.2258313 9.844957 4.1754875
1.3790601 9.921572 4.252102
1.3024457 9.653421 4.252102
0.9959879 8.925584 4.290409
0.91937345 8.619125 4.405331
1.1492168 8.657433 4.6351748
1.4173675 8.772354 4.9799395
1.8004396 9.078814 5.2097826
2.2601264 9.461885 5.24809
2.6431987 9.576807 5.0182467
2.9496565 9.500193 4.4436383
3.217807 9.232042 3.7924154
3.2944214 8.772355 3.2944214
3.2561142 8.312668 2.9113493
3.1794999 7.8529816 2.7198133
3.1411927 7.6231384 2.9113493
3.2944214 7.6614456 3.4093432
3.5625722 7.8529816 4.0222588
3.9073372 8.082825 4.55856
4.098873 8.312668 4.596867
4.060566 8.427589 4.2137947
3.9456444 8.504205 3.7158008
3.86903 8.695741 3.4859576
3.7924156 8.734048 3.562572
3.715801 8.772355 3.7924154
3.5242648 8.6574335 4.060566
3.1028852 8.504205 4.060566
2.6431985 8.350975 3.9456444
2.2218192 8.312668 3.7924156
1.9536686 8.504204 3.7158012
2.030283 8.887276 3.7158012
2.2601266 9.461885 3.7924156
2.5282772 9.998186 3.9456444
2.681506 10.342951 3.9073372
2.528277 10.342951 3.9073372

