2.2218192 10.113108 3.8307228
1.8387469 9.730036 3.7158012
1.4556746 9.461885 3.9073372
1.1875241 9.232041 4.252102
0.99598795 9.11712 4.5968676
0.49799395 9.078814 4.9799395
0.2681506 9.998186 4.7884035
0.19153613 11.032482 4.4819455
0.26815057 12.258312 4.290409
0.49799395 13.369223 4.443638
0.7661446 13.637373 4.673482
0.8810662 13.713987 4.865018
0.7661446 13.599066 4.903325
0.57460845 13.484144 4.788403
0.2681506 13.330915 4.596867
0.038307227 13.254301 4.55856
-0.038307227 13.177687 4.7117887
0.0 13.139379 4.903325
0.15322891 13.292607 5.0948615
0.34476507 13.369222 5.0948615
0.49799395 13.369222 4.7884035
0.57460845 13.177686 4.367024
0.61291564 12.794614 3.7924156
0.61291564 12.411541 3.371036
0.68953013 12.105083 3.1794999
0.842759 11.836933 3.2944214
0.8810662 11.453861 3.6774938
0.8810662 11.109096 4.060566
0.7661445 10.6877165 4.405331
0.61291564 10.266336 4.3287168
0.49799395 9.844957 4.2137947
0.34476504 9.232041 4.060566
0.076614454 8.504204 3.9073372
-0.34476507 7.661445 3.9839516
-0.7278373 6.8186865 4.060566
-1.0726023 6.205771 4.060566
-1.2258313 5.707777 3.9456444
-1.2258313 5.3630123 3.6008794
-1.0726024 5.133168 3.1794999
-0.68953013 4.9416323 2.9496567
-0.34476507 5.056554 2.6431987
0.0 5.3247046 2.6431987
0.15322891 5.4779334 2.566584
0.11492168 5.631162 1.9919758
0.076614454 5.592855 1.6089034
0.076614454 5.707777 1.3024458
0.0 5.746084 1.1875241
-0.19153613 5.707777 1.1492169
-0.53630114 5.5928555 1.0726024
-0.8810662 5.363012 1.2641385
-1.0726023 5.3247046 1.532289
-0.84275895 5.631162 2.183512
-0.38307223 6.090849 2.9879637
0.15322891 6.6654577 3.5242648
0.5746084 7.0868373 3.6774938
0.6512228 7.1251445 3.4093432
0.5363012 7.0102224 2.681506
0.38307226 6.7803793 1.8387468
0.19153613 6.5888433 1.1492169
0.076614454 6.512229 0.61291564
0.11492168 6.550536 0.38307226
0.22984336 6.7803793 0.49799395
0.4213795 7.0485296 0.80445176
0.6512228 7.316681 1.0342952
0.842759 7.508217 1.2641385
0.9576807 7.6614456 1.4556746
1.0342952 7.73806 1.532289
1.0726024 7.73806 1.6472108
1.0726024 7.6614456 1.7621324
1.0726024 7.546524 1.5705965
1.2258313 7.584831 1.3024457
1.6089036 8.0445175 1.1492169
2.6431987 9.576807 1.187524
3.0645783 10.228029 1.3790601
3.2944214 10.419565 1.4173675
3.371036 10.342951 1.2258313
3.2944217 10.151415 1.0726023
3.064578 9.998186 1.0342951
2.6431987 9.844957 0.9576807
2.2218192 9.768343 1.1875241
1.9153614 9.730036 1.3790601
1.8004396 9.653421 1.6089035
1.9919758 9.80665 1.9919759
2.3750482 9.998186 2.4516625
2.8347347 10.113108 2.873042
3.2561142 10.228029 3.1795
3.6774938 10.572795 3.1028855
3.7158012 10.802638 2.719813
3.7541084 11.109097 2.1452048
3.7541084 11.224018 1.4556746
3.7924156 11.070789 0.6895301
3.8307228 10.840945 0.15322891
3.7158012 10.649409 -0.038307227
3.6391866 10.457873 0.19153613
3.217807 10.457873 1.0726023
3.0262709 10.419566 1.37906
2.7581203 10.419566 1.3407528
2.4899697 10.304644 1.3407528
2.2601264 10.113108 1.1492169
1.9536686 9.768343 0.91937345
1.5705962 9.385271 0.6512228
1.2641385 9.11712 0.30645782
1.0342951 9.002198 0.038307227
0.99598795 9.155427 -0.15322891
1.1492168 9.423578 -0.038307227
1.2258313 9.615114 0.15322891
1.2258313 9.730036 0.2681506
1.0342951 9.653421 0.4213795
0.6895301 9.423578 0.49799395
0.34476504 9.193734 0.49799395
-0.038307227 8.925584 0.57460845
-0.4213795 8.657433 0.53630114
-0.7278374 8.465897 0.34476504
-1.0342952 8.389282 0.34476504
-1.2258313 8.465897 0.42137948
-1.3024458 8.695741 0.57460845
-1.3790601 9.002198 0.9193734
-1.4173673 9.2703495 1.1109096
-1.532289 9.461885 1.2258313
-1.8004397 9.500193 1.0726024
-2.2218192 9.385271 0.6895301
-2.681506 9.270349 0.19153613
-3.1028852 9.193734 -0.34476504
-3.371036 9.308656 -0.6512228
-3.562572 9.461885 -0.68953013
-3.6391866 9.576807 -0.5363012
-3.7541084 9.500193 -0.03830722
-3.9073372 9.346964 0.5363012
-3.9839516 9.308657 1.1492169
-4.1371803 9.232041 1.8004398
-4.290409 9.193734 1.9153614
-4.367024 9.155427 1.7621324
-4.405331 9.002198 1.4173675
-4.405331 8.810662 0.80445176
-4.3287168 8.772355 0.49799392
-4.2137947 8.734048 0.34476504
-4.060566 8.887277 0.2681506
-3.7924154 9.232042 0.5363012
-3.4093432 9.500193 0.68953013
-3.064578 9.768343 0.7661445
-2.8730419 9.844957 0.7661445
-2.8347347 9.691729 0.49799395
-2.9879637 9.423578 0.4213795
-3.2561142 8.734048 0.5363012
-3.2944214 8.427589 0.842759
-3.2561142 8.236053 1.0726024
-3.1794999 8.00621 1.3790601
-3.064578 7.73806 1.6089035
-2.9113493 7.546524 1.7621324
-2.681506 7.354988 1.8770541
-2.4899697 7.1634517 1.8770541
-2.1452048 7.086837 1.685518
-1.5705963 6.588843 1.2258313
-1.3024458 6.3589997 0.91937345
-1.2258313 6.090849 0.6895301
-1.1492169 5.8226986 0.34476504
-1.0342951 5.6311626 0.038307227
-0.9193734 5.4779334 -0.11492168
-0.7278373 5.363012 -0.15322891
-0.5746084 5.324704 -0.11492168
-0.45968673 5.2097826 0.076614454
-0.34476504 5.056554 0.34476504
-0.2681506 4.9416323 0.61291564
-0.2681506 4.9799395 0.8810662
-0.34476504 5.171476 1.0342951
-0.3830723 5.401319 1.0342951
-0.34476504 5.5545483 1.1109096
-0.038307235 5.746084 1.1492169
0.6895301 6.3206925 1.9536686
0.9959879 6.933608 2.413355
1.0726024 7.5082164 2.911349
1.1109096 8.082825 3.1411924
1.1109096 8.542511 3.1794996
1.1492168 8.925584 3.1028852
1.340753 9.2703495 2.9496565
1.6089035 9.5385 2.7581203
1.6089035 9.5385 2.4133554
1.3790601 9.346964 2.1068976
0.91937345 9.11712 1.8770542
0.34476504 8.925584 1.838747
-0.038307227 8.848969 1.991976
-0.11492168 9.040505 2.336741
0.038307227 9.308657 2.7964277
0.2681506 9.576807 2.9113493
0.45968673 9.998186 2.719813
0.4213795 10.457872 2.528277
0.2681506 11.032481 2.4133554
0.19153613 11.722012 2.719813
0.30645782 12.488156 3.4476502
0.57460845 13.330915 4.2137947
0.842759 13.982139 5.133168
0.9576807 14.326903 6.090849
0.7278373 14.288596 6.9719152
0.22984336 13.752295 7.8146744
-0.49799395 12.98615 8.389282
-1.2641385 12.29662 8.619125
-1.9153614 11.836933 8.542511
-2.2601264 11.760319 8.197746
-2.2984335 12.066776 7.5082164
-2.2218192 12.411541 6.6654577
-2.2218192 12.679692 5.9759274
-2.3750482 12.641385 5.286397
-2.5665843 12.488156 5.056554
-2.6048915 12.373235 5.209783
-2.336741 12.564771 5.4779334
-1.8387468 12.98615 5.707777
-1.3790601 13.369223 5.66947
-1.0726024 13.67568 5.439626
-1.0726024 13.599066 5.018247
-1.3790603 13.369223 4.5968676
-1.838747 12.871228 4.2904096
-2.4133554 12.181698 4.2521024
-2.9113493 11.492168 4.2904096
-3.371036 10.726024 4.520253
-3.6008794 10.189722 4.711789
-3.6774938 9.883265 4.6351748
-3.6391866 9.768343 4.5585604
-3.3710358 10.113108 4.213795
-3.1794999 10.419565 4.0222588
-2.9496562 10.726024 3.86903
-2.719813 10.802638 3.7924156
-2.566584 10.649408 3.86903
-2.566584 10.189722 3.9073372
-2.7581203 9.615114 3.9073372
-2.987964 9.117121 3.7924156
-3.1028855 8.772355 3.677494
-3.1028855 8.772355 3.677494
-2.9496565 8.848969 3.7158012
-2.7581203 8.963891 3.7158012
-2.6431987 9.078813 3.677494
-2.6048915 9.078813 3.562572
-2.6815062 8.887277 3.4093432
-2.7198133 8.772355 3.371036
-2.6048915 8.734048 3.4859576
-2.4133554 8.734048 3.7541084
-2.0685902 8.925584 4.098873
-1.7621324 9.232041 4.405331
-1.6089035 9.500193 4.5202527
-1.5705963 9.5385 4.290409
-1.7238252 9.461885 3.8307223
-1.9153613 9.078813 3.4476504
-2.030283 8.619125 3.3710358
-1.9919758 8.465897 3.7924154
-1.685518 8.580819 4.4819455
-1.2258313 8.84897 5.056554
-0.7661446 9.2703495 5.286397
-0.49799395 9.500193 4.903325
-0.4213795 9.2703495 4.2137947
-0.5363012 9.040506 3.562572
-0.6512228 8.695741 3.1794996
-0.49799395 8.504205 3.371036
-0.22984336 8.695741 4.2137947
0.19153613 8.848969 5.286397
0.53630114 9.117121 6.014234
0.6895301 9.232042 6.244078
0.6895301 9.155428 5.822698
0.49799395 8.887277 5.056554
0.30645782 8.389282 4.596867
0.19153613 8.082825 4.6734815
0.26815057 7.967903 5.24809
0.53630114 8.159439 5.899313
0.9193734 8.465897 6.167464
1.340753 8.772355 6.090849
1.7238251 8.963891 5.439626
2.030283 9.078813 4.5585604
2.1452045 9.002198 3.86903
2.0685902 8.619125 3.409343
1.9153614 8.236053 3.562572
1.8387469 7.8529816 4.252102
1.9536686 7.8912888 5.0182467
2.1452045 8.0445175 5.5162406
2.3750482 8.159439 5.439626
2.566584 8.274361 5.0182467
2.7581203 8.082825 4.405331
2.9496565 8.082825 3.9456444
3.1411927 8.159439 3.9456444
3.371036 8.312668 4.1754875
3.4476504 8.542511 4.405331
3.5242648 8.6574335 4.5202527
3.562572 8.810662 4.4819455
3.6774936 9.002198 4.2137947
3.86903 9.193735 4.098873
4.098873 9.423578 3.9839516
4.252102 9.346964 3.86903
4.0222588 9.040506 3.7924156
3.7158008 8.6574335 3.7158012
3.3710358 8.312668 3.7924156
3.1794999 8.197746 4.0222588
3.2561142 8.312668 4.367024
3.371036 8.504204 4.6351748
3.4476504 8.69574 4.8267107
3.4093432 8.887277 4.6351748
3.2944217 9.040505 4.481946
3.1411927 9.155427 4.3287168
3.0262709 9.155427 4.1754875
2.873042 9.155427 4.1754875
2.7581205 9.155427 3.9839516
2.643199 9.193735 3.9073372
2.643199 9.308657 3.9073372
2.566584 9.385271 4.060566
2.4516625 9.308657 4.290409
2.375048 9.193734 4.5968666
2.1068974 9.002198 4.711789
1.9536686 8.810662 4.711789
1.8004396 8.619126 4.6351748
1.6089035 8.504205 4.3287168
1.4939818 8.542512 4.1371803
1.4939818 8.6574335 4.0222588

