1.5705963 8.963891 3.9456444
1.4939818 9.500193 4.2137947
1.4173675 11.070789 4.7117887
1.4173675 12.526463 5.1714754
1.3790601 13.752295 5.5162406
1.7621324 14.901512 5.7843914
1.8004397 14.441825 5.439626
1.6089035 13.752295 5.24809
1.3790601 13.062764 5.133168
1.3024457 12.296619 5.209783
1.3790601 11.760319 5.4779334
1.5705963 11.33894 5.5545483
1.8004397 11.032482 5.66947
1.9919758 10.955868 5.66947
2.1068974 10.496181 5.899313
2.1452045 10.151415 5.899313
1.9153614 9.5385 5.8226986
1.6472108 8.848969 5.6694694
1.3024457 8.121132 5.4779334
0.80445176 7.508217 5.24809
0.45968673 6.9719152 5.0182467
0.26815057 6.742072 4.520253
0.15322891 6.742072 4.098873
0.22984336 6.8186865 3.7924156
0.45968676 7.0102224 3.5242648
0.61291564 7.086837 3.5242648
0.7278373 6.9719152 3.4859576
0.7661445 6.780379 3.4476504
0.68953 6.780379 3.4093432
0.68953 6.780379 3.1028852
0.6512228 6.856993 2.7581203
0.49799395 6.856993 2.4516625
0.34476504 6.62715 2.2984335
0.15322891 6.435614 2.3367407
0.038307227 6.397307 2.413355
0.15322891 6.512229 2.4516625
0.2681506 6.6271505 2.4133554
0.34476504 6.6271505 2.336741
0.34476504 6.282385 2.336741
0.22984335 5.861006 2.2218192
0.15322891 5.477934 2.1068974
0.11492168 5.0565543 2.1068974
0.11492168 4.9416323 2.0685902
0.11492168 4.8267107 2.1068974
0.076614454 4.7884035 2.030283
0.076614454 4.903325 1.8770542
0.19153613 4.9416323 1.5705962
0.49799395 5.2863975 0.8810662
0.6512228 5.5928555 0.30645782
0.7278373 5.746084 0.15322891
0.8810662 6.0142345 0.30645782
1.1109096 6.2823853 0.38307226
1.3790601 6.6271505 0.49799395
1.7621324 7.0485296 0.49799395
2.1068974 7.2783732 0.4213795
2.3750482 7.584831 0.26815057
2.5665843 7.8146744 0.038307227
2.7581205 8.121132 0.0
2.9496565 8.465897 0.076614454
3.217807 8.695741 0.30645782
3.4093432 8.848969 0.61291564
3.4476504 8.772355 0.9193734
3.371036 8.580818 1.3407528
3.256114 8.465897 1.5705962
3.3710358 8.504204 1.6089034
3.6774938 8.734048 1.5705962
4.060566 9.040505 1.3024458
4.290409 9.385271 1.1109097
4.405331 9.691729 1.1109097
4.4436383 9.959879 0.91937345
4.4819455 10.381258 0.7661445
4.711789 10.726023 0.61291564
4.9416323 11.032481 0.3830723
4.673482 10.764331 0.5363012
4.175488 10.342951 0.7278374
3.6008794 9.80665 1.1492169
2.9113493 9.270349 1.8387469
2.7964277 9.193734 2.0685902
2.7198133 9.346964 2.0685902
2.5665843 9.653421 1.7621324
2.3750482 10.381258 0.7278373
2.183512 10.572795 0.19153614
2.030283 10.534488 0.038307227
1.6472108 10.342952 0.114921674
1.1875241 9.921572 0.4213795
0.7278373 9.500192 0.7661445
0.22984336 9.155427 0.9959879
-0.15322891 8.963891 1.1492168
-0.4213795 9.11712 1.0726024
-0.72783726 9.576807 0.5746084
-0.84275895 9.80665 0.22984336
-0.9959879 9.844957 -0.076614454
-1.3024457 9.768343 0.0
-1.685518 9.615114 0.15322891
-1.9919758 9.500193 0.34476504
-2.183512 9.500193 0.61291564
-2.1452048 9.768343 0.7661445
-2.030283 10.0748005 1.0726023
-1.9919758 10.304645 1.3407528
-2.1068976 10.419566 1.532289
-2.2984338 10.266336 1.4939818
-2.5282772 10.151415 1.3790601
-2.7198133 9.998186 1.2641385
-2.834735 9.844957 1.2258313
-2.9879637 9.80665 1.3024457
-3.1028852 9.844957 1.340753
-3.1794999 9.921572 1.493982
-3.217807 10.113108 1.7238253
-3.217807 10.304645 1.8004398
-3.2944214 10.419566 1.8004398
-3.4476504 10.419566 1.6472108
-3.6008794 10.304644 1.3790603
-3.7541084 10.036493 1.2641385
-3.9456444 9.653421 1.3024457
-4.098873 9.346964 1.6089034
-4.213795 8.810662 2.1068974
-4.367024 8.350975 2.566584
-4.405331 7.967903 2.719813
-4.367024 7.584831 2.566584
-4.2521024 7.469909 2.2218192
-3.9456444 7.5465236 1.9153614
-3.5242648 7.699753 1.7621324
-3.0262709 7.8912888 1.6089036
-2.566584 7.967903 1.4173675
-2.1452045 7.776367 1.1875241
-1.7238252 7.4699097 1.0726024
-1.3024457 7.1251445 1.1109096
-0.91937345 6.8186865 1.1492168
-0.61291564 6.4739213 1.2258313
-0.4213795 6.129156 1.1875241
-0.34476507 5.746084 0.9576807
-0.26815057 5.363012 0.7278373
-0.19153613 5.133168 0.4213795
-0.076614454 5.0182467 0.11492168
0.11492168 4.9799395 -0.038307227
0.30645782 5.094861 -0.038307227
0.49799395 5.2480903 0.038307227
0.61291564 5.363012 0.076614454
0.6895301 5.4779334 0.19153613
0.80445176 5.592855 0.26815057
0.8810662 5.7460837 0.26815057
1.0342951 5.899313 0.34476507
1.1492168 6.0525417 0.4213795
1.2258313 6.090849 0.4213795
1.2641385 6.1674633 0.80445176
1.2641385 6.3589997 1.2258313
1.2258313 6.62715 1.6089035
1.2258313 7.0102224 1.9153614
1.1875241 7.240066 1.8387469
1.0342951 7.393295 1.6089035
0.8044517 7.546524 1.2641385
0.38307226 7.508217 1.0726023
-0.038307235 7.4699097 0.842759
-0.38307226 7.3549876 0.842759
-0.61291564 7.201759 1.2258313
-0.61291564 7.2783732 1.6089035
-0.49799392 7.699753 2.336741
-0.3064578 8.389283 2.9879637
-0.076614454 9.155427 3.2178073
0.076614454 9.921572 3.2944217
0.2681506 10.534488 3.1411927
0.49799398 11.032481 2.834735
0.8810662 11.492168 2.719813
1.5322891 12.373234 2.911349
1.5322891 12.679691 3.2561142
1.1875241 12.832921 3.562572
0.6895301 12.832921 3.9839516
0.30645782 12.909535 4.6351748
0.038307227 13.024457 5.133168
-0.15322891 13.139379 5.363012
-0.30645782 13.177686 5.2863975
-0.45968673 13.177686 5.0182467
-0.53630114 13.101071 4.7884035
-0.45968673 13.215993 4.7884035
-0.30645782 13.484143 4.903325
-0.076614454 13.752295 4.903325
0.15322891 14.135366 4.7500963
0.34476507 14.403518 4.4819455
0.4213795 14.403518 4.060566
0.34476507 14.288595 3.7158012
0.15322891 13.867216 3.6008797
-0.114921674 13.40753 3.6008797
-0.38307226 13.215994 3.9073372
-0.53630114 13.024457 4.098873
-0.57460845 13.062764 4.1754875
-0.61291564 13.062764 4.252102
-0.61291564 12.871228 4.0222588
-0.7661445 12.679692 3.7924154
-1.0342951 12.373234 3.562572
-1.2641385 12.105083 3.4093432
-1.532289 11.87524 3.5242648
-1.6472108 11.722012 3.7541082
-1.6472108 11.683704 4.060566
-1.685518 11.683704 4.290409
-1.6472108 11.760319 4.405331
-1.7238252 11.683704 4.2904096
-1.9153614 11.492168 4.2137947
-2.1452048 11.377247 4.1754875
-2.2218192 11.415554 4.2137947
-2.1452048 11.568783 4.4436383
-1.9919758 11.798626 4.5968676
-1.8770542 11.760319 4.711789
-1.9536686 11.415554 4.7500963
-2.183512 10.955868 4.865018
-2.5665843 10.342951 4.7500963
-2.9113493 9.768343 4.55856
-3.2561145 9.308657 4.3670235
-3.4859576 8.925584 4.1754875
-3.6008792 8.734048 4.060566
-3.6008792 8.619126 4.060566
-3.6008792 8.504205 4.098873
-3.562572 8.389282 4.1754875
-3.4476504 8.274361 4.3670235
-3.3327289 8.236053 4.5202527
-3.064578 8.236053 4.596867
-2.834735 8.350975 4.596867
-2.6431985 8.389282 4.481945
-2.4516625 8.312668 4.2137947
-2.3750482 8.121132 3.86903
-2.2984335 7.8146744 3.6008792
-2.2601264 7.508217 3.5242648
-2.1835117 7.393295 3.754108
-1.9919758 7.4699097 4.2137947
-1.7621324 7.6231384 4.55856
-1.3407528 7.967903 4.9416323
-0.6895301 8.312668 5.1714754
-0.11492169 8.580819 5.094861
0.22984335 8.810662 4.865018
0.34476504 8.69574 4.3287168
0.07661445 8.465897 3.715801
-0.19153613 8.159439 3.2944214
-0.15322891 7.8146744 3.1794996
0.11492168 7.699753 3.4476504
1.1109096 8.082825 4.520253
1.6472107 8.657433 4.8267107
2.0685902 9.232042 4.7500963
2.3750482 9.768343 4.2137947
2.4899697 9.844957 3.4859579
2.4516625 9.615114 2.9496567
2.2984335 9.193734 2.987964
2.1452045 8.695741 3.524265
2.030283 8.159439 4.367024
1.8770542 7.8146744 5.401319
1.838747 7.6614456 5.9759274
1.8770542 7.699753 6.282385
2.0685904 8.00621 6.320692
2.528277 8.465897 5.93762
3.141193 9.040506 5.439626
3.86903 9.576807 4.903325
4.4436383 9.959879 4.2904096
4.673482 9.883265 3.8307228
4.55856 9.461885 3.4476504
4.1754875 8.925584 3.1795
3.7158008 8.274361 3.1028852
3.2944214 7.661445 3.2944214
3.1411927 7.354987 3.7924154
3.2561142 7.2017584 4.3670235
3.6008794 7.393295 5.094861
3.9839516 8.00621 5.746084
4.290409 8.465897 5.861006
4.367024 8.734048 5.5928555
4.213795 8.887277 4.8267107
4.0222588 8.810662 3.6391866
3.677494 8.772355 2.719813
3.3327289 8.848969 2.2218192
3.1411924 8.810662 2.1452048
2.9496565 8.695741 2.5665843
2.7964275 8.504204 3.2178073
2.6048915 8.312668 4.060566
2.4133554 8.159439 4.865018
2.2218192 8.236053 5.554548
2.183512 8.465897 5.9759274
2.2601264 8.772355 6.0525417
2.3750482 9.193735 5.93762
2.6431987 9.615114 5.66947
2.7964275 9.921572 5.439626
2.7964275 9.959879 5.0948615
2.6048913 9.883265 4.903325

