2.2984335 9.653421 4.7884035
1.9919758 9.423578 4.7884035
1.7621324 9.155428 4.9799395
1.340753 9.002199 5.1714754
1.4173675 10.304644 5.516241
1.5705962 11.798626 5.7843914
1.8387468 13.330915 5.899313
2.1835117 14.518439 6.244078
2.2218192 14.441825 6.2823853
2.1068974 14.211982 6.2823853
1.9536686 13.867216 6.435614
1.838747 13.637373 6.5122285
1.838747 13.522451 6.4739213
2.0685904 13.522451 6.435614
2.4133554 13.599066 6.1674633
2.6431987 13.599066 5.7843914
2.7581203 13.369223 5.286397
2.719813 12.871229 4.9416323
2.4516625 12.296619 4.673482
2.1452045 11.645397 4.673482
1.9153613 11.070789 4.903325
1.7238252 10.611102 5.133168
1.6472107 10.151415 5.324705
1.7238252 9.80665 5.477934
1.685518 9.461885 5.4396267
1.5705963 9.155428 5.2480903
1.4173675 8.848969 5.056554
1.2258313 8.427589 4.82671
1.1109096 8.00621 4.5202527
0.9959879 7.5848308 4.252102
0.8810662 7.125144 4.060566
0.6512229 6.62715 3.7541084
0.26815057 6.1674633 3.4093432
-0.15322891 5.6694694 2.9496565
-0.6129156 5.324704 2.4133554
-0.84275895 5.2097826 2.0302832
-0.7661446 5.2863975 1.8770542
-0.4213795 5.6694694 1.8770542
0.0 6.1291566 1.8770542
0.38307226 6.473922 1.8770542
0.57460845 6.703765 1.9919758
0.6512228 6.895301 2.0685904
0.7661445 6.9719152 2.336741
0.7661445 6.895301 2.6431987
0.6512228 6.588843 2.681506
0.30645782 5.9759274 2.528277
-0.19153616 5.286397 2.183512
-0.68953013 4.82671 1.8004397
-0.99598795 4.6351743 1.4556746
-1.0342951 4.6351743 1.3790601
-0.80445176 4.7884035 1.4556745
-0.4213795 5.0182467 1.37906
7.4505806E-9 5.2863975 1.4939818
0.26815057 5.4779334 1.7238252
0.34476507 5.5545483 1.9919758
0.2681506 5.5545483 2.2218192
0.2681506 5.363012 2.1452045
0.5363012 5.707777 1.7621324
0.9576807 6.244078 1.1875241
1.4939818 6.7803793 0.6512228
1.9153614 7.5082164 0.34476504
2.183512 7.8529816 0.22984336
2.3750482 7.929596 0.4213795
2.48997 7.967903 0.842759
2.48997 7.8529816 1.1875241
2.4516625 7.6614456 1.3024457
2.528277 7.699753 1.1109096
2.7581203 8.00621 0.842759
3.1028855 8.274361 0.842759
3.371036 8.504205 0.842759
3.5242648 8.695741 0.8810662
3.6008792 8.734048 1.0726024
3.6008792 8.810662 1.1875241
3.6008792 8.848969 1.4556746
3.715801 8.925584 1.838747
3.86903 8.963891 2.1452048
4.0222588 9.11712 2.528277
4.1371803 9.346964 2.7581203
4.1754875 9.615114 2.6815057
4.252102 9.998186 2.6431985
4.3287163 10.228029 2.2984335
4.4819455 10.381258 1.9153614
4.673482 10.496181 1.6472108
4.7884035 10.496181 1.3790603
4.7500963 10.457873 1.2641385
4.5585604 10.342951 1.3024457
4.213795 10.151415 1.6089035
3.6774936 9.768343 1.9919758
3.1411924 9.346964 2.2601264
2.6431985 9.002199 2.2984338
2.2601264 8.772355 2.0685902
2.0685902 8.887277 1.6855179
1.9536686 9.193734 1.1875241
1.9536686 9.653421 0.6895301
1.8004397 10.22803 0.0
1.6089035 10.381259 0.19153617
1.2641385 10.266336 0.497994
0.8044517 10.113108 0.9576807
0.22984338 9.883265 1.2258313
-0.30645782 9.576807 1.1875241
-0.7661445 9.461885 1.1492168
-1.0726023 9.461885 0.7661445
-1.1875241 9.615114 0.30645782
-1.2258313 9.883265 0.0
-1.2641385 10.151415 -0.114921674
-1.340753 10.342952 0.11492169
-1.4556746 10.534488 0.6512229
-1.532289 10.764331 1.2258313
-1.6089035 10.879252 1.5705963
-1.7238252 10.91756 1.7238252
-1.8387469 10.802638 1.5705963
-2.030283 10.496181 1.340753
-2.183512 10.113108 1.1492169
-2.336741 9.80665 1.1109096
-2.4899697 9.576807 1.2641386
-2.6048915 9.423578 1.3790601
-2.681506 9.576807 1.4939818
-2.566584 9.883265 1.6089035
-2.3367407 10.457873 1.6472108
-2.0685902 11.070788 1.7621325
-1.8770542 11.415554 1.8770542
-1.9919758 11.300632 1.7621325
-2.2984338 10.802637 1.5705963
-2.719813 10.113108 1.6089036
-3.1028855 9.500193 1.8387469
-3.2561142 9.11712 2.336741
-3.217807 8.963891 2.9496565
-3.026271 9.040505 3.064578
-2.7581203 9.155428 2.873042
-2.4516625 9.308657 2.3367407
-2.2601264 9.346964 1.7238252
-2.1068974 9.193735 1.2641385
-2.0685902 9.002199 0.8810662
-2.0685902 8.734048 0.7661445
-2.030283 8.504204 0.8810662
-2.030283 8.236053 1.1109096
-2.030283 7.967903 1.4173675
-2.030283 7.73806 1.7621324
-1.8387469 7.3166804 2.030283
-1.5705963 7.240066 1.9919758
-1.0342951 7.393295 1.4173675
-0.7661445 7.3549876 0.9959879
-0.49799395 7.125144 0.7278373
-0.26815057 6.7420716 0.7661445
-0.11492168 6.3206925 0.91937345
-0.038307227 6.0142345 1.2641385
0.0 5.8226986 1.7238252
0.038307227 5.6311626 1.9536686
0.11492168 5.477934 2.030283
0.15322891 5.2863975 1.9153614
0.15322891 5.094861 1.5705962
0.15322891 4.9799395 1.2258313
0.076614454 4.865018 0.80445176
-0.076614454 4.8267107 0.49799395
-0.11492168 4.903325 0.38307226
-0.11492168 5.209783 0.45968673
0.038307227 5.5162406 0.7661445
0.38307226 5.861006 1.0726024
0.61291564 6.2057705 1.3024457
0.7278373 6.4356136 1.3790601
0.7661445 6.6271505 1.3790601
0.68953013 6.742072 1.340753
0.61291564 6.742072 1.3790601
0.61291564 6.6654572 1.3407528
0.7278373 6.7420716 1.4939818
0.8810662 6.8953004 1.838747
0.9959879 7.2017584 1.9919758
1.0342951 7.5848308 2.2984338
0.95768064 8.082825 2.3750482
0.84275895 8.619126 2.1452045
0.8810662 9.2703495 1.9919758
1.1875241 10.22803 1.7621324
1.5705962 10.994174 1.532289
1.9919758 11.60709 1.4939818
2.183512 11.951855 1.6472107
2.1068976 11.9135475 1.9536686
1.9536686 11.87524 2.4133554
1.7621324 11.951855 2.9496565
1.685518 12.258312 3.2944214
1.7238252 12.679691 3.5242648
1.6472108 13.062765 3.6391866
1.4173673 13.101072 3.5242648
1.1109096 12.679693 3.4859576
0.7661445 12.066777 3.5242648
0.61291564 11.645397 3.7541084
0.7278373 12.02847 4.060566
0.91937345 12.794614 4.098873
0.9576807 13.637373 4.0222588
0.7661445 14.09706 3.6008792
0.19153613 13.560759 3.1795
-0.57460845 12.603078 3.1795
-1.2641385 11.568783 3.2944217
-1.6472108 10.764332 3.7541084
-1.5705962 10.64941 4.405331
-1.1109096 11.185711 5.0182467
-0.49799395 12.143391 5.4779334
7.4505806E-9 13.215994 5.554548
0.26815057 14.020445 5.439626
0.22984336 14.36521 5.1714754
0.038307227 14.288595 4.711789
-0.22984336 13.905523 4.3287163
-0.49799395 13.445837 3.86903
-0.7661445 13.024458 3.4093432
-0.8810662 12.5264635 3.1794999
-1.0342951 12.143391 3.2944214
-1.2258313 11.836933 3.6774936
-1.3790601 11.530476 4.252102
-1.5705962 11.33894 4.7500963
-1.7238252 11.224018 5.133168
-1.7621324 11.109096 5.2097826
-1.8004396 11.147403 5.1714754
-1.8770541 10.955866 4.9416323
-1.9536686 10.802637 4.4436383
-2.183512 10.649408 4.060566
-2.336741 10.342951 3.7541082
-2.48997 10.304644 3.7541082
-2.6431987 10.228029 4.098873
-2.7198133 10.0748005 4.6351743
-2.873042 9.998186 4.903325
-3.1028852 9.883265 5.056554
-3.2561145 9.691729 4.9799395
-3.4476504 9.5385 4.711789
-3.4859576 9.5385 4.4819455
-3.3327286 9.653421 4.252102
-3.2561142 9.768343 4.0222588
-3.1028855 9.883265 3.7924154
-3.0262709 9.730036 3.715801
-3.064578 9.4618845 3.6008792
-3.1028852 9.155427 3.6008792
-3.1411927 8.848969 3.7924156
-3.1411927 8.619126 3.9456444
-3.1028855 8.389282 4.2137947
-2.9113493 8.389282 4.290409
-2.6431987 8.504204 4.1754875
-2.336741 8.734048 3.86903
-2.0302832 9.002198 3.4476504
-1.685518 9.193734 3.2944217
-1.3024457 9.423577 3.2561142
-0.91937345 9.615114 3.371036
-0.5363012 9.730036 3.6391866
-0.3064578 9.730036 3.715801
-0.22984335 9.423578 3.6391866
-0.30645782 9.040506 3.4093432
-0.45968673 8.542512 3.1794999
-0.61291564 7.967903 3.217807
-0.6895301 7.6614456 3.4476504
-0.49799395 7.546524 3.9839516
-0.11492169 7.73806 4.4819455
0.49799395 8.197746 4.6351748
1.1875241 8.734048 4.673482
1.7621324 9.155428 4.4436383
2.183512 9.385271 4.0222588
2.2984338 9.423578 3.562572
2.2218192 9.232042 3.0262709
1.9919758 8.887277 2.681506
1.7621324 8.465897 2.6048915
1.6855179 8.159439 2.9496565
1.7621324 7.967903 3.677494
1.9919758 7.929596 4.4053316
2.336741 8.0445175 5.171476
2.6048913 8.121132 5.5928555
2.8730419 8.274361 5.66947
3.1028855 8.465897 5.439626
3.2944217 8.734047 4.8267107
3.562572 8.925584 4.213795
3.7541084 9.002198 3.562572
3.9456444 9.002198 3.2561145
4.098873 8.963891 3.2178073
4.2904096 8.963891 3.2178073
4.5202527 9.002198 3.3327289
4.711789 9.11712 3.6391869
4.865018 9.232042 4.137181
4.9416323 9.423578 4.711789
5.0182467 9.691729 5.363012
5.094861 9.80665 5.5545483
5.056554 9.883265 5.363012
4.903325 9.768343 4.9799395
4.5585604 9.5385 4.252102
4.1754875 9.346964 3.6391864
3.8307228 9.155427 3.3327289
3.5242648 9.11712 3.3327289
3.2944217 9.155427 3.6391864
3.0262709 9.040505 3.86903
2.7581203 8.848969 4.0222588
2.3367407 8.619126 3.9839516
1.9153614 8.350975 4.0222588
1.5705962 8.274361 4.4436383

