1.3790601 8.274361 4.7500963
1.3790601 8.274361 5.0948615
1.3407528 8.389282 5.2480903
1.2641385 8.542511 5.0182467
1.0726023 8.69574 4.788403
0.45968673 9.155427 4.252102
0.49799395 10.457872 4.8267107
0.5363012 11.530475 5.401319
0.5746084 12.488156 5.8610053
0.842759 12.98615 6.3589997
0.7278373 12.411541 6.0525417
0.6895301 11.990162 5.746084
0.72783726 11.568783 5.439626
0.91937345 11.224017 5.0948615
1.1492168 10.840945 4.903325
1.2258313 10.381258 4.711789
1.187524 9.921572 4.596867
0.9576807 9.615114 4.5202527
0.68953013 9.308657 4.3287168
0.57460845 9.078813 4.1371803
0.49799395 8.925584 3.9839516
0.5363012 8.542511 3.7924154
0.6512228 8.236053 3.6391864
0.7661445 8.121132 3.5242648
0.8810662 8.0445175 3.4859576
0.8810662 8.0445175 3.5242648
0.7278373 7.8146744 3.5242648
0.4596867 7.2783732 3.4859574
0.19153613 6.588843 3.2561142
-0.114921674 5.8993125 2.9496562
-0.4213795 5.3630114 2.566584
-0.6512229 5.0182467 2.2218192
-0.61291564 4.865018 1.9919758
-0.15322891 5.094861 1.9536686
0.4596867 5.6311626 2.183512
1.0342951 6.2057705 2.566584
1.2641385 6.5888433 2.9496565
1.0342951 6.320693 3.0262709
0.5746084 5.6311626 2.7964277
-0.038307235 4.865018 2.2601264
-0.45968673 4.290409 1.7238252
-0.7661445 4.060566 1.3024457
-0.9193735 4.098873 1.0342951
-0.88106626 4.252102 0.99598795
-0.7278373 4.405331 1.1109096
-0.53630114 4.596867 1.0726023
-0.3064578 4.8267107 0.9959879
-0.15322891 5.094861 0.7661445
-0.076614454 5.363012 0.57460845
0.038307227 5.66947 0.61291564
0.22984335 6.0525417 0.91937345
0.61291564 6.4356146 1.2641386
0.9959879 6.8569937 1.340753
1.3024457 7.2400656 1.2641386
1.532289 7.431602 1.0726024
1.6472108 7.508217 0.9576807
1.685518 7.546524 1.0342951
1.7621324 7.469909 1.1109096
1.9536686 7.661445 1.1109096
2.2218194 8.0445175 1.1109096
2.6431985 8.427589 1.1875241
3.064578 8.887277 1.2258313
3.4859576 9.461885 1.0726024
3.562572 9.653421 0.9576807
3.6391864 9.691729 1.0726024
3.715801 9.576807 1.3790603
3.8307228 9.308657 1.7238252
3.86903 9.078813 1.9919758
3.86903 9.002198 2.1452048
3.9073372 9.078814 2.0685904
4.0222588 9.308657 1.9536686
4.3287168 9.653421 1.838747
4.5968676 9.959879 1.8004397
4.865018 10.22803 1.8004397
4.9799395 10.457873 1.6089036
4.9416323 10.611102 1.3024458
4.865018 10.726024 0.91937345
4.7117887 10.726024 0.5746084
4.5202527 10.572795 0.61291564
4.252102 10.342952 0.8044518
3.9073372 9.998186 0.99598795
3.4476504 9.653421 1.2258313
2.9496565 9.5385 1.3790601
2.4899697 9.346964 1.4556746
2.183512 9.385271 1.4939818
2.030283 9.461885 1.4556746
1.9153614 9.5385 1.3024457
1.7238252 9.844957 1.1875241
1.4939818 9.959879 1.1109097
1.1875241 10.113108 1.1875241
0.84275895 10.0748005 1.3024457
0.49799395 9.844957 1.4939818
0.03830722 9.5385 1.6472107
-0.53630114 9.193734 1.8004396
-1.2641385 8.848969 1.8387468
-2.030283 8.504204 1.8387468
-2.6048913 8.389282 2.030283
-2.834735 8.542511 1.9919758
-2.7198129 9.155428 2.030283
-2.4516625 9.921572 1.9919758
-2.2984338 10.611101 1.8387469
-2.3750482 10.955867 1.9153614
-2.681506 10.91756 2.2218192
-3.026271 10.726024 2.6431985
-3.217807 10.649409 3.0262709
-3.217807 10.726024 3.2944217
-3.064578 10.917561 3.371036
-2.9496565 11.070789 3.141193
-2.9113493 11.109097 2.6431987
-3.064578 10.917561 2.030283
-3.2178073 10.534487 1.4556746
-3.2944217 10.266336 1.3024458
-3.3327289 9.959879 1.6472108
-3.217807 9.844957 2.1068976
-3.1028855 9.844957 2.528277
-2.9879637 9.691729 2.5665843
-2.834735 9.5385 2.2984338
-2.7198133 9.500193 1.9536687
-2.4899697 9.5385 1.5705963
-2.2218194 9.921572 1.6472107
-2.030283 10.304644 1.9536686
-1.9536686 10.419565 2.336741
-2.1068976 10.151415 2.6431987
-2.336741 9.615114 2.6048915
-2.6048913 8.887277 2.4516625
-2.7964275 8.312668 2.336741
-2.7964275 8.0445175 2.3750482
-2.719813 7.8529816 2.528277
-2.4899697 8.00621 2.566584
-2.1068974 8.312668 2.528277
-1.4556746 8.848969 2.1068974
-1.1875241 8.925584 1.9153614
-0.9959879 8.810662 1.7621324
-0.8044518 8.6574335 1.685518
-0.68953013 8.427589 1.7621324
-0.61291564 8.082825 1.7621324
-0.61291564 7.6614456 1.8387469
-0.53630114 7.2017584 1.9153614
-0.34476504 6.8569937 1.8770542
0.0 6.6271505 1.8004397
0.8810662 6.320692 1.5705963
1.2641385 6.090849 1.6472107
1.4173675 5.66947 1.9536686
1.1875241 5.477934 1.838747
0.80445176 5.171476 1.4556746
0.38307226 4.673482 0.7661445
0.0 4.175488 0.19153613
-0.22984336 3.86903 -0.15322891
-0.2681506 4.0222588 -0.19153613
-0.19153613 4.596867 0.15322891
0.0 5.2863975 0.6512228
0.038307227 5.784391 1.1492169
0.0 5.861006 1.5705963
-0.038307227 5.746084 1.9536686
0.0 5.66947 2.2218192
0.15322891 5.746084 2.4899697
0.26815057 5.899313 2.4516625
0.30645782 6.129156 2.2984338
0.19153613 6.1674633 1.9536686
0.076614454 6.1674633 1.4556746
0.0 6.244078 0.9959879
0.0 6.397307 0.49799395
0.22984335 6.8569937 0.26815057
0.53630114 7.354987 0.26815057
0.91937345 7.929596 0.45968676
1.2258313 8.465897 0.7661446
1.3024457 8.887276 0.842759
1.2258313 9.2703495 0.8044517
0.9959879 9.615114 0.7278373
0.7278373 9.844957 0.842759
0.53630114 9.883265 1.2641385
0.4213795 9.921572 1.9153614
0.4596867 10.151415 2.7964272
0.6512229 10.534487 3.6774936
0.9576807 11.147403 4.405331
1.2641385 11.990162 4.865018
1.4939818 12.756307 4.9799395
1.5322891 13.445837 4.7884035
1.3407531 13.982139 4.405331
0.95768064 14.173675 4.098873
0.5746084 14.135367 4.098873
0.30645782 14.135367 4.252102
0.2681506 14.403518 4.7500963
0.53630114 14.978126 5.324704
0.8810662 15.897499 5.7460837
1.187524 16.740257 6.1674633
1.3024457 17.161636 6.4356136
1.187524 17.27656 6.3973064
0.9193734 17.008408 6.2057705
0.68953013 16.4338 5.8226986
0.49799395 16.089035 5.324704
0.4213795 15.820885 4.9416323
0.34476507 15.591042 4.55856
0.15322891 15.322891 4.2137947
-0.15322891 14.748283 4.098873
-0.68953013 13.828909 4.175488
-1.2258313 12.871229 4.4819455
-1.7621324 12.028469 4.865018
-2.2601264 11.109097 5.0182467
-2.6431985 10.381258 4.865018
-2.9496565 9.615114 4.3670235
-3.2561142 9.040506 3.8690298
-3.5242648 8.6574335 3.4859576
-3.6391866 8.350975 3.2178068
-3.6774938 8.350975 3.4476504
-3.562572 8.465897 3.7924156
-3.4093432 8.810661 4.1371803
-3.2561145 9.193735 4.4053307
-3.2944217 9.308657 4.290409
-3.4476504 9.193735 3.9839518
-3.6774936 8.887277 3.5625722
-3.9839516 8.504204 3.217807
-4.1371803 8.236053 3.026271
-4.1371803 8.121132 3.026271
-3.9456444 8.197746 3.2561145
-3.6774936 8.427589 3.6391866
-3.2944217 8.772355 3.86903
-2.4899697 9.308657 3.7924154
-2.1068976 9.5385 3.4476504
-1.8770542 9.653421 3.064578
-1.8004397 9.576807 2.6048913
-1.9153614 9.346964 2.375048
-2.183512 8.848969 2.4516625
-2.4516625 8.312669 3.064578
-2.4899697 7.8146744 3.9839516
-2.336741 7.8146744 4.8267107
-1.838747 8.082825 5.3247046
-1.2258313 8.542512 5.1331687
-0.6895301 9.117121 4.443639
-0.26815057 9.346964 3.677494
-0.076614454 9.423578 3.026271
0.0 9.423578 3.026271
0.038307227 9.423578 3.4859579
0.22984335 9.5385 4.405331
0.49799395 9.80665 5.439626
0.7661446 9.998186 5.93762
0.99598795 10.0748005 5.93762
1.0726024 9.959879 5.171476
1.0342951 9.576807 4.137181
0.9959879 9.232042 3.4093432
1.0342951 9.078814 3.1411927
1.2258313 9.117121 3.371036
1.5705963 9.308657 3.9456444
1.9153614 9.385271 4.5202527
2.1068974 9.385271 4.903325
2.1068974 9.193735 5.056554
1.9919758 8.887277 4.865018
1.9536686 8.580819 4.6351748
2.030283 8.159439 4.443638
2.1835117 7.929596 4.3670235
2.4899697 7.8912888 4.252102
2.873042 8.121132 3.86903
3.5242648 8.657433 3.3327289
4.367024 9.346963 2.9879637
5.7077765 10.189722 3.1028852
5.7077765 9.959879 3.3710358
5.286397 9.270349 3.3710358
4.673482 8.465898 3.2944214
4.098873 7.699753 3.3327286
3.7924156 7.086837 4.0222588
4.2137947 7.4316025 5.286397
4.4819455 7.776367 5.5928555
4.903325 8.657433 5.094861
4.865018 8.810662 4.1754875
4.7117887 8.887277 2.6048915
4.4819455 8.848969 2.2218192
4.290409 8.887277 2.3367407
3.7924156 9.040505 3.1028852
3.6008792 9.078813 3.4859576
3.2944217 9.155427 3.7541082
3.1028852 9.002198 4.060566
2.9496565 8.887277 4.3287163

