2.7964275 8.734048 4.711789
2.719813 8.619126 5.056554
2.528277 8.695741 5.1714754
1.7621324 8.925584 4.711789
1.6089034 10.840944 5.0182467
1.5705962 12.83292 5.4396257
1.5705962 14.90151 5.9376197
2.2218192 16.855179 6.3973064
2.2984335 16.740257 6.2057705
2.1452048 16.357185 5.93762
1.8004397 15.552734 5.707777
1.2641385 14.518438 5.5545483
0.7278373 13.637373 5.439626
0.38307226 12.947844 5.3247046
0.2681506 12.603078 5.2863975
0.4213795 12.603078 5.2863975
0.8427591 12.641385 5.1714754
1.3024458 12.603078 5.094861
1.6472108 12.488156 4.9799395
1.7621324 11.990162 4.711789
1.5705963 11.224017 4.4819455
1.2258313 10.342951 4.252102
0.80445176 9.38527 4.1754875
0.45968673 8.6574335 4.4436383
0.45968673 8.197746 5.0182467
0.6512229 7.967903 5.592855
0.9959879 8.121132 5.8226986
1.340753 8.312668 5.592855
1.3790601 8.350975 4.865018
1.2258313 8.121132 3.9456444
0.9959879 7.5082164 3.0262709
0.6512228 6.7037644 2.3367407
0.38307226 5.8610053 1.9536686
0.076614454 5.133168 1.7621324
-0.26815057 4.4819455 1.8004396
-0.45968673 4.060566 2.0685902
-0.57460845 3.9073372 2.2601264
-0.49799395 4.0222588 2.4899697
-0.2681506 4.2137947 2.6048913
-0.038307227 4.4436383 2.3750482
0.15322891 4.5202527 2.1068974
0.22984335 4.405331 1.7238252
0.19153613 4.0605664 1.3790601
0.0 3.715801 1.1492168
-0.19153613 3.5242648 1.1109096
-0.15322891 3.8307228 1.1492169
0.076614454 4.213795 1.3407531
0.38307226 4.6734815 1.4173675
0.6512229 5.2097826 1.4173675
0.9959879 5.592855 1.2641385
1.3024458 5.9759274 0.8810662
1.4939818 6.244078 0.49799395
1.6472107 6.397307 0.15322891
1.7621324 6.6271505 0.15322891
1.9153614 6.895301 0.49799395
2.1452048 7.2400656 0.9576807
2.4899697 7.6231384 1.3790601
2.7581203 7.967903 1.5705963
2.9113493 8.0445175 1.4556748
2.9879637 7.967903 1.1109096
2.9496565 7.929596 0.9193735
2.9879637 7.8529816 0.8044518
3.064578 8.00621 0.88106626
3.2561142 8.274361 1.1492168
3.5242648 8.542512 1.2258313
3.7541082 8.848969 1.3790601
3.9839516 8.963891 1.2641385
4.098873 9.078813 1.2641385
4.1754875 9.232041 1.2641385
4.2137947 9.385271 1.1492168
4.290409 9.653421 1.1109096
4.3287168 9.883265 1.1109096
4.2137947 9.730036 1.3790603
3.9073372 9.5385 1.8770542
3.6391866 9.346963 2.2984335
3.524265 9.38527 2.2218192
3.524265 9.730036 1.8004397
3.6391866 10.0748005 1.0726023
3.6774938 10.534488 0.4213795
3.6008792 10.764331 -0.11492168
3.3327286 10.802638 -0.38307226
3.026271 10.726024 -0.38307226
2.6431987 10.572795 -0.11492168
2.0685902 10.342951 0.42137954
1.4173673 10.036493 1.1109097
0.6895301 9.730036 1.6089034
-0.11492168 9.2703495 1.7238252
-0.72783726 8.848969 1.5705962
-1.0342951 8.580819 1.2641385
-1.1875241 8.542512 0.9576807
-1.1492168 8.848969 0.6895301
-1.0342952 9.385271 0.38307226
-0.9576807 9.95988 0.11492168
-0.9576807 10.342952 0.076614454
-1.0342951 10.457873 0.30645785
-1.2641385 10.304644 0.6895301
-1.685518 10.036493 1.1109096
-2.1068974 9.921572 1.340753
-2.4899697 9.883265 1.3024457
-2.7198133 10.036493 1.2258313
-2.7198133 10.304645 0.9576807
-2.6048913 10.572795 0.7278373
-2.4133554 10.955868 0.61291564
-2.2984338 11.224018 0.49799395
-2.2601264 11.377247 0.53630114
-2.2984335 11.33894 0.61291564
-2.413355 11.070788 0.7661445
-2.681506 10.611102 0.9959879
-2.834735 10.457873 0.9576807
-3.0262709 10.304645 0.68953013
-3.1794999 10.151415 0.3830723
-3.2944217 9.998186 0.11492168
-3.4093432 9.844957 0.11492168
-3.371036 9.80665 0.22984338
-3.2561145 9.80665 0.61291564
-3.1028855 9.844957 1.1109096
-2.873042 9.883265 1.532289
-2.681506 9.959879 1.8387469
-2.566584 9.998186 1.8387469
-2.4516625 9.998186 1.685518
-2.4133554 10.036493 1.340753
-2.4516625 9.998186 1.0342951
-2.528277 9.768343 0.842759
-2.681506 9.500192 0.61291564
-2.834735 9.11712 0.7661445
-2.9879637 8.734048 1.2258313
-3.0262709 8.504205 1.7621324
-2.9496565 8.42759 2.4133554
-2.7581203 8.465898 2.8347347
-2.2984335 8.504205 2.7581203
-2.1452045 8.389283 2.4133554
-1.9919758 8.236053 1.9536686
-1.8004396 8.121132 1.4556746
-1.6089035 7.967903 0.9959879
-1.3790601 7.8912888 0.6895301
-1.0726024 7.8529816 0.45968673
-0.7278373 7.8146744 0.49799395
-0.45968673 7.6231384 0.7661445
-0.19153613 7.3166804 0.9959879
-0.11492168 6.856993 1.2258313
-0.19153613 6.244078 1.187524
-0.2681506 5.7077765 1.0342951
-0.34476507 5.133168 0.76614445
-0.4213795 4.711789 0.4596867
-0.34476507 4.5585604 0.22984336
-0.19153613 4.6351748 0.076614454
0.0 5.0565543 0.038307227
0.2681506 5.5545483 0.0
0.3830723 5.899313 0.19153613
0.3830723 6.090849 0.2681506
0.22984338 6.090849 0.4213795
-0.076614454 5.8226986 0.49799395
-0.34476504 5.5162406 0.49799395
-0.5363012 5.286397 0.6512228
-0.3064578 5.133168 1.0342951
0.038307227 5.477933 1.4173675
0.3830723 6.0142345 1.6089034
0.61291564 6.7803793 1.6855179
0.72783726 7.3166804 1.5705963
0.80445176 7.6614456 1.1875241
0.80445176 7.73806 0.8810662
0.8810662 7.6614456 0.842759
1.0342951 7.6614456 1.1492169
1.2258313 7.8912888 1.685518
1.4173673 8.350975 2.183512
1.4939818 8.925584 2.4516625
1.3790601 9.385271 2.4133554
1.1875241 9.615114 2.0685902
1.0342951 9.691729 1.8004397
1.0342951 9.653421 1.5705963
1.3024458 9.80665 1.4939818
1.6472107 10.304645 1.532289
2.030283 10.994175 1.6472107
2.2218192 11.683704 1.8004396
2.1068974 12.143391 1.9536686
1.7621324 12.258312 2.2601264
1.340753 12.181698 2.7581203
1.0726024 12.181698 3.4093432
1.0342951 12.334927 4.1371803
1.2641385 12.909535 4.9799395
1.5705962 13.522451 5.4396267
1.7238252 14.09706 5.5928555
1.7621324 14.5567465 5.4779334
1.685518 14.709975 5.1331687
1.5705962 14.863204 4.9416323
1.532289 15.016433 4.9416323
1.6472107 15.246277 5.133168
1.7238252 15.437813 5.2863975
1.7238252 15.437813 5.171476
1.532289 15.054741 4.7500963
1.0342951 14.403517 4.3287168
0.4596867 13.599066 3.9456444
-0.15322891 12.756308 3.7541084
-0.61291564 12.143392 3.7924156
-0.9193735 11.722012 4.0222588
-0.9959879 11.530476 4.175488
-0.8044518 11.645397 4.405331
-0.49799398 12.028469 4.596867
-0.19153613 12.296619 4.252102
-0.038307227 12.334927 3.9456444
-0.076614454 12.143391 3.562572
-0.19153613 11.645397 3.1411927
-0.344765 11.147404 3.0262709
-0.344765 10.726024 2.9879637
-0.38307226 10.381258 3.0645783
-0.5363012 10.0748005 3.2944217
-0.6895301 9.768343 3.5242648
-1.0342951 9.500193 3.7541084
-1.3024457 9.2703495 3.7541084
-1.4556745 9.2703495 3.6008794
-1.4939818 9.576807 3.3710358
-1.3024457 10.113108 3.1794999
-1.187524 10.687716 3.1794999
-1.1492168 11.109096 3.2944217
-1.340753 11.224017 3.6008792
-1.8387469 10.879252 3.8307228
-2.413355 10.304644 3.9839516
-3.0262709 9.538499 3.9456444
-3.4859576 8.810662 3.86903
-3.7541084 8.504204 3.6391864
-3.7541084 8.350975 3.562572
-3.6008794 8.504204 3.6391866
-3.2944214 8.925584 3.6391866
-2.8730419 9.346963 3.86903
-2.4899697 9.80665 3.9456444
-2.1452048 10.0748005 3.6774938
-1.9919759 10.036493 3.3327286
-2.030283 9.691729 2.873042
-2.2218192 9.117121 2.5282772
-2.4133554 8.542512 2.7198133
-2.3750482 8.121132 3.2178073
-1.7621324 8.427589 4.098873
-1.2258313 8.963891 4.1371803
-0.842759 9.423578 3.9073372
-0.49799395 9.576807 3.6774938
-0.34476504 9.385271 3.5242648
-0.2681506 8.963891 3.6008792
-0.15322891 8.580819 3.8307228
-0.076614454 8.427589 4.2521024
0.30645782 8.69574 4.9799395
0.61291564 8.925584 5.2863975
0.9193734 8.925584 5.554548
1.1875241 8.963891 5.707777
1.4939818 8.925584 5.5928555
1.8770541 9.11712 5.056554
2.1068974 9.078813 4.7884035
2.221819 8.963891 4.6351743
2.3750482 8.69574 4.55856
2.4899697 8.427589 4.6734815
2.6431985 8.236053 4.8267107
2.7964275 8.159439 5.0182467
2.9879637 8.121132 5.094861
3.2944214 8.274361 4.865018
3.6008794 8.465897 4.5968676
3.9839516 8.657433 4.367024
4.367024 8.734048 4.1754875
4.596867 8.619125 4.060566
4.7884035 8.427589 3.9456444
4.865018 8.082825 3.8307228
4.8267107 7.8912888 3.7158012
4.865018 7.699753 3.7541084
4.865018 7.584831 4.0222588
4.865018 7.699753 4.405331
4.903325 7.8146744 4.8267107
4.865018 7.8912888 5.0182467
4.7500963 7.967903 4.8267107
4.6351743 7.929596 4.3287168
4.4819455 7.929596 3.6391866
4.405331 8.0445175 3.0262709
4.405331 8.236053 2.7964275
4.4436383 8.619125 2.873042
4.55856 9.040506 3.371036
4.6351743 9.423578 4.060566
4.596867 9.615114 4.55856
4.367024 9.576807 4.8267107
3.9839516 9.385271 4.8267107
3.5242648 9.155427 4.55856
3.2561142 9.002198 4.4053307
3.1028852 9.002198 4.55856

