3.064578 9.002198 4.711789
2.2601264 9.078813 5.0565543
1.8387469 10.457873 5.6311626
1.340753 11.798626 6.205771
0.8810662 13.062764 6.5122285
0.9576807 14.097059 7.086837
0.6512229 13.790602 6.818686
0.57460845 13.790602 6.62715
0.6895301 14.020445 6.588843
0.9959879 14.51844 6.62715
1.4173673 14.978127 6.703765
1.685518 15.131355 6.6271505
1.7621324 14.824897 6.5888433
1.685518 14.173674 6.5888433
1.5705963 13.445836 6.5888433
1.4556746 12.717999 6.742072
1.340753 12.258312 6.7803793
1.3790601 11.990162 6.6271505
1.4556746 11.87524 6.2823853
1.685518 11.9135475 5.899313
1.9536686 11.990162 5.439626
2.2218192 12.028469 5.1714754
2.2984335 11.836933 4.903325
2.1068974 11.492168 4.55856
1.8004396 10.879252 4.3287168
1.3790601 10.151415 4.1754875
1.1492168 9.4618845 4.2137947
1.0726024 8.772355 4.3287163
1.0726024 8.236053 4.596867
1.0726024 7.776367 4.903325
1.0342952 7.4699097 5.056554
0.9576807 7.3166804 5.056554
0.91937345 7.2783732 4.8267107
0.8810662 7.2783732 4.2137947
0.8044517 7.125144 3.3710358
0.61291564 6.588843 2.4899697
0.34476504 5.8610053 1.6472108
-0.03830722 4.9416323 1.0342951
-0.49799395 4.0988736 0.9959879
-0.84275895 3.409343 1.3024457
-1.0342951 2.9496565 1.8387468
-0.9576807 2.8730419 2.260126
-0.7278373 3.064578 2.375048
-0.4213795 3.4476504 2.1452048
-0.11492168 3.9456441 1.7238252
0.076614454 4.443638 1.4173673
0.2681506 4.6734815 1.0342951
0.34476504 4.865018 0.8044518
0.38307226 4.903325 0.7278373
0.4213795 4.865018 0.842759
0.45968673 4.865018 1.2258313
0.57460845 5.056554 1.8004396
0.68953013 5.4396257 2.336741
0.842759 5.899313 2.7581203
1.0726024 6.359 3.0262709
1.340753 6.5888433 2.7964275
1.6089035 6.8186865 2.183512
1.9153613 6.9719152 1.4173675
2.183512 7.2783732 0.68953013
2.4516625 7.6231384 0.30645782
2.681506 7.8912888 0.4213795
2.834735 8.00621 0.7661446
2.873042 7.967903 1.340753
2.7964277 7.967903 1.9536686
2.681506 7.776367 2.2218192
2.528277 7.776367 2.2984338
2.4516625 7.776367 2.183512
2.4516625 7.6614456 1.8770541
2.6048913 7.776367 1.7238252
2.834735 7.8912888 1.6089035
3.064578 8.121132 1.4939818
3.2944217 8.580819 1.6089035
3.5242648 9.002198 1.8004396
3.86903 9.346964 2.1835117
4.2137947 9.653421 2.4899697
4.520253 9.615114 2.566584
4.6351748 9.423578 2.4516625
4.520253 9.308657 1.9919758
4.367024 9.155428 1.4556745
4.1754875 9.117121 1.0342951
4.060566 9.193735 0.68953013
4.098873 9.308657 0.57460845
4.1754875 9.5385 0.61291564
4.3287163 9.959879 0.6512228
4.4436383 10.228029 0.6895301
4.4436383 10.419565 0.5746084
4.367024 10.457873 0.34476504
4.2137947 10.457873 0.15322891
4.098873 10.572795 0.15322891
3.86903 10.534488 0.22984338
3.5625722 10.419565 0.4213795
3.1794999 10.228029 0.61291564
2.6431987 9.921572 0.53630114
2.1452048 9.768343 0.61291564
1.7621325 9.768343 0.6512228
1.6089035 9.768343 0.7661445
1.5322891 9.921572 0.84275895
1.3790601 9.959879 0.6512228
0.95768064 9.80665 0.22984336
-0.26815057 9.615114 -0.5363012
-0.8810662 9.921572 0.038307235
-1.1109096 10.342951 0.45968673
-1.3790601 10.649409 0.9576807
-1.7238252 10.879252 1.3024457
-2.1068976 10.955867 1.4556746
-2.4516625 10.879252 1.6089036
-2.7964277 11.262325 1.3024457
-2.834735 11.683704 1.1875241
-2.7581203 12.181698 0.7661445
-2.7964275 11.568783 0.4213795
-2.873042 11.109097 0.4596867
-2.9496565 10.764331 0.7661445
-3.0262709 10.419565 1.0726024
-3.064578 10.036493 1.4939818
-3.1028852 9.691729 1.7238252
-3.1794999 9.5385 1.8770541
-3.217807 9.346964 1.9536686
-3.2944217 9.155427 1.8387469
-3.4476504 8.963891 1.5705963
-3.5242648 8.657433 1.4173673
-3.6391864 8.389282 1.3790601
-3.6391864 8.274361 1.5705962
-3.562572 8.159439 1.9153612
-3.4859576 8.00621 2.1068974
-3.371036 7.8529816 2.2218192
-3.1794999 7.6614456 2.2601266
-2.9879637 7.584831 2.2984338
-2.7581203 7.546524 2.336741
-2.528277 7.546524 2.2601266
-2.413355 7.508217 2.1068976
-2.3367407 7.431602 2.030283
-2.3367407 7.3166804 2.0685904
-2.4133554 7.0485296 2.2218192
-2.4516625 6.7037644 2.2984338
-2.4899697 6.2440777 2.2218192
-2.4516625 5.7460837 2.0685902
-2.2218194 5.4779334 1.9536686
-1.9153614 5.4779334 1.9153614
-1.532289 5.592855 1.9153614
-1.1109096 5.93762 1.8387469
-0.7661445 6.1674633 1.6472108
-0.53630114 6.129156 1.3790603
-0.344765 5.9759274 1.1109096
-0.26815057 5.592855 0.80445176
-0.19153613 5.1714754 0.61291564
-0.076614454 4.9416323 0.53630114
0.11492168 5.0182467 0.53630114
0.38307226 5.3630114 0.7661445
0.6512229 5.707777 0.8810662
0.91937345 6.129156 0.9576807
1.0342951 6.4739213 1.0726024
1.1109097 6.5505357 1.1109096
1.1109097 6.6654572 1.2641385
1.0726024 6.5505357 1.3407528
1.1109096 6.2057705 1.2258313
1.1492168 5.93762 0.9959879
1.3024457 5.93762 0.7278373
1.5705962 6.244078 0.5363012
1.8770542 6.8186865 0.5746084
2.2601264 7.5848308 0.5746084
2.528277 8.121132 0.6512228
2.681506 8.389282 0.8810662
2.719813 8.504205 0.9576807
2.681506 8.465898 1.187524
2.6048915 8.42759 1.4173673
2.528277 8.542512 1.5705962
2.4516625 8.695741 1.7621324
2.4133554 8.887277 1.9153614
2.3750482 9.002198 1.8387469
2.3750482 8.963891 1.6472108
2.4516625 9.040505 1.4556746
2.6431985 9.346963 1.3790603
2.9879637 10.0748005 1.3790603
3.4476504 11.109096 1.3790603
3.9073372 12.373235 1.4173675
4.098873 13.637373 1.4939818
4.0222588 14.441825 1.9536686
3.6391866 14.671669 2.7198133
3.026271 14.173674 3.371036
2.3750482 13.215994 3.9456444
1.7621324 12.258312 4.367024
1.340753 11.798626 4.6351743
1.2641385 11.951855 4.9799395
1.3790601 12.679692 5.1714754
1.685518 13.828909 5.2480903
1.9919758 15.054741 5.056554
2.030283 15.820885 4.596867
1.8004396 15.859192 4.1754875
1.3024457 15.399506 3.6391864
0.6895301 14.51844 3.217807
0.15322891 13.599066 3.0262709
-0.19153613 12.909536 2.9879637
-0.3064578 12.449848 3.0645783
-0.22984335 12.143391 3.2178073
-0.076614454 12.066776 3.371036
0.11492168 12.334927 3.371036
0.22984335 12.756307 3.3327289
0.22984335 13.101072 3.2944217
0.15322891 13.369223 3.2944217
-0.038307227 13.254301 3.2561145
-0.30645782 12.756308 3.2178073
-0.6512228 12.181699 3.1794999
-1.0726024 11.530476 3.1794999
-1.532289 10.91756 3.2561142
-1.9153614 10.49618 3.4859576
-2.2601264 10.228029 3.7924156
-2.2601264 10.49618 4.2137947
-2.030283 11.070787 4.5202527
-1.37906 12.296619 4.7884035
-1.4173675 12.334927 4.4436383
-2.030283 11.836933 3.9456444
-2.566584 11.262325 3.6008792
-3.064578 10.687716 3.677494
-3.8307228 9.385271 4.2137947
-3.9456444 9.002198 4.6734815
-3.9839516 8.848969 5.056554
-3.7541082 9.002198 4.9799395
-3.3327286 9.423578 4.4436383
-3.064578 9.5385 4.0222588
-2.9879637 9.346964 3.8307228
-2.873042 9.078814 3.6774938
-2.4516625 8.580819 3.4859576
-2.183512 8.465898 3.4476504
-1.9536686 8.42759 3.3327289
-1.8004398 8.389282 3.0645783
-1.685518 8.350975 2.9879637
-1.532289 8.274361 2.9113493
-1.340753 8.274361 2.987964
-1.0726024 8.312668 3.2944217
-0.8810662 8.121132 3.7541084
-0.8044518 7.967903 4.3287168
-0.8044518 7.776367 4.673482
-0.842759 7.584831 4.7500963
-0.7661445 7.584831 4.6351748
-0.5746084 7.699753 4.2904096
-0.22984335 7.8529816 3.9839516
0.19153613 8.0445175 3.7541084
0.61291564 8.350975 3.677494
1.1492168 8.734048 3.7158012
1.6089035 9.155428 3.86903
1.9919758 9.423578 4.060566
2.260126 9.461885 4.252102
2.221819 9.193735 4.367024
1.9919758 8.734048 4.405331
1.7238252 8.236053 4.5202527
1.4173675 7.776367 4.4436383
1.3790603 7.6614456 4.4819455
1.7238253 7.929596 4.865018
2.336741 8.580818 5.24809
3.217807 9.346964 5.631162
4.098873 10.036493 5.7843914
4.673482 10.266336 5.2480903
4.865018 10.036493 4.405331
4.673482 9.615114 3.371036
4.252102 8.810662 2.681506
3.8307228 8.0445175 2.6048915
3.4859576 7.4699097 2.873042
3.409343 7.0485296 3.7158012
3.4476502 6.933608 4.520253
3.562572 7.0102224 5.2480903
3.7924154 7.1251445 5.707777
3.9456444 7.3166804 5.746084
4.0222588 7.508217 5.401319
4.098873 7.8146744 4.903325
4.2137947 8.197746 4.596867
4.367024 8.6574335 4.367024
4.55856 9.193734 4.405331
4.7500963 9.576807 4.4436383
4.7884035 9.80665 4.4436383
4.711789 9.80665 4.4436383
4.55856 9.576807 4.596867
4.2137947 9.232042 4.7884035
3.7924154 8.848969 4.903325
3.409343 8.619126 5.0182467
3.026271 8.580819 4.9799395
2.7581205 8.619126 4.865018
2.6431987 8.810662 4.8267107

