2.6048915 8.925584 4.7884035
2.6431987 9.002198 4.865018
2.681506 9.11712 4.903325
2.6431985 9.155427 4.9799395
1.9536686 8.887276 4.673482
1.8387469 10.304644 5.0182467
1.7238252 11.798626 5.209783
1.5705963 13.292608 5.3247046
1.8004396 14.978126 5.6311626
1.5705962 14.939818 5.3247046
1.3407528 14.78659 5.0182467
1.2258313 14.671668 4.903325
1.2258313 14.518439 4.865018
1.2258313 14.365211 5.094861
1.3024457 14.135366 5.4779334
1.340753 13.905523 5.822698
1.340753 13.713987 6.090849
1.4556746 13.484144 6.129156
1.532289 13.177686 5.899313
1.6089036 12.909535 5.5162406
1.6472108 12.526463 5.133168
1.5705962 12.028469 4.7884035
1.532289 11.60709 4.673482
1.4556746 11.032481 4.8267107
1.3790601 10.496181 4.865018
1.2641385 10.036493 4.865018
1.1109096 9.5385 4.9416323
0.99598795 9.155428 4.7884035
1.0726024 8.887277 4.865018
1.2641385 8.619126 4.865018
1.3790601 8.389282 4.673482
1.3790601 8.00621 4.4436383
1.1109096 7.393295 4.0222588
0.7278373 6.742072 3.562572
0.38307226 6.0525417 3.2561142
0.076614454 5.4396267 3.1028855
-0.11492168 5.056554 2.8730419
-0.22984336 4.903325 2.719813
-0.15322891 5.133168 2.566584
0.076614454 5.6694694 2.4516625
0.4213795 6.2823853 2.6048913
0.7661446 6.7420716 2.7581205
0.9576807 6.780379 2.719813
0.9959879 6.397307 2.566584
0.8044517 5.8610053 2.183512
0.49799395 5.2097826 1.6472106
0.07661444 4.788403 1.37906
-0.2681506 4.5202527 1.2258313
-0.53630114 4.367024 1.2258313
-0.6512228 4.405331 1.4939818
-0.49799395 4.520253 1.7238252
-0.15322891 4.9416323 2.030283
0.34476504 5.516241 2.183512
0.91937345 6.1674633 2.2218192
1.340753 6.703765 2.1452048
1.4939818 6.8569937 1.9153614
1.4556746 6.7803793 1.6472108
1.340753 6.6271505 1.4173675
1.2258313 6.435614 1.1875241
1.1492169 6.397307 1.0342952
1.1492169 6.397307 1.0342952
1.0726024 6.397307 1.0726024
1.0726024 6.512229 1.2641385
1.1875241 6.6271505 1.5705965
1.3024457 6.8186865 1.838747
1.532289 7.086837 2.1452048
1.7621324 7.3166804 2.2601264
1.9536686 7.469909 2.1452048
2.2218192 7.5082164 1.9153614
2.4516625 7.5082164 1.4939818
2.6048915 7.5082164 1.187524
2.7964277 7.584831 0.91937345
2.9496565 7.6614456 0.842759
3.064578 7.73806 0.9193735
3.1794996 7.8146744 1.0342952
3.2944214 7.776367 1.2258313
3.409343 7.73806 1.4939818
3.5242648 7.699753 1.8770541
3.562572 7.6614456 2.2984335
3.7158012 7.8529816 2.528277
3.9456444 8.236053 2.4899697
4.290409 8.810662 2.183512
4.865018 9.423578 1.6089036
5.24809 10.113108 1.3024457
5.5162406 10.649408 1.2641385
5.66947 10.994173 1.4173675
5.5928555 11.109096 1.7238252
5.439626 10.840945 1.8770541
5.171476 10.496181 2.030283
4.903325 10.228029 2.1452045
4.7117887 10.228029 2.1068974
4.6351743 10.419565 1.9919758
4.596867 10.611102 1.6472108
4.5202527 10.726024 1.2258313
4.405331 10.764331 0.95768064
4.098873 10.6877165 0.80445176
3.715801 10.572795 0.80445176
3.217807 10.266336 0.842759
2.6048915 9.921572 1.0726024
1.9919758 9.576807 1.2641385
1.4556746 9.308657 1.4556746
0.9576807 9.193735 1.6089036
0.5363012 9.040505 1.5705963
0.19153613 9.002198 1.4173673
-0.22984336 9.040505 1.2641385
-0.61291564 9.11712 1.1492168
-0.91937345 9.423578 1.3790601
-1.1875241 10.189722 2.2218192
-1.2641385 10.419565 2.4899697
-1.3790603 10.419565 2.336741
-1.6089036 10.228029 1.9536686
-1.877054 9.959879 1.4173675
-2.1068974 9.768343 1.2258313
-2.3367407 9.653421 1.1492168
-2.528277 9.653421 1.4173675
-2.528277 9.80665 1.9536686
-2.4899697 10.189722 2.336741
-2.413355 10.611102 2.681506
-2.413355 10.994174 2.681506
-2.6048913 11.224018 2.3750482
-2.873042 11.070789 1.9153614
-3.2178073 10.764332 1.6472108
-3.5242648 10.342951 1.7238252
-3.7541084 9.959879 2.1068974
-3.86903 9.691729 2.834735
-3.8307228 9.576807 3.5242648
-3.6391864 9.500193 3.9073372
-3.4093432 9.423578 3.9456444
-3.2178068 9.346964 3.6391864
-3.064578 9.155427 3.1028852
-2.9496565 8.887277 2.6431985
-2.8730419 8.465897 2.336741
-2.7964275 8.00621 2.1068974
-2.7581203 7.4699097 1.9153614
-2.681506 7.086837 1.8004396
-2.5282772 6.895301 1.8004396
-2.2984338 6.895301 1.8004396
-1.9536687 7.010223 1.8387469
-1.685518 7.010223 1.9153614
-1.4173675 6.8953013 1.9536686
-1.2258313 6.703765 1.9919758
-1.1492168 6.3589997 2.030283
-1.0342951 6.0525417 2.1068974
-0.9576807 5.7077765 2.0685902
-0.842759 5.3630114 1.9919758
-0.6512229 5.24809 1.9153614
-0.4596867 5.363012 1.685518
-0.30645782 5.4779334 1.5705965
-0.19153613 5.707777 1.4939818
-0.11492168 5.861006 1.3790603
-0.038307227 5.8226986 1.3790603
0.076614454 5.9759274 1.3024457
0.2681506 5.93762 1.2641385
0.68953 6.2823853 1.5322891
0.8810662 6.5505357 1.7238251
0.9193735 6.933608 1.8387469
0.88106626 7.125144 1.9153614
0.6512229 7.125144 1.8004398
0.45968673 6.9719152 1.7238252
0.4213795 6.7803793 1.6472108
0.5363012 6.742072 1.7238252
0.7661445 6.7803793 1.8770541
0.9959879 7.0102224 2.0685902
1.1492168 7.31668 2.336741
1.2641385 7.5848308 2.4516625
1.4173673 7.929596 2.336741
1.6855179 8.312668 2.1068974
2.030283 8.734048 1.8387469
2.4133554 9.308657 1.532289
2.7581203 9.80665 1.2641385
3.026271 10.151415 1.2258313
3.1028855 10.419565 1.3407528
2.9879637 10.572795 1.532289
2.7581205 10.6877165 2.0685902
2.4899697 10.955868 2.6431987
2.336741 11.377247 3.2561145
2.2984335 11.760319 3.9073372
2.2601264 12.143391 4.2137947
2.0685902 12.181698 4.290409
1.8004396 11.951855 4.060566
1.532289 11.87524 3.6774938
1.4556746 12.181699 3.524265
1.7238252 13.024457 3.5625722
2.0685902 14.211981 3.7541082
2.3367407 15.246276 4.060566
2.2984335 15.74427 4.3287168
1.9153614 15.74427 4.4436383
1.532289 15.437813 4.4819455
1.1875241 14.901512 4.2904096
1.0342952 14.36521 4.0222588
1.0726024 13.9438305 3.7541084
1.1109096 13.752295 3.5242648
1.2641385 13.67568 3.409343
1.3790601 13.752295 3.217807
1.4173673 13.828909 3.1411927
1.3790601 13.484144 2.911349
1.2641385 13.177686 2.8730419
1.1492168 12.871228 2.987964
0.9576807 12.756307 3.026271
0.68953013 12.832921 3.2561142
0.30645782 12.717999 3.3327286
-0.2681506 12.411541 3.217807
-0.842759 11.798626 2.9879637
-1.340753 10.994175 2.6431987
-1.8387469 10.22803 2.2601264
-2.183512 9.576807 2.0685904
-2.4516625 9.078813 2.1068976
-2.566584 8.887277 2.2984338
-2.528277 9.040506 2.7581205
-2.3750482 9.576807 3.1028852
-2.183512 10.228029 3.2178068
-2.0685902 10.917561 3.1794996
-2.1068974 11.33894 2.8730419
-2.3750482 11.224018 2.4516625
-2.873042 10.726024 2.1068974
-3.5242648 9.883265 2.0685902
-4.1754875 9.155427 2.1452048
-4.6351748 8.848969 2.3750482
-4.8267107 8.848969 2.681506
-4.865018 9.155428 2.834735
-4.711789 9.576807 2.9496565
-4.5202527 9.844957 3.1411927
-4.3287168 10.036493 3.3327286
-4.060566 10.151415 3.4859576
-3.7924156 9.959879 3.5242648
-3.5242648 9.615114 3.562572
-3.2561145 9.078813 3.371036
-2.9879637 8.504204 3.371036
-2.681506 8.197746 3.4093432
-2.3750482 8.121132 3.4093432
-1.9536686 8.389282 3.6008792
-1.4939818 8.772355 3.562572
-1.1109096 9.117121 3.715801
-0.7278373 9.346964 3.6774936
-0.49799395 9.423578 3.5242648
-0.34476504 9.308657 3.4476504
-0.19153613 9.002198 3.2944217
-0.11492168 8.695741 3.371036
-0.076614454 8.389282 3.6008792
-0.038307227 8.197746 3.7541084
0.11492168 8.159439 3.9456444
0.3830723 8.159439 3.9073372
0.7278373 8.312668 3.7541082
1.0342952 8.427589 3.7541082
1.3790603 8.619125 3.9073372
1.7238252 8.810662 4.2137947
2.1068974 8.810662 4.520253
2.4133554 8.772355 4.5585604
2.4133554 8.542512 4.2904096
2.2984338 8.197746 3.9073372
2.1835117 7.929596 3.6774938
2.2984335 7.8912888 3.7924156
2.6815057 8.00621 4.175488
3.2944217 8.350975 4.673482
3.9073372 8.734048 5.0565543
4.4436383 8.925584 5.2863975
4.7884035 9.002198 5.2863975
4.8267107 9.155427 5.209783
4.8267107 9.270349 5.0948615
4.7500963 9.346964 4.8267107
4.673482 9.423578 4.55856
4.673482 9.346964 4.2904096
4.711789 9.308657 4.2137947
4.7884035 9.423578 4.55856
4.903325 9.653421 5.0182467
5.0182467 9.730036 5.5162406
5.0182467 9.768343 5.8226986
4.9416323 9.691729 5.746084
4.7500963 9.461885 5.5545483
4.4436383 9.2703495 5.0948615
4.060566 8.963891 4.7500963
3.562572 8.6574335 4.3287168
3.1028852 8.542512 3.9839516
2.7581205 8.504205 3.9456444
2.566584 8.542512 3.9073372
2.566584 8.734048 4.252102
2.681506 8.848969 4.4819455
2.7964277 8.963891 4.7884035

