2.7964277 8.963891 5.0182467
2.6431987 8.6574335 4.9416323
2.336741 8.312668 4.9416323
1.9153614 7.967903 4.7500963
1.0726024 8.465898 4.3287163
0.88106626 10.189723 4.788403
0.7661446 11.683704 5.24809
0.7278373 12.947844 5.6694694
0.842759 13.599066 6.0142345
0.842759 13.062764 5.707777
0.842759 12.603077 5.363012
0.7661445 12.028469 5.2480903
0.7278373 11.070788 5.401319
0.5746084 9.959879 5.363012
0.4213795 8.925584 5.439626
0.34476507 8.082825 5.439626
0.30645782 7.73806 5.439626
0.2681506 7.73806 5.554548
0.34476504 7.776367 5.592855
0.49799395 7.8912888 5.401319
0.61291564 7.8146744 5.0182467
0.842759 7.699753 4.8267107
0.9959879 7.584831 4.673482
1.0726024 7.469909 4.711789
1.1109096 7.2783732 4.673482
0.9576807 6.9719152 4.405331
0.68953013 6.5505357 4.060566
0.34476507 5.93762 3.677494
-0.07661445 5.401319 3.2944217
-0.45968673 4.903325 2.9496565
-0.842759 4.55856 2.6815057
-1.187524 4.5202527 2.4516625
-1.3790601 4.5585604 2.4516625
-1.340753 4.7500963 2.528277
-1.1109096 4.903325 2.6048915
-0.7278373 5.133168 2.7964277
-0.2681506 5.4396257 2.834735
0.11492168 5.784391 3.0645783
0.49799395 6.090849 3.2561145
0.7661445 6.244078 3.2561145
0.842759 6.167464 3.0262709
0.7661445 5.8610063 2.2984335
0.49799395 5.439626 1.5705962
-0.076614454 4.7884035 0.53630114
-0.11492168 4.6351743 0.7278373
0.0 4.711789 1.2258313
0.22984335 4.9416323 1.8004396
0.45968673 5.24809 2.3750482
0.6512229 5.631162 2.6048913
0.7661445 6.0142345 2.4133554
0.7661445 6.2823853 2.183512
0.7661445 6.244078 1.685518
0.7661445 6.1291566 1.1875241
0.8810662 6.0525417 0.842759
1.1492168 6.167464 0.61291564
1.532289 6.6654572 0.5746084
1.9153613 7.2400656 0.7278373
2.221819 7.6614456 0.8810662
2.4516625 7.967903 0.8810662
2.6048913 8.350975 0.8044518
2.7964275 8.848969 0.61291564
3.0262709 9.423578 0.34476507
3.217807 9.844957 0.22984336
3.2944214 9.844957 0.4213795
3.2561142 9.576807 0.842759
3.064578 9.232042 1.532289
2.9496565 8.925584 2.3367407
2.9113493 8.925584 2.9496565
2.9879637 9.040506 3.3327289
3.2178073 9.155428 3.4476504
3.371036 9.308657 3.1028852
3.562572 9.423578 2.3750482
3.715801 9.730036 1.5705963
3.9456444 10.036493 0.842759
4.2904096 10.419566 0.38307226
4.5968676 10.840945 0.26815057
4.903325 11.032481 0.30645782
5.056554 11.262325 0.34476504
4.9799395 11.33894 0.34476504
4.7500963 11.185711 0.4213795
4.3287168 10.917561 0.38307226
3.86903 10.534487 0.38307226
3.371036 10.036493 0.49799395
2.9113493 9.730036 0.42137945
2.681506 9.615114 0.42137945
2.5282772 9.615114 0.42137945
2.4899697 9.883265 0.30645782
2.4899697 10.036493 0.34476507
2.3367407 10.151415 0.4213795
2.0685902 10.266336 0.45968673
1.7621324 10.228029 0.5363012
1.3790601 10.151415 0.45968673
0.95768064 10.036493 0.2681506
0.5363012 9.921572 0.038307227
0.038307235 9.730036 -0.22984335
-0.5363012 9.423578 -0.2681506
-1.1109096 9.155427 -0.19153613
-1.6472107 8.925584 0.038307227
-2.1068974 8.810662 0.22984335
-2.2984335 9.002198 0.26815057
-2.2984335 9.2703495 0.22984335
-2.2601264 9.615114 0.038307227
-2.2218192 9.921572 0.0
-2.336741 9.959879 0.11492168
-2.5665843 9.883265 0.3830723
-2.719813 9.768343 0.6512228
-2.7964275 9.730036 0.8044517
-2.719813 9.80665 0.842759
-2.566584 10.036493 0.6895301
-2.3367407 10.189722 0.53630114
-2.1452048 10.304645 0.34476504
-2.0685902 10.266337 0.2681506
-2.1068974 10.0748005 0.30645782
-2.3750482 9.80665 0.61291564
-2.6431985 9.423578 1.1109096
-2.9113493 9.193735 1.4556746
-3.217807 9.002198 1.7621325
-3.4476504 8.810662 1.8387469
-3.6391866 8.734048 1.6089036
-3.677494 8.6574335 1.3790603
-3.4859579 8.695741 1.0726024
-3.1794999 8.887277 0.8044518
-2.8347347 9.155427 0.7661445
-2.566584 9.423578 0.8044517
-2.4516625 9.461885 1.0342951
-2.528277 9.346964 1.3024458
-2.6431985 9.11712 1.7238252
-2.834735 8.848969 2.030283
-2.9113493 8.695741 2.2601266
-2.834735 8.580819 2.336741
-2.681506 8.504205 2.1068974
-2.4133554 8.504205 1.8770541
-2.2218192 8.312669 1.6472107
-2.0685902 8.121132 1.5705963
-1.9153614 7.8529816 1.7238252
-1.7621324 7.546524 1.9919758
-1.6089035 7.354988 2.2218192
-1.3790603 7.163451 2.336741
-1.1492168 6.933608 2.1068974
-0.8810662 6.473922 1.7621324
-0.61291564 5.8226986 1.2641385
-0.4596867 5.133168 0.7661445
-0.4213795 4.5202527 0.34476507
-0.4213795 4.252102 0.038307227
-0.34476507 4.4053307 -0.22984336
-0.076614454 4.7884035 -0.38307226
0.34476507 5.1714754 -0.49799395
0.842759 5.477934 -0.53630114
1.1875241 5.746084 -0.4596867
1.340753 5.861006 -0.30645782
1.2641385 6.0142345 -0.038307227
0.9193734 6.0525417 0.22984336
0.61291564 5.861006 0.7278373
0.34476504 5.592855 1.0342951
0.22984335 5.2863975 1.4173675
0.30645782 5.209783 1.5705962
0.49799395 5.2863975 1.3790601
0.8044518 5.66947 1.2258313
1.1492168 6.244078 0.9576807
1.4556746 6.895301 0.6512228
1.685518 7.5465236 0.38307226
1.7238252 7.8912888 0.07661445
1.6089035 8.0445175 -0.15322891
1.4173675 7.967903 -0.11492168
1.3790603 7.967903 0.4213795
1.5705962 8.121132 1.3024457
1.8004396 8.465897 2.2218192
2.030283 8.887277 2.9113493
2.030283 9.385271 3.1028855
1.9536686 9.959879 3.1028855
1.9919758 10.611101 2.9879637
2.183512 11.300632 2.9113493
2.6431985 11.87524 3.0262709
3.064578 12.373234 2.9496565
3.3327289 12.679692 2.9879637
3.2944217 12.909535 3.064578
2.9496565 12.98615 3.1411924
2.5665843 12.909535 3.3327289
2.2218192 12.909535 3.7924151
2.1452045 13.215993 4.405331
2.375048 13.9438305 4.9799395
2.566584 14.901511 5.631162
2.719813 15.629349 5.746084
2.6048915 15.897499 5.592855
2.183512 15.667656 5.133168
1.7238253 15.246277 4.4436383
1.3790603 14.901512 3.7924156
1.3024458 14.748282 3.5242648
1.3790603 14.671668 3.4859576
1.4556746 14.633361 3.7541084
1.4939818 14.403518 4.098873
1.3024457 14.097059 4.2904096
0.95768064 13.675679 4.4436383
0.5746084 13.215993 4.3670235
0.15322891 12.832921 4.1371803
-0.19153614 12.373234 3.562572
-0.4213795 11.990162 3.1028855
-0.6512229 11.492168 2.6048915
-0.9193734 11.032481 2.4133554
-1.1109096 10.572794 2.5665843
-1.340753 10.228029 2.7964277
-1.3790601 10.0748005 3.1795
-1.2258313 10.113108 3.2561145
-1.0726023 10.419565 3.141193
-0.9576807 10.611102 2.7198133
-0.9576807 10.611102 2.3367407
-1.2258313 10.304645 2.2218192
-1.6089034 9.730036 2.183512
-1.9153612 9.193734 2.336741
-2.1835117 8.887277 2.4899697
-2.221819 8.887277 2.6431985
-2.0685902 9.040505 2.9496565
-1.9153614 9.385271 3.2561145
-1.7621324 9.730036 3.4093432
-1.7238252 10.151415 3.2944217
-1.6472108 10.726023 3.0262709
-1.5705963 11.262324 2.566584
-1.5322891 11.568783 2.2601264
-1.5322891 11.492168 2.375048
-1.6472108 10.917561 2.9113493
-1.9536686 10.151416 3.6391866
-2.2984338 9.423578 4.252102
-2.5665843 8.848969 4.481945
-2.834735 8.542511 4.3287163
-2.7964277 8.504204 4.1754875
-2.6431985 8.695741 4.1754875
-2.336741 9.040505 4.6734815
-1.7621324 9.653421 5.094861
-1.1109096 10.304645 5.2097826
-0.4213795 10.955867 4.903325
0.15322891 11.415554 4.0222588
0.3830723 11.377247 3.1794996
0.30645785 10.802638 2.6048913
0.038307227 9.844957 2.566584
-0.2681506 8.963891 3.1794996
-0.34476504 8.427589 4.060566
-0.19153613 8.312668 5.0182467
0.19153613 8.542511 5.554548
0.61291564 8.848969 5.4779334
0.9576807 9.040505 5.0182467
1.1492169 9.002198 4.4436383
1.2641385 8.887277 3.9073372
1.3790603 8.657433 3.6774938
1.4173675 8.427589 3.7541084
1.5705963 8.389282 3.9839518
1.8004396 8.427589 4.443639
2.0685902 8.389282 4.7500963
2.3750482 8.312668 4.903325
2.6048915 8.00621 4.8267107
2.7581205 7.584831 4.711789
3.0645783 7.431602 4.711789
3.4476507 7.5082164 4.6351743
3.9839518 7.8912888 4.4819455
4.5585604 8.504205 4.1754875
4.903325 9.040505 3.6008792
5.1714754 9.385271 3.217807
5.2863975 9.500193 3.1794999
5.209783 9.308657 3.2944217
5.0565543 8.963891 3.715801
4.7884035 8.657433 4.1754875
4.5202527 8.427589 4.673482
4.3287163 8.389282 4.9799395
4.2137947 8.504205 5.094861
4.2137947 8.695741 4.9416323
4.2137947 9.040506 4.55856
4.252102 9.308657 4.2904096
4.252102 9.500193 4.060566
4.1371803 9.500193 3.9456444
3.9456444 9.5385 3.9456444
3.6774936 9.576807 3.9839516
3.371036 9.461885 4.2137947

