3.0262709 9.2703495 4.405331
2.6815057 8.925584 4.5585604
1.2641385 9.040505 4.5968676
1.2258313 10.189722 4.711789
1.1875241 11.224017 4.7500963
1.4556746 11.951855 4.9416323
1.6089035 11.9135475 5.0948615
1.3790601 11.185711 5.171476
1.1492168 10.419565 5.3247046
1.2258313 9.921572 5.5928555
1.6855179 9.921572 5.899313
2.2984335 10.22803 6.3206925
3.1795 10.879252 6.8186865
3.86903 11.224018 6.9719152
4.0222588 10.419565 6.0525417
3.3710358 9.232041 5.094861
1.8004396 7.163451 4.060566
1.0342951 6.2057705 3.9073372
0.45968673 5.5545483 3.86903
-0.15322891 5.0182467 3.6391864
-0.5363012 4.865018 2.719813
-0.26815057 5.056554 2.1452048
0.2681506 5.439626 1.8770542
0.80445176 5.8993134 1.8004396
1.3790601 6.5122285 2.1835117
1.3024458 6.4739213 2.221819
1.1492169 6.2057705 1.9919758
0.99598795 5.899313 1.685518
0.7661446 5.439626 1.4556746
0.49799395 4.9416323 1.3024457
0.15322891 4.5202527 1.1875241
-0.22984335 4.1754875 0.9959879
-0.45968673 3.9456444 1.0342951
-0.49799395 4.1371803 0.9959879
-0.34476504 4.4436383 1.1492168
-0.038307227 4.903325 1.3790601
0.22984336 5.4779334 1.340753
0.45968673 5.7843914 1.3790601
0.6512229 6.0525417 1.3024457
0.7661446 6.282385 1.2258313
0.91937345 6.4739213 1.1492169
0.99598795 6.6654572 1.1492169
1.0726024 6.780379 1.2258313
1.1875241 6.933608 1.3024458
1.3024457 7.0485296 1.340753
1.4556746 7.354988 1.2641385
1.6089035 7.73806 1.1109096
1.7238252 8.00621 0.88106626
1.8770542 8.274361 0.6512229
2.0685904 8.427589 0.6512229
2.2984338 8.580819 0.6512229
2.6048915 8.84897 0.7661446
2.873042 9.117121 0.842759
3.0262709 9.346964 0.80445176
3.217807 9.461885 0.842759
3.371036 9.423578 0.80445176
3.4476504 9.308657 0.88106626
3.5242648 9.040505 0.88106626
3.4476504 8.848969 0.7661446
3.3327286 8.734048 0.842759
3.2944214 8.695741 0.9959879
3.4093432 8.810662 1.3024457
3.5242648 9.002198 1.5705962
3.6774938 9.232042 1.6855179
3.8307228 9.423578 1.7238252
3.8307228 9.5385 1.493982
3.7924156 9.615114 1.1875241
3.7158012 9.615114 0.88106626
3.4093432 9.768343 0.30645782
3.3327289 9.883265 0.49799395
3.2561142 9.921572 0.7661445
3.1411924 10.0748005 1.1875241
2.9879637 10.0748005 1.493982
2.681506 10.0748005 1.5705963
2.2218192 10.036493 1.4939818
1.7621325 9.80665 1.187524
1.3024458 9.691729 0.9576807
0.9576807 9.576807 0.8810662
0.7661445 9.730036 0.91937345
0.6512228 10.0748005 1.1109096
0.57460845 10.266336 1.1492168
0.4213795 10.342951 0.99598783
0.15322891 10.228029 0.8044517
-0.2681506 9.921572 0.6512228
-0.6512229 9.768343 0.6512228
-0.9959879 9.691729 0.6512228
-1.2641385 9.653421 0.6129156
-1.3790601 9.691729 0.49799395
-1.4939818 9.844957 0.4213795
-1.532289 9.883265 0.38307226
-1.6089035 9.921572 0.57460845
-1.7621324 9.959879 0.8810662
-1.9153614 9.883265 1.2641385
-2.1452048 9.921572 1.5705962
-2.4516625 9.959879 1.5322891
-2.6048915 9.959879 1.2258313
-2.681506 10.036493 0.9576807
-2.719813 10.228029 0.842759
-2.719813 10.457872 0.9193734
-2.6048915 10.802638 1.3024457
-2.528277 11.109097 1.685518
-2.528277 11.262325 2.1068976
-2.6048913 11.300632 2.336741
-2.7581203 11.147403 2.3750482
-2.9113493 10.802638 2.4133554
-3.0262709 10.457872 2.2984335
-3.1411927 10.0748005 2.0685902
-3.2561142 9.730036 1.6089034
-3.3327286 9.461885 1.1875241
-3.2944214 9.232041 0.7661445
-3.1411927 9.078813 0.49799395
-2.8730419 8.963891 0.3830723
-2.2984335 8.695741 0.49799395
-2.1068974 8.504204 0.6512229
-1.9919758 8.159439 0.91937345
-1.9153614 7.8912888 1.1109097
-1.8770542 7.546524 1.0342952
-1.7621324 7.31668 0.9576807
-1.5705962 7.2400656 0.7278373
-1.2641385 7.125144 0.34476504
-0.95768064 7.1634517 0.038307227
-0.68953013 7.086837 -0.15322891
-0.49799395 6.8569937 -0.22984336
-0.38307226 6.5888433 -0.038307227
-0.42137948 6.167464 0.2681506
-0.45968673 5.8226986 0.6895301
-0.49799398 5.631162 1.0726023
-0.45968673 5.592855 1.340753
-0.34476504 5.7077765 1.4173675
-0.19153613 5.899313 1.2258313
-0.076614454 6.1291566 1.0726023
-0.038307227 6.244078 0.88106626
0.0 6.2823853 0.7661446
0.0 6.3589997 0.84275895
0.0 6.3206925 0.99598783
0.0 6.167464 1.1875241
-0.038307227 6.014235 1.4173675
-0.15322891 5.861006 1.532289
-0.22984335 5.8226986 1.4939818
-0.22984335 5.9759274 1.532289
-0.114921674 6.1674633 1.4556746
0.15322891 6.3589997 1.340753
0.4213795 6.588843 1.1109096
0.72783726 6.933608 0.8810662
1.0342951 7.3549876 0.7661446
1.2641385 7.699753 0.7661446
1.4556745 7.967903 1.0342951
1.4939818 8.197746 1.187524
1.4556746 8.312668 1.1492168
1.4173675 8.350975 0.9959879
1.340753 8.465897 0.80445176
1.4556746 8.580818 0.9959879
1.685518 8.810661 1.340753
1.9919758 9.423578 1.8387468
2.6431987 10.687716 2.183512
2.6048915 11.18571 2.0685904
2.4133554 11.18571 1.9153614
1.9919758 10.994174 1.8770542
1.532289 10.649408 1.8770542
1.3790601 10.419565 2.0685902
1.4556746 10.457872 2.1835117
1.8004397 10.764331 2.2218192
2.2218194 11.185711 2.4133554
2.336741 11.530476 2.566584
2.2218192 11.9135475 2.873042
1.9153614 12.411542 3.2561142
1.685518 13.024458 3.5242648
1.7238252 13.905524 3.562572
1.8387468 14.671668 3.4476504
1.9153614 15.131355 3.1794999
1.7238252 15.284584 2.9879637
1.3024458 14.824898 2.9496565
0.80445176 14.288595 3.1411927
0.4213795 13.828909 3.6008792
0.30645782 13.599066 3.9456441
0.4213795 13.9438305 4.290409
0.6512229 14.36521 4.290409
0.7661446 14.595054 4.252102
0.6512229 14.441825 4.1371803
0.34476507 13.9438305 3.8307226
-0.114921674 13.139379 3.4859576
-0.4213795 12.411542 2.9496565
-0.5746084 11.87524 2.4516625
-0.5746084 11.453861 2.0685904
-0.38307226 11.224018 1.8770542
-0.26815057 11.070788 1.8004396
-0.15322891 10.91756 1.8770542
-0.22984336 10.726024 2.0685902
-0.42137948 10.572795 2.1835117
-0.6512228 10.419566 2.1835117
-0.9193734 10.266336 2.0685902
-1.1109096 9.998186 1.9919758
-1.3790601 9.768343 2.1068976
-1.6472107 9.500193 2.3750482
-1.8770541 9.346964 2.681506
-1.9919758 9.500193 3.0262709
-2.030283 9.730036 3.2178073
-2.030283 10.113108 3.4093432
-2.030283 10.457872 3.562572
-2.1068974 10.879252 3.6391866
-2.1452048 11.224018 3.7924156
-2.1068974 11.415554 3.86903
-2.0685902 11.453861 3.9073372
-2.1452045 11.147404 3.86903
-2.2218192 10.726024 3.8307228
-2.4133554 10.266337 3.7541084
-2.6431985 9.959879 3.7924156
-2.719813 9.730036 3.7158012
-2.7581203 9.691729 3.6008792
-2.5665843 9.730036 3.4093432
-2.2601266 9.730036 3.141193
-1.8770542 9.921572 3.0645783
-1.4173675 10.113108 3.0262709
-0.9959879 10.304644 3.1028855
-0.6895301 10.49618 3.064578
-0.53630114 10.342951 3.1028852
-0.6512228 9.80665 3.1028852
-0.9576807 9.040506 3.0262709
-1.2641385 8.274361 3.2561142
-1.4173675 7.776367 3.4859576
-1.2641385 7.73806 3.6774938
-0.80445176 8.121132 4.060566
-0.15322891 8.619125 4.2137947
0.45968673 9.193734 4.098873
1.0342951 9.5385 3.8307228
1.3407528 9.461885 3.4859576
1.3407528 9.155428 3.371036
1.3024457 8.6574335 3.6391866
1.2258313 8.312668 4.1754875
1.2641385 8.159439 4.673482
1.5705962 8.121132 4.9799395
1.877054 8.121132 5.0182467
2.2218192 8.082825 4.865018
2.566584 8.082825 4.711789
2.873042 8.197746 4.4819455
3.2561145 8.465897 4.2137947
3.562572 8.657433 3.9073372
3.7541084 8.810662 3.4476504
3.9073372 8.772355 3.0645783
3.9839516 8.504205 2.681506
4.0222588 8.082825 2.528277
4.060566 7.546524 2.4899697
4.060566 7.125144 2.4899697
4.2137947 6.8186865 2.834735
4.4436383 7.0102224 3.371036
4.8267107 7.699753 4.175488
5.3630114 8.504205 4.9416323
5.822698 9.423578 5.133168
6.397307 10.113108 4.2904096
6.2057705 9.998186 3.562572
5.7843914 9.653421 3.1411927
5.1714754 9.308657 2.9113493
4.673482 9.002198 2.9113493
4.290409 8.848969 3.1411927
4.0222588 8.887277 3.4476504
3.9839516 8.925584 3.6008794
3.9456444 9.078813 3.9839516
3.9839516 9.193734 4.3287163

