3.9839516 9.2703495 4.55856
0.26815057 8.963892 4.2137947
0.38307226 10.649408 4.9416323
0.61291564 12.258312 5.3630114
0.88106626 13.9438305 5.822698
1.1492169 15.322891 6.090849
1.3024458 15.016434 6.0142345
1.3790601 14.709975 5.93762
1.3790601 14.326902 5.7843914
1.2641385 13.867215 5.7843914
1.0342951 13.369222 5.746084
0.8810662 12.871228 5.899313
0.91937345 12.373234 5.9759274
1.1109096 12.028469 6.090849
1.2641385 11.60709 5.899313
1.340753 11.262324 5.439626
0.84275895 10.381258 4.252102
0.57460845 9.959879 3.8307226
0.4596867 9.615114 3.524265
0.5363012 9.2703495 3.4476504
0.61291564 9.040505 3.8307228
0.68953013 8.695741 4.2137947
0.7278373 8.236053 4.4436383
0.7278373 7.929596 4.5202527
0.842759 7.699753 4.3287168
0.9193735 7.546524 3.9456444
0.9959879 7.431602 3.6008794
0.9959879 7.163451 3.1794999
0.8810662 6.7037644 2.7964275
0.61291564 6.205771 2.6048915
0.15322892 5.5162406 2.566584
-0.38307223 4.7500963 2.6048913
-0.8810662 4.213795 2.681506
-1.187524 3.7924156 2.5665843
-1.187524 3.715801 2.1068976
-0.9193734 3.9073372 1.4556746
-0.4596867 4.1371803 0.65122294
0.076614454 4.55856 0.0
0.49799398 4.9416323 -0.2681506
0.7661446 5.133168 -0.19153613
0.8044518 5.2097826 0.15322891
0.6512228 5.094861 0.57460845
0.49799395 4.7500963 0.91937345
0.45968673 4.6351748 1.3790601
0.7661446 4.9416323 1.4556746
1.1109096 5.439626 1.493982
1.4556746 5.899313 1.3024458
1.6472108 6.090849 1.1109096
1.8770542 6.129156 0.49799395
1.9919758 6.129156 0.4213795
2.1835117 6.282385 0.57460845
2.336741 6.512229 0.84275895
2.566584 6.8569937 1.2258313
2.7198133 7.163451 1.4939818
2.834735 7.393295 1.5705963
2.873042 7.584831 1.5705963
2.8347347 7.584831 1.4939818
2.8730419 7.699753 1.340753
3.0262709 7.776367 1.3024458
3.2178068 7.8529816 1.3024458
3.4859576 8.082825 1.3790601
3.7541084 8.197746 1.4939818
3.9073372 8.389282 1.6089035
4.1754875 8.619126 1.7238252
4.405331 8.887277 1.7621324
4.5968676 9.2703495 1.9153614
4.7884035 9.461885 1.9536686
4.865018 9.5385 1.9153614
4.865018 9.576807 1.685518
4.7884035 9.5385 1.3024458
4.6734815 9.615114 0.9576807
4.5202527 9.730036 0.6512228
4.405331 9.883265 0.45968673
4.213795 9.998186 0.49799395
4.060566 10.151415 0.61291564
3.86903 10.342951 0.8044517
3.1411927 10.457873 0.9959879
2.6431987 10.457873 0.8810662
2.1068976 10.457873 0.8044518
1.685518 10.534488 0.8044518
1.3790601 10.496181 0.842759
1.1492168 10.572795 1.1875241
0.9576807 10.611102 1.532289
0.7661446 10.611102 1.9919758
0.49799395 10.649409 2.2601264
0.15322891 10.611102 2.2984335
-0.22984336 10.572795 2.2984335
-0.80445176 10.496181 2.3367407
-1.4173673 10.304644 2.4133554
-2.0685902 10.113108 2.4899697
-2.681506 9.959879 2.4516625
-3.1028855 10.036493 2.2601264
-3.217807 10.419565 1.9919758
-3.1028855 10.994174 1.8004396
-2.9113493 11.645397 1.7621324
-2.681506 12.066776 1.7621324
-2.719813 12.105083 1.9919758
-2.8730419 11.9135475 2.2601264
-3.1794999 11.492168 2.528277
-3.6008792 10.994174 2.7964275
-3.9456441 10.649408 2.9496565
-4.252102 10.266336 2.9879637
-4.405331 9.998186 2.9113493
-4.3670235 9.921572 2.7581203
-4.2137947 9.959879 2.7964275
-3.9456444 10.151415 2.7964275
-3.6391864 10.381258 2.7581203
-3.3327289 10.649409 2.681506
-3.1028852 10.6877165 2.4133554
-2.9496565 10.572794 2.1068976
-2.873042 10.189722 1.8004396
-2.9113493 9.615114 1.6089036
-2.9113493 9.117121 1.4173675
-2.9496565 8.580819 1.2258313
-2.9496565 8.121132 1.0342951
-2.873042 7.699753 0.91937345
-2.7581203 7.2017584 0.80445176
-2.6048913 6.780379 0.80445176
-2.4133554 6.5122285 0.91937345
-2.2218192 6.3589997 0.8810662
-1.9919758 6.3589997 0.8810662
-1.7621324 6.3589997 0.6895301
-1.4939818 6.3589997 0.34476504
-1.1875241 6.282385 0.114921674
-0.842759 6.2440777 -0.11492168
-0.5363012 6.2057705 -0.2681506
-0.19153613 6.129156 -0.2681506
0.2681506 5.8226986 -0.2681506
0.4213795 5.5928555 -0.038307227
0.5363012 5.363012 0.0
0.61291564 5.209783 0.19153613
0.6895301 5.094861 0.34476504
0.7278373 5.0182467 0.38307226
0.7278373 4.9799395 0.53630114
0.68953 5.0182467 0.30645782
0.68953 5.056554 0.15322891
0.68953 5.094861 0.038307227
0.6512228 5.286398 0.038307227
0.68953 5.4013195 0.2681506
0.6512228 5.477934 0.34476504
0.61291564 5.6311626 0.38307226
0.49799395 5.6311626 0.30645782
0.3830723 5.7843914 0.30645782
0.34476504 5.9759274 0.38307226
0.45968673 6.1674633 0.5363012
0.9193735 6.933608 1.0342951
1.1109096 7.3166804 1.3790601
1.0726024 7.73806 1.685518
0.95768064 8.00621 1.9153614
0.8810662 8.159439 2.1068976
0.8810662 8.427589 2.1068976
1.0726023 8.810661 1.9536686
1.3024457 9.193735 1.685518
1.6472107 9.844957 1.2258313
1.685518 9.883265 1.2258313
1.6089036 9.959879 1.6089035
1.6472108 11.070787 2.6431985
1.7238252 12.105083 3.2561142
1.8770541 13.292608 3.6008794
1.9153614 14.288595 3.8307228
1.9153614 14.63336 3.9839516
1.7621325 14.63336 4.060566
1.5322891 14.441824 4.405331
1.4556746 14.326902 4.9416323
1.4556746 14.709974 5.401319
1.4939818 15.361197 5.746084
1.4939818 15.974113 5.592855
1.1875241 16.280571 5.1714754
0.57460845 15.859192 4.4436383
-0.038307205 15.131355 3.7541082
-0.6895301 13.905523 3.1794999
-0.45968673 13.790602 3.2561142
-0.11492168 13.982138 3.4093432
0.22984336 14.173674 3.562572
0.5363012 14.480132 3.6008792
0.57460845 14.36521 3.6008792
0.57460845 13.982138 3.4093432
0.34476504 13.369223 3.2178073
-0.03830722 12.334927 2.9113493
-0.61291564 11.224018 2.566584
-1.2258313 10.228029 2.528277
-1.6472108 9.346964 2.528277
-1.8770542 9.002199 2.7581203
-1.7621324 9.040506 3.217807
-1.4556746 9.2703495 3.5242648
-1.0726023 9.730036 3.7924156
-0.7278373 9.998186 3.7924156
-0.6512229 9.959879 3.4859579
-0.7278373 9.653421 2.9496567
-0.9959879 9.078813 2.528277
-1.187524 8.504204 2.183512
-1.1492168 8.274361 2.0685902
-0.91937345 8.312668 2.375048
-0.53630114 8.6574335 2.6431985
-0.15322891 9.155428 3.0262709
0.076614454 9.461885 3.3327289
0.11492168 9.576807 3.3327289
0.038307227 9.500193 3.2561145
-0.15322891 9.308657 3.0262709
-0.34476504 9.155427 2.873042
-0.45968673 9.38527 2.9113493
-0.5363012 9.883264 3.0645783
-0.61291564 10.49618 3.4093432
-0.7661445 11.18571 3.715801
-1.1109096 11.645397 3.9073372
-1.532289 11.836933 4.0222588
-2.030283 11.798626 3.9073372
-2.6048913 11.453861 3.6774938
-3.1411924 10.91756 3.4476502
-3.5242648 10.419566 3.4476502
-3.677494 10.189723 3.715801
-3.6391869 10.342952 4.098873
-3.4093432 10.649409 4.520253
-3.141193 10.994174 4.520253
-2.9113493 11.224017 4.3287168
-2.6815057 11.18571 3.8307228
-2.528277 10.994174 3.217807
-2.4899697 10.649409 2.834735
-2.528277 10.036493 2.6048915
-2.5665843 9.308656 2.9113493
-2.48997 8.810662 3.4859576
-2.2218192 8.504205 4.098873
-1.7621324 8.580819 4.6351748
-1.1875241 8.925585 4.7500963
-0.72783726 9.155428 4.4819455
-0.4596867 9.117121 4.0222588
-0.38307226 8.810663 3.4859576
-0.4213795 8.350976 3.1411927
-0.34476504 8.00621 2.9496565
-0.15322891 8.00621 2.9496565
0.19153613 8.082825 2.9879637
0.57460845 8.197746 3.1028852
0.7661445 8.236053 3.6008792
0.8810662 7.929596 4.2137947
0.842759 7.6231384 4.8267107
0.7661445 7.1634517 5.2097826
0.84275895 6.780379 5.1714754
1.0726024 6.856993 4.8267107
1.4939818 7.086837 4.290409
2.0685902 7.6614456 3.715801
2.6815057 8.274361 3.2944214
3.1794999 8.695741 2.9496567
3.4476502 8.963891 2.873042
3.4859574 9.040505 3.1411927
3.4476502 8.963891 3.3327289
3.3327286 8.69574 3.562572
3.2561142 8.312668 3.6391866
3.217807 7.929596 3.4476504
3.1411924 7.469909 3.1794999
3.2561142 7.3166804 3.1411927
3.6008794 7.5082164 3.3327286
4.060566 7.8529816 3.6774936
4.520253 8.312668 4.1371803
4.7884035 8.695741 4.252102
4.7884035 8.848969 4.060566
4.6351743 8.848969 3.7924156
4.4819455 8.925584 3.371036
4.405331 8.963891 3.1028857
4.367024 9.002198 3.0262709
4.405331 9.040505 2.9496565
4.4436383 9.11712 3.064578
4.55856 9.308656 3.217807
4.673482 9.691729 3.5625722
4.8267107 10.304645 3.86903
5.0182467 10.840945 4.1371803
5.0182467 11.185711 4.3287168
4.865018 11.147404 4.137181
4.5202527 10.764332 3.9456444
3.9839516 10.228029 3.7541084
3.3327289 9.5385 3.6008792
2.8730419 9.040506 3.6391864
2.566584 8.848969 3.7924154
2.4516625 8.925584 3.8307228

