2.566584 9.232041 3.7541082
2.6431985 9.615114 3.6391864
2.6431985 9.959879 3.4476504
2.4899697 10.036493 3.2944217
2.1835117 9.959879 3.2944217
1.6855179 9.768343 3.3327289
0.91937345 9.346963 3.715801
0.9959879 10.802638 4.673482
1.3790601 12.258312 5.516241
1.8004396 13.713987 6.2057714
2.1068974 14.671668 6.8186865
2.1452045 14.173675 6.359
1.9919758 13.599066 5.93762
1.8387469 12.98615 5.5928555
1.7238252 12.449849 5.477934
1.6855179 12.105083 5.8226986
1.6855179 11.683704 6.052542
1.6089034 11.185711 6.205771
1.3024457 10.381258 6.1291566
0.80445176 9.346964 5.6694694
0.2681506 8.427589 5.209783
-0.22984335 7.6614456 4.7500963
-0.45968673 7.2017584 4.2137947
-0.4213795 6.9719152 3.8307228
-0.15322891 7.0102224 3.715801
0.30645782 7.2783732 3.7924156
0.7661445 7.661445 4.1371803
1.0342951 7.929596 4.55856
1.0726024 7.6997523 4.6734815
0.8810662 7.163451 4.290409
0.4596867 6.2823853 3.4859579
-0.038307235 5.2480903 2.4133554
-0.5363012 4.4819455 1.532289
-0.9576807 3.8307226 1.0726024
-1.1492168 3.4476502 0.9959879
-1.0342952 3.4476502 1.2641385
-0.61291564 3.7924154 1.6472107
-0.038307235 4.4819455 2.030283
0.4213795 5.133168 2.4516625
0.6512229 5.439626 2.6431987
0.5363012 5.363012 2.6431987
0.22984336 4.9416323 2.4516625
-0.038307227 4.5202527 2.1452048
-0.11492168 4.4053307 1.8387469
-0.076614454 4.5202527 1.5705963
0.19153613 4.865018 1.3024457
0.6512228 5.4779334 0.95768064
1.0342951 6.1291566 0.6512228
1.4173675 6.588843 0.45968673
1.5705963 6.7420716 0.45968673
1.4173675 6.435614 0.57460845
1.1109096 5.93762 0.80445176
0.842759 5.554548 0.91937345
0.6895301 5.363012 0.9576807
0.7661446 5.516241 0.99598795
1.0342951 5.8226986 0.9576807
1.3407528 6.244078 0.80445176
1.685518 6.6654577 0.61291564
1.8770542 7.0102224 0.34476504
1.9153614 7.201759 0.15322891
1.8770542 7.240066 0.15322891
1.7238252 7.125144 0.15322891
1.6855179 7.086837 0.22984335
1.8770541 7.125144 0.22984335
2.2601266 7.2017584 0.2681506
2.873042 7.6231384 0.34476504
3.5242648 8.082825 0.34476504
4.060566 8.580819 0.2681506
4.4436383 9.117121 0.11492168
4.6351748 9.423578 0.038307227
4.673482 9.461885 0.0
4.673482 9.308657 0.15322891
4.5968676 9.117121 0.34476504
4.55856 8.848969 0.5363012
4.596867 8.734048 0.61291564
4.7117887 8.963891 0.5746084
4.9799395 9.346964 0.34476504
5.209783 9.844958 -0.038307235
5.363012 10.419566 -0.30645782
5.4779334 10.764331 -0.42137948
5.401319 10.91756 -0.30645782
5.24809 10.91756 0.076614454
4.9799395 10.726024 0.49799395
4.481946 10.381259 0.91937345
3.86903 10.036493 1.187524
3.2944217 9.844957 1.2258313
2.834735 9.883265 1.1492168
2.6048915 10.189722 0.8810662
2.6048915 10.687716 0.7661445
2.6048915 11.224017 0.7278373
2.4516625 11.492168 0.8044518
2.1452048 11.645397 0.99598795
1.6472108 11.60709 1.2641386
1.0342951 11.530476 1.5322891
0.5746084 11.60709 1.7238252
0.114921674 11.760319 1.8770541
-0.30645782 11.990162 1.8770541
-0.7278373 12.105083 1.9536686
-1.2258313 12.105083 2.183512
-1.6472107 11.990162 2.6431985
-1.9919757 11.760319 3.2561142
-2.2984335 11.492168 3.562572
-2.528277 11.185711 3.6008797
-2.681506 10.879252 3.2561145
-2.7581205 10.496181 2.834735
-2.7964277 10.228029 2.566584
-2.7964277 10.0748005 2.3750482
-2.7964277 10.036493 2.2218194
-2.7964277 10.189722 2.030283
-2.6431987 10.457873 1.9536686
-2.528277 10.726024 1.9919758
-2.4899697 10.840945 2.183512
-2.566584 10.649409 2.3750482
-2.719813 10.228029 2.5282772
-2.834735 9.691729 2.5282772
-2.9113493 9.117121 2.3750482
-2.873042 8.772356 2.183512
-2.7964277 8.580819 1.8004396
-2.681506 8.427589 1.6472108
-2.5665843 8.350975 1.6089036
-2.4516625 8.274361 1.532289
-2.375048 8.0445175 1.532289
-2.2984335 7.8529816 1.3407528
-2.2218192 7.6231384 0.9959879
-2.1068976 7.431602 0.7661445
-1.9536686 7.278373 0.5363012
-1.8770542 7.163451 0.4213795
-1.7621324 7.0485296 0.49799395
-1.685518 6.933608 0.5363012
-1.6089035 6.895301 0.7661445
-1.4939818 6.7803793 0.9959879
-1.2258313 6.6654577 1.1492169
-1.0342951 6.588843 1.0342951
-0.8044518 6.5505357 0.842759
-0.53630114 6.588843 0.61291564
-0.34476504 6.5122285 0.42137948
-0.22984335 6.435614 0.1532289
-0.11492168 6.3589993 -0.076614454
-0.038307227 6.1674633 -0.11492168
0.11492168 6.0142345 -0.076614454
0.30645782 5.899313 0.22984336
0.49799395 5.861006 0.57460845
0.61291564 5.899313 0.91937345
0.57460845 5.93762 1.2258313
0.45968673 5.899313 1.3024457
0.3064578 5.707777 1.1875241
0.11492168 5.4779334 0.80445176
0.0 5.1714754 0.38307226
-0.076614454 4.9416323 -0.076614454
-0.15322891 4.7884035 -0.38307226
-0.15322891 4.711789 -0.38307226
-0.11492168 4.865018 -0.22984335
-0.076614454 5.0948615 0.15322891
0.038307227 5.439626 0.7278373
0.22984336 5.899313 1.2258313
0.45968673 6.244078 1.340753
0.7278373 6.435614 1.2641385
0.8810662 6.588843 0.9193735
0.9959879 6.7037644 0.57460845
1.0342951 6.8186865 0.68953
1.1492168 7.0868373 0.84275895
1.3790601 7.3166804 1.1109096
1.6089035 7.699753 1.4173675
1.8387469 8.00621 1.5705962
1.9536686 8.121132 1.8387468
1.9919758 8.274361 2.2601264
1.8770541 8.350975 2.6431985
1.7238252 8.619125 2.9879637
1.6089035 9.078813 3.3327289
1.532289 9.730036 3.371036
1.6472107 10.228029 3.2178073
1.8387469 10.649408 3.026271
1.9919758 11.147403 2.9879637
2.030283 11.60709 3.1028852
2.0685902 12.143391 3.6391869
2.1452048 13.024457 4.4819455
2.2984335 14.135366 5.0182467
2.566584 15.169662 5.2863975
2.336741 15.514427 4.2904096
1.7238253 14.518439 3.86903
1.0726024 13.407529 3.7541082
0.6512228 12.871228 4.2137947
0.7661445 13.177686 4.7500963
1.1875241 14.211981 5.0182467
1.6472108 15.514427 5.1714754
1.8770542 16.395493 4.9416323
1.7621324 16.625336 4.8267107
1.532289 16.242264 4.865018
1.3024457 15.629349 4.9416323
1.2258313 15.169662 5.0182467
1.3024457 14.824897 4.673482
1.4173673 14.671668 4.098873
1.3407528 14.480132 3.4859579
1.0726023 14.173675 2.987964
0.6895301 13.790602 2.873042
0.22984336 13.369222 2.873042
-0.15322891 12.832921 2.9113493
-0.4596867 12.181698 3.026271
-0.72783726 11.568783 3.2944214
-1.0726023 10.879253 3.4859576
-1.3790603 10.228029 3.7158012
-1.6089036 9.883265 3.7924156
-1.7621324 9.768343 3.6391869
-1.6472108 9.959879 3.6008797
-1.4556746 10.342951 3.4476504
-1.2641385 10.6877165 3.371036
-1.2258313 10.994174 3.4859576
-1.4173675 11.109096 3.6008794
-1.8004397 10.994174 3.7924156
-2.2601266 10.457873 3.8307228
-2.7581205 9.768343 3.8307228
-3.2178073 9.155427 3.7541084
-3.4859576 8.734048 3.6391866
-3.6008792 8.848969 3.6008794
-3.5242648 9.155428 3.371036
-3.3710358 9.500193 3.2561142
-3.2561142 9.730036 3.217807
-3.2561142 9.730036 3.217807
-3.2561142 9.615114 3.3327286
-3.2944217 9.423577 3.371036
-3.2561145 9.270349 3.4093432
-3.1411924 9.002198 3.4093432
-2.9879637 8.810662 3.2944217
-2.719813 8.580819 3.1411927
-2.4516625 8.274361 2.9113493
-2.1068974 8.274361 2.719813
-1.6472106 8.427589 2.681506
-1.2258312 8.734047 2.834735
-0.8044517 9.117121 3.1795
-0.45968673 9.2703495 3.562572
-0.30645782 9.2703495 3.8307228
-0.11492168 9.193734 3.8307228
0.11492168 9.11712 3.6391864
0.34476504 9.078813 3.2561145
0.6512228 8.619125 2.681506
0.61291564 8.236053 2.4516625
0.49799395 7.6231384 3.1411927
0.6512228 7.546524 3.9839516
0.91937345 7.6231384 4.865018
1.2258313 7.73806 5.477934
1.4173675 7.8146744 5.2863975
1.5705963 7.699753 4.711789
1.685518 7.546524 4.3287168
1.8387469 7.508217 4.098873
2.183512 7.584831 4.175488
2.528277 7.8529816 4.443639
3.0262709 8.236053 4.5968676
3.6391864 8.695741 4.443639
4.2137947 9.078814 4.3287168
4.6351743 9.385271 4.1371803
4.865018 9.576807 4.0222588
4.6351743 9.308657 4.0222588
4.3670235 8.963891 3.9073372
4.2137947 8.619126 3.86903
4.1371803 8.350975 3.9073372
4.1754875 8.197746 4.0222588
4.4436383 8.389282 4.060566
4.750096 8.695741 4.060566
5.0182467 9.232042 3.9073372
5.2480903 9.730036 3.6391869
5.4396267 10.036493 3.4093432
5.4396267 10.0748005 3.1795
5.2480903 9.653421 2.9879637
4.7500963 8.963891 2.7964277
3.9839516 8.159439 2.7964277
3.3327289 7.584831 2.873042
3.064578 7.6614456 3.4476504
3.217807 8.312668 4.252102
3.7541084 9.308657 4.9799395
4.405331 10.304644 5.363012
4.903325 10.879253 5.133168
5.133168 11.262325 4.4819455
5.0182467 11.300632 3.715801

