0.7278373 9.155427 3.8307228
0.38307226 10.0748005 3.5242648
0.15322891 11.147403 3.1411927
-0.11492168 12.296619 2.7964277
-0.15322891 13.560759 2.4899697
0.11492168 13.790602 2.566584
0.30645782 13.982138 2.7581203
0.61291564 14.097059 3.026271
0.8044518 14.211982 3.2561145
0.9576807 14.403518 3.6008792
1.1492168 14.480132 3.9839516
1.3407528 14.441825 4.252102
1.4556745 14.250288 4.443638
1.4173673 13.9438305 4.443638
1.2258313 13.560759 4.1754875
0.9959879 13.254301 3.7924151
0.80445176 13.062764 3.409343
0.8810662 13.024457 3.2561142
1.1875241 13.101071 3.3710358
1.4556746 13.177686 3.7541082
1.7238252 13.101071 4.290409
1.7621325 12.83292 4.5585594
1.4939818 12.373234 4.520252
1.1109096 11.683704 4.290409
0.6512228 10.955868 3.7541082
0.114921674 10.189722 3.2561145
-0.26815057 9.500193 3.0645783
-0.5746084 8.925584 3.026271
-0.7661445 8.427589 3.2561145
-0.8810662 7.929596 3.5242648
-1.0342951 7.393295 3.4859576
-1.1492169 6.8186865 3.2944217
-1.340753 6.3206925 3.026271
-1.340753 6.0142345 2.834735
-1.2258313 5.899313 3.026271
-1.1492168 5.93762 3.1794999
-0.9959879 5.861006 3.3327289
-0.9959879 5.66947 3.141193
-0.88106626 5.554548 2.528277
-0.61291564 5.439626 1.7238252
-0.038307227 5.5928555 0.19153614
0.15322891 5.6311626 -0.22984336
0.19153613 5.66947 -0.15322891
0.2681506 5.66947 0.61291564
0.3830723 5.6311626 2.3750482
0.45968673 5.6311626 3.1028855
0.4213795 5.5162406 2.9496567
0.45968673 5.4779334 2.566584
0.5363012 5.4779334 2.030283
0.7278373 5.5162406 1.5705962
0.95768064 5.707777 1.0726024
1.1875241 5.93762 0.7661446
1.532289 6.2057705 0.6895301
1.6472108 6.2823853 1.0342952
1.8387469 6.3206925 1.4173675
2.1068976 6.4739213 1.838747
2.3750482 6.8186865 2.183512
2.6431987 7.2017584 2.2984335
2.719813 7.546524 2.1452048
2.7581203 7.6231384 1.7621324
2.7581203 7.699753 1.340753
2.9113493 7.8529816 0.9193734
3.2561142 8.121132 0.6512228
3.6774938 8.619126 0.57460845
4.1371803 9.117121 0.6512229
4.520253 9.423578 0.8044518
4.7500963 9.653421 1.0726023
4.903325 9.80665 1.187524
5.0182467 9.959879 1.187524
5.094861 10.189722 1.1109096
5.133168 10.457873 0.91937345
5.133168 10.649409 0.61291564
5.0182467 10.611101 0.30645782
4.7884035 10.572794 -7.4505806E-9
4.55856 10.419565 -0.26815057
4.3670235 10.266336 -0.38307226
4.2137947 10.304644 -0.45968673
4.098873 10.266336 -0.45968673
3.9456444 10.266336 -0.4213795
3.6774938 10.342952 -0.38307226
3.371036 10.228029 -0.34476504
3.0262709 10.113108 -0.4213795
2.6431987 9.921572 -0.5363012
2.2601264 9.615114 -0.6512228
1.8004396 9.38527 -0.68953
1.3407528 9.155427 -0.57460845
0.9576807 9.002198 -0.45968673
0.61291564 8.925584 -0.22984336
0.34476507 8.925584 0.0
0.19153613 9.11712 0.22984336
0.11492168 9.423577 0.61291564
0.038307227 9.80665 0.84275895
0.0 10.0748005 1.0726023
-0.11492168 10.189722 1.2641385
-0.38307226 10.419565 1.2641385
-0.6512229 10.572794 1.5705962
-0.9959879 10.879252 1.8387468
-1.2641385 11.147403 2.0685902
-1.4173673 11.377247 2.2984335
-1.5705963 11.683704 2.2984335
-1.6472108 11.798626 2.566584
-1.8004397 11.836933 2.7964277
-2.1068976 11.453861 3.1028852
-2.528277 10.879253 3.3327289
-2.9879637 10.304645 3.4476504
-3.4093432 9.730036 3.5242648
-3.6391869 9.500193 3.4859576
-3.6008794 9.500193 3.4093432
-3.4476504 9.653421 3.064578
-3.2561142 9.921572 2.6431985
-3.064578 9.998186 2.183512
-2.9879637 9.959879 1.7238252
-2.9496565 9.80665 1.4173675
-2.9113493 9.615114 1.2641385
-2.9496565 9.423578 1.2641385
-2.9879637 9.232042 1.532289
-3.0262709 8.887277 1.8387469
-3.064578 8.504204 1.9919759
-3.0262709 8.159439 2.1452045
-2.9496565 7.8529816 2.030283
-2.7581203 7.8146744 1.7621325
-2.4516625 7.8529816 1.685518
-2.0685902 8.082825 1.3790601
-1.6472108 8.389282 1.2641385
-1.3024458 8.69574 1.2258313
-1.0342951 8.887277 1.1492169
-0.8810662 8.772354 1.2641385
-0.8810662 8.312668 1.37906
-0.9576807 7.278373 1.493982
-0.842759 6.8186865 1.4173675
-0.6129157 6.8569937 1.4939818
-0.34476504 7.0485296 1.4939818
-7.4505806E-9 7.278373 1.4173675
0.4213795 7.546524 1.2258313
0.7661445 7.73806 0.9576806
0.99598795 7.6231384 0.68953013
1.0342951 7.240066 0.45968673
0.842759 6.6271505 0.49799395
0.49799398 5.899313 0.49799395
0.19153613 5.2097826 0.5746084
-0.038307227 4.673482 0.8044517
-0.11492168 4.520252 0.8810662
0.11492168 4.711789 1.0726024
0.30645782 5.133168 1.0726024
0.4213795 5.477934 1.1109096
0.45968673 6.2057705 1.0342951
0.30645782 6.282385 0.91937345
0.11492168 6.0525417 0.6512228
0.076614454 5.861006 0.80445176
0.19153613 6.014235 1.3790603
0.344765 6.895301 1.685518
0.53630114 7.4316025 1.7238252
0.7661445 7.699753 1.4939818
1.0726023 8.00621 1.4173675
1.5705963 8.427589 1.5705963
1.6855179 8.810662 1.7238252
1.6855179 9.193734 1.9919758
1.7238252 9.653421 2.1835117
1.6855179 9.959879 2.2984338
1.7238252 10.189722 2.6048913
1.8770542 10.381259 2.9879637
2.030283 10.649409 3.3327286
2.183512 10.879252 3.7541082
2.2601264 11.032481 3.9073372
2.2218192 11.262324 3.7924156
2.0685902 11.530476 3.5242648
1.8770542 11.798626 2.9879637
1.7621324 12.105083 2.4133554
1.7238252 12.373234 2.1068976
1.8770542 12.641385 2.183512
2.183512 13.101071 2.7198129
2.6048913 13.560759 3.2944214
3.0262709 14.058753 3.715801
3.1795 14.403518 4.0222588
3.0262709 14.595054 4.0222588
2.6431985 14.5567465 4.1754875
2.1068974 14.211981 4.4053307
1.685518 13.599066 4.6351748
1.4173675 12.756308 4.903325
1.3024458 12.105083 5.0182467
1.4173675 11.722012 4.865018
1.6089035 11.645397 4.5968676
1.8770541 11.990162 4.3287168
2.183512 12.411541 4.0222588
2.3750482 12.756306 3.8307228
2.4516625 12.83292 3.6391864
2.3750482 12.603077 3.4476504
2.1068974 12.028469 3.4093432
1.7621324 11.262325 3.4093432
1.4173675 10.649408 3.6391864
1.1492169 10.189722 3.7924156
0.9959879 10.0748005 3.86903
0.9576807 10.22803 3.9456444
1.0726024 10.496181 3.6391866
1.1875241 10.802638 3.4859576
1.3024457 10.91756 3.371036
1.3407528 10.91756 3.2561145
1.2641385 10.879252 3.4476504
1.1109096 10.6877165 3.5625725
0.95768064 10.496181 3.7158012
0.7661445 10.266336 3.9456444
0.61291564 10.036493 4.1371803
0.5746084 9.959879 4.2137947
0.5746084 10.151415 4.405331
0.61291564 10.419566 4.4436383
0.6512228 10.6877165 4.4436383
0.6512228 10.764331 4.367024
0.53630114 10.6877165 4.098873
0.38307226 10.572795 3.86903
0.15322891 10.266337 3.6008792
-0.15322891 10.113109 3.562572
-0.4213795 9.959879 3.7158012
-0.6512229 9.691729 3.8307228
-0.8810662 9.691729 4.0222588
-1.1492168 9.615114 4.060566
-1.4173675 9.500193 3.9456444
-1.6089036 9.653421 3.8307228
-1.7238252 9.576807 3.6391869
-1.7621324 9.5385 3.5242648
-1.8770542 9.576807 3.6008792
-2.030283 9.308657 3.6008792
-2.1835117 9.155428 3.562572
-2.2984335 8.963891 3.562572
-2.2984335 8.695741 3.2178073
-2.2984335 8.6574335 2.987964
-2.221819 8.772355 2.873042
-1.9919758 9.040505 2.7581205
-1.6089034 9.423578 2.873042
-1.1109096 9.921572 2.9879637
-0.6512228 10.304644 2.9113493
-0.344765 10.572795 2.719813
-0.19153613 10.611102 2.5665843
-0.2681506 10.419565 2.48997
-0.34476504 10.036493 2.681506
-0.4213795 9.691729 3.026271
-0.45968673 9.500193 3.371036
-0.34476504 9.385271 3.7541084
-0.2681506 9.500193 4.0222588
-0.19153613 9.576807 4.060566
-0.11492168 9.576807 3.9073372
-0.076614454 9.576807 3.6391866
0.038307227 9.576807 3.3327286
0.26815057 9.615114 3.217807
0.5746084 9.768343 3.2561142
0.95768064 9.883265 3.3327289
1.2258313 9.844957 3.4093432
1.3024457 9.653421 3.5242648
1.1492168 9.155428 3.5242648
0.84275895 8.6574335 3.562572
0.5363012 8.0445175 3.86903
0.30645782 7.5082164 4.060566
0.19153613 7.2400656 4.405331
0.2681506 7.086837 4.6351743
0.53630114 7.2017584 4.711789
0.9576807 7.508217 4.7500963
1.4939817 7.929596 4.4819455
2.030283 8.312668 4.2904096
2.528277 8.734047 4.0222588
2.873042 8.963891 3.6774938
3.1028855 8.887277 3.4476504
3.1794999 8.695741 3.2944214
3.1411924 8.312668 3.2561142
3.1411924 7.967903 3.4476504
3.1794999 7.73806 3.7924154
3.2561145 7.6614456 4.0222588
3.4476504 7.73806 4.1371803
3.7158012 7.967903 4.252102
3.9839516 8.274361 4.1754875
4.3287163 8.619125 4.1371803
4.673482 9.040505 3.9456444
4.903325 9.308656 3.715801
5.056554 9.461885 3.4859576
5.0182467 9.385271 3.3327289
4.7884035 9.117121 3.4093432
4.4436383 8.734048 3.2178073
4.0222588 8.389282 3.1795
3.7924156 8.159439 3.1411927
3.7541084 8.159439 3.1411927
3.9456444 8.427589 3.4859576
4.290409 8.925584 3.907337
4.55856 9.346964 4.3287163
4.673482 9.615114 4.520252
4.55856 9.653421 4.5585604
4.3287163 9.461885 4.4436383
3.9839516 9.232041 4.1371803
3.6008792 9.040505 3.9839516
3.2178073 8.887277 3.7541084
2.9113493 8.810662 3.5625722
2.7198133 8.887277 3.6008794
2.5665843 9.002198 3.6774938

