2.5665843 9.193734 3.86903
2.1452048 9.232042 4.3287163
2.5665843 10.879252 4.6351748
2.9496565 12.449848 4.8267107
3.1028855 13.982138 4.903325
3.6774938 15.7825775 5.171476
3.2944214 15.552734 5.209783
2.8347347 15.322891 5.477934
2.4899697 15.016433 5.8226986
2.3367407 14.863204 6.3589997
2.2984335 14.901511 6.8569937
2.375048 15.016434 7.201759
2.528277 15.169662 7.3549876
2.7581203 15.054741 7.3166804
2.9496565 14.863205 6.8953013
2.9879637 14.480132 6.3973074
2.911349 13.982138 5.7843914
2.3750482 12.756307 4.7500963
2.1452048 12.028469 4.5968676
1.9153614 11.33894 4.4819455
1.7621324 10.802639 4.5202527
1.8004396 10.419566 4.7117887
1.8770542 10.151416 4.865018
1.9919758 9.80665 5.056554
2.030283 9.346963 5.2097826
1.8004397 8.810662 5.056554
1.4173675 8.121132 4.8267107
0.9959879 7.4699097 4.5968676
0.5363012 6.742072 4.2904096
0.11492168 6.090849 3.9456444
-0.26815057 5.6311626 3.7924156
-0.49799395 5.363012 3.4859576
-0.5746084 5.2480903 3.1411924
-0.4213795 5.2480903 2.9113493
-0.038307235 5.3630123 2.566584
0.26815057 5.3630123 2.566584
0.4213795 5.286398 2.681506
0.38307226 5.133168 2.8347347
0.19153613 4.711789 2.9879637
0.0 4.4053307 2.8347347
-0.11492168 4.1754875 2.566584
-0.11492168 3.9839516 2.030283
-0.038307227 4.0222588 1.532289
0.076614454 4.1371803 1.1492168
0.22984336 4.4053307 1.0342951
0.34476504 4.6351748 1.1109096
0.34476504 4.7884035 1.3024457
0.22984336 4.7500963 1.7238252
0.038307227 4.4819455 2.030283
-0.15322891 4.2521024 2.336741
-0.22984336 4.1371803 2.336741
-0.11492168 4.405331 2.1452048
0.15322891 4.903325 1.8770541
0.5363012 5.4779334 1.5322891
0.9193734 6.090849 1.2641385
1.2641385 6.5122285 0.91937345
1.6472106 6.9719152 0.57460845
1.9536686 7.469909 0.45968673
2.2218192 7.776367 0.49799392
2.4133554 7.929596 0.7278373
2.4516625 7.8912888 1.0342951
2.4899697 7.8912888 1.3024458
2.528277 8.0445175 1.4556746
2.6048913 8.350975 1.4556746
2.719813 8.734047 1.2641385
2.834735 8.925584 0.8044517
3.0262709 9.11712 0.45968673
3.3327286 9.346964 0.11492168
3.6774936 9.653421 0.0
4.060566 10.0748005 0.15322891
4.3287168 10.342952 0.34476504
4.4819455 10.419566 0.6512229
4.4819455 10.304644 1.0726024
4.252102 9.691729 1.685518
4.0222588 9.385271 1.9153614
3.86903 9.193734 1.8004397
3.7541084 9.193734 1.6089035
3.7158012 9.308656 1.1492168
3.7541084 9.615114 0.6512228
3.8307228 9.921572 0.22984336
3.9456444 10.228029 -0.076614454
3.9839516 10.457873 -0.22984336
3.86903 10.342952 -0.26815057
3.5625722 10.036493 -0.19153613
3.026271 9.653421 -0.038307227
1.8770542 9.155427 0.6512229
1.4173675 9.155427 0.9576807
1.1109096 9.155427 1.0342951
0.842759 9.232041 0.7661445
0.6895301 9.346964 0.34476504
0.5363012 9.461885 -0.2681506
0.38307226 9.615114 -0.80445176
0.22984336 9.730036 -0.99598783
0.076614454 9.883265 -0.95768064
-0.076614454 9.921572 -0.6512228
-0.34476507 10.036493 -0.07661445
-0.6512229 10.0748005 0.38307226
-0.9959879 10.0748005 0.7278373
-1.4173675 10.0748005 0.842759
-1.8004396 10.0748005 0.57460845
-2.1068974 10.0748005 0.30645782
-2.3750482 9.998186 0.038307227
-2.4899697 10.0748005 0.114921674
-2.4899697 10.0748005 0.53630114
-2.4899697 10.036493 1.0342951
-2.528277 9.998186 1.5705962
-2.719813 9.80665 1.8770541
-2.8730419 9.500193 1.9536686
-3.064578 9.385271 1.9536686
-3.1411924 9.2703495 1.8387469
-3.064578 9.346964 1.5705963
-3.0262709 9.500193 1.340753
-3.0262709 9.461885 1.1109096
-3.0262709 9.500193 0.80445176
-3.064578 9.461885 0.7661445
-3.064578 9.385271 0.842759
-3.0262709 9.423578 1.1109096
-2.9879637 9.423578 1.6472108
-2.9496565 9.232042 2.0685902
-2.9496565 9.002199 2.2984338
-2.834735 8.734048 2.2601264
-2.7581205 8.42759 2.030283
-2.643199 8.197746 1.7238252
-2.4516625 7.967903 1.37906
-2.2601266 7.6614456 0.8810662
-2.030283 7.431602 0.53630114
-1.7238252 7.2400656 0.22984335
-1.4173675 7.0485296 0.0
-1.1492169 6.8569937 0.038307227
-0.91937345 6.5888433 0.11492168
-0.8810662 6.244078 0.19153613
-0.9193734 5.93762 0.26815057
-1.0726024 5.592855 0.15322891
-1.1492168 5.24809 0.0
-0.9959879 5.056554 -0.26815057
-0.68953013 4.903325 -0.53630114
-0.11492168 4.9799395 -0.7661446
0.53630114 5.3630114 -0.91937345
1.2258313 5.9759274 -0.91937345
1.7238252 6.703765 -0.7661445
1.9536686 7.2783732 -0.49799395
1.877054 7.508217 -0.34476504
1.2258313 6.8569937 0.0
0.9576807 6.2440786 0.11492168
0.88106626 5.746084 0.30645782
0.9576807 5.3630123 0.5363012
1.1492169 5.5545483 0.7661445
1.4173675 6.1291566 1.1109096
1.685518 6.8569937 1.340753
1.8770541 7.73806 1.3790601
1.9536686 8.427589 1.3790601
2.030283 8.734048 1.2258313
1.9919758 8.772355 1.0342952
1.8770541 8.542511 1.0342952
1.7621324 8.159439 1.1492169
1.6089035 8.00621 1.7238252
1.4556745 8.00621 2.528277
1.3407528 8.274361 3.3327289
0.9576807 9.308656 4.1371803
0.7661445 9.730036 4.367024
0.7661445 10.228029 5.056554
0.91937345 10.457873 5.1714754
1.0726023 10.726024 5.0182467
1.1109096 10.955867 4.596867
0.842759 11.262325 4.3287168
0.45968676 11.300632 4.1371803
0.038307235 11.377247 4.1754875
-0.38307226 11.262325 4.3287163
-0.49799395 11.300632 4.55856
-0.26815057 11.568783 4.9033246
0.26815057 11.951855 5.324704
0.9959879 12.641384 5.784391
1.6472108 13.254301 6.090849
2.1068976 13.713987 6.129156
2.336741 14.135366 5.6694694
2.3750482 14.441825 4.9416323
2.336741 14.633361 4.2904096
2.336741 14.748282 3.86903
2.336741 14.671668 3.9456444
2.1452048 14.250288 4.2137947
1.8004397 13.522451 4.443638
1.1875241 12.717999 4.55856
0.5746084 11.87524 4.405331
0.19153613 11.262325 4.2137947
0.0 11.032482 4.0222588
0.0 10.955867 3.9839516
0.076614454 11.070788 4.098873
0.22984336 11.262324 4.1754875
0.45968673 11.415554 4.2904096
0.7278373 11.722012 4.2904096
0.8810662 11.990162 4.2904096
0.8810662 12.220005 4.367024
0.7278373 12.220005 4.367024
0.38307226 11.990162 4.405331
0.0 11.645397 4.405331
-0.30645782 11.109097 4.4436383
-0.61291564 10.611101 4.5202527
-0.842759 10.113108 4.6734815
-1.0726024 9.691729 4.7500963
-1.340753 9.385271 4.7884035
-1.532289 9.232042 4.6351748
-1.6472108 9.308657 4.2904096
-1.6472108 9.461885 4.1371803
-1.6089035 9.768343 3.9456444
-1.6472107 9.998186 3.9839516
-1.8004396 10.036493 4.1754875
-2.1068974 9.844957 4.2137947
-2.4133554 9.500192 4.3670235
-2.6431987 9.193734 4.405331
-2.681506 9.078813 4.290409
-2.528277 9.232042 3.9839516
-2.528277 9.308657 3.7541084
-2.566584 9.2703495 3.7158012
-2.6048913 9.346964 3.9073372
-2.528277 9.576807 4.2137947
-2.2218192 9.921572 4.5585604
-1.8387468 10.381258 4.673482
-1.4556746 10.649408 4.5585604
-1.1492168 10.649408 4.175488
-1.0342952 10.457872 3.7924156
-1.0726024 10.036493 3.6391864
-1.0342952 9.5385 3.8307228
-0.9576807 9.155427 4.405331
-0.842759 8.810662 5.1714754
-0.7661445 8.427589 5.8226986
-0.842759 8.121132 6.1291566
-0.9959879 7.929596 5.975928
-1.0342951 7.8912888 5.5162406
-1.0342951 7.929596 5.0182467
-0.88106626 8.082825 4.5585604
-0.7661446 8.00621 4.405331
-0.6895301 7.8912888 4.6734815
-0.49799395 7.8529816 5.1714754
-0.22984335 7.929596 5.899313
0.19153613 8.274361 6.512229
0.6512229 8.6574335 6.933608
1.1109096 9.040505 7.0485296
1.3790601 9.2703495 6.703765
1.5705962 9.2703495 6.1674633
1.6472108 9.155428 5.4396267
1.6472108 8.963891 4.7884035
1.685518 8.734048 4.3670235
1.685518 8.42759 4.3287163
1.6472108 8.082825 4.5968676
1.685518 7.8146744 5.056554
1.7621324 7.5848308 5.5928555
1.8770542 7.5082164 6.0142345
2.1068976 7.469909 6.2440777
2.3367407 7.469909 6.129156
2.566584 7.6231384 5.784391
2.8347347 7.776367 5.1714754
3.064578 7.967903 4.5202527
3.3327286 8.236053 3.86903
3.6391866 8.389282 3.2944217
3.9073372 8.465897 2.834735
4.1754875 8.542512 2.5665843
4.367024 8.465897 2.7581203
4.4819455 8.197746 3.217807
4.4819455 7.8529816 3.86903
4.3287163 7.4699097 4.4053316
4.2137947 7.2400656 4.711789
4.2904096 7.3932943 4.865018
4.596867 7.929596 4.8267107
5.094861 8.6574335 4.711789
5.554548 9.270349 4.405331
5.746084 9.691729 3.9456444
5.5928555 9.844957 3.562572
5.1714754 9.653421 3.3327286
4.5585604 9.500193 3.4476504
3.9839516 9.346964 3.8307226
3.5242648 9.2703495 4.367024
3.2561142 9.461885 4.9416323
3.1028855 9.5385 5.401319
2.9496565 9.615114 5.5928555
2.7964277 9.615114 5.5928555
2.6048913 9.615114 5.401319
2.3750482 9.653421 5.0565543
2.0685902 9.615114 4.7500963
1.8004396 9.576807 4.5202527
1.4939818 9.423578 4.405331
1.3024458 9.308657 4.405331

