1.2641386 9.232042 4.4819455
1.1875241 9.155427 4.5968676
1.6472107 9.730035 4.903325
1.8387468 11.415553 5.324704
2.1835117 13.024457 5.631162
2.528277 14.709975 5.8226986
2.0685902 15.093047 5.7843914
1.9536686 14.36521 5.363012
1.7621324 13.599065 4.9416323
1.685518 12.871228 4.55856
1.685518 12.143391 4.252102
1.6472108 11.568783 4.2137947
1.4939818 10.879253 4.3287163
1.2258313 10.036493 4.5585604
0.8810662 9.193735 4.7500963
0.49799395 8.274361 4.7884035
0.19153613 7.393295 4.6734815
-0.11492168 6.5122285 4.4436383
-0.30645782 5.784391 4.1754875
-0.22984338 5.401319 3.86903
-1.4901161E-8 5.2480903 3.677494
0.38307226 5.3247046 3.4859576
0.6895301 5.2863975 3.1028852
0.7278373 4.903325 2.719813
0.57460845 4.367024 2.2218192
0.26815057 3.7924156 1.8004396
-0.076614454 3.2561145 1.532289
-0.34476504 2.7581205 1.2641385
-0.53630114 2.4133554 0.91937345
-0.6512228 2.1452048 0.34476504
-0.49799395 2.0685902 -0.15322891
-0.19153613 2.4899697 -0.49799392
0.11492169 3.064578 -0.26815054
0.4213795 3.9839516 1.1875241
0.15322891 3.7924156 1.6089035
-0.15322891 3.4476504 1.340753
-0.30645782 3.3327289 0.15322891
0.15322891 3.9839518 -0.15322891
1.4556746 5.746084 -0.15322891
2.6048915 7.2783732 0.038307227
2.873042 7.6231384 0.15322891
2.719813 7.3549876 0.42137948
2.528277 7.0102224 0.45968673
2.8347347 7.125144 0.38307226
3.7541082 7.8912888 0.19153613
4.3287163 8.350975 -0.15322891
4.6351748 8.657433 -0.7278373
4.903325 8.925584 -1.2641385
5.0182467 9.155428 -1.5705962
5.056554 9.2703495 -1.6089034
5.133168 9.308657 -1.2641385
5.1714754 9.232042 -0.7278373
5.0182467 8.963891 -0.19153613
4.7117887 8.734048 0.30645782
4.367024 8.6574335 0.5746084
4.2137947 8.695741 0.5746084
4.3287163 9.040505 0.49799392
4.596867 9.423578 0.15322888
4.903325 9.691729 -0.30645782
5.094861 9.883265 -0.7661445
5.133168 9.998186 -1.1492168
5.0182467 10.113108 -1.2641385
4.711789 10.151415 -0.9959879
4.252102 10.036493 -0.2681506
3.6391864 9.80665 0.57460845
2.9879637 9.38527 1.3790603
2.336741 9.078813 1.7621324
1.8770542 9.078813 1.5705962
1.6472108 9.385271 1.0726023
1.5705965 9.95988 0.38307223
1.5705965 10.534488 -0.30645782
1.532289 10.879252 -0.7278373
1.2641385 10.994174 -0.76614463
0.88106626 10.91756 -0.42137957
0.49799395 10.764331 0.34476504
-0.07661446 10.611102 1.1492168
-0.5746084 10.457872 1.7238252
-1.1109096 10.228029 1.9153613
-1.685518 10.036493 1.7238253
-2.1452045 9.959879 1.4173673
-2.4899697 9.883265 1.1109096
-2.681506 9.998186 0.9576807
-2.719813 10.266336 0.99598795
-2.5665843 10.726023 1.1109096
-2.4133554 11.185711 1.2641385
-2.336741 11.492168 1.4556746
-2.4133554 11.645397 1.4939818
-2.7198133 11.415554 1.3790601
-3.1028852 11.070789 1.3790601
-3.4859576 10.687717 1.4173673
-3.7924154 10.151415 1.5705963
-3.9456444 9.80665 2.030283
-3.9839516 9.500193 2.2984338
-3.9073372 9.423578 2.3750482
-3.6774938 9.576807 2.2984335
-3.3327289 9.691729 1.9919758
-2.9496565 9.959879 1.7621324
-2.6048913 10.0748005 1.6089035
-2.375048 10.113108 1.5322891
-2.2984335 9.998186 1.4173673
-2.413355 9.653421 1.2258313
-2.7581203 8.772355 1.1109097
-2.9113493 8.312668 1.2258313
-2.9113493 8.00621 1.4173675
-2.7964277 7.699753 1.6089035
-2.566584 7.6614456 1.8387469
-2.2601266 7.73806 1.9153614
-1.9153614 7.776367 1.685518
-1.6089036 7.776367 1.2641386
-1.3407531 7.73806 0.80445176
-1.1492169 7.6614456 0.38307226
-0.95768064 7.4699097 0.19153613
-0.72783726 7.240066 0.11492168
-0.5363012 6.818686 0.038307227
-0.34476507 6.244078 -0.038307227
-0.22984336 5.7843914 -0.15322891
-0.19153613 5.4013195 -0.19153613
-0.076614454 5.286397 -0.30645782
0.076614454 5.4013195 -0.45968673
0.45968673 5.66947 -0.6895301
0.8810662 6.0525417 -1.1109096
1.340753 6.320692 -1.4556746
1.6472107 6.3589997 -1.4173675
1.3790601 6.014235 -0.88106626
0.19153616 5.0948615 0.6895301
-0.6512228 4.367024 1.8004396
-0.7661445 4.1754875 1.9153614
-0.57460845 4.2137947 1.7621324
-0.19153616 4.5202527 1.340753
0.34476504 4.903325 0.7278373
0.8044517 5.2863975 0.22984336
1.0342952 5.5928555 -0.038307227
1.1109096 5.746084 0.15322892
1.0726024 5.7843914 0.61291564
0.9193735 5.861006 1.3790601
0.8044518 5.861006 1.9919758
0.6512229 5.9759274 2.2218192
0.61291564 6.2440777 2.2984335
0.7278373 6.6271505 2.1452048
0.842759 7.125144 2.030283
1.0726023 7.6231384 2.0685904
1.340753 8.312668 2.0685904
1.685518 9.078814 1.9536686
2.0685902 9.959879 1.9153614
2.4133554 10.611103 1.8770542
2.6048915 10.955868 2.1068976
2.6048915 11.032482 2.719813
2.5665843 10.994174 3.524265
2.5282772 11.109096 4.405331
2.5665843 11.530475 5.209783
2.6048915 12.143391 5.66947
2.5665843 12.756307 5.66947
2.3750482 13.177686 5.401319
1.9919758 13.215993 5.0182467
1.7621324 13.101071 4.8267107
1.6472108 13.024457 5.133168
1.8004396 13.292608 5.899313
2.1452048 13.867217 6.473922
2.3750482 14.518439 6.703765
2.4899697 14.939819 6.512229
2.3750482 15.054741 6.090849
2.183512 14.939819 5.861006
2.030283 14.748282 5.8226986
2.030283 14.671668 5.93762
2.2218192 14.824898 6.0142345
2.4899697 14.978127 5.899313
2.719813 15.169662 5.707777
2.7581203 15.131355 5.171476
2.6048915 14.901512 4.520253
2.183512 14.51844 4.0988736
1.5705962 13.905523 3.7924156
0.91937345 13.522451 3.9073372
0.2681506 13.177687 4.3287168
-0.2681506 12.909535 4.711789
-0.6512229 12.794614 4.9416327
-1.0342952 12.449848 4.9416327
-1.4556746 11.951855 4.673482
-1.8004396 11.453861 4.3287168
-2.183512 10.840945 4.060566
-2.4899697 10.496181 4.0222588
-2.719813 10.0748005 4.0222588
-2.9496565 9.615114 4.060566
-3.3710358 8.580819 3.9456444
-3.4859576 8.427589 4.098873
-3.2944217 8.887277 4.4819455
-2.873042 9.691729 4.9416323
-2.3750482 10.572795 5.2097826
-2.0685902 11.147404 5.1714754
-2.1452048 10.802638 4.82671
-2.5665843 9.883265 4.4436383
-3.1794999 8.619125 4.1754875
-3.715801 7.4316015 3.9839516
-4.0222588 6.780379 3.8307228
-3.9456444 6.8953004 3.8307228
-3.4093432 7.6997523 3.86903
-2.6431985 8.734048 3.86903
-1.9153613 9.768343 3.7924154
-1.3790601 10.22803 3.562572
-1.187524 10.074801 3.2944214
-1.2258313 9.5385 2.9879637
-1.4173673 8.772355 2.9113493
-1.6089035 8.082825 2.9879637
-1.5322891 7.8146744 3.2561142
-1.2641386 7.8146744 3.8307226
-0.8044518 8.121132 4.252102
-0.30645782 8.504204 4.6351743
0.07661445 8.695741 4.6351743
0.34476504 8.810662 4.405331
0.61291564 8.695741 4.252102
0.9576807 8.6574335 3.9073372
1.340753 8.619126 3.86903
1.7621324 8.580819 3.9456444
2.1452048 8.695741 4.098873
2.4516625 8.848969 4.3287163
2.7581203 9.11712 4.3670235
3.0645783 9.346964 4.3287163
3.2561145 9.461885 4.060566
3.2561145 9.385271 3.86903
3.1028857 9.155428 3.86903
2.7964277 8.848969 3.9839516
2.4899697 8.619126 4.3670235
2.2984335 8.350975 4.865018
2.2218192 8.197746 5.24809
2.3750482 8.197746 5.477934
2.6431987 8.197746 5.363012
2.911349 8.236053 4.8267107
3.1411927 8.236053 4.1754875
3.2561142 8.121132 3.562572
3.371036 7.8912888 3.1794999
3.562572 7.6614456 3.217807
3.7924156 7.4316025 3.4093432
4.1371803 7.3549876 3.6774938
4.4819455 7.469909 4.060566
4.7884035 7.6614456 4.367024
5.056554 7.8912888 4.750096
5.2097826 8.00621 5.0182467
5.2863975 8.082825 5.094861
5.4013195 8.159439 4.865018
5.516241 8.121132 4.3287163
5.5545483 8.197746 3.562572
5.516241 8.159439 2.8730419
5.363012 8.121132 2.4133554
5.209783 8.121132 2.4899697
5.094861 8.159439 3.0262709
5.056554 8.350975 3.9839516
5.056554 8.695741 4.9799395
5.0182467 9.078813 5.592855
4.9799395 9.423578 5.93762
4.903325 9.615114 5.6311626
4.7884035 9.691729 5.286397
4.6351748 9.768343 4.9416323
4.367024 9.768343 4.6351748
3.9456444 9.80665 4.4436383
3.4093432 9.730036 4.367024
2.873042 9.691729 4.405331

