2.528277 9.615114 4.520253
1.9919758 9.653421 4.7884035
2.2218192 10.76433 5.094861
2.413355 11.951855 5.4013186
2.566584 13.177687 5.592855
2.9113493 14.058752 5.9759274
2.7581203 13.9438305 5.8226986
2.528277 13.637373 5.707777
2.4516625 13.369222 5.861006
2.4133554 13.2543 6.090849
2.4516625 13.177686 6.3206925
2.528277 13.177686 6.244078
2.4899697 13.024457 5.2097826
2.4133554 12.7179985 4.7500963
2.336741 12.334927 4.6351748
2.2218192 11.645397 4.711789
2.0685902 11.032481 4.7500963
1.8770541 10.496181 4.711789
1.685518 10.036493 4.673482
1.4939818 9.80665 4.6351748
1.37906 9.500193 4.711789
1.2258313 8.69574 4.673482
1.3407531 8.274361 4.3287168
1.4173675 7.929596 3.8307228
1.4556746 7.5082164 3.2178073
1.1492169 6.588843 2.2601264
0.99598795 6.2057705 2.030283
0.88106626 5.9759274 1.9919758
0.7278373 5.707777 2.1068974
0.53630114 5.1714754 2.183512
0.45968673 4.903325 2.030283
0.53630114 4.711789 1.6089034
0.61291564 4.673482 1.2258312
0.7661445 4.711789 0.9576807
0.842759 4.8267107 1.1109096
0.8044518 4.865018 1.4556745
0.6512229 4.6351748 1.6855179
0.38307226 4.290409 1.7621325
0.076614454 3.7541084 1.6089035
-0.26815057 3.3327289 1.3790601
-0.53630114 3.1411927 1.1492168
-0.5746084 3.217807 1.0342951
-0.42137948 3.6391864 0.8044517
-0.07661445 4.213795 0.57460845
0.45968673 4.9799395 0.5363012
1.0342952 5.899313 0.4213795
1.532289 6.588843 0.34476504
1.8387469 7.0485296 0.34476504
1.9153614 7.2400656 0.30645782
1.7621324 6.9719152 0.19153613
1.6089036 6.6271505 0.19153613
1.6089036 6.4356136 0.22984336
1.7621324 6.4356136 0.15322891
2.0685902 6.742072 0.19153613
2.528277 7.31668 0.0
2.9496565 7.8912888 -0.34476504
3.371036 8.350975 -0.7278373
3.8307228 8.810662 -1.1875241
4.213795 9.155427 -1.3790601
4.520253 9.308657 -1.2641385
4.673482 9.346964 -0.80445176
4.673482 9.232042 -0.26815057
4.5202527 8.963891 0.26815057
4.405331 8.734048 0.4596867
4.3287168 8.542512 0.38307226
4.2904096 8.42759 0.19153613
4.367024 8.580819 -0.15322891
4.4819455 8.887277 -0.4213795
4.6351748 9.232042 -0.57460845
4.7884035 9.653421 -0.49799395
4.903325 9.921572 -0.26815057
4.903325 10.0748005 0.03830722
4.711789 10.189722 0.26815057
4.3670235 10.0748005 0.34476507
3.86903 9.80665 0.38307226
3.3327286 9.5385 0.22984336
2.8347347 9.270349 0.15322891
2.4516625 9.11712 0.038307227
2.1068976 9.193734 -0.076614454
1.8004396 9.193734 0.038307227
1.4939818 9.193734 0.15322891
1.1492169 9.308656 0.38307226
0.7278373 9.346963 0.6512229
0.30645782 9.5385 0.9576807
-0.19153614 9.768343 1.340753
-0.68953013 9.883265 1.6089035
-1.1492168 9.844957 1.8004396
-1.532289 9.844957 1.8004396
-1.7238252 9.844957 1.6855179
-1.8770542 9.998186 1.6472107
-1.9153614 10.342951 1.6089035
-1.9919758 10.611101 1.7621325
-2.1452045 10.91756 2.2601264
-2.183512 10.840945 2.681506
-2.2601264 10.726024 2.9879637
-2.336741 10.534487 3.1028855
-2.4133554 10.381258 2.7964275
-2.4899697 10.189722 2.2601264
-2.4516625 10.0748005 1.6089035
-2.375048 10.0748005 1.1492168
-2.2601264 10.228029 1.1492168
-2.1452045 10.419565 1.2641385
-2.1068974 10.49618 1.6472108
-2.1068974 10.649409 1.9919758
-2.1068974 10.6877165 2.0685902
-2.1068974 10.726024 2.0685902
-2.0685902 10.764331 1.8004396
-2.0685902 10.611101 1.4173675
-2.030283 10.419565 0.88106626
-2.030283 10.113108 0.53630114
-2.0685902 9.844957 0.26815057
-2.1068974 9.576807 0.11492168
-2.2218192 9.346964 0.4596867
-2.375048 9.270349 0.8044518
-2.4899697 9.155427 1.3024457
-2.5665843 9.040505 1.8387468
-2.5665843 8.810661 2.030283
-2.5665843 8.657433 2.1452045
-2.4899697 8.580818 2.0685902
-2.413355 8.465897 1.8004396
-2.3367407 8.389282 1.532289
-2.2601264 8.082825 1.1109096
-2.2601264 7.584831 0.80445176
-2.2601264 7.04853 0.6512228
-2.2601264 6.4739213 0.53630114
-2.1452045 6.052542 0.68953013
-1.877054 5.746084 0.8810662
-1.4939818 5.5928555 0.9959879
-0.9959879 5.66947 1.1492168
-0.49799395 5.7843914 1.0342951
-0.114921674 5.93762 0.842759
0.11492168 5.93762 0.6129157
0.19153613 5.7843914 0.15322891
0.15322891 5.5162406 -0.2681506
0.076614454 5.2097826 -0.8810662
0.076614454 5.094861 -1.3024457
0.19153613 5.094861 -1.4939818
0.38307226 5.2480903 -1.3790601
0.6512229 5.516241 -1.0726023
0.842759 5.707777 -0.8044517
0.842759 5.8226986 -0.5746084
0.7278373 5.7843914 -0.5746084
0.49799395 5.707777 -0.61291564
0.30645782 5.6311626 -0.6895301
0.30645782 5.6311626 -0.49799395
0.5363012 5.746084 -0.30645782
0.99598795 6.167464 -0.03830722
1.7621324 7.5465236 0.5746084
1.9919758 8.312668 0.80445176
2.030283 8.542511 1.0342951
1.9919758 8.504204 0.91937345
1.8004398 8.0445175 0.7661446
1.3790603 7.431602 0.5746084
0.8810662 7.086837 0.4596867
0.45968673 7.086837 0.80445176
0.22984335 7.31668 1.2258313
0.22984335 7.8529816 1.7238252
0.38307226 8.465897 2.336741
0.7278373 9.270349 2.834735
1.1875241 10.457873 3.2561142
1.7238253 11.607091 3.715801
2.1068974 12.679692 3.86903
2.1068974 13.254301 3.6774938
1.7621325 13.484144 3.4859576
1.187524 13.560759 3.2944214
0.6512228 13.637373 3.2944214
0.344765 13.9438305 3.7541082
0.19153613 14.250288 4.3287168
0.076614454 14.5567465 5.0182467
0.0 14.748282 5.707777
-0.076614454 14.671668 6.1674633
-0.11492168 14.480132 6.320692
-0.15322891 14.211982 5.9759274
-0.2681506 13.828909 5.2480903
-0.4213795 13.407529 4.2904096
-0.61291564 12.909535 3.4476507
-0.6895301 12.411541 2.834735
-0.61291564 12.105083 2.528277
-0.3830723 12.181698 2.528277
-0.076614454 12.564771 2.681506
0.15322891 12.947843 2.719813
0.22984335 13.215993 2.681506
0.15322891 13.139379 2.6431987
-0.038307227 12.832921 2.528277
-0.2681506 12.526463 2.7581203
-0.38307226 12.373234 3.026271
-0.49799395 12.526463 3.0645783
-0.57460845 12.7179985 3.1411927
-0.61291564 12.947843 3.0645783
-0.7278373 13.062764 3.3710358
-0.8810662 13.024457 3.9839516
-1.1109096 12.794613 4.596867
-1.4173675 12.411541 5.2863975
-1.7621324 11.9135475 5.516241
-2.0685902 11.262325 5.477934
-2.336741 10.764331 5.24809
-2.4899697 10.419566 4.8267107
-2.6431985 10.151415 4.4053307
-2.7964275 9.998186 4.1754875
-2.8347347 9.959879 4.060566
-2.7581203 10.0748005 4.060566
-2.6048913 10.266336 4.2137947
-2.4516625 10.342951 4.1754875
-2.528277 10.151415 4.098873
-2.7964277 9.500193 3.8307228
-3.1028852 8.810662 3.371036
-3.3327289 8.312668 2.9879637
-3.2178073 8.082825 2.6431985
-2.9113493 8.312668 2.4899697
-2.4516625 8.734048 2.7198129
-1.9153614 9.117121 3.0262709
-1.4556746 9.5385 3.2178073
-0.8810662 9.768343 3.2944214
-0.84275895 8.963891 3.1028852
-0.91937345 8.389283 3.1794999
-0.9576807 8.00621 3.3710358
-0.842759 7.8912888 3.754108
-0.61291564 8.00621 4.2137947
-0.34476507 8.274361 4.5202527
-0.076614454 8.465898 4.596867
0.038307227 8.542512 4.596867
0.19153613 8.465897 4.4819455
0.30645782 8.274361 4.596867
0.49799395 8.121132 4.903325
0.80445176 8.00621 5.171476
1.0726024 8.00621 5.439626
1.4939818 8.236053 5.4779334
1.8770541 8.542511 5.3247046
2.2218192 9.002197 5.0182467
2.6048913 9.423578 4.6351748
2.9113493 9.691729 4.367024
3.1028855 9.844957 4.098873
3.217807 9.615114 4.060566
3.217807 9.346964 4.060566
3.1411924 8.810662 4.0222588
3.1411924 8.197746 4.098873
3.1411924 7.73806 3.9456444
3.217807 7.4316025 3.9073372
3.3327286 7.31668 3.9839516
3.5242648 7.3932953 3.9839516
3.8307228 7.584831 4.060566
4.1754875 7.8146744 4.060566
4.55856 8.121132 3.9073372
4.903325 8.42759 3.6391866
5.1331687 8.619126 3.217807
5.2480903 8.6574335 2.7581203
5.209783 8.504204 2.413355
5.056554 8.236053 2.221819
4.8267107 8.00621 2.260126
4.673482 7.967903 2.528277
4.7884035 8.389283 3.1794996
4.97994 8.810663 3.6008792
5.1331687 9.308657 4.2521024
5.0182467 9.615114 4.367024
4.903325 9.883265 4.3287168
4.7884035 10.304644 4.2904096
4.673482 10.611102 4.1754875
4.5968676 10.879252 4.290409
4.4436383 10.91756 4.405331
4.2137947 10.6877165 4.405331
3.6391864 10.22803 4.1371803
2.9113493 9.653421 3.754108

