2.1452048 9.193734 3.5242648
1.4939818 8.772355 3.4476504
0.6129157 8.963892 3.7158012
1.0726023 10.649408 4.367024
1.532289 11.990162 4.7884035
1.8387469 13.10107 5.2863975
2.030283 13.139379 5.3630123
1.8770541 12.717999 5.1331687
1.8770541 12.488156 4.9416323
1.8387469 12.220006 4.8267107
1.8004397 11.760319 4.6351748
1.685518 11.147403 4.5968676
1.5705963 10.457872 4.5585604
1.3790601 9.653421 4.5202527
1.1492168 8.887277 4.3287163
0.842759 8.121132 3.9839516
0.34476504 7.278373 3.562572
-0.11492169 6.435614 2.9879637
-0.45968673 5.9376206 2.719813
-0.49799395 5.707777 2.6431987
-0.34476504 5.746084 2.873042
-0.11492168 5.861006 3.2944217
-0.038307227 5.7843914 3.5242648
-0.22984335 5.554548 3.4476504
-0.42137948 5.24809 2.9496565
-0.6512228 5.056554 2.336741
-0.6895301 4.9799395 1.8387469
-0.49799395 5.056554 1.6855179
-0.22984335 5.24809 1.7621324
0.11492168 5.439626 1.7621324
0.42137948 5.66947 1.5705963
0.61291564 5.93762 1.2258313
0.68953 6.129156 1.0726023
0.5746084 6.2057705 1.1492168
0.38307226 5.9759274 1.5322891
0.076614454 5.4779334 1.8387469
-0.2681506 5.0182467 1.7621324
-0.4213795 4.6734815 1.4939818
-0.49799395 4.596867 1.1875241
-0.38307226 4.7117887 0.95768064
-0.15322891 5.094861 0.84275895
0.038307227 5.4779334 0.6512228
0.26815057 5.93762 0.114921674
0.49799395 6.397307 -0.42137954
0.6895301 6.588843 -0.7661446
0.8810662 6.8569937 -0.7278373
0.9576807 7.0102224 -0.2681506
0.9959879 7.1251445 0.42137948
1.0342951 7.1634517 1.0342951
1.0726023 7.201759 1.4173675
1.1875241 7.354988 1.4939818
1.3024457 7.508217 1.3790603
1.4939818 7.8529816 0.9576807
1.7238252 8.159439 0.49799398
2.030283 8.465897 0.19153616
2.3750482 8.810662 -0.038307227
2.719813 9.078813 0.076614454
3.0262709 9.308657 0.19153613
3.2944217 9.423578 0.30645782
3.4476504 9.385271 0.34476507
3.6391864 9.308657 0.30645782
3.9456444 9.2703495 0.4213795
4.252102 9.308657 0.61291564
4.6734815 9.576807 0.8810662
4.9416323 9.80665 1.1109096
5.056554 10.036493 1.1109096
5.094861 10.189722 1.0342951
5.0182467 10.151415 0.91937345
5.0182467 10.0748005 0.6895301
4.9799395 9.998186 0.5746084
4.865018 9.921572 0.114921674
4.7500963 9.921572 -0.45968676
4.4819455 9.883265 -0.88106626
4.1754875 9.844957 -1.1492169
3.86903 9.768343 -0.80445176
3.4476504 9.653421 -0.1915361
3.0262709 9.615114 0.497994
2.528277 9.461885 1.1109097
1.9919758 9.385271 1.3790603
1.6472108 9.423578 1.4173675
1.4173675 9.500193 1.2258313
1.2641385 9.730036 0.8044517
1.2258313 9.844957 0.34476504
1.0342951 9.730036 0.0
0.7278373 9.576807 0.0
0.5363012 9.346963 0.2681506
0.26815057 9.232041 0.7661445
0.038307227 9.232041 1.2641385
-0.22984336 9.040505 1.5705963
-0.6512228 8.848969 1.6472108
-0.9959879 8.734048 1.4556746
-1.2641385 8.810662 0.9959879
-1.340753 9.117121 0.61291564
-1.2641385 9.500193 0.26815057
-1.1875241 9.730036 0.11492168
-1.2258313 9.80665 0.34476507
-1.3790601 9.844957 0.7661445
-1.685518 9.844957 1.2641385
-2.0685902 9.844957 1.8004396
-2.4133554 9.844957 2.0685902
-2.719813 9.921572 1.9153613
-2.873042 10.0748005 1.6472107
-2.9496565 10.381258 1.2258313
-2.9496565 10.649409 0.6895301
-2.9113493 10.726024 0.34476504
-2.9113493 10.649408 0.038307227
-2.9113493 10.49618 -0.11492168
-2.873042 10.304644 0.114921674
-2.9113493 10.304644 0.4596867
-2.9113493 10.304644 1.0726023
-2.9496565 10.266336 1.7621324
-3.1028855 10.228029 2.1068976
-3.217807 10.036493 2.2984335
-3.4093432 9.883265 2.1452045
-3.562572 9.730036 1.8770541
-3.677494 9.500193 1.7238252
-3.7541084 9.308657 1.6472107
-3.7541084 9.078813 1.8004396
-3.7158012 8.810662 1.9919758
-3.5242648 8.695741 2.336741
-3.2561142 8.6574335 2.528277
-2.9879637 8.619126 2.6048913
-2.719813 8.504204 2.528277
-2.5282772 8.312668 2.183512
-2.4133554 8.0445175 1.8004397
-2.2601264 7.776367 1.4556746
-2.183512 7.584831 1.1109096
-2.1068974 7.3549876 0.9193734
-2.030283 7.086837 0.8810662
-1.9536686 6.856993 0.8810662
-1.7621324 6.62715 0.8810662
-1.532289 6.588843 0.842759
-1.1875241 6.588843 0.8044517
-0.95768064 6.588843 0.6512228
-0.80445176 6.5505357 0.45968673
-0.6512228 6.3589993 0.2681506
-0.53630114 6.2440777 0.11492168
0.0 6.090849 -0.22984335
0.6512229 6.282385 -0.6895301
0.8810662 6.435614 -0.19153613
0.7278373 6.2823853 0.80445176
0.6895301 6.167464 1.3790601
0.7661445 6.0142345 1.685518
0.8810662 5.7843914 1.9536686
0.95768064 5.6311626 1.877054
1.1109096 5.477934 1.3024457
1.3024458 5.5928555 0.61291564
1.5705963 6.0142345 0.0
1.9536687 6.62715 -0.45968673
2.2601266 7.2017584 -0.5746084
2.4516628 7.469909 -0.5746084
2.5282772 7.508217 -0.19153613
2.3750482 7.2783732 0.5363012
2.2218192 7.1251445 1.340753
2.0685902 7.1634517 2.2218192
2.030283 7.4699097 2.4899697
2.2601264 8.350976 2.4133554
2.681506 9.461885 1.9536686
3.2944217 10.726024 1.1875241
3.9073374 11.798626 0.6895301
4.405331 12.334928 0.38307226
4.673482 12.679692 0.53630114
4.7884035 12.909535 1.2641385
4.673482 13.101071 1.9919758
4.29041 13.2543 2.528277
3.6391869 13.177686 2.719813
2.7581205 12.832921 2.566584
1.838747 12.411541 2.528277
1.1492169 11.990162 2.528277
0.91937345 11.9135475 2.7581203
1.0726023 12.143391 2.9496565
1.4939818 12.5264635 3.1411924
1.9153612 13.330915 3.4859574
2.0685902 13.943831 3.8307223
1.9536686 14.441825 4.1754875
1.6472108 14.748282 4.405331
1.2258313 14.633361 4.367024
0.8810662 14.36521 4.1754875
0.61291564 13.982138 4.060566
0.45968673 13.560759 3.9839516
0.45968673 13.254301 4.1754875
0.61291564 13.177687 4.367024
0.9193734 13.40753 4.405331
1.1492168 13.828909 4.4436383
1.2641385 14.211981 4.3287163
1.1875241 14.403518 4.3287163
0.84275895 14.135367 4.4436383
0.4213795 13.484144 4.4819455
-0.11492169 12.603078 4.55856
-0.7278373 11.568783 4.4819455
-1.2258313 10.649408 4.1754875
-1.6472108 9.959879 3.9073372
-1.9153614 9.5385 3.5242648
-1.9919758 9.346964 3.2944217
-1.9919758 9.500193 3.4093432
-1.9919758 9.80665 3.4859576
-1.9919758 10.228029 3.86903
-2.0685902 10.419565 3.9839516
-2.2601264 10.228029 3.9073372
-2.4899697 9.883265 3.86903
-2.873042 9.2703495 3.4859576
-3.1795 8.734048 3.371036
-3.4093432 8.465897 3.4859576
-3.4859576 8.350975 3.7158008
-3.2561145 8.542511 3.9839516
-2.9879637 9.11712 4.098873
-2.6431985 9.730036 3.9073372
-2.3750482 10.304644 3.4476504
-2.2601266 10.572794 3.0262709
-2.2218192 10.457872 2.6815057
-2.3367407 10.189722 2.7198129
-2.375048 9.730036 3.1794996
-2.375048 9.461885 3.7924156
-2.2601264 9.346964 4.4436383
-2.030283 9.308657 4.7884035
-1.8770542 9.385271 4.711789
-1.685518 9.385271 4.405331
-1.685518 9.2703495 3.9073372
-1.7621324 9.002199 3.4476504
-1.8387469 8.427589 3.1794999
-1.5705962 8.389282 3.4476504
-1.1492168 8.504204 3.8307226
-0.61291564 8.772355 4.4436383
-0.15322891 8.810662 4.903325
0.076614454 8.772355 5.056554
0.19153613 8.580818 4.9416323
0.15322891 8.159439 4.3287163
0.038307227 7.929596 3.715801
0.15322891 7.776367 3.4093432
0.4213795 7.967903 3.2178068
0.8810662 8.427589 3.371036
1.4556745 8.772355 3.6008792
1.9919758 9.002198 3.9073372
2.3750482 8.8489685 4.5585604
2.5665843 8.465897 5.0182467
2.6431987 8.082825 5.324705
2.6048915 7.6614456 5.324705
2.681506 7.4316025 4.865018
2.7964275 7.393295 4.290409
3.0645783 7.4316025 3.6774938
3.3327289 7.6231384 3.217807
3.562572 7.776367 3.1411927
3.9456444 7.8912888 3.4476504
4.252102 8.00621 3.907337
4.55856 8.00621 4.1754875
4.7500963 8.00621 4.060566
4.7884035 8.0445175 3.6008792
4.8267107 8.082825 3.1411927
4.865018 8.274361 2.7581205
5.056554 8.542511 2.6048913
5.3630114 8.848969 2.7581205
5.746084 9.308657 3.0262709
6.0525417 9.615114 3.2944217
6.2057705 9.883265 3.5242648
6.1674633 9.998186 3.6008792
5.861006 9.80665 3.6391864
5.477934 9.5385 3.715801
5.094861 9.155428 3.8307228
4.711789 8.887277 4.0222588
4.290409 8.810662 4.1371803
4.2137947 8.963891 4.3287168
4.1754875 9.078813 4.405331
4.1371803 9.232041 4.4819455
3.9839516 9.423578 4.4819455
3.7541084 9.615114 4.2137947
3.562572 9.768343 3.9456444
3.3327289 9.80665 3.7158008
3.1411927 9.80665 3.4476502
2.9496565 9.730036 3.3710358
2.719813 9.691729 3.217807
2.528277 9.730036 3.0645783
2.4516625 9.653421 3.1795
2.2984338 9.576807 3.2561145
2.030283 9.423578 3.562572

