0.7661446 9.155427 3.8307226
1.2258313 10.91756 4.6351743
1.8004396 12.603078 5.746084
2.528277 13.982138 6.3973074
2.9879637 15.361198 6.9719152
2.911349 14.901512 6.3206925
2.6048913 14.09706 5.631162
2.2218192 13.177686 5.0182467
1.8770541 12.220006 4.7500963
1.6089035 11.262324 4.711789
1.4556746 10.342951 4.865018
1.340753 9.576807 4.865018
1.2641386 9.002198 4.6351743
1.1875241 8.465898 4.2137947
1.1492169 8.159439 3.7924151
1.0342951 7.8146744 3.4859576
0.84275895 7.2783732 3.2561145
0.61291564 6.742072 3.0262709
0.3064578 6.0525417 2.7964277
0.11492168 5.4396267 2.4133554
0.038307227 4.711789 1.8387469
0.038307227 4.5202527 1.3790601
0.076614454 4.367024 1.0342951
0.22984335 4.252102 0.7661445
0.61291564 4.55856 0.7661445
0.57460845 4.711789 1.3407528
0.30645782 4.405331 1.3790603
-0.30645782 3.4859574 0.5746084
-0.53630114 3.4476502 0.11492168
-0.61291564 3.6008792 -0.15322891
-0.49799395 3.86903 -0.15322891
-0.34476507 4.4819455 0.19153613
-0.11492168 5.056554 0.6512228
0.19153611 5.6694694 1.1492168
0.53630114 6.282385 1.4173673
0.8044518 6.5888433 1.532289
0.9959879 6.703765 1.1109096
1.0342952 6.8569937 0.45968673
0.99598795 6.895301 -0.19153613
0.9576807 6.9719152 -0.7278373
0.9576807 7.125144 -0.8810662
0.9959879 7.2400656 -0.8044518
1.0342951 7.431602 -0.57460845
1.1492168 7.6231384 -0.49799395
1.340753 7.8146744 -0.2681506
1.877054 8.082825 0.038307227
2.183512 8.197746 0.26815057
2.4516625 8.389282 0.38307226
2.681506 8.580819 0.38307226
2.873042 8.734048 0.2681506
2.9496565 8.657433 7.4505806E-9
2.9113493 8.427589 -0.3064578
2.873042 8.197746 -0.5746084
2.873042 8.00621 -0.72783726
3.064578 8.121132 -0.6895301
3.4093432 8.389282 -0.7661445
3.8690298 8.734048 -0.7661445
4.252102 9.117121 -0.7661445
4.5202527 9.385271 -0.7661445
4.6351743 9.576807 -0.61291564
4.596867 9.653421 -0.49799395
4.5202527 9.691729 -0.49799395
4.3287163 9.653421 -0.49799395
4.1754875 9.615114 -0.5746084
4.098873 9.691729 -0.61291564
4.1371803 9.80665 -0.6512229
4.252102 9.921572 -0.7278373
4.290409 9.959879 -0.91937345
4.1371803 9.844957 -1.1109096
3.7541082 9.691729 -1.2641385
3.3327286 9.576807 -1.2258313
2.8730419 9.346964 -0.9193734
2.4899697 9.155428 -0.5746084
2.183512 9.078813 -0.114921674
1.8387468 9.078813 0.11492168
1.532289 9.155427 0.22984336
1.2258313 9.232041 0.26815057
0.91937345 9.232041 0.07661445
0.6512229 9.11712 -0.2681506
0.49799395 9.155427 -0.6512229
0.45968673 9.423578 -0.8810662
0.45968673 9.768343 -0.6895301
0.45968673 9.998186 -0.038307235
0.30645782 10.0748005 0.7661446
-0.07661445 9.959879 1.4173675
-0.53630114 9.691729 1.9536686
-1.0342951 9.576807 2.1835117
-1.4556746 9.615114 2.030283
-1.685518 9.691729 1.9536685
-1.8387469 9.730036 1.4939817
-1.9153614 9.80665 0.9576807
-1.9153614 9.844957 0.68953013
-1.8387469 9.883265 0.38307226
-1.7238252 10.036493 0.5746084
-1.5705963 10.113108 0.8810662
-1.4939818 10.304644 1.3024458
-1.5705963 10.342951 1.7621325
-1.7621324 10.189722 1.9536686
-2.030283 10.036493 2.0685902
-2.2984335 9.768343 1.9919758
-2.413355 9.691729 1.8004396
-2.4516625 9.768343 1.6089035
-2.4516625 9.921572 1.4556746
-2.4133554 9.959879 1.2641385
-2.4516625 9.844957 1.2258313
-2.4516625 9.768343 1.3024457
-2.4516625 9.730036 1.4556746
-2.4133554 9.844957 1.685518
-2.336741 10.0748005 1.7238252
-2.2984335 10.342952 1.5705962
-2.2984335 10.496181 1.2641385
-2.413355 10.534488 0.8810662
-2.6048913 10.381259 0.57460845
-2.7581203 10.036493 0.5363012
-2.873042 9.615114 0.7278373
-2.9113493 9.117121 1.0342951
-2.9113493 8.772356 1.4173675
-2.7964277 8.619126 1.685518
-2.6431985 8.542512 1.8387469
-2.4516625 8.465897 1.8770541
-2.183512 8.350975 1.7621324
-1.9919758 8.082825 1.532289
-1.838747 7.6614456 1.1492168
-1.6472108 7.240066 0.8044517
-1.4939818 6.7803793 0.53630114
-1.3407528 6.3589997 0.38307226
-1.1109096 6.090849 0.34476504
-0.8810662 5.899313 0.38307226
-0.57460845 5.8226986 0.30645782
-0.30645782 5.7843914 0.07661445
-0.11492168 5.7843914 -0.076614454
0.076614454 5.746084 -0.45968676
0.19153613 5.66947 -0.68953013
0.26815057 5.4396267 -0.6129157
0.30645782 5.133168 -0.5363012
0.26815057 4.8267107 -0.19153613
0.11492168 4.4436383 0.15322891
0.038307227 4.2904096 0.34476504
0.11492168 4.367024 0.68953013
0.34476507 4.7500963 0.8810662
0.8044518 5.363012 0.842759
1.3024458 5.93762 0.49799395
1.685518 6.397307 -0.114921674
1.8387469 6.588843 -0.6512229
1.7621324 6.588843 -0.91937345
1.4939818 6.588843 -0.6895301
1.2258313 6.62715 0.038307227
1.0726024 6.780379 1.1492169
1.0342951 7.086837 2.3750482
1.1109096 7.2783732 3.2944217
1.1109096 7.2783732 3.4093432
0.95768064 7.3549876 2.9113493
0.6895301 7.393295 2.1068974
0.49799395 7.6614456 1.2641385
0.4213795 8.312669 0.9959879
0.61291564 9.040505 1.1492168
1.0342951 9.998186 1.6472107
1.4556746 10.840945 2.1452045
1.8770542 11.377247 2.4516625
2.2218192 11.683704 2.566584
2.4133554 11.9135475 2.528277
2.4516625 12.258312 2.6431987
2.3367407 12.717999 2.7581203
2.1068974 13.215993 2.9879637
1.877054 13.713987 3.4476504
1.7621324 14.326903 4.1371803
1.7621324 14.901511 4.865018
1.7621324 15.47612 5.439626
1.7238252 15.705963 5.401319
1.4939818 15.591042 4.711789
1.0726024 15.284584 3.524265
0.5363012 14.939819 2.2984338
-0.038307205 14.824897 1.685518
-0.38307226 14.978126 1.7621324
-0.4213795 15.437813 2.6048913
-0.2681506 15.974113 3.6774938
0.0 16.280571 4.5968676
0.11492168 16.089035 5.056554
-0.038307227 15.629349 5.094861
-0.7278373 14.288596 4.3670235
-1.1492169 13.713987 3.9456444
-1.6089036 13.062764 3.6774936
-2.0685902 12.105084 3.2944217
-2.566584 11.070788 3.064578
-3.1028852 10.113108 2.9879637
-3.4859576 9.308656 3.0262709
-3.562572 9.078813 3.4093432
-3.3327289 9.308657 3.8307226
-2.9496565 9.883265 3.9839516
-2.3750482 11.070788 3.371036
-2.3750482 11.33894 2.681506
-2.3750482 11.415554 2.2218192
-2.4516625 11.262325 1.9536686
-2.6048913 10.994174 1.9153614
-2.873042 10.457873 2.183512
-3.3327289 9.653421 2.6048913
-3.6391864 8.963891 3.0262709
-3.7924156 8.657433 3.4476504
-3.5242648 9.040505 3.7541084
-2.9496565 9.844957 3.7541084
-2.2984335 10.879252 3.6008792
-1.6472108 11.683704 3.3327289
-1.340753 11.951855 2.9113493
-1.2258313 11.760319 2.566584
-1.3024457 11.185711 2.3367407
-1.5322891 10.342952 2.375048
-1.685518 9.576807 2.566584
-1.8387469 8.925584 2.873042
-1.8387469 8.504204 3.2561145
-1.2641385 8.350975 4.0222588
-0.72783726 8.542511 4.2137947
-0.22984338 8.580818 4.060566
0.49799395 8.504205 3.1794996
1.0726024 8.580819 2.566584
1.4939818 8.619126 2.2984335
1.7621324 8.42759 2.030283
1.8770541 7.929596 1.7238252
1.8004397 7.4699097 1.7621325
1.7621324 6.9719152 2.2218192
1.8770541 6.8186865 3.064578
2.2984335 6.9719152 4.1371803
2.8347347 7.2017584 4.865018
3.2944214 7.6231384 5.133168
3.7541082 8.0445175 4.7884035
4.0222588 8.389282 3.86903
4.1371803 8.657433 2.834735
4.252102 8.925584 2.0685902
4.290409 9.117121 1.7621324
4.3670235 9.308657 1.9153614
4.55856 9.500193 2.4133554
4.7117887 9.615114 2.9879637
4.7884035 9.768343 3.4859576
4.7884035 9.730036 3.7924154
4.673482 9.653421 3.9839516
4.5202527 9.576807 4.0222588
4.4436383 9.461885 4.0222588
4.405331 9.576807 4.060566
4.4819455 9.691729 3.9073372
4.5202527 9.653421 3.4859576
4.405331 9.576807 2.834735
4.2521024 9.346963 2.2601264
4.0222588 9.11712 1.8004396
3.86903 9.002198 1.6472108
3.7924156 9.002198 1.9536686
3.677494 9.078814 2.3750482
3.5242648 9.232042 2.9496565
3.2178068 9.576807 3.7924156
3.1794996 9.730036 3.9073372
3.1794996 9.768343 3.86903
3.1028852 9.730036 3.6008792
2.8730419 9.576807 3.217807
2.6048913 9.385271 2.9496565
2.2984335 9.2703495 2.7964277
2.1452045 9.385271 3.026271
2.183512 9.500193 3.371036
2.183512 9.576807 3.6774938
2.183512 9.653421 3.9456444
2.1068976 9.500193 4.1371803
1.8770542 9.193735 4.3287163
1.6472108 8.925584 4.5202527
1.37906 8.6574335 4.6351748
1.2258313 8.542512 4.673482

