1.1492169 8.6574335 4.6351748
1.1492169 8.848969 4.5202527
0.34476504 8.197746 6.2823853
0.22984336 8.580818 6.052542
0.0 8.925585 5.6694694
0.076614454 9.423578 5.401319
-0.076614454 9.844957 5.5162406
-0.076614454 10.151416 5.592855
0.038307227 10.649409 5.707777
0.11492168 11.224018 5.861006
0.19153613 11.722012 5.93762
0.30645782 12.258312 6.0525417
0.38307226 12.756307 6.0142345
0.4213795 13.215993 6.0142345
0.49799395 13.560758 6.244078
0.4596867 13.790602 6.3206925
0.4596867 13.9438305 6.588843
0.4596867 13.905523 6.7420716
0.49799395 13.905523 6.895301
0.6512229 13.828909 7.0102224
0.8044518 13.790602 6.9719152
0.99598795 13.828909 6.9719152
1.1875241 13.790602 6.6654577
1.3790603 13.713987 6.3589997
1.532289 13.40753 6.0908494
1.6472108 12.986151 5.6694694
1.6089036 12.449848 5.363012
1.4939818 11.951855 5.056554
1.3407531 11.492168 4.596867
1.1492169 11.032481 4.2521024
1.0342951 10.6877165 4.0222588
0.9959879 10.342951 3.9073372
1.0342952 10.113108 3.9456444
1.0726024 9.691729 4.0222588
0.9959879 9.193735 3.86903
0.80445176 8.580819 3.7158012
0.49799395 7.8529816 3.5242648
0.11492168 7.3549876 3.1795
-0.22984336 6.8569937 2.9113493
-0.57460845 6.397307 2.528277
-0.8044517 5.93762 2.2984335
-0.7278373 5.746084 2.2601264
-0.4213795 5.8993134 2.3750482
0.076614454 6.2057714 2.6048915
0.57460845 6.703765 2.7581203
0.9576807 6.9719152 2.719813
1.2258313 7.0102224 2.4133554
1.3024457 6.8953004 1.877054
1.3024457 6.588843 1.2641385
1.1109096 6.244078 0.84275895
0.7661445 5.8226986 0.61291564
0.4213795 5.363012 0.61291564
0.038307227 5.0182467 0.72783726
-0.22984335 4.8267107 0.95768064
-0.2681506 4.865018 1.4556746
-0.076614454 5.2480903 2.0685902
0.22984335 5.8226986 2.528277
0.61291564 6.3206925 2.6431987
0.8810662 6.7803793 2.336741
0.9576807 7.04853 1.7621325
0.9576807 7.04853 1.3024458
0.842759 7.04853 0.91937345
0.7661445 7.0102224 0.7661445
0.8044517 7.086837 0.7661445
0.9193734 7.3166804 0.8810662
1.1109096 7.6231384 1.1492168
1.2641385 7.8912888 1.4556746
1.340753 8.082825 1.7238252
1.3024458 8.312668 1.9919758
1.1875241 8.389282 2.1452048
1.0726024 8.504205 2.1068976
0.9576807 8.580819 1.9153614
0.91937345 8.619126 1.4939818
0.9576807 8.695741 1.1492169
1.0342951 8.619126 0.9959879
1.0342951 8.542512 1.1492168
0.9959879 8.504205 1.3407528
0.9576807 8.580819 1.3790603
0.91937345 8.810662 1.6472108
0.99598795 8.925584 1.6472108
1.0726024 8.925584 1.6089036
1.1875241 8.848969 1.4173675
1.2641385 8.695741 1.2258313
1.4173675 8.504204 1.1109096
1.685518 8.619125 1.340753
2.4899697 9.232041 1.8004397
2.9879637 9.5385 1.8770542
3.4093432 9.80665 1.7621325
3.8307228 9.883265 1.6472107
4.1371803 9.768343 1.1875241
4.060566 9.576807 0.9959879
3.9073372 9.385271 0.8810662
3.7158012 9.193735 0.8810662
3.6391866 9.040506 0.95768064
3.6008792 8.963891 1.0342951
3.6008792 9.040505 1.1109096
3.7158012 9.232041 1.1492168
3.9073372 9.5385 1.1109096
4.1371803 9.921572 1.1109096
4.252102 10.266336 0.8810662
4.1371803 10.496181 0.7278373
3.86903 10.457873 0.57460845
3.2561142 10.189722 0.45968676
3.0262709 10.113108 0.45968676
2.873042 10.189722 0.49799398
2.6815062 10.266337 0.57460845
2.528277 10.419566 0.7278373
2.336741 10.496181 0.95768064
2.1452045 10.572795 1.3407528
1.8770541 10.611102 1.7621324
1.340753 10.419566 2.030283
0.7661445 10.189723 2.030283
0.15322891 9.80665 1.9536686
-0.38307226 9.4618845 1.685518
-0.68953013 9.423577 1.5705963
-0.88106626 9.38527 1.7621325
-1.0342951 9.423578 1.8004397
-1.2258313 9.461885 1.9919758
-1.4173673 9.461885 2.1068976
-1.6472107 9.576807 2.1068976
-1.8770541 9.768343 2.3367407
-2.0685902 9.921572 2.528277
-2.2218192 10.113108 2.566584
-2.375048 10.304644 2.4133554
-2.4516625 10.457872 2.1452048
-2.4899697 10.726024 1.9153614
-2.4899697 10.764331 1.8387469
-2.4516625 10.6877165 1.9536686
-2.4516625 10.611102 2.183512
-2.528277 10.457873 2.4133554
-2.6048913 10.342952 2.6431987
-2.681506 10.304645 2.7581205
-2.7581203 10.342952 2.7581205
-2.7581203 10.266336 2.6048915
-2.834735 10.113108 2.3367407
-2.9496565 9.80665 2.183512
-3.1411927 9.308657 2.030283
-3.3327289 8.810662 2.0685902
-3.4859576 8.465897 2.2984338
-3.562572 8.197746 2.528277
-3.562572 8.00621 2.528277
-3.5242648 8.00621 2.3750482
-3.371036 7.929596 1.9536686
-3.1795 7.929596 1.340753
-2.9496565 8.0445175 0.9193735
-2.681506 7.967903 0.49799398
-2.4899697 7.8912888 0.22984335
-2.3367407 7.776367 0.15322891
-2.1452048 7.5082164 0.11492168
-1.9153614 7.3549876 0.22984336
-1.6089036 7.3549876 0.30645782
-1.2641385 7.2783732 0.4213795
-0.9193734 7.1634517 0.45968673
-0.6895301 7.0102224 0.4213795
-0.45968673 6.7037644 0.45968676
-0.30645782 6.5122285 0.57460845
-0.19153613 6.397307 0.7278373
-0.076614454 6.244078 0.80445176
0.038307227 6.0525417 0.91937345
0.19153613 5.8226986 0.842759
0.38307226 5.631162 0.7661446
0.61291564 5.5162406 0.88106626
0.842759 5.5162406 1.0342951
0.99598795 5.5545483 1.2641385
1.0342952 5.477934 1.4939818
0.9576807 5.4013195 1.4939818
0.7278373 5.2863975 1.3790603
0.45968673 5.1331687 1.0726023
0.22984336 4.9799395 0.7278373
0.11492168 4.82671 0.49799395
0.11492168 4.788403 0.4213795
0.3064578 5.056554 0.61291564
0.5746084 5.592855 1.0726024
0.9193734 6.3206925 1.685518
1.3024457 7.125144 2.4516625
1.4939818 7.776367 3.0645783
1.5705963 8.274361 3.4476507
1.4173675 8.734047 3.524265
1.0726024 9.078814 3.3710358
0.80445176 9.2703495 3.2561142
0.61291564 9.423578 3.1028855
0.5746084 9.5385 3.1795
0.6512228 9.80665 3.1028852
0.72783726 10.036493 3.141193
0.80445176 10.457872 3.2178073
0.842759 10.994175 3.4859576
0.88106626 11.109097 3.6008794
0.88106626 11.070789 3.7924156
0.842759 10.879253 3.8307228
0.80445176 10.6877165 3.9456444
0.6895301 10.649409 3.9839516
0.6512228 10.649409 3.9456444
0.80445176 10.802638 3.7924154
1.1109096 11.300632 3.562572
1.6089035 11.9135475 3.4476504
2.0685902 12.641385 3.4093432
2.3750482 13.254301 3.524265
2.336741 13.254301 3.6391866
1.9153614 12.871229 3.9456446
1.4173675 12.296619 4.3287168
0.8810662 11.87524 4.7500963
0.5746084 11.836933 5.1331687
0.49799395 11.951855 5.209783
0.5746084 12.181698 5.133168
0.7278373 12.411541 4.7117887
0.8810662 12.603077 4.098873
1.1875241 13.024457 2.834735
1.1492169 13.024457 2.4899697
0.9959879 12.832921 2.3367407
0.6895301 12.296619 2.2984335
0.2681506 11.530475 2.336741
-0.076614454 10.649408 2.4899697
-0.2681506 9.768343 2.9496565
-0.22984336 9.232041 3.5625722
0.038307227 9.193734 4.290409
0.4213795 9.500193 4.865018
0.842759 10.113108 5.0565543
1.2258313 10.879252 4.9033256
1.4556746 11.530476 4.481946
1.6089036 11.951855 3.9456446
1.6089036 12.066776 3.5242648
1.4173675 11.722012 3.371036
0.8810662 10.955868 3.8307228
0.6512228 10.649409 4.2137947
0.45968673 10.611102 4.5202527
0.30645782 10.649409 4.7884035
0.19153613 10.611102 5.171476
0.038307227 10.572795 5.363012
-0.11492168 10.534488 5.5928555
-0.2681506 10.457873 5.66947
-0.45968673 10.381258 5.746084
-0.7661445 10.342951 5.8226986
-1.0726023 10.304644 5.707777
-1.532289 10.266336 5.5928555
-2.030283 10.151415 5.3630123
-2.4133554 9.959879 5.133168
-2.834735 9.691729 5.056554
-3.1028855 9.500193 5.056554
-3.217807 9.500193 5.2480903
-3.2561142 9.615114 5.5162406
-3.1028855 9.883265 5.8226986
-2.9496565 10.036493 5.899313
-2.7964277 10.036493 5.7843914
-2.719813 9.921572 5.516241
-2.681506 9.653421 5.1331687
-2.6431987 9.308657 4.865018
-2.6048913 8.963891 4.5202527
-2.4133554 8.772355 4.3287168
-2.183512 8.695741 4.2137947
-1.8387469 8.810662 4.2137947
-1.4939818 9.117121 4.252102
-1.1492169 9.308657 4.405331
-0.8810662 9.385271 4.6734815
-0.7278373 9.193735 4.865018
-0.61291564 8.848969 5.2863975
-0.61291564 8.504204 5.5545483
-0.53630114 8.197746 5.5928555
-0.38307226 8.082825 5.66947
-0.15322891 8.0445175 5.6311626
0.076614454 8.0445175 5.592855
0.22984336 8.082825 5.439626
0.38307226 8.082825 5.2097826
0.49799395 8.082825 5.0182467
0.68953013 8.00621 4.903325
0.91937345 7.929596 4.8267107
0.9576807 7.8912888 4.711789
0.99598795 7.8146744 4.4819455
1.0726023 7.8529816 4.3287168
1.2641385 7.967903 4.4436383
1.7621324 8.197746 4.673482
2.3367407 8.542511 5.018247
2.8730419 8.810661 5.171476
3.1794999 8.887277 4.97994
3.2561142 8.695741 4.5968676
3.1411927 8.197746 3.9839518
2.9113493 7.6231384 3.4476504
2.719813 7.04853 3.1411927
2.6431987 6.5888433 3.1794999
2.7964277 6.435614 3.5242648
3.064578 6.5122285 3.9073372
3.4859576 6.856993 4.0222588
3.9456444 7.431602 3.9073372
4.3670235 7.967903 3.6008794
4.7500963 8.465897 3.2561142
4.9799395 8.887277 3.2561142
5.133168 9.155428 3.3327286
5.133168 9.308657 3.5242648
5.056554 9.2703495 3.715801
4.903325 9.193735 3.7541084
4.673482 8.925585 3.7924156
4.4436383 8.695741 3.7924156
4.252102 8.6574335 3.8307228
4.1371803 8.695741 3.9839516
4.060566 8.925584 4.060566
4.0222588 9.232042 4.098873
3.9839516 9.461885 4.2137947
3.9456444 9.576807 4.2137947
3.8307228 9.653421 4.3287168
3.677494 9.615114 4.4819455
3.4476504 9.5385 4.6351743
3.2178073 9.461885 4.9033246
3.064578 9.308657 5.0182467
2.873042 9.155427 5.2097826
2.681506 9.11712 5.2097826
2.4133554 9.002198 5.0182467
2.1452048 8.848969 4.903325
1.9153614 8.695741 4.6351743
1.7238252 8.580819 4.5202527

