1.6089036 8.542512 4.5202527
1.4939818 8.619126 4.5202527
1.4173675 8.695741 4.5202527
0.8810662 9.193734 4.5585604
1.1875241 10.304644 4.9799395
1.4556746 11.45386 5.363012
2.0685902 12.411541 5.554548
2.6431987 12.794614 5.7843914
2.6048913 12.5264635 5.707777
2.528277 12.028469 5.746084
2.3750482 11.45386 5.861006
2.2218194 10.994174 6.1291566
2.1068976 10.572794 6.4356146
1.9919758 10.228029 6.550536
1.8770542 9.883265 6.512229
1.685518 9.385271 6.282385
1.4173675 8.848969 5.9759274
1.1492169 8.389282 5.631162
0.7661445 7.967903 5.209783
0.38307226 7.73806 4.481946
0.11492168 7.584831 3.524265
-0.038307227 7.3549876 2.6048915
-0.11492168 7.04853 1.8004397
-0.11492168 6.550536 1.2641385
-0.15322891 5.899313 1.1875241
-0.26815057 5.24809 1.3407528
-0.30645782 4.711789 1.5705963
-0.30645782 4.481945 1.8387469
-0.11492167 4.3670235 1.9153614
0.19153613 4.5202527 1.7238252
0.45968673 4.6734815 1.4556746
0.6895301 4.7884035 1.2258313
0.80445176 4.903325 1.0342952
0.7278373 4.8267107 1.0726024
0.5746084 4.7884035 1.2258313
0.38307226 4.6351748 1.4173675
0.15322891 4.5202527 1.6089036
0.0 4.4436383 1.9153614
-0.038307227 4.4819455 2.2601266
0.038307227 4.5968676 2.5282772
0.15322891 4.8267107 2.7964277
0.38307226 5.2480903 2.681506
0.6895301 5.6694694 2.336741
0.9959879 6.090849 1.8004397
1.340753 6.5505357 0.99598795
1.6472108 6.895301 0.344765
1.8770541 7.0868373 -0.15322891
2.1068974 7.354988 -0.22984336
2.3367407 7.584831 0.19153613
2.6431987 7.8146744 0.842759
2.8347347 8.121132 1.6089036
2.9113493 8.236053 2.375048
2.7964275 8.121132 2.6431985
2.6048913 7.929596 2.566584
2.566584 7.73806 2.2601266
2.75812 7.776367 1.7621324
3.1411924 8.0445175 1.3407528
3.5242648 8.389282 1.1109095
3.7924156 8.810662 0.8810662
3.9073372 9.117121 0.6895301
3.9839516 9.346964 0.7278373
4.098873 9.653421 0.842759
4.290409 9.80665 1.1875241
4.405331 9.959879 1.3790601
4.405331 10.036493 1.4556746
4.252102 9.883265 1.3407528
3.9839516 9.844957 1.1109096
3.715801 9.80665 0.95768064
3.562572 9.768343 0.8044517
3.371036 9.883265 0.53630114
3.3327289 9.883265 0.30645782
3.1794996 9.768343 0.19153613
2.9496565 9.615114 0.19153613
2.7198133 9.461885 0.49799398
2.2984338 9.346964 0.8044518
1.9153614 9.270349 1.0342952
1.4173673 9.232041 1.0726024
0.9576807 9.155427 1.0342951
0.45968673 9.040505 0.80445176
0.0 8.887277 0.61291564
-0.4213795 8.772355 0.49799395
-0.8044517 8.772355 0.30645782
-0.9959879 8.925584 0.30645782
-1.0726024 9.232042 0.38307226
-1.0726024 9.615114 0.49799395
-1.0726024 9.959879 0.7661445
-1.1109096 10.228029 0.9959879
-1.1492168 10.49618 1.1875241
-1.1875241 10.764331 1.4173675
-1.1875241 10.994175 1.4556746
-1.2258313 11.185711 1.4939818
-1.3407528 11.185711 1.3024457
-1.4939818 10.994175 0.95768064
-1.7621324 10.802639 0.72783726
-2.0685902 10.611102 0.49799395
-2.3750482 10.381259 0.5363012
-2.719813 10.151415 0.91937345
-2.9879637 9.959879 1.4173675
-3.064578 9.921572 1.9919758
-3.1028855 10.189722 2.4516625
-2.987964 10.6877165 2.6048913
-2.7581203 11.070789 2.528277
-2.6431987 11.33894 2.2601266
-2.5665843 11.415554 1.8770541
-2.5665843 11.185711 1.532289
-2.6048915 10.879252 1.3407528
-2.681506 10.457873 1.3790601
-2.7581203 9.998186 1.532289
-2.719813 9.576807 1.8387468
-2.7581203 9.193735 2.0685902
-2.719813 8.810662 2.1068974
-2.6048915 8.427589 2.1068974
-2.528277 8.121132 1.9919758
-2.336741 7.8912888 1.7621325
-2.183512 7.6614456 1.6472108
-2.0685902 7.3932953 1.5322891
-1.9536686 7.1251445 1.340753
-1.8770542 6.7420716 1.2641385
-1.5705963 6.320692 0.9193735
-1.3024457 6.2440777 0.7278373
-0.95768064 6.397307 0.61291564
-0.5746084 6.4739213 0.49799395
-0.22984335 6.4739213 0.26815057
0.0 6.397307 0.26815057
0.076614454 6.129156 0.34476507
0.038307227 5.8226986 0.6895301
-0.076614454 5.5928555 1.0342952
-0.22984336 5.4013195 1.340753
-0.34476504 5.2863975 1.4556746
-0.4213795 5.209783 1.4173673
-0.3830723 5.133168 1.3024457
-0.2681506 5.1714754 1.1109096
-0.15322891 5.2863975 0.95768064
0.0 5.631162 0.8810662
0.15322891 6.1291566 0.84275895
0.3830723 7.086837 0.80445176
0.45968673 7.4699097 0.7661445
0.3830723 7.546524 0.842759
0.30645782 7.546524 0.9959879
0.19153613 7.393295 1.0726024
0.11492168 7.201759 1.2641385
0.19153613 7.2783732 1.4939818
0.4213795 7.6231384 1.7238252
0.842759 8.197747 1.9153614
1.3024457 9.002198 2.1068974
1.8387469 9.80665 2.1068974
2.2218192 10.457873 2.030283
2.4133554 10.955868 1.838747
2.5282772 11.224018 1.4556746
2.4516625 11.492168 1.2258313
2.2984335 11.722012 1.1109097
2.1452048 11.951855 1.3407531
2.030283 12.143391 1.9919758
1.9536686 12.296619 2.9113493
1.9919758 12.488155 3.8307228
2.0685902 12.756307 4.5968676
2.1068976 13.215993 4.7500963
2.030283 13.560758 4.4053316
1.8770541 13.752295 3.8690302
1.6855179 13.752295 3.2944214
1.4173673 13.599066 3.0645783
1.2258313 13.369223 3.2944214
1.1109096 13.177686 3.9839516
0.9959879 13.024457 4.865018
0.9193735 12.909535 5.6311626
0.7278373 12.756307 6.1291566
0.4213795 12.564771 6.052542
0.11492168 12.411541 5.707777
-0.15322891 12.143391 5.3247046
-0.22984335 11.990162 5.0182467
-0.30645782 11.645397 4.6351743
-0.30645782 11.109096 4.1371803
-0.38307226 9.998186 3.2561145
-0.22984335 9.730036 3.1411927
-0.076614454 9.691729 3.2944214
0.076614454 9.691729 3.4093432
0.2681506 9.768343 3.6774938
0.38307226 9.959879 3.9073372
0.57460845 10.113108 4.060566
0.7661445 10.342952 4.0222588
0.8810662 10.381259 3.7924154
1.0342951 10.151415 3.562572
1.0726024 9.959879 3.4859576
1.1492169 9.768343 3.6391864
1.2641385 9.768343 4.0222588
1.2641385 9.959879 4.3670235
1.2641385 10.189722 4.4436383
1.1875241 10.457872 4.5202527
1.0342951 10.649408 4.4819455
0.7278373 10.572794 4.5968676
0.34476504 10.381258 4.673482
0.0 10.0748005 4.5585594
-0.30645782 9.844957 4.5968666
-0.45968673 9.959879 4.481945
-0.5363012 10.228029 4.5202527
-0.6512228 10.611102 4.750096
-0.8044517 10.91756 4.7884035
-1.0726023 11.147403 4.9416323
-1.4556746 11.300632 5.0182467
-1.838747 11.300632 4.9416323
-2.3750482 11.224018 4.9799395
-2.9879637 10.917561 4.8267107
-3.6774938 10.342951 4.55856
-4.4053307 9.615114 4.3287168
-5.0182467 8.772354 4.098873
-5.363012 7.967903 4.0222588
-5.439626 7.584831 4.1754875
-5.209783 7.584831 4.5202527
-4.673482 8.197746 4.6351743
-3.9456446 9.346964 4.596867
-3.1411927 10.381258 4.4436383
-2.528277 11.224017 3.9073372
-2.183512 11.33894 3.4093432
-2.1452045 10.802639 2.834735
-2.2984338 9.80665 2.4899697
-2.4899697 8.542511 2.6815062
-2.7581205 7.469909 3.3327289
-2.6048915 6.8569937 4.367024
-2.2218192 6.8186865 5.1714754
-1.685518 7.31668 5.4779334
-0.842759 8.082825 5.363012
-0.11492169 8.8489685 4.9799395
0.6512228 9.385271 4.5202527
1.3024457 9.653421 3.9456444
1.6472107 9.576807 3.3327289
1.4939818 8.848969 2.719813
0.5746084 7.163451 2.4899697
0.22984336 6.4356146 3.2561145
0.22984336 6.3973074 4.865018
0.45968673 6.6654577 6.703765
0.88106626 7.278373 8.274362
1.340753 7.929596 8.887277
1.7238252 8.427589 8.197746
1.9153614 8.810662 6.6271505
2.1068974 9.078813 4.865018
2.4133554 9.385271 3.562572
2.9879637 9.653421 2.9879637
3.6391864 9.844957 2.9879637
4.1754875 10.113108 3.3327289
4.5202527 10.228029 3.7158012
4.6351748 10.151415 3.7541084
4.5968676 9.959879 3.7158012
4.520253 9.5385 3.6391864
4.367024 9.078814 3.562572
4.1371803 8.695741 3.6008794
3.9839516 8.427589 3.715801
3.9456444 8.274361 3.7924156
4.0222588 8.389282 3.7158012
4.1754875 8.619125 3.6008794
4.3670235 8.887277 3.3710358
4.4819455 9.155427 3.1794999
4.5202527 9.2703495 3.1794999
4.4819455 9.346964 3.371036
4.252102 9.232042 3.6391864
3.86903 9.078814 4.0222588
3.4093432 8.963892 4.290409
2.9496565 8.810662 4.3670235
2.6048913 8.657433 4.3670235
2.3750482 8.542511 4.252102
2.2984338 8.427589 4.098873
2.4133554 8.542511 4.098873
2.681506 8.887277 4.367024
2.9879637 9.232041 4.673482
3.217807 9.5385 5.1714754
3.217807 9.576807 5.592855
3.0262709 9.423578 5.707777
2.681506 9.193735 5.592855
2.2984338 8.848969 5.2863975
1.9153615 8.504204 4.865018
1.6089035 8.236053 4.7117887
1.4173673 8.0445175 4.750096

