1.340753 8.0445175 4.7884035
1.0726024 8.6574335 4.7884035
1.1492168 10.381258 5.1714754
1.1492168 11.951855 5.477933
1.1492168 13.369223 5.554548
1.3790601 14.365211 5.554548
1.1492168 13.982139 4.8267107
0.9576807 13.445837 4.2521024
0.7278373 12.871228 3.9073372
0.5363012 12.488156 3.8307228
0.5363012 12.105083 4.213795
0.61291564 11.798626 4.8267107
0.8810662 11.453861 5.401319
1.3790601 11.185711 5.9759274
1.9919758 11.070789 6.435614
2.566584 11.070789 6.703765
3.1794999 11.33894 6.7803793
3.6774938 11.60709 6.62715
4.0222588 11.798626 6.129156
4.2137947 11.798626 5.554548
4.060566 11.33894 5.056554
3.677494 10.572794 4.7500963
3.1795 9.576807 4.55856
2.681506 8.619125 4.367024
2.183512 7.8146744 4.1371803
1.6472107 7.0485296 3.9073372
1.1109096 6.4356146 3.562572
0.5746084 5.899313 3.2178073
0.22984335 5.4396267 3.0645783
0.22984335 5.3630123 2.9879637
0.49799392 5.477934 2.9113493
0.9193734 5.6311626 2.9113493
1.3024457 5.8226986 2.719813
1.532289 5.93762 2.3367407
1.5705963 5.899313 1.9153614
1.4939818 5.7077765 1.3790603
1.2258313 5.286397 0.91937345
0.80445176 4.5202527 0.6512229
0.34476504 3.6391864 0.6129156
-0.11492168 2.9113493 0.72783726
-0.34476504 2.5665843 1.0726023
-0.3830723 2.5665843 1.4173675
-0.34476504 2.9113493 1.685518
-0.11492168 3.524265 1.685518
0.15322891 4.060566 1.4173673
0.61291564 4.903325 0.5363012
0.8044517 5.133168 0.30645782
0.9959879 5.363012 0.15322891
1.3790601 5.8226986 0.19153613
1.5322891 6.0142345 0.38307226
1.6089036 6.2440777 0.6895301
1.8004396 6.588843 0.7661445
2.4133554 7.3549876 0.6895301
2.834735 7.73806 0.42137948
3.1794996 7.8912888 0.38307223
3.4476504 8.159439 0.19153613
3.562572 8.312668 0.11492168
3.6774938 8.427589 0.076614454
3.715801 8.6574335 0.038307227
3.9073372 8.848969 0.15322891
4.060566 8.963891 0.4213795
4.252102 9.155428 0.57460845
4.4819455 9.346964 0.68953013
4.596867 9.423578 0.7661445
4.6351743 9.576807 0.7661445
4.55856 9.615114 0.8810662
4.4436383 9.653421 0.9959879
4.3287168 9.80665 1.1492168
4.367024 10.036493 1.2258313
4.4436383 10.419566 1.1875241
4.6351743 10.802638 1.0726024
4.788403 11.147404 0.7661445
4.750096 11.224018 0.49799395
4.596867 11.147404 0.42137948
4.1371803 10.994175 0.42137948
3.5242648 10.726024 0.57460845
2.834735 10.534488 0.9193734
2.1068976 10.381258 1.4556746
1.532289 10.228029 2.030283
1.1109096 10.113108 2.6048915
0.842759 9.921572 2.834735
0.57460845 9.691729 2.6431987
0.07661444 9.423578 2.183512
-0.53630126 9.11712 1.6472108
-1.2641385 9.002198 1.2641385
-1.9153614 8.810662 0.9193734
-2.3750482 8.619125 0.842759
-2.7581203 8.427589 0.842759
-2.9879637 8.197746 0.8810662
-3.1411924 8.197746 0.9959879
-3.1794996 8.274361 0.9959879
-3.1028852 8.619126 0.842759
-2.911349 8.963892 0.61291564
-2.7581203 9.461885 0.4596867
-2.681506 9.80665 0.49799395
-2.7581203 9.844957 0.7661445
-3.1411927 9.691729 1.187524
-3.6008792 9.38527 1.6089034
-4.060566 9.193734 1.9536686
-4.367024 9.232041 2.1452048
-4.405331 9.5385 2.183512
-4.2137947 9.844957 2.1068976
-3.86903 10.189722 2.030283
-3.4859576 10.496181 2.030283
-3.1411927 10.764331 1.9536686
-2.873042 11.070788 1.9919758
-3.0262709 10.840945 2.030283
-3.2944214 10.266336 2.2601264
-3.6774936 9.4618845 2.528277
-4.060566 8.504205 2.7964275
-4.367024 7.6614456 3.0262709
-4.5968676 6.933608 2.9879637
-4.5968676 6.435614 2.7964275
-4.405331 6.129156 2.4516625
-4.0222588 6.0525417 1.8770542
-3.4093432 6.3589997 1.3790603
-2.7964275 6.8569937 1.1109097
-2.1452048 7.431602 0.91937345
-1.5705963 7.8529816 0.84275895
-1.2641386 7.8912888 0.8810662
-1.0726024 7.584831 0.842759
-1.0726024 6.9719152 0.8810662
-1.1492168 6.2440777 1.0342952
-1.2258313 5.477934 1.2641386
-1.2258313 4.8267107 1.3790603
-1.0726024 4.405331 1.4173673
-0.8810662 4.2137947 1.340753
-0.5363012 4.4819455 1.0726024
0.0 5.363012 0.6512228
0.22984335 5.861006 0.5746084
0.34476504 6.0142345 0.6512228
0.49799395 6.090849 0.80445176
0.7661445 6.0142345 0.9576807
1.1109096 5.9759274 0.9959879
1.4556746 5.9759274 0.8810662
1.6472107 6.0525417 0.61291564
1.685518 6.0525417 0.4596867
1.3024457 6.129156 0.842759
1.2641385 6.2057705 1.3790603
1.4173675 6.62715 2.1835117
1.7238252 7.0485296 2.7964277
1.9919759 7.623138 3.3327289
2.1835117 8.465897 3.6008792
2.1068974 8.772355 3.562572
2.1068974 9.040505 3.2561145
2.1068974 9.2703495 2.9496565
2.1835117 9.615114 2.4516625
2.2984335 9.959879 1.877054
2.3367407 10.228029 1.685518
2.3367407 10.611102 1.7238252
2.3367407 10.955868 2.2601266
2.2601264 11.530476 3.1411924
2.183512 12.258313 3.9073372
2.0685902 12.909536 4.4819455
1.9536686 13.40753 4.55856
1.9153614 13.445837 3.9839516
1.838747 13.254301 3.217807
1.7621325 12.909535 2.566584
1.7621325 12.641385 2.3367407
1.8770541 12.832921 2.911349
2.1068974 13.330915 3.8307226
2.4133554 14.020446 4.903325
2.6048915 14.5567465 5.7460837
2.48997 14.518439 6.0142345
2.2601266 14.058752 5.93762
1.838747 13.2543 5.5545483
1.4173675 12.488156 5.056554
1.1492168 11.951855 4.711789
1.0726024 11.645397 4.520253
1.1875241 11.683704 4.5968676
1.3790601 11.645397 4.6351748
1.5705963 11.645397 4.596867
1.685518 11.683704 4.405331
1.7621325 11.683704 4.1371803
1.8770542 11.87524 4.098873
1.9153614 12.028469 4.1754875
1.7238252 12.066776 4.4819455
1.3790601 11.87524 4.711789
0.842759 11.530476 4.903325
0.22984338 11.18571 5.133168
-0.26815057 10.726024 5.24809
-0.7278373 10.381258 5.2863975
-1.0726024 10.113108 5.0948615
-1.2258313 10.113108 4.7500963
-1.2258313 10.457872 4.5202527
-1.0342951 11.032481 4.481945
-0.9193735 11.722012 4.711789
-0.9959879 12.105083 5.133168
-1.3024458 12.105083 5.4013195
-1.838747 11.760319 5.4396267
-2.4133554 11.070788 5.3247046
-2.9496565 10.419566 5.018247
-3.371036 9.80665 4.711789
-3.562572 9.346963 4.4819455
-3.562572 8.963891 4.2137947
-3.4476504 8.734047 4.0222588
-3.1411924 8.734047 3.9456444
-2.7581203 9.078812 3.9839516
-2.3750482 9.576807 4.1371803
-1.9153614 9.921572 4.367024
-1.532289 10.189722 4.5202527
-1.4173673 10.113108 4.4819455
-1.4939818 9.730036 4.252102
-1.6472107 9.155427 3.9073372
-1.8770541 8.427589 3.562572
-1.9919758 7.776367 3.5242648
-1.9153614 7.584831 3.7541082
-1.5705963 7.8529816 4.2137947
-1.0726024 8.312668 4.7500963
-0.57460845 8.69574 4.9799395
0.19153613 8.772355 4.903325
0.38307226 8.695741 4.711789
0.61291564 8.619126 4.4819455
0.7661445 8.504204 4.3287163
0.842759 8.465897 4.1754875
0.9959879 8.350975 3.9456444
1.1492168 8.236053 3.7924156
1.4556746 8.236053 3.8307228
1.8004396 8.236053 4.137181
2.1068974 8.236053 4.5585604
2.4899697 8.312668 5.018247
2.7581203 8.350975 5.2863975
3.0262709 8.274361 5.209783
3.1794999 8.121132 5.0182467
3.217807 7.8146744 4.6351743
3.217807 7.3549876 4.098873
3.217807 6.9719152 3.715801
3.409343 6.6654577 3.4476504
3.7158008 6.6654577 3.5242648
4.2137947 6.9719152 4.0222588
4.7884035 7.5465236 4.596867
5.324704 8.197746 4.865018
5.8610053 8.772354 4.7500963
6.2057705 9.078814 4.405331
6.282385 9.117121 3.7924156
6.1674633 8.887277 3.4476504
5.861006 8.427589 3.4093432
5.4779334 8.00621 3.4093432
5.209783 7.73806 3.562572
5.0182467 7.73806 3.7158012
4.903325 7.8529816 4.0222588
4.9416323 8.197746 4.1754875
4.9799395 8.542511 4.481946
5.056554 8.925584 4.7884035
5.1331687 9.308657 4.8267107
5.1331687 9.500193 4.865018
5.0565543 9.5385 4.6351743
4.8267107 9.461885 4.3670235
4.596867 9.308657 4.290409
4.405331 9.193735 4.367024
4.2137947 9.078813 4.750096
4.098873 8.963891 5.2097826
3.8307226 8.963891 5.401319
3.6774938 8.810662 5.554548
3.562572 8.734048 5.5162406

