3.4476502 8.734048 5.171476
2.4133554 8.619125 4.5202527
1.9919758 9.998186 4.55856
1.7238252 11.492167 5.0182467
1.6089035 13.215993 5.554548
2.336741 15.284583 6.2440777
2.6431985 15.974113 6.62715
2.9496565 16.472107 6.933608
3.2561145 16.778564 7.1251445
3.4859576 16.816872 7.3166804
3.562572 16.816872 7.4699097
3.4859576 16.740257 7.584831
3.2944214 16.472107 7.6614456
3.0262709 16.203957 7.6231384
2.681506 15.514427 7.393295
2.2218194 14.671668 7.125144
1.6089036 13.67568 6.856993
0.91937345 12.641385 6.7420716
0.4213795 11.798626 6.7420716
0.11492168 11.032481 6.4739213
0.0 10.457872 6.1291566
0.038307227 9.998186 5.516241
0.076614454 9.615114 4.7500963
0.11492168 9.346964 4.137181
0.19153613 9.078813 3.677494
0.22984336 8.734047 3.371036
0.15322891 8.274361 3.2178073
0.0 7.776367 3.064578
-0.26815057 7.240066 2.834735
-0.5746084 6.7420716 2.7581205
-0.8810662 6.244078 2.7198133
-1.2258313 5.7077765 2.834735
-1.4556746 5.24809 3.0262709
-1.6089036 4.8267107 3.1028852
-1.685518 4.55856 3.1411924
-1.6472108 4.4436383 3.064578
-1.4556746 4.367024 2.8347347
-1.0342951 4.596867 2.528277
-0.4213795 5.1714754 2.2218192
0.26815057 5.8226986 1.8387468
0.7661445 6.473922 1.6472107
0.9959879 6.742072 1.4556746
0.9576807 6.550536 1.3024458
0.6895301 6.129156 1.340753
0.38307226 5.5928555 1.340753
0.038307227 5.0182467 1.4939818
-0.2681506 4.5585604 1.6089035
-0.4213795 4.290409 1.685518
-0.4213795 4.3287163 1.7238252
-0.2681506 4.5585604 1.7621324
0.0 4.9416323 1.5705962
0.30645782 5.4013186 1.1875241
0.8044518 6.282385 0.2681506
0.99598795 6.4739213 0.038307227
1.1109096 6.5505357 -0.038307227
1.1492169 6.5122285 0.114921674
1.1875241 6.435614 0.49799395
1.2641385 6.6654572 0.80445176
1.4556746 7.0102224 1.1492169
1.8004397 7.508217 1.2641385
2.1068974 8.0445175 1.1875241
2.3750482 8.312668 0.9959879
2.566584 8.350975 0.6895301
2.7581203 8.236053 0.42137948
2.9113493 8.159439 0.26815057
3.0262709 8.312668 0.22984335
3.1411924 8.619126 0.2681506
3.2561142 8.925584 0.34476504
3.4476504 9.232041 0.38307226
3.715801 9.423577 0.49799395
3.9456444 9.500193 0.80445176
4.0222588 9.653421 0.9959879
3.9839516 9.730036 1.2258313
3.86903 9.768343 1.3407528
3.7541082 9.844957 1.1492168
3.6774938 9.959879 0.8810662
3.7158012 10.113108 0.34476504
3.7541084 10.304644 -0.15322891
3.7924156 10.572794 -0.6512228
3.8307228 10.91756 -0.9959879
3.7541084 11.070788 -1.0342951
3.6008794 11.147403 -0.88106626
3.3327289 10.994174 -0.4213795
2.9496565 10.534487 0.114921674
2.375048 10.151415 0.6512229
1.7238252 9.768343 1.0342951
0.9959879 9.423578 1.187524
-0.22984336 8.810662 0.9959879
-0.6512229 8.580818 0.68953013
-1.0726023 8.619125 -0.038307227
-1.1492169 8.963891 -0.19153613
-1.1875241 9.308656 -0.19153613
-1.3024457 9.615114 -0.11492168
-1.4556746 9.80665 0.0
-1.7621324 9.768343 0.11492168
-2.183512 9.5385 0.19153613
-2.4899697 9.308657 0.22984336
-2.719813 9.232042 0.4213795
-2.7581205 9.2703495 0.61291564
-2.681506 9.615114 0.6895301
-2.6431987 9.959879 0.7661446
-2.6048915 10.113108 0.7278373
-2.7198133 10.151415 0.68953
-2.9496565 10.0748005 0.7278373
-3.217807 9.80665 0.9576807
-3.5242648 9.576807 1.1875241
-3.7541082 9.308657 1.4939818
-3.86903 9.11712 1.8004396
-3.9456444 9.078813 2.0685902
-4.0222588 9.078813 2.4133554
-4.098873 9.155427 2.681506
-4.252102 8.925583 2.873042
-4.405331 8.69574 2.9496565
-4.4819455 8.465897 3.0262709
-4.4053307 8.197746 3.1411927
-4.3287163 8.00621 3.1411927
-4.252102 7.776367 2.9879637
-4.1371803 7.546524 2.6431987
-4.098873 7.3549876 2.0685902
-3.9456444 6.9719157 1.6472108
-3.677494 6.167464 0.8810662
-3.4859576 5.707777 0.5746084
-3.2178073 5.554548 0.22984336
-2.834735 5.439626 -0.076614454
-2.4133554 5.401319 -0.2681506
-2.0685904 5.477934 -0.3830723
-1.7621324 5.363012 -0.5363012
-1.5705963 5.2480903 -0.5746084
-1.340753 5.094861 -0.45968673
-1.0726024 4.903325 -0.114921674
-0.842759 4.903325 0.3830723
-0.6512229 4.9416323 0.8044518
-0.57460845 4.9799395 0.9193735
-0.61291564 4.9799395 0.6512229
-0.6512228 5.094861 0.2681506
-0.6512228 5.094861 -0.22984335
-0.5746084 5.056554 -0.61291564
-0.4596867 5.056554 -0.57460845
-0.30645782 5.0182467 -0.2681506
-0.038307227 5.286397 0.49799398
0.22984335 5.746084 1.532289
0.49799395 6.3973074 2.3750482
0.6895301 7.125144 2.9113493
0.72783726 7.73806 2.9113493
0.6512228 8.274361 2.2984338
0.5746084 8.657433 1.4939818
0.5746084 8.925584 0.8044518
0.68953013 9.270349 0.45968673
0.9193735 9.615114 0.6895301
1.2258313 9.998186 1.0342951
1.4173675 10.381258 1.532289
1.5322891 10.572794 1.9153613
1.4556746 10.611102 2.1068974
1.2258313 10.534488 2.413355
1.0342951 10.419566 2.6815057
0.9193734 10.419566 3.064578
1.0342951 10.611102 3.5242648
1.3024457 11.070788 3.9073372
1.6855179 11.836933 4.2137947
2.1068974 12.756307 4.4819455
2.3750482 13.599066 4.6351748
2.4133554 14.09706 4.865018
2.1452048 13.867217 4.9799395
1.7621324 13.445837 5.133168
1.4556746 13.177687 5.056554
1.3024457 13.215994 4.5202527
1.4173673 13.905523 3.6774936
1.6472107 14.824898 2.7198133
1.877054 15.820885 2.6048915
2.030283 16.510414 3.4093432
2.0685902 16.893488 4.903325
1.9153614 16.816874 6.5505357
1.685518 16.318878 7.5465236
1.4939818 15.820885 7.699753
1.1875241 15.20797 7.2017584
0.80445176 14.5567465 6.3589997
0.4213795 13.828909 5.3247046
-0.07661445 12.871228 4.520253
-0.61291564 11.760318 3.7924156
-1.1109095 10.572794 3.371036
-1.6089034 9.500192 3.2561145
-1.9153614 8.772355 3.371036
-1.9536686 8.542511 3.754108
-1.8387468 8.69574 4.1371803
-1.6472107 9.232041 4.4819455
-1.5322891 9.80665 4.4819455
-1.6089035 10.189723 4.252102
-1.8387469 10.342952 3.9839516
-2.2218192 10.304644 3.7541082
-2.681506 10.113108 3.715801
-2.987964 10.036493 3.9456444
-3.2561142 10.0748005 4.098873
-3.4476504 9.998186 4.4436383
-3.5242648 9.844957 4.7884035
-3.677494 9.615114 5.401319
-3.4476507 9.691729 5.3630114
-3.0645783 10.151415 5.324704
-2.528277 10.649408 5.1714754
-1.9919758 10.879253 4.865018
-1.6472108 11.032482 4.405331
-1.5705963 10.764331 3.7924154
-1.685518 10.189723 3.3710358
-1.8004397 9.576807 3.2944214
-1.8770542 8.925584 3.7924156
-1.8770542 8.389282 4.596867
-1.7621324 8.00621 5.363012
-1.685518 7.8912888 5.8226986
-1.4939818 8.00621 5.8226986
-1.0726024 8.350975 5.592855
-0.5363012 8.887277 5.171476
0.038307205 9.2703495 4.8267107
0.42137948 9.2703495 4.6351743
0.6512228 9.155428 4.252102
0.5746084 8.695741 4.1754875
0.5746084 8.389282 4.367024
0.6512228 8.236053 4.9416323
0.80445176 8.00621 5.899313
1.187524 8.00621 6.512229
1.4173675 8.082825 6.5888433
1.5705963 8.082825 6.0525417
1.6472107 8.159439 5.324704
1.6855179 8.236053 4.8267107
1.7621324 8.236053 4.596867
1.9536686 8.312668 4.711789
2.183512 8.427589 4.8267107
2.4516625 8.504205 4.7884035
2.7581203 8.542512 4.5585604
2.9879637 8.465898 4.175488
3.217807 8.350975 3.86903
3.3327286 8.197746 3.7158012
3.3327286 7.967903 3.7158012
3.4093432 7.8912888 3.9456444
3.4093432 7.8146744 4.0222588
3.5242648 7.8146744 4.060566
3.7541084 8.0445175 4.060566
4.0222588 8.274361 3.715801
4.367024 8.427589 3.4093432
4.6351743 8.504204 3.0645783
4.8267107 8.312668 2.719813
4.903325 8.121132 2.681506
5.0182467 8.082825 2.8347347
5.133168 8.236053 2.987964
5.24809 8.427589 3.1794999
5.3247046 8.619125 3.2561142
5.2480903 8.772355 3.217807
5.171476 8.6574335 3.2561142
5.0182467 8.772355 3.2944214
4.9416323 8.772355 3.371036
4.903325 8.810662 3.4476504
4.865018 8.963891 3.4859576
4.865018 8.963891 3.562572
4.7884035 9.040505 3.6008794
4.673482 9.11712 3.6391866
4.596867 9.232041 3.7924156
4.4819455 9.461885 3.86903
4.367024 9.615114 4.098873
4.2137947 9.653421 4.252102
3.9456444 9.691729 4.3287168
3.715801 9.5385 4.5202527
3.5242648 9.423578 4.6351748
3.371036 9.461885 4.7884035
3.2178073 9.385271 4.865018
3.0262709 9.346963 4.7500963
2.7964277 9.308656 4.596867
2.566584 9.11712 4.4436383
2.3750482 8.887277 4.405331
2.1068974 8.695741 4.367024
1.8004396 8.42759 4.3287168

