1.4939818 8.274361 4.290409
1.1875241 8.236053 4.252102
1.0342951 8.963891 4.5202527
1.4556746 10.879252 4.9799395
1.8387468 12.488156 5.0182467
2.0685902 13.790603 4.788403
2.1835117 14.173675 4.750096
1.7621324 13.062764 4.405331
1.3024457 11.990163 4.252102
1.0342951 11.070789 4.2137947
0.9959879 10.457873 3.907337
1.1875241 10.036493 3.6008794
1.6089035 9.921572 3.6008794
2.1452045 10.189722 4.0222588
2.4899697 10.381259 4.711789
2.566584 10.381259 5.133168
2.4133554 10.151416 4.9799395
2.030283 9.423578 4.098873
1.685518 8.504205 2.6815057
1.3790601 7.6614456 1.3790601
1.1109096 6.895301 0.4596867
0.7661445 6.244078 -0.076614454
0.344765 5.7843914 -0.076614454
0.0 5.363012 0.19153613
-0.26815057 5.018247 0.6129156
-0.38307226 4.7500963 0.91937345
-0.38307226 4.3287168 0.9576807
-0.38307226 3.9839516 0.7278373
-0.38307226 3.5625722 0.34476507
-0.30645782 3.3327289 0.038307227
-0.11492168 3.5242648 -0.076614454
0.15322891 3.7924156 -0.038307227
0.45968673 4.1371803 0.15322891
0.5746084 4.4436383 0.38307226
0.5746084 4.4819455 0.61291564
0.5363012 4.4436383 0.7661445
0.3830723 4.3670235 0.80445176
0.30645782 4.1754875 0.80445176
0.15322891 4.098873 0.7661445
0.11492168 4.1371803 0.6895301
0.30645782 4.405331 0.5746084
0.6129156 4.9799395 0.4596867
1.1492168 5.5928555 0.3064578
1.6089035 6.2440777 0.11492168
1.9536686 6.7803793 -0.11492168
2.2218192 7.125144 -0.45968673
2.3750482 7.2783732 -0.61291564
2.4899697 7.2783732 -0.49799398
2.5665843 7.3549876 -0.30645782
2.681506 7.2783732 -0.038307227
2.8347347 7.3549876 0.15322891
3.1794999 7.6614456 -0.114921674
3.3327286 7.8529816 -0.30645782
3.4859576 7.929596 -0.6895301
3.715801 8.0445175 -0.88106626
4.0222588 8.159439 -1.0342951
4.252102 8.274361 -1.2641385
4.3670235 8.465897 -1.4173675
4.405331 8.619126 -1.6089036
4.3287168 8.734048 -1.7238252
4.3287168 8.963891 -1.4556746
4.443639 9.155428 -1.1492168
4.5968676 9.461885 -0.8044517
4.7884035 9.883265 -0.68953013
4.9416323 10.342951 -0.842759
5.056554 10.802638 -1.0342952
5.1714754 11.070788 -1.2258313
5.1714754 11.18571 -1.1492168
5.133168 11.032481 -0.9193734
4.865018 10.726023 -0.49799395
4.4053307 10.419565 -0.114921674
3.9073372 10.189722 0.30645782
3.2944214 10.151415 0.6512229
2.7581203 10.189722 0.842759
2.2601264 10.266336 1.0342951
1.8004396 10.419565 1.1109096
1.4556746 10.534487 1.2258313
1.1109096 10.726024 1.3790603
0.7661445 10.955867 1.5705962
0.30645782 10.955867 1.8004396
-0.22984338 10.840945 1.9919758
-0.7278373 10.764331 2.4133554
-1.1875241 10.6877165 2.7198129
-1.4556746 10.6877165 2.9496565
-1.685518 10.879252 3.064578
-1.9919758 10.840945 2.873042
-2.2601264 10.649409 2.834735
-2.528277 10.534488 2.7964277
-2.719813 10.381259 2.873042
-2.8730419 10.419566 2.9496565
-3.0262709 10.649409 2.9113493
-3.2561142 10.840945 2.9113493
-3.562572 10.764331 2.873042
-3.8307228 10.49618 2.7581205
-4.175488 9.998186 2.6815057
-4.4819455 9.385271 2.528277
-4.7500963 8.925585 2.2218194
-4.865018 8.580819 1.9919759
-4.7884035 8.580819 1.8004397
-4.596867 8.848969 1.8004397
-4.3287163 9.117121 1.9919758
-4.1754875 9.423578 2.183512
-4.098873 9.232042 2.0685902
-4.290409 8.84897 1.8387468
-4.405331 8.312669 1.6472107
-4.55856 7.699753 1.532289
-4.596867 7.240066 1.4173673
-4.405331 6.895301 1.3790601
-4.1754875 6.7037644 1.4173675
-3.9073372 6.5122285 1.3407531
-3.6008794 6.3589993 1.3790603
-3.2944217 6.1674633 1.4173675
-2.9879637 5.861006 1.3790601
-2.336741 5.3247046 1.532289
-1.9919758 5.0182467 1.3407528
-1.5705962 4.82671 0.9959879
-1.1109095 4.7117887 0.4596867
-0.72783726 4.55856 -0.2681506
-0.34476504 4.596867 -0.84275895
-0.076614454 4.673482 -1.2258313
0.19153613 4.903325 -1.3024457
0.49799395 5.209783 -0.842759
0.6512228 5.5545483 -0.2681506
0.7661445 5.8226986 0.22984335
0.72783726 5.861006 0.6512228
0.61291564 5.7077765 0.6512228
0.53630114 5.439626 0.61291564
0.53630114 5.2097826 0.7278373
0.68953013 5.1714754 0.9193734
0.91937345 5.4396257 1.0342951
1.2258313 5.899313 0.9576807
1.4939818 6.512229 0.61291564
1.685518 7.0485296 -0.038307235
1.7238252 7.354988 -0.38307226
1.5705963 7.316681 -0.4213795
1.340753 7.04853 -0.15322894
1.0342951 6.856993 0.49799392
0.8810662 6.8953004 1.2258313
0.91937345 7.3549876 1.9919758
0.9959879 8.082825 2.8347347
1.1875241 8.734049 3.4093432
1.2641385 9.155428 3.6774938
1.1492168 9.2703495 3.4093432
0.95768064 9.346964 2.7581205
0.61291564 9.423578 2.1835117
0.30645782 9.768343 1.8770541
0.15322891 10.342951 2.1835117
0.076614454 10.802638 2.9113493
0.15322891 11.415554 3.754108
0.19153613 11.951855 4.4819455
0.19153613 12.334927 4.9416323
0.076614454 12.641384 5.094861
-0.22984336 12.679692 4.9416323
-0.57460845 12.641385 4.673482
-0.88106626 12.5264635 4.520252
-0.9576807 12.718 4.596867
-0.68953013 13.369223 5.094861
-0.15322891 14.211981 5.6311626
0.34476504 15.093048 6.1291566
0.5363012 15.437813 6.244078
0.34476504 15.20797 5.9759274
-0.26815054 14.480132 5.707777
-0.95768064 13.522451 5.4779334
-1.4556746 12.717999 5.439626
-1.685518 12.181698 5.5928555
-1.6089035 11.990162 5.707777
-1.340753 12.066776 5.554548
-0.95768064 12.296619 5.286397
-0.6129156 12.488155 4.9416323
-0.30645782 12.641385 4.5202527
-0.076614454 12.794614 4.4436383
0.076614454 12.832921 4.55856
0.11492168 12.679691 4.7884035
-0.038307227 12.334927 5.0182467
-0.30645782 11.760319 5.0182467
-0.61291564 11.262325 4.903325
-0.842759 10.994175 4.711789
-0.88106626 10.879252 4.6351743
-0.8044518 10.955867 4.55856
-0.7661446 11.032481 4.5968676
-0.6512228 10.994174 4.711789
-0.61291564 10.91756 4.865018
-0.6512228 10.726024 5.0182467
-0.6512228 10.534487 5.094861
-0.80445176 10.304644 5.094861
-0.9576807 10.189722 5.133168
-1.1875241 10.0748005 5.2097826
-1.7621324 9.691729 5.363012
-2.1068976 9.308657 5.3247046
-2.3750482 9.040506 5.2480903
-2.4899697 9.078814 5.2480903
-2.375048 9.308657 5.363012
-2.1068974 9.691729 5.2863975
-1.7238252 10.113108 5.3247046
-1.4556746 10.381259 5.133168
-1.3407528 10.342952 4.7884035
-1.4173675 9.998187 4.481946
-1.7238252 9.423578 4.0222588
-2.2218192 8.0445175 3.8307228
-2.183512 7.699753 4.060566
-1.8770541 7.73806 4.405331
-1.3790601 8.0445175 4.711789
-0.8044518 8.6574335 4.7884035
-0.22984338 9.232041 4.7884035
0.22984335 9.615114 4.673482
0.53630114 9.576807 4.3287168
0.6512228 9.193734 4.0222588
0.61291564 8.695741 3.8307228
0.57460845 8.121132 3.7924156
0.5363012 7.699753 4.213795
0.6512229 7.393295 4.5968676
0.8810662 7.3549876 4.903325
1.187524 7.3549876 5.094861
1.6089034 7.5848308 4.903325
1.9153612 7.929596 4.5202527
2.183512 8.121132 4.1754875
2.3750482 8.312668 3.9839516
2.681506 8.312668 4.3287168
2.8347347 8.236053 4.6734815
3.1411927 8.312668 4.903325
3.5242648 8.504204 4.9416323
3.9839516 8.810662 4.865018
4.4436383 9.11712 4.8267107
4.7500963 9.155427 4.7500963
4.7500963 8.963891 4.7500963
4.596867 8.619126 4.673482
4.367024 8.197746 4.4819455
4.290409 8.00621 4.4053307
4.4053307 7.8529816 4.290409
4.673482 7.776367 4.405331
5.0182467 7.967903 4.7884035
5.286397 8.121132 4.9799395
5.439626 8.312668 5.133168
5.5928555 8.619126 4.9799395
5.707777 8.848969 4.5968676
5.7843914 9.002198 4.1754875
5.7843914 9.002198 3.7924154
5.6311626 8.734048 3.4859574
5.401319 8.312668 3.217807
5.094861 7.8912888 3.1411924
4.865018 7.73806 3.2178068
4.7884035 7.8146744 3.6008792
4.865018 8.0445175 4.098873
5.0182467 8.504204 4.6351748
5.209783 8.848969 5.0565543
5.3247046 9.078813 5.171476
5.2480903 9.040505 4.97994
4.9416323 8.734048 4.6351748
4.55856 8.427589 4.3287168
4.098873 8.197746 4.1371803
3.6774938 8.121132 4.098873
3.371036 8.082825 4.3287163
3.1794999 8.159439 4.7500963
3.0262709 8.082825 4.9416323
2.873042 8.159439 5.2097826
2.7581205 8.389282 5.24809
2.6431987 8.619125 5.0182467

