1.9536686 9.078813 4.6351743
1.9919758 10.8792515 5.056554
1.9536686 12.488155 5.439626
1.9536686 13.867216 5.8610053
2.336741 15.05474 6.167464
2.221819 14.36521 5.7843914
2.0685902 13.790602 5.3247046
1.9536686 13.254301 4.865018
1.8770542 12.679693 4.6734815
1.7238252 11.990162 4.4819455
1.6089035 11.109097 4.4819455
1.4173675 10.266336 4.5202527
1.2258313 9.500193 4.4819455
0.9959879 8.810662 4.4819455
0.72783726 8.121132 4.405331
0.49799395 7.4699097 4.252102
0.22984336 6.895301 4.060566
0.0 6.3973064 3.8307228
-0.038307227 6.1674633 3.7541084
0.076614454 6.205771 3.8307228
0.42137948 6.5122285 3.8307228
0.91937345 6.895301 3.9456444
1.2258313 7.086837 3.7924154
1.3024458 6.895301 3.409343
1.1492168 6.550536 2.9879637
0.8044517 6.0525417 2.4133554
0.42137948 5.5928555 2.0302832
0.076614454 5.324704 1.685518
-0.3064578 4.9799395 1.5705965
-0.6512229 4.673482 1.4939818
-0.80445176 4.4819455 1.340753
-0.7278373 4.4819455 1.2258313
-0.34476504 4.865018 1.1492168
0.15322891 5.554548 1.1109096
0.61291564 6.090849 0.9959879
0.8044518 6.3206925 0.842759
0.7278373 6.0908494 0.53630114
0.45968673 5.4779334 0.34476504
0.114921674 4.865018 0.38307226
-0.15322891 4.4436383 0.53630114
-0.30645782 4.2137947 0.7278373
-0.30645782 4.252102 0.7661446
-0.22984335 4.520252 0.68953013
-0.038307227 4.7884035 0.53630114
0.2681506 5.2097826 0.4213795
0.61291564 5.66947 0.3830723
1.0342951 6.129156 0.2681506
1.3790603 6.6271505 0.19153613
1.6089036 6.9719152 0.19153613
1.8004396 7.2400656 0.22984336
1.9536686 7.5082164 0.4213795
2.183512 7.73806 0.72783726
2.4516625 7.967903 0.95768064
2.719813 8.197746 1.0726023
3.0645783 8.427589 1.0726023
3.562572 8.887277 0.80445176
4.0222588 9.423577 0.38307226
4.4819455 9.883265 -0.11492169
4.865018 10.189722 -0.45968673
5.056554 10.151415 -0.53630114
5.133168 9.998186 -0.2681506
5.133168 9.768343 0.19153613
4.9799395 9.576807 0.7278373
4.7500963 9.385271 1.2258313
4.6351743 9.308657 1.532289
4.7117887 9.461885 1.4556746
4.9799395 9.691729 1.1492169
5.3247046 10.113108 0.6129156
5.5928555 10.342951 0.038307235
5.6311626 10.49618 -0.30645782
5.4396267 10.49618 -0.49799395
5.094861 10.381258 -0.5363012
4.6351748 10.304644 -0.45968673
4.1371803 10.151415 -0.11492168
3.6391866 10.036493 0.11492168
3.1794999 9.844957 0.30645782
2.7198133 9.768343 0.3830723
2.2601266 9.691729 0.11492168
1.8004397 9.653421 -0.19153613
1.3790601 9.768343 -0.4213795
1.1109096 9.883265 -0.57460845
0.9193734 10.0748005 -0.4213795
0.6129156 10.228029 -0.03830725
0.15322891 10.228029 0.22984335
-0.49799398 10.0748005 0.45968673
-1.2641385 9.730036 0.49799395
-2.4133554 9.002198 0.15322891
-2.834735 8.657433 0.038307227
-3.4093432 8.312668 -0.22984336
-3.5242648 8.504204 -0.22984336
-3.4859576 8.887277 -0.11492168
-3.371036 9.308657 0.26815057
-3.217807 9.844957 0.7661445
-3.1411927 10.189722 1.2641385
-3.2944214 10.189722 1.6855179
-3.9073372 9.691729 1.7621324
-4.3287168 9.11712 1.4173675
-4.6351743 8.6574335 0.80445176
-4.903325 8.236053 0.19153613
-4.9416323 8.082825 -0.11492168
-4.7884035 8.197746 -0.038307235
-4.405331 8.580819 0.42137948
-3.9456444 9.117121 1.2641385
-3.562572 9.5385 1.9536686
-3.409343 9.691729 2.4899697
-3.5242648 9.385271 2.7581205
-3.8307226 8.695741 2.6048915
-4.2137947 7.8529816 2.336741
-4.481946 7.0102224 1.9536686
-4.6351748 6.397307 1.6472108
-4.5585604 6.090849 1.532289
-4.213795 6.0525417 1.5705963
-3.7541084 6.3206925 1.8004396
-3.2178073 6.780379 2.0685904
-2.681506 7.201759 2.1452048
-2.2601264 7.6231384 2.1068976
-1.8770542 7.73806 2.030283
-1.6089036 7.6231384 1.8004396
-1.4556746 7.3549876 1.7238252
-1.3407528 6.9719152 1.8004396
-1.3407528 6.5122285 1.685518
-1.3407528 5.93762 1.685518
-1.3024457 5.401319 1.532289
-1.3024457 4.865018 1.3407528
-1.1492168 4.5202527 1.2258313
-0.84275895 4.5202527 1.1875241
-0.42137948 4.711789 1.1875241
0.038307242 5.0948615 1.0726023
0.38307226 5.4779334 0.88106626
0.45968673 5.66947 0.49799395
0.42137948 5.7843914 0.03830722
0.3064578 5.7843914 -0.34476504
0.3064578 5.746084 -0.42137948
0.45968673 5.8226986 -0.26815057
0.6895301 5.899313 0.038307235
0.9959879 6.090849 0.30645782
1.1492168 6.320692 0.38307226
1.2258313 6.588843 0.4596867
1.2258313 6.895301 0.49799395
1.2258313 7.1251445 0.42137948
1.3024457 7.431602 0.45968673
1.4556746 7.776367 0.34476504
1.6472107 8.159439 0.38307226
1.8004396 8.542511 0.5746084
1.8770541 8.963891 0.6512228
1.8387469 9.193734 0.7661445
1.7238252 9.423578 0.80445176
1.6089035 9.844957 1.0726024
1.5705963 10.304645 1.4939818
1.6472107 10.994174 2.183512
1.8387469 11.683704 2.9879637
1.9919758 12.220005 3.6391864
2.1068974 12.756307 4.1371803
2.183512 13.101071 4.4819455
2.1452048 13.292607 4.7500963
2.0302832 13.215993 4.7884035
1.8770542 12.871228 4.865018
1.7238252 12.5264635 5.0182467
1.5705962 12.220005 5.133168
1.4939818 11.951855 5.401319
1.4556746 11.836933 5.6311626
1.340753 11.60709 5.6311626
1.3024458 11.453861 5.707777
1.340753 11.568783 5.6311626
1.5322891 11.9135475 5.439626
1.8770542 12.5264635 5.2480903
2.1835122 13.139379 4.9799395
2.4133554 13.560759 4.9416323
2.4133554 13.560759 5.1331687
2.183512 13.215994 5.401319
1.8004397 12.679691 5.6311626
1.4173675 12.181698 5.8226986
1.0726024 11.798626 5.592855
0.842759 11.492168 5.3247046
0.80445176 11.377247 5.0182467
0.9193734 11.415554 4.865018
1.3024458 11.951855 5.056554
1.8770541 12.679692 5.2480903
2.375048 13.292607 5.4779334
2.719813 13.828909 5.5162406
2.719813 13.752295 5.2863975
2.3367407 13.292608 5.056554
1.7621324 12.679693 4.7500963
0.99598783 11.798627 4.405331
0.22984336 11.032481 4.405331
-0.38307226 10.611102 4.405331
-0.8810662 10.381259 4.4436383
-1.2258313 10.496181 4.5202527
-1.4939818 10.726024 4.4053307
-1.838747 10.91756 4.1754875
-2.183512 11.032481 4.1371803
-2.566584 11.032481 4.1371803
-2.8730419 11.070789 4.2137947
-2.8730419 11.185711 4.55856
-2.719813 11.377247 4.7884035
-2.3750482 11.530476 5.0565543
-2.0685904 11.60709 5.209783
-1.8770542 11.492168 5.0565543
-1.8387469 11.224018 4.7500963
-1.9153614 10.840946 4.1371803
-1.9919758 10.304644 3.5242648
-2.0685902 9.80665 3.1794999
-1.9536686 9.500193 3.0645783
-1.6472107 9.308657 3.4476504
-1.2258313 9.193734 4.0222588
-0.80445176 9.155427 4.55856
-0.4596867 8.963891 4.9799395
-0.19153613 8.695741 5.094861
-0.076614454 8.274361 4.903325
-0.038307227 7.699753 4.3670235
0.0 7.0485296 3.8690298
0.11492168 6.1291566 3.562572
0.45968673 6.1291566 4.098873
0.9576807 6.4739213 4.520253
1.5705963 7.0485296 4.673482
2.2984338 7.8529816 4.673482
2.9113493 8.427589 4.2904096
3.2944214 8.734048 3.9456444
3.4859576 8.580819 3.7158012
3.4093432 8.00621 3.562572
3.2178073 7.3932953 3.6391864
3.0262709 6.8186865 3.9073372
2.9113493 6.5122285 4.1754875
3.0262709 6.4739213 4.5202527
3.2561142 6.5122285 4.6734815
3.715801 6.7803793 4.6734815
4.6351748 7.2783732 4.3670235
4.9799395 7.6231384 4.098873
5.1714754 7.8912888 3.7924156
5.363012 8.236053 3.6008794
5.5928555 8.504204 3.7158012
5.9759274 8.734048 4.2521024
5.8226986 8.734048 4.5968676
5.592855 8.619126 4.5585604
5.363012 8.580819 4.481946
5.2480903 8.42759 4.520253
5.171476 8.504205 4.6351748
5.133168 8.619126 4.9416323
5.056554 8.734048 5.2097826
4.903325 8.887277 5.3247046
4.711789 8.887277 5.209783
4.5202527 8.887277 4.9416323
4.3287168 8.848969 4.5202527
4.2137947 8.848969 4.1371803
4.098873 8.848969 3.86903
4.0222588 8.848969 3.7924154
3.9839516 8.925584 4.0222588
3.9456444 8.925584 4.405331
3.9456444 8.963891 4.865018
3.9073372 8.963891 5.171476
3.7924156 8.963891 5.209783
3.4859579 8.848969 4.9799395
3.1028855 8.657433 4.5968676
2.7581203 8.465897 4.175488
2.4899697 8.121132 3.9839516
2.2601264 7.967903 3.7924156
2.030283 7.8146744 3.715801
1.8004396 7.73806 3.86903

