0.9959879 8.695741 4.1754875
1.4556746 10.764331 4.9799395
1.9153613 12.794614 5.5545473
2.1835117 14.633361 6.0525417
2.7964277 15.361198 7.0485296
2.4899697 14.78659 6.8186865
2.183512 14.250288 6.7803793
2.030283 13.752294 6.742072
1.9153614 13.292607 6.473922
1.7621325 12.832921 6.282386
1.6472108 12.143391 5.899313
1.4556746 11.415554 5.4396267
1.1492168 10.687716 5.133168
0.8044517 9.959879 4.8267107
0.38307226 9.002198 4.2904096
0.30645782 8.695741 4.060566
0.30645782 8.389282 3.7924156
0.22984336 8.00621 3.6391864
0.15322891 7.469909 3.7541082
0.0 6.7803793 3.6008792
-0.15322891 6.1291566 3.4093432
-0.26815057 5.5928555 3.064578
-0.26815057 5.3630123 2.6048913
-0.15322891 5.209783 2.2984335
0.0 5.1331687 1.9536686
0.076614454 4.865018 1.532289
0.0 4.5202527 1.340753
-0.11492168 4.060566 1.2258313
-0.344765 3.5242648 1.2641385
-0.5746084 3.064578 1.340753
-0.7661445 2.6048913 1.1492168
-0.7661445 2.566584 0.842759
-0.45968673 2.9496565 0.6512228
-0.03830725 3.6008792 0.61291564
0.42137948 4.290409 0.6895301
0.6512228 4.7884035 0.80445176
0.6512228 5.0182467 0.61291564
0.6895301 5.094861 0.5746084
0.80445176 5.2480903 0.61291564
0.9576807 5.4396267 0.7661445
1.1875241 5.6311626 0.9959879
1.2258313 5.899313 0.9576807
1.1109095 6.0142345 0.68953013
0.99598783 6.0525417 0.30645782
0.95768064 6.2057705 0.0
1.1875241 6.4739213 -0.11492168
1.6089035 7.0102224 -0.038307227
2.1068974 7.5848308 0.038307227
2.4899697 8.082825 0.15322891
2.7198129 8.427589 0.19153613
2.8347347 8.580818 0.15322891
2.873042 8.619126 0.22984335
2.9496565 8.6574335 0.22984335
3.1028855 8.734048 0.34476504
3.4093432 8.887278 0.4213795
3.7924154 9.155428 0.38307226
4.098873 9.423578 0.19153613
4.2137947 9.576807 -0.22984335
4.1754875 9.615114 -0.53630114
4.1371803 9.691729 -0.6895301
4.1754875 9.768343 -0.61291564
4.367024 9.883265 -0.42137948
4.5202527 9.959879 -0.26815057
4.5202527 9.844957 -0.38307226
4.2904096 9.576807 -0.57460845
3.9839516 9.346964 -0.6895301
3.7541084 9.155427 -0.6895301
3.6391866 9.193734 -0.45968673
3.7158012 9.308656 -0.15322891
3.7541084 9.423578 -0.11492168
3.677494 9.576807 -0.19153613
3.4859576 9.653421 -0.2681506
3.1795 9.653421 -0.2681506
2.834735 9.615114 0.038307227
2.1452048 9.5385 0.53630114
1.8770541 9.500193 0.61291564
1.5705963 9.423578 0.6512228
1.1875241 9.270349 0.5746084
0.80445176 9.040505 0.49799395
0.34476507 8.887277 0.45968673
0.0 8.848969 0.4213795
-0.22984336 8.963892 0.61291564
-0.38307226 9.117121 0.842759
-0.45968676 9.308657 0.9959879
-0.5746084 9.500193 1.1492169
-0.7278373 9.576807 1.1875241
-0.9959879 9.615114 1.340753
-1.3407528 9.5385 1.4939818
-1.7621324 9.385271 1.4173675
-2.1068974 9.232041 1.2641385
-2.3750482 9.232041 0.95768064
-2.528277 9.423577 0.7278373
-2.4516625 9.730036 0.6512228
-2.2601266 10.189723 0.6895301
-2.0685904 10.572795 1.0342951
-1.9153614 10.726024 1.3024457
-1.8770542 10.726024 1.4173675
-2.030283 10.534487 1.4173675
-2.2984335 10.0748005 1.0726024
-2.7964275 9.461885 0.61291564
-2.9496565 9.423578 0.842759
-2.9113493 9.921572 1.838747
-2.9496565 10.342951 2.1452048
-3.1794999 10.764331 2.030283
-3.409343 10.6877165 1.7621324
-3.6008794 10.49618 1.5705962
-3.7924156 10.113108 1.4556746
-3.9073372 9.768343 1.6089036
-3.9073372 9.461885 1.7238252
-3.8307228 9.155428 1.9536686
-3.6008794 9.002198 2.1068974
-3.3327286 8.963891 2.1068974
-3.1028855 8.810662 1.9919758
-2.9496565 8.619126 1.6089034
-2.834735 8.274361 1.1109096
-2.7581205 7.8529816 0.72783726
-2.6048915 7.5082164 0.6512229
-2.3750482 7.2017584 0.6895301
-2.1068974 6.9336076 0.80445176
-1.7621324 6.6654572 0.7661446
-1.4173673 6.3206925 0.45968673
-1.1109096 5.9759274 0.07661445
-0.8810662 5.6311626 -0.2681506
-0.7278373 5.2097826 -0.38307226
-0.61291564 4.9416323 -0.22984336
-0.45968673 4.7500963 0.11492166
-0.34476504 4.711789 0.49799395
-0.038307227 4.9416323 0.7278373
0.11492168 5.056554 0.4213795
0.34476504 5.056554 -0.19153613
0.53630114 4.9416323 -0.7661445
0.7278373 4.865018 -1.1109096
0.80445176 4.8267107 -1.1109096
0.80445176 4.8267107 -0.7278373
0.61291564 4.865018 -0.11492168
0.07661445 4.520253 0.61291564
-0.11492168 4.481946 0.9959879
0.038307227 4.8267107 1.2258313
0.4596867 5.8226986 1.5705963
1.0726023 7.278373 1.8387469
1.7238252 8.887277 1.7621324
2.1452048 10.0748005 1.4173675
2.2218192 10.6877165 0.95768064
1.9536686 10.764331 0.6895301
1.3790601 10.419565 0.91937345
0.7661446 9.883265 1.5705962
0.2681506 9.500193 2.375048
0.0 9.461885 3.2561142
0.076614454 9.691729 3.6774938
0.2681506 10.266336 3.6008792
0.45968673 10.764331 3.1794999
0.53630114 11.070788 2.566584
0.4596867 11.070788 2.1452048
0.4596867 10.879252 2.1452048
0.49799395 10.840945 2.6048913
0.7661445 11.032481 3.0262709
1.1492168 11.492167 3.4859576
1.4939818 12.143391 3.6774936
1.8004397 12.794614 3.6391864
1.8387469 13.2543 3.6391864
1.7621324 13.522451 3.562572
1.5705963 13.637373 3.6774938
1.3790601 13.67568 3.9456444
1.3790601 13.752295 4.290409
1.4556746 14.020445 4.5202527
1.6472108 14.288595 4.596867
1.8387469 14.5567465 4.5202527
1.8770542 14.633361 4.3287168
1.7621325 14.441824 4.2521024
1.493982 14.211981 4.3287168
1.0726024 13.9438305 4.405331
0.6512228 13.713987 4.4819455
0.19153613 13.52245 4.4819455
-0.61291564 12.564771 4.3287163
-1.0342951 11.9135475 4.3287163
-1.3790601 11.147404 4.481945
-1.6089036 10.649408 4.7884035
-1.6472108 10.419565 5.1714754
-1.4173673 10.457872 5.516241
-1.0342951 10.840945 5.5545483
-0.6129156 11.262325 5.3630114
-0.26815057 11.722012 5.094861
-0.11492168 11.9135475 4.7884035
-0.2681506 11.760319 4.596867
-0.6512228 11.300632 4.4819455
-1.2258313 10.496181 4.4819455
-1.9536686 9.691729 4.596867
-2.566584 8.963891 4.7884035
-3.0262709 8.580819 5.094861
-3.1795 9.078814 5.4396267
-2.9496565 9.806651 5.4396267
-2.7581205 10.534488 5.1714754
-2.6815062 10.840946 4.903325
-2.7964277 10.572795 4.5202527
-2.9113493 10.151416 4.4436383
-2.9496565 9.80665 4.711789
-2.6431987 10.113108 5.4396267
-2.4133554 10.457873 5.5545483
-2.2984335 10.534488 5.209783
-2.2601264 10.0748005 4.405331
-2.3750482 9.691729 4.060566
-2.2601264 9.461885 4.0222588
-2.0685902 9.232042 4.0222588
-1.8004397 9.155427 4.3287163
-1.3790603 9.11712 4.6351743
-1.0342951 8.963891 5.0182467
-0.6512228 8.887277 5.3630114
-0.19153613 8.925584 5.24809
0.11492168 8.925584 5.133168
0.30645782 8.772354 4.750096
0.30645782 8.465897 4.290409
0.11492168 7.8912888 4.1371803
0.0 7.2783732 4.1754875
0.19153614 7.240066 4.367024
1.2258313 7.9679027 4.865018
2.4133554 9.040506 5.1714754
2.9496567 9.385271 5.2097826
3.1028855 9.2703495 5.133168
3.0262709 8.887277 4.750096
2.6431985 8.236053 4.4436383
2.1452048 7.086837 4.5202527
2.6048913 7.354987 5.056554
3.2561142 7.929596 5.3247046
3.8690298 8.427589 5.401319
4.060566 8.619126 4.8267107
3.7158012 7.8146744 4.060566
3.677494 7.508217 3.9839516
3.8307228 7.73806 4.0222588
4.252102 8.159439 3.9073372
4.7500963 8.619126 3.86903
5.24809 9.193734 3.9073372
5.6311626 9.461885 4.098873
5.707777 9.461885 4.3670235
5.439626 9.155427 4.481945
4.9416323 8.619126 4.443638
4.367024 8.00621 4.3670235
3.86903 7.508217 4.290409
3.562572 7.2400656 4.367024
3.4859576 7.2017584 4.5202527
3.6008792 7.4316015 4.55856
3.8307228 7.8146744 4.5202527
4.1371803 8.312668 4.3670235
4.367024 8.734048 4.1754875
4.5202527 9.078813 3.8307228
4.55856 9.2703495 3.562572
4.443638 9.346964 3.3327286
4.2137947 9.385271 3.3327286
3.9073372 9.346964 3.5242648
3.6391869 9.2703495 3.7924156
3.4093432 9.2703495 4.1371803
3.3327289 9.346964 4.405331
3.3327289 9.385271 4.7500963
3.4093432 9.385271 5.018247
3.4093432 9.461885 5.209783
3.2944217 9.461885 5.4013195
3.1794999 9.461885 5.4396267

