1.7621325 10.381258 4.903325
1.2258313 10.611102 4.55856
0.8810662 10.917561 4.252102
1.1492169 10.994175 4.3287168
1.0342952 9.998186 3.9073372
1.1109096 9.653421 3.9073372
1.1109096 9.232041 3.8307228
1.0342951 8.772355 3.86903
0.7661445 8.159439 3.9073372
0.49799395 7.4316015 3.6774938
0.1532289 6.62715 3.371036
-0.19153613 5.861006 2.873042
-0.26815057 5.3247046 2.4516625
-0.30645782 5.056554 2.183512
-0.26815057 4.865018 2.1452045
-0.076614454 4.7500963 2.030283
0.038307227 4.711789 1.6855179
0.19153613 4.673482 1.340753
0.34476504 4.7500963 0.7278373
0.4213795 4.865018 0.38307226
0.4213795 4.865018 0.30645782
0.34476504 4.7884035 0.30645782
0.26815057 4.7884035 0.5363012
0.26815057 4.903325 0.9959879
0.34476504 5.056554 1.3790601
0.3830723 5.324704 1.685518
0.4213795 5.439626 1.8770542
0.4213795 5.4779334 1.7238252
0.344765 5.5545483 1.532289
0.38307226 5.6311626 1.2258313
0.4213795 5.8226986 0.9193734
0.4213795 6.090849 0.61291564
0.49799398 6.435614 0.49799395
0.7278373 6.8569937 0.6895301
1.0726024 7.4699097 0.9193734
1.4556746 8.082825 1.1492168
1.6472108 8.465898 1.0342952
1.3790603 8.504205 0.4213795
0.95768064 8.082825 0.11492168
0.6512228 7.776367 0.22984336
0.4213795 7.508217 0.38307226
0.38307226 7.584831 0.6895301
0.49799395 7.967903 1.0726023
0.61291564 8.504205 1.1875241
0.61291564 9.002199 1.1875241
0.5363012 9.308657 0.9959879
0.38307226 9.308657 0.5746084
0.26815057 9.155427 0.15322891
0.19153613 9.002198 -0.22984335
0.22984336 9.040506 -0.26815057
0.2681506 9.117121 -0.076614454
0.30645782 9.308657 0.15322891
0.30645782 9.461885 0.4213795
0.22984335 9.80665 0.34476504
0.26815057 9.921572 0.38307226
0.6512228 10.036493 0.3830723
0.8810662 9.959879 0.45968673
1.1492168 9.959879 0.45968673
1.4556746 10.036493 0.45968673
1.7238252 10.113108 0.38307226
2.1452048 10.151415 0.38307226
2.528277 9.959879 0.42137948
2.7964275 9.653421 0.61291564
3.0262709 9.155427 0.6512228
2.9879637 8.580819 0.53630114
2.8730419 8.121132 0.30645782
2.8730419 7.73806 0.11492168
3.1794996 7.8529816 0.076614454
3.677494 8.236053 0.11492168
4.2521024 8.810662 0.22984335
4.7500963 9.346964 0.22984335
4.903325 9.576807 0.22984335
4.903325 9.730036 0.0
4.8267107 9.730036 -0.2681506
4.7500963 9.844957 -0.45968673
4.6351748 9.921572 -0.5746084
4.5202527 9.998186 -0.344765
4.367024 10.113108 0.0
4.1371803 10.151415 0.30645782
3.9073372 10.304644 0.53630114
3.6391864 10.457872 0.57460845
3.3327289 10.649409 0.4213795
3.064578 10.91756 0.2681506
2.873042 11.109096 0.19153613
2.719813 11.300632 0.15322891
2.6048915 11.33894 0.344765
2.336741 11.262325 0.6895301
1.9536686 11.147404 1.1492169
1.532289 10.91756 1.7238252
1.0726023 10.726024 2.1452048
0.61291564 10.457873 2.2984335
0.11492169 10.189722 2.183512
-0.5746084 9.768343 1.7238252
-1.2641385 9.193734 1.2258313
-1.8770542 8.734047 0.7661445
-2.336741 8.312668 0.45968673
-2.5282772 8.197746 0.4213795
-2.6048915 8.312668 0.61291564
-2.719813 8.465898 0.842759
-2.8730419 8.695741 1.0726024
-3.064578 8.925584 1.4173675
-3.2561142 9.11712 1.6472107
-3.4093432 9.193734 1.8770541
-3.4859576 9.193734 1.8770541
-3.4859576 9.155427 1.7238252
-3.4476504 9.078813 1.5705963
-3.371036 9.040505 1.5705963
-3.371036 8.925584 1.8770542
-3.4093432 8.657433 2.2984335
-3.4859576 8.236053 2.834735
-3.5242648 7.699753 3.3327289
-3.5242648 7.0868373 3.6391866
-3.5242648 6.435614 3.715801
-3.5242648 5.784391 3.5242648
-3.4859576 5.094861 3.0645783
-3.4476504 4.5202527 2.4133554
-3.3327289 4.1754875 1.7238252
-3.064578 4.1371803 1.3024457
-2.719813 4.290409 1.0342951
-2.2601264 4.5585594 0.842759
-1.7621324 4.7884035 0.5746084
-1.340753 4.8267107 -7.4505806E-9
-0.95768064 4.7884035 -0.6512228
-0.61291564 4.6734815 -1.0726023
-0.42137948 4.55856 -1.4173675
-0.34476504 4.4819455 -1.4939818
-0.3064578 4.4436383 -1.4173675
-0.3064578 4.4819455 -1.1875241
-0.22984335 4.6734815 -0.49799395
0.0 5.0182467 0.22984336
0.2681506 5.4779334 0.99598795
0.49799395 5.861006 1.6089036
0.6895301 5.93762 1.838747
0.72783726 5.9759274 1.7238252
0.6512228 5.9759274 1.532289
0.61291564 6.0142345 1.1875241
0.6512228 6.3206925 0.99598795
0.7661445 6.6654572 1.1109095
0.9576807 7.0102224 1.4173675
1.1875241 7.431602 2.1068974
1.493982 7.929596 3.0262709
2.0685902 9.117121 4.7884035
2.2601264 9.921572 5.2480903
2.2984335 10.649409 5.363012
2.2984335 11.415553 5.401319
2.375048 12.334928 5.554548
2.6431985 13.1393795 5.7460837
3.1028852 14.135366 6.0142345
3.7924156 15.322891 6.397307
4.596867 16.625336 6.742072
5.286397 17.81286 7.010223
5.7077765 18.579006 7.2783732
5.6694694 18.579006 7.3166804
5.24809 17.774555 7.1634517
4.4436383 16.472109 6.9719152
3.562572 14.863205 6.62715
2.6431985 13.177687 6.205771
1.8004396 11.798626 5.6694694
1.187524 10.8792515 5.24809
0.95768064 10.572794 4.865018
1.1109096 10.917559 4.5202527
1.4939818 11.530476 4.3287163
1.9919758 12.105083 4.0222588
2.221819 12.373234 3.7924156
2.1452045 12.258312 3.7158012
1.8770541 11.760319 3.9073372
1.4556746 11.185711 4.367024
0.8810662 10.687716 4.865018
0.53630114 10.342951 5.2480903
0.30645782 10.457872 5.2863975
0.30645782 10.840945 5.094861
0.49799395 11.3006315 4.7500963
0.6895301 11.722012 4.5202527
0.7278373 11.951855 4.4053307
0.57460845 11.951855 4.4053307
0.34476504 11.760319 4.55856
0.0 11.338939 4.6734815
-0.34476504 10.764331 4.7117887
-0.6895301 10.0748005 4.903325
-0.9959879 9.385271 4.8267107
-1.2641385 9.002198 4.596867
-1.4173675 8.848969 4.252102
-1.4939818 8.810662 3.7924151
-1.532289 9.002198 3.6391864
-1.532289 9.232041 3.7158008
-1.5705963 9.500193 4.0222588
-1.6472108 9.730036 4.1371803
-1.8004397 9.844957 4.2521024
-1.9919758 9.768343 4.2137947
-2.2218192 9.576807 4.1371803
-2.4516625 9.423578 4.098873
-2.719813 9.232042 4.098873
-2.987964 9.193734 4.1754875
-3.1411927 9.155427 4.2904096
-3.217807 9.2703495 4.4819455
-3.1028852 9.461885 4.596867
-2.8730419 9.653421 4.6351743
-2.566584 9.883265 4.55856
-2.2218192 9.921572 4.405331
-1.8770542 9.959879 4.2137947
-1.6089036 9.921572 4.060566
-1.4173675 9.691729 4.060566
-1.2641385 9.4618845 4.3287163
-1.0342951 9.308656 4.865018
-0.8044518 9.270349 5.51624
-0.5363012 9.385271 5.9759274
-0.2681506 9.5385 6.3589993
-0.11492168 9.5385 6.3589993
-0.038307227 9.232042 6.0525417
-0.15322891 8.772356 5.631162
-0.30645782 8.236054 5.094861
-0.53630114 7.6614456 4.7117887
-0.6512228 7.3166804 4.55856
-0.49799395 7.240066 4.7500963
-0.26815057 7.3549876 4.97994
0.038307227 7.623138 5.0565543
0.45968676 8.0445175 5.209783
0.88106626 8.465897 5.2480903
1.3024458 8.772354 5.3247046
1.6472108 8.810661 5.4779334
1.8004396 8.69574 5.439626
1.8387469 8.389282 5.3247046
1.8387469 8.121132 4.9799395
1.9536686 8.0445175 4.673482
2.183512 8.082825 4.405331
2.4516625 8.082825 4.290409
2.7964277 8.082825 4.443638
3.1028852 8.082825 4.7500963
3.4859576 7.967903 5.2097826
3.86903 8.00621 5.516241
4.1371803 8.00621 5.5545483
4.3287163 7.929596 5.286397
4.4436383 7.8912888 4.673482
4.55856 7.8912888 4.0222588
4.7884035 8.0445175 3.6391864
5.094861 8.350975 3.3327289
5.401319 8.619126 3.3327289
5.5545483 8.810662 3.4476504
5.5545483 8.848969 3.562572
5.516241 8.734048 3.9073372
5.363012 8.580818 4.2904096
5.171476 8.389282 4.7500963
4.903325 8.159439 5.2480903
4.520253 7.967903 5.554548
4.137181 7.73806 5.5928555
3.86903 7.584831 5.401319
3.7158012 7.584831 5.056554
3.7541084 7.73806 4.750096
3.86903 8.082825 4.55856
4.0222588 8.580818 4.5202527
4.1754875 9.040505 4.4819455
4.1754875 9.385271 4.55856
3.9839516 9.500193 4.750096
3.562572 9.2703495 5.094861
2.9879637 8.925584 5.439626
2.3750482 8.465897 5.554548
1.8387469 8.082825 5.4779334
1.4939818 8.00621 5.286397
1.4556746 8.159439 5.1714754
1.6089036 8.504204 5.2097826
1.8770542 8.925584 5.4779334

