2.183512 9.2703495 5.6311626
1.0726024 9.576807 5.0565543
0.88106626 10.840946 5.6311626
0.57460845 11.760319 6.1291566
1.4173673 12.947844 7.1634517
1.4556746 13.599066 7.469909
1.3024458 13.062765 7.086837
1.1875241 12.717999 6.62715
0.9959879 12.411541 5.9759274
0.7661446 12.028469 5.4779334
0.5363012 11.415553 5.133168
0.30645782 10.687716 5.094861
0.11492168 9.883265 5.094861
-0.076614454 9.232042 4.9799395
-0.15322891 8.734048 4.673482
-0.11492168 8.312668 4.060566
-0.038307227 8.00621 3.3327286
0.038307227 7.699753 2.6431987
0.11492168 7.3932953 2.0685902
0.15322891 7.163452 1.6472107
0.30645782 6.933608 1.685518
0.4213795 6.7803793 2.1068976
0.4213795 6.550536 2.4899697
0.34476504 6.1291566 2.9496565
0.076614454 5.5162406 3.1028852
-0.19153613 4.7884035 2.7581203
-0.38307226 4.137181 2.2218192
-0.5746084 3.6008794 1.4556746
-0.61291564 3.2561142 0.61291564
-0.45968673 3.1028855 -0.11492167
-0.26815057 3.217807 -0.5746084
0.15322891 3.562572 -0.6512229
0.49799395 4.0222588 -0.49799395
0.6512228 4.367024 -0.30645782
0.38307223 4.060566 -0.11492168
-0.11492169 3.5242648 -0.19153613
-0.57460845 3.0262709 -0.19153613
-0.9576807 2.6431987 -0.15322891
-0.9193735 2.719813 -0.11492168
-0.5363012 3.1794999 -0.038307227
0.07661446 3.9839516 0.038307227
0.7278373 4.865018 -0.11492168
1.3024458 5.7843914 -0.38307226
1.685518 6.4356146 -0.6512228
2.0685902 6.9719152 -0.8044518
2.221819 7.086837 -0.38307232
2.336741 7.163451 0.0
2.4133554 7.201759 0.2681506
2.4899697 7.3166804 0.38307226
2.5665843 7.393295 0.38307226
2.7964277 7.584831 0.26815057
3.1794999 7.967903 0.15322891
3.5625722 8.274361 0.076614454
3.9839516 8.619125 0.038307227
4.252102 8.848969 0.038307227
4.3287168 8.925584 0.0
4.367024 9.040505 0.19153613
4.3287168 9.078813 0.34476504
4.3287168 9.078813 0.49799395
4.367024 9.155427 0.49799395
4.4436383 9.308657 0.30645782
4.5585604 9.5385 -0.07661445
4.6351748 9.959879 -0.42137948
4.8267107 10.840944 -0.80445176
4.865018 11.262324 -0.6895301
4.8267107 11.568783 -0.49799395
4.1754875 11.645397 0.4213795
3.562572 11.377247 0.8810662
2.834735 10.879252 1.2258313
2.0685902 10.534488 1.340753
1.4939818 10.381259 1.0726023
1.0726024 10.381259 0.80445176
0.842759 10.611102 0.30645782
0.80445176 10.840945 -0.15322888
0.6895301 10.879252 -0.34476504
0.49799395 10.91756 -0.49799395
0.19153613 10.802638 -0.26815057
-0.15322891 10.572795 0.03830722
-0.5363012 10.496181 0.34476504
-0.8044518 10.342951 0.6895301
-1.0342951 10.228029 0.84275895
-1.2258313 10.113108 0.7661445
-1.3407528 10.0748005 0.49799395
-1.4939818 9.998186 0.22984338
-1.6089036 9.959879 -0.038307227
-1.8004396 9.80665 0.038307227
-1.9919758 9.461885 0.2681506
-2.1835117 9.11712 0.5363012
-2.2984338 8.925584 0.842759
-2.336741 8.925584 0.91937345
-2.2601264 9.11712 0.7278373
-1.9153614 9.653421 -7.4505806E-9
-1.685518 9.998186 -0.26815057
-1.4556746 10.266336 -0.07661445
-1.340753 10.419566 0.2681506
-1.4173675 10.496181 0.7278373
-1.6089035 10.304645 1.0342951
-1.9536686 9.998186 1.1492169
-2.2601264 9.691729 0.88106626
-2.4133554 9.423578 0.6129157
-2.4133554 9.270349 0.30645782
-2.2601266 9.270349 0.0
-1.9919759 9.423578 -0.076614454
-1.685518 9.653421 -0.076614454
-1.4556746 9.959879 0.26815063
-1.2641385 10.189722 0.42137954
-1.1492168 10.419566 0.61291564
-1.1109096 10.496181 0.61291564
-1.1109096 10.419566 0.34476504
-1.3024458 10.228029 0.2681506
-1.9153614 9.500193 0.22984335
-2.2218192 9.117121 0.5363012
-2.4133554 8.84897 0.91937345
-2.4899697 8.695741 1.1875241
-2.336741 8.848969 1.4939818
-2.1452045 9.232041 1.6089034
-1.8387469 9.615114 1.5705962
-1.532289 9.998186 1.5705962
-1.4173675 10.151415 1.4173675
-1.3407528 9.998186 1.1875241
-1.4173675 9.768343 0.91937345
-1.532289 9.423577 0.80445176
-1.6089036 9.040505 0.6895301
-1.6472108 8.848969 0.6512228
-1.5705962 8.695741 0.80445176
-1.3407528 8.734048 0.91937345
-1.0342951 8.963891 1.0342951
-0.61291564 9.270349 1.1875241
-0.15322891 9.653421 1.3024457
0.22984335 9.921572 1.2641385
0.49799395 9.998186 0.9959879
0.45968673 9.346964 0.4213795
0.2681506 8.619126 0.15322891
0.076614454 7.8146744 0.15322891
-0.076614454 6.933608 0.19153613
-0.038307227 6.3589997 0.45968673
0.0 5.93762 0.91937345
0.15322891 5.707777 1.4939818
0.4213795 5.6311626 1.6089035
0.45968676 5.66947 1.0726023
0.45968676 5.66947 0.26815063
0.38307226 5.6311626 -0.38307226
0.344765 5.4779334 -0.7661446
0.38307226 5.1714754 -0.99598795
0.2681506 4.8267107 -0.99598795
0.038307227 4.4819455 -0.38307226
-0.26815057 4.5968676 0.15322892
-0.49799395 4.7884035 0.5363012
-0.7661445 4.903325 0.8810662
-0.91937345 4.7500963 0.842759
-0.91937345 4.4819455 0.7278373
-0.7278373 4.2904096 0.7278373
-0.30645782 4.2521024 0.7278373
0.19153616 4.5968676 0.7661445
0.7278373 5.2863975 0.9193734
1.1875241 6.090849 0.9576807
1.5705963 7.0102224 0.842759
1.9153614 7.967903 0.8810662
2.2601264 8.772355 0.8810662
2.528277 9.193735 1.0342951
2.6431987 9.232042 1.2258313
2.528277 8.925584 1.340753
2.2601264 8.465897 1.4939818
2.030283 8.274361 1.6472108
1.9536686 8.542512 2.030283
2.2601264 9.423578 2.4516625
3.1794996 11.415554 3.1411924
3.4859576 12.143392 3.2178073
3.5242648 12.373235 3.4476504
3.3710358 12.5264635 3.6774936
2.681506 12.5264635 3.9073372
2.2601264 12.641385 3.5242648
1.8770541 12.871229 3.064578
1.7238253 13.215994 2.9496565
1.8770541 13.752295 3.4476504
2.2601264 14.288595 4.4436383
2.7581205 14.939818 5.5545483
3.064578 15.47612 6.473922
3.0262709 15.667656 7.0102224
2.719813 15.629349 7.086837
2.183512 15.20797 6.8569937
1.5705962 14.709975 6.2823853
0.91937345 14.09706 5.401319
0.30645782 13.177687 4.55856
-0.2681506 11.990162 3.6008792
-0.68953013 10.802637 2.9113493
-0.8044518 9.844957 2.528277
-0.6512229 9.423578 2.375048
-0.19153616 9.615114 2.6048913
0.34476504 10.189722 2.9113493
0.8044518 10.955867 3.1794999
0.99598795 11.568783 3.2561142
0.9576807 11.798626 3.217807
0.68953013 11.568783 2.9496565
0.2681506 10.955867 2.7964275
-0.076614454 10.304644 2.681506
-0.38307226 9.844957 2.681506
-0.45968673 9.691729 2.9113493
-0.4213795 9.730036 3.1411927
-0.38307226 9.959879 3.4859576
-0.2681506 10.304645 3.9456444
-0.15322891 10.611102 4.405331
-0.038307227 10.994175 4.7884035
0.15322891 11.33894 5.1714754
0.26815057 11.60709 5.401319
0.38307226 11.760319 5.439626
0.49799395 11.87524 5.439626
0.5363012 11.9135475 5.363012
0.61291564 11.836933 5.2097826
0.53630114 11.722012 5.056554
0.45968673 11.492168 4.9416323
0.34476504 11.224018 4.8267107
0.19153613 10.879253 4.7884035
0.038307227 10.611101 4.9416323
-0.22984335 10.304644 5.094861
-0.5746084 9.959879 5.133168
-0.95768064 9.730036 5.056554
-1.3790601 9.5385 4.8267107
-1.8004397 9.423578 4.4819455
-2.2218192 9.308657 4.290409
-2.681506 9.193734 4.1371803
-3.141193 8.963891 3.9073372
-3.4859576 8.810662 3.8307226
-3.8307228 8.6574335 3.6391864
-4.0222588 8.580819 3.5242648
-4.060566 8.619126 3.6391869
-4.0222588 8.695741 3.7924156
-3.8307228 8.887277 4.098873
-3.6391869 9.002198 4.4053307
-3.4476504 9.002198 4.5968676
-3.2944217 8.887277 4.5968676
-3.064578 8.695741 4.328717
-2.7964275 8.580819 3.983952
-2.4899697 8.542512 3.4859576
-2.1452048 8.580819 3.2178073
-1.877054 8.542512 3.371036
-1.6089034 8.427589 3.7541082
-1.3407528 8.274361 4.4819455
-1.0726023 8.121132 4.9799395
-0.61291564 8.159439 5.4013195
-0.11492169 8.350975 5.4396267
0.34476504 8.465897 5.094861
0.7278373 8.389282 4.711789
0.8810662 8.159439 4.1371803
0.9576807 7.776367 4.060566
1.0726024 7.4699097 4.481946
1.340753 7.4316025 5.133168
1.8004396 7.73806 5.8226986
2.3750482 8.121132 6.0525417
2.9879637 8.504204 5.746084
3.5242648 8.734048 5.363012
3.9456444 8.695741 4.9416323
4.3287163 8.619126 4.596867
4.7500963 8.734048 4.4436383
5.2097826 8.887277 4.2137947
5.5545483 8.963891 3.9073372
5.66947 8.963891 3.6008794
5.5928555 8.734047 3.2944214
5.363012 8.465897 3.217807
5.209783 8.236053 3.409343
5.209783 8.082825 3.7158008
5.363012 8.082825 3.9073372
5.5928555 8.121132 3.9456444
5.861006 8.312668 3.8307228
6.1674633 8.580818 3.562572
6.3589993 8.734047 3.4859576
6.4739213 8.963891 3.1794999
6.4739213 9.002198 3.064578
6.2823853 8.925584 3.1028852
6.0142345 8.810662 3.1794996
5.6694694 8.580818 3.6008792
5.324704 8.389282 3.8307228
5.0182467 8.159439 4.098873
4.8267107 8.082825 4.252102
4.711789 8.121132 4.252102
4.596867 8.236053 4.1371803
4.4819455 8.465897 3.9073372
4.2137947 8.619126 3.7158008
3.86903 8.695741 3.6774936
3.4859576 8.810662 3.7158012
3.0262709 8.810662 3.7924156
2.6431985 8.619125 3.9073372
2.2601264 8.504204 4.213795

