1.9536686 8.389282 4.6351748
1.7238253 8.389282 5.0948615
1.6089035 8.734048 5.5928555
1.5322891 9.078813 5.8226986
1.4556746 9.500193 5.7843914
1.4556746 9.80665 5.4779334
1.3024458 9.959879 4.8267107
1.1109096 9.998186 3.9456444
0.7278373 9.232041 3.677494
1.0342952 10.649408 4.4819455
0.9193735 12.258312 5.209783
0.9959879 14.020445 5.363012
0.8810662 15.667656 5.554548
0.842759 15.667656 5.3247046
0.80445176 15.514427 4.9416323
0.7278373 15.131355 4.4819455
0.5746084 14.518439 4.060566
0.4213795 13.867216 3.7158008
0.45968673 13.369222 3.8307223
0.7661446 13.024457 4.2137947
1.187524 12.832921 4.7117887
1.6089035 12.488156 5.1714754
1.8387469 11.990163 5.401319
1.8387469 11.300632 5.2863975
1.6472108 10.496181 4.97994
1.3790603 9.844957 4.7500963
1.2258313 9.423578 4.3287168
1.2258313 9.461885 3.9839516
1.3790603 9.653421 3.7158012
1.5705962 9.768343 3.371036
1.5705962 9.5385 3.0262709
1.3407528 8.772355 2.7198129
0.95768064 7.73806 2.528277
0.4596867 6.5888433 2.1835122
-1.4901161E-8 5.5162406 1.9536687
-0.45968673 4.6351748 1.9153613
-0.8044518 3.7924154 1.6472107
-1.1109096 3.217807 1.3790601
-1.3790603 2.873042 1.1875241
-1.4556746 2.681506 0.95768064
-1.4939818 2.6431987 0.84275895
-1.4556746 2.6048913 0.7661445
-1.3024457 2.6048913 0.7661445
-1.1109096 2.7581203 0.61291564
-0.842759 3.0645783 0.61291564
-0.5363012 3.4093432 0.80445176
-0.22984338 3.7541082 0.80445176
-0.038307227 4.0222588 0.88106626
0.076614454 4.3287168 0.5746084
0.22984335 4.5968676 0.34476504
0.4213795 4.9416323 0.19153613
0.6895301 5.439626 0.076614454
1.1109096 5.975928 0.26815057
1.532289 6.6271505 0.3064578
1.877054 7.1251445 0.3064578
2.030283 7.201759 0.22984335
1.9153614 6.8569937 0.22984335
1.685518 6.4739213 0.4213795
1.5705963 6.244078 0.7278373
1.493982 6.0525417 0.9193735
1.5705963 6.205771 0.842759
1.8387469 6.5888433 0.7278373
2.2601264 7.125144 0.5746084
2.834735 7.8146744 0.5746084
3.9073372 8.810661 0.80445176
4.252102 9.117121 0.842759
4.405331 9.232042 0.80445176
4.55856 9.346964 0.84275895
4.5968676 9.385271 1.1875241
4.673482 9.691729 1.8387468
4.6351748 9.883265 2.0685902
4.55856 10.151415 1.8387468
4.5202527 10.342951 1.4939818
4.596867 10.457873 1.0726023
4.673482 10.764331 0.4213795
4.6351748 11.070789 0.34476504
4.4819455 11.300632 0.2681506
3.7924154 11.415554 0.2681506
3.2944214 11.109097 0.49799395
2.681506 10.726024 0.7661446
1.6089034 9.883265 1.4173675
1.0342951 9.615114 1.5705963
0.5746084 9.461885 1.685518
0.07661445 9.308657 1.6089035
-0.19153613 9.461885 1.3790601
-0.22984336 10.151415 0.842759
-0.15322891 10.726023 0.7661445
-0.22984336 11.109096 0.72783726
-0.45968673 11.262324 0.95768064
-0.9193735 10.955867 1.1109096
-1.4556745 10.534487 1.3024457
-1.9919758 10.036493 1.4939818
-2.4516625 9.615114 1.4556745
-2.719813 9.346964 1.340753
-2.873042 9.040506 1.1492169
-2.9496565 8.810662 0.9193735
-3.0262709 8.734048 0.7278373
-3.1028855 8.772355 0.53630114
-3.1028855 9.040505 0.45968673
-2.9113493 9.576807 0.61291564
-2.6431985 10.151415 0.80445176
-2.4133554 10.6877165 0.99598795
-2.2984335 11.032481 0.9193735
-2.4516625 10.955867 0.53630126
-2.6431985 10.611102 0.15322892
-2.7964275 10.189723 -0.038307227
-2.9496565 9.38527 0.61291564
-2.9879637 9.155427 1.2641385
-2.9879637 9.040505 1.685518
-2.9879637 9.040505 1.8387468
-2.9496565 9.155428 1.6089034
-2.873042 9.385271 1.0726023
-2.719813 9.615114 0.61291564
-2.566584 9.768343 0.38307226
-2.413355 9.768343 0.30645782
-2.3367407 9.5385 0.3830723
-2.413355 9.11712 0.45968673
-2.528277 8.619125 0.5746084
-2.6431987 8.082825 0.6512228
-2.719813 7.6614456 0.7661445
-2.681506 7.3932953 0.8810662
-2.4899697 7.3166804 0.91937345
-2.2601264 7.393295 0.9959879
-1.9536686 7.508217 0.9576807
-1.6472108 7.584831 0.8810662
-1.4939818 7.4316025 0.68953013
-1.3407528 7.1634517 0.45968673
-1.2641385 6.7420716 0.3064578
-1.2258313 6.205771 0.3064578
-1.1492169 5.7843914 0.38307226
-1.1109096 5.4013195 0.61291564
-1.0726024 5.133168 0.9576806
-1.1109096 4.903325 1.1492168
-1.1492169 4.673482 1.340753
-1.2258313 4.55856 1.2258313
-1.2258313 4.4819455 1.0726023
-1.0726024 4.596867 0.842759
-0.80445176 4.7884035 0.53630114
-0.4213795 4.865018 0.53630114
-0.15322891 4.9799395 0.4213795
0.038307227 5.056554 0.45968673
0.038307227 5.133168 0.57460845
-0.15322891 5.209783 0.68953013
-0.2681506 5.171476 0.7661445
-0.34476504 5.0948615 0.8044517
-0.30645782 5.0182467 0.8044517
0.03830722 5.094861 0.6512228
0.57460845 5.592855 0.7278373
1.6089036 7.469909 1.340753
1.9153614 8.542511 1.8387469
1.8770541 9.346964 2.2601264
1.685518 9.691729 2.4899697
1.1875241 9.691729 3.2561145
1.1109096 9.653421 3.9073372
1.1109096 9.576807 4.673482
1.1492168 9.500193 5.363012
1.1109096 9.730036 5.516241
1.0726024 9.998186 5.24809
1.1109096 10.726024 4.7500963
1.3024458 11.530476 4.1754875
1.6089036 12.220005 3.9839516
1.8770542 12.832921 4.098873
2.030283 13.024457 4.4436383
2.030283 13.101071 4.7500963
1.9153614 13.024457 4.673482
1.8004396 12.98615 4.405331
1.7238252 13.2543 3.86903
1.7621324 13.713987 3.371036
1.8004397 14.173675 3.1028855
1.685518 14.480132 3.1794999
1.3790601 14.480132 3.9839516
1.2258313 14.173674 4.7884035
1.2258313 13.828909 5.3630114
1.1492169 13.292608 5.8610053
0.9576807 12.56477 6.090849
0.57460845 11.722012 5.7460837
0.076614454 10.8792515 5.2097826
-0.26815057 10.342951 4.788403
-0.38307226 10.151415 4.443638
-0.2681506 10.381259 4.596867
0.038307227 10.764331 4.8267107
0.34476504 11.224018 5.094861
0.5363012 11.568783 5.2863975
0.6895301 11.798626 5.2097826
0.7661445 12.028469 5.1714754
0.7661445 12.143391 5.094861
0.80445176 12.220005 4.9799395
0.80445176 12.373234 4.903325
0.80445176 12.334927 4.7500963
0.6895301 12.105083 4.405331
0.344765 11.722012 4.060566
-0.03830725 11.147404 3.86903
-0.42137948 10.611101 3.9073372
-0.7278373 10.189722 4.098873
-0.7661446 10.036493 4.3287168
-0.7661446 10.0748005 4.5968676
-0.7661446 10.151415 4.903325
-0.80445176 10.266336 5.056554
-1.0342951 10.266336 5.2480907
-1.340753 10.189722 5.2480907
-1.7621324 10.036493 4.9416323
-2.2218192 9.80665 4.7500963
-2.528277 9.768343 4.7500963
-2.681506 9.730036 4.903325
-2.7581205 9.844957 5.1331687
-2.7964277 9.959879 5.1331687
-2.9113493 9.883265 4.865018
-3.1794999 9.691729 4.4819455
-3.4093432 9.308657 4.0222588
-3.5625722 9.002198 3.9073372
-3.6008794 8.810662 3.86903
-3.4476504 8.810662 3.86903
-3.217807 9.002198 3.9456444
-2.911349 9.193734 3.8307228
-2.6431985 9.193734 3.6774938
-2.375048 9.078813 3.5242648
-2.1068974 9.002198 3.4859576
-1.8770541 9.002198 3.4859576
-1.6472107 8.925584 3.7541084
-1.4556746 8.772355 4.2521024
-1.3790603 8.465898 4.8267107
-1.3407528 7.967903 5.439626
-1.3407528 7.546524 5.707777
-1.2258313 7.316681 5.6311626
-0.95768064 7.240066 5.324704
-0.5746084 7.4316025 4.903325
-0.03830722 7.8912888 4.481946
0.45968673 8.389282 4.2904096
0.9959879 8.887277 4.2904096
1.37906 9.11712 4.4819455
1.6089034 9.232041 4.865018
1.7621324 9.002198 5.171476
1.7238252 8.657433 5.363012
1.7238252 8.312668 5.401319
1.7621325 7.8912888 5.2480903
1.838747 7.6614456 5.094861
2.030283 7.508217 4.903325
2.4133554 7.699753 4.8267107
2.9113493 8.082825 4.7884035
3.4476504 8.542511 4.596867
3.9839516 8.963891 4.290409
4.2904096 9.078813 3.9456444
4.405331 8.963891 3.6391864
4.3287168 8.580819 3.562572
4.1371803 8.121132 3.6774938
4.060566 7.8146744 3.7924156
4.1754875 7.8146744 3.9839516
4.5968676 8.159439 4.252102
5.1714754 8.695741 4.5202527
5.554548 9.193734 4.5968676
5.707777 9.423578 4.4053316
5.5928555 9.385271 3.830723
5.2863975 9.193735 3.1028855
5.0565543 8.925584 2.719813
4.865018 8.619126 2.6048915
4.596867 8.389282 2.9113493
4.405331 8.274361 3.371036
4.252102 8.197746 3.7541082
4.1371803 8.312668 4.1754875
4.2137947 8.580818 4.481945
4.290409 8.734047 4.7884035
4.3287168 8.925584 5.0182467
4.367024 9.040505 4.9416323
4.367024 9.232042 4.5968676
4.3287168 9.5385 4.137181
4.3287168 9.730036 3.677494
4.175488 9.80665 3.524265
3.8307228 9.730036 3.5625722
3.4476504 9.5385 3.86903
3.064578 9.423578 4.3287168
2.7964275 9.346964 4.7500963
2.681506 9.308657 5.209783
2.6048915 9.232042 5.5928555
2.4516628 9.040506 5.8226986
2.2601266 8.963892 5.899313

