1.9919759 8.734048 5.899313
1.685518 8.580819 5.8226986
1.4173675 8.389282 5.66947
1.1492169 8.0445175 5.6311626
0.842759 7.8146744 5.477934
0.5363012 7.8912888 4.481945
0.61291564 9.844957 4.903325
0.8044518 11.645397 5.592855
1.0342951 13.484144 6.6271505
0.9576807 14.824898 8.082825
0.9576807 14.709975 8.504205
1.1492169 14.901511 8.695741
1.4939818 15.246277 8.312668
1.9536686 15.705963 7.8146744
2.4133554 16.089035 7.0102224
2.7964277 16.242264 6.167464
2.9879637 16.089035 5.5928555
3.0262709 15.667656 5.209783
2.873042 15.016434 5.0948615
2.6048913 14.211982 5.209783
2.2984335 13.292607 5.2863975
2.030283 12.449849 5.363012
1.8004396 11.798626 5.401319
1.6472108 11.147404 5.401319
1.7238252 10.687716 5.746084
1.838747 10.304644 6.1291566
1.9536686 9.691729 6.3589997
1.7621324 8.734048 6.3206925
1.532289 8.274361 5.9759274
1.3407528 7.8912888 5.707777
1.1109095 7.508217 5.171476
0.84275895 7.086837 4.596867
0.4213795 6.4356146 3.9456444
0.0 5.861006 3.371036
-0.26815057 5.286397 2.873042
-0.34476507 4.9799395 2.4899697
-0.15322891 4.903325 2.183512
0.15322891 4.9799395 1.7621324
0.5363012 5.171476 1.4556746
0.84275895 5.5928555 1.3407528
1.0726023 5.9759274 1.3790601
1.2258313 6.3206925 1.5705962
1.1875241 6.397307 1.5705962
1.1109096 6.0525417 1.4173673
1.0342951 5.592855 1.0342951
0.9959879 5.056554 0.53630114
0.8810662 4.6351743 0.11492166
0.68953013 4.2521024 -0.11492168
0.4213795 3.9839516 -0.11492168
0.0 3.7541082 -0.038307227
-0.2681506 3.6008792 0.30645782
-0.2681506 3.86903 0.53630114
-0.11492168 4.175488 0.61291564
0.26815057 4.6351748 0.7661445
0.6512228 5.3247046 0.5746084
0.9193735 5.707777 0.30645782
1.0726024 6.0525417 -0.076614454
1.2641385 6.3206925 -0.9576807
1.493982 6.5505357 -0.9959879
1.9536685 6.856993 -0.6512228
2.4516625 7.3166804 0.0
2.8730419 7.73806 0.9193734
3.1028852 8.00621 1.8770542
3.1794996 8.159439 2.6048913
3.1411924 8.082825 2.9496565
3.1028852 7.8146744 2.7964277
3.217807 7.546524 2.0685904
3.3710358 7.3932953 1.2641385
3.6391866 7.508217 0.57460845
3.9839516 7.8146744 0.15322891
4.252102 8.236053 0.11492168
4.5202527 8.695741 0.26815057
4.7884035 9.155428 0.49799395
5.0182467 9.768343 0.95768064
4.9799395 9.921572 1.1875241
4.865018 9.883265 1.2641385
4.8267107 9.959879 1.2641385
4.8267107 9.959879 1.0726024
4.865018 10.0748005 0.61291564
4.9416323 10.381258 0.15322891
4.903325 10.6877165 -0.19153613
4.8267107 10.955867 -0.49799395
4.596867 10.994174 -0.4213795
4.1371803 10.6877165 -0.07661446
3.6008792 10.113108 0.49799395
2.9113493 9.5385 1.0726023
2.2601264 9.11712 1.4556746
1.7238252 9.002198 1.4939818
1.3024458 9.232042 1.1109096
0.9193735 9.691729 0.6129157
0.61291564 10.113108 0.11492168
0.2681506 10.534487 0.07661445
-0.076614454 10.879252 0.30645782
-0.34476504 11.262325 0.9193735
-0.6512229 11.722012 1.685518
-0.9576807 12.143391 2.2601264
-1.340753 12.373234 2.528277
-1.8387469 12.296619 2.3367407
-2.4133554 12.066776 2.030283
-2.873042 11.722012 1.532289
-3.2178073 11.453861 1.340753
-3.2944217 11.300632 1.6855179
-3.2561145 11.147403 2.1835117
-3.2561145 10.955867 2.8347347
-3.2561145 10.764331 3.3327289
-3.2944217 10.496181 3.2944217
-3.2944217 10.381259 2.873042
-3.2944217 10.228029 2.2601266
-3.2944217 10.036493 1.5322891
-3.371036 9.883265 1.0342951
-3.4859576 9.576807 0.7661445
-3.562572 9.346964 0.80445176
-3.715801 9.193734 1.2258313
-3.9839516 8.925584 1.9153614
-4.060566 8.963891 2.030283
-3.9839516 9.078814 1.9919758
-3.8307228 9.2703495 1.8387469
-3.6008794 9.5385 1.685518
-3.4093432 9.576807 1.4556746
-3.3327289 9.385271 1.1109096
-3.2561145 9.117121 0.8810662
-3.2561145 8.734048 0.68953013
-3.2561145 8.427589 0.7661445
-3.1411927 8.274361 0.9576807
-2.9496565 8.121132 1.1492168
-2.681506 8.121132 1.340753
-2.2601266 8.197746 1.2258313
-1.8770542 8.312668 0.95768064
-1.493982 8.580818 0.53630114
-1.1492168 8.695741 1.4901161E-8
-0.9193735 8.734048 -0.30645782
-0.7278373 8.542512 -0.4596867
-0.7278373 8.0445175 -0.4213795
-0.842759 7.546524 -0.30645782
-0.9576807 6.8186865 -0.19153613
-1.0726024 6.244078 -0.076614454
-0.9959879 5.861006 0.11492168
-0.6512229 5.707777 0.34476504
-0.19153616 5.861006 0.6129157
0.34476504 6.090849 0.88106626
0.8044517 6.320692 1.0342951
1.0726024 6.282385 1.1109097
1.1492168 6.2057705 0.88106626
1.1492168 5.899313 0.57460845
1.0342951 5.5162406 0.11492168
0.9193734 5.209783 -0.34476504
0.842759 4.903325 -0.5746084
0.80445176 4.8267107 -0.6895301
0.8810662 4.7884035 -0.49799395
0.9576807 4.865018 -0.038307212
0.9576807 5.056554 0.53630114
0.842759 5.2863975 0.8810662
0.61291564 5.4779334 1.1492168
0.2681506 5.5162406 1.0726024
-0.07661445 5.439626 0.7278373
-0.30645782 5.094861 0.38307226
-0.3830723 4.7884035 -0.038307227
-0.15322891 4.8267107 -0.2681506
0.30645782 5.094861 -0.22984335
0.9576807 5.8226986 0.19153614
1.5705962 6.8186865 0.7278373
1.9919758 7.623138 1.2641385
2.183512 8.159439 1.685518
1.9919758 8.274361 1.9536686
1.6472107 7.929596 2.0685902
1.2258313 7.508217 2.2601264
0.842759 7.4316025 2.873042
0.9959879 8.00621 3.2178068
1.2641385 8.887277 3.562572
1.6089035 9.80665 3.7158012
1.8770542 10.840945 3.9456444
2.1068974 12.220005 4.7884035
2.1068974 12.756307 5.554548
2.0685902 13.101072 6.0525417
2.030283 13.713987 6.4739213
2.030283 14.556747 6.244078
1.9153614 15.246277 5.7077765
1.685518 15.629349 5.286397
1.3024457 15.667656 5.0182467
0.8810662 15.246277 5.2097826
0.57460845 14.595054 5.7843914
0.5363012 14.097059 6.4356146
0.88106626 14.250288 7.0485296
0.88106626 14.595053 6.8569937
0.5363012 14.441824 6.397307
-0.11492166 13.560759 5.861006
-0.7661445 12.449849 5.2480903
-1.187524 11.377247 4.8267107
-1.2641385 10.917561 4.4819455
-0.9959879 10.802638 4.1754875
-0.5746084 11.032482 3.9456444
-0.19153613 11.377247 3.8307226
0.076614454 11.530476 3.9073372
0.22984336 11.760319 4.252102
0.19153613 11.760319 4.7117887
0.076614454 11.568783 5.094861
-0.11492168 11.377247 5.3247046
-0.2681506 10.994175 5.363012
-0.45968673 10.764331 5.209783
-0.6512229 10.572795 5.0182467
-0.842759 10.457873 4.903325
-1.1109096 10.496181 4.9799395
-1.2641385 10.649409 5.4396257
-1.3024457 10.840945 5.861006
-1.2641385 11.109096 6.2057705
-1.1492168 11.262324 6.3589993
-1.1492168 11.147403 5.9759274
-1.3024457 10.879252 5.4779334
-1.5705962 10.419565 4.9416323
-1.9536686 9.844957 4.4436383
-2.3750482 9.2703495 4.1371803
-2.9879637 8.619126 3.8307228
-3.1028852 8.465897 3.8307228
-3.1411924 8.465897 3.9073372
-3.1028852 8.427589 4.0222588
-3.0262709 8.350975 4.098873
-2.9879637 8.389283 4.098873
-2.7581203 8.465898 3.9073372
-2.375048 8.619126 3.6774938
-1.9153613 8.925585 3.4859576
-1.3024457 9.232042 3.371036
-0.7661445 9.346964 3.4476504
-0.4213795 9.232042 3.562572
-0.30645782 8.887277 3.6774938
-0.30645782 8.350975 3.7924156
-0.30645782 7.929596 3.9456444
-0.30645782 7.623138 4.2137947
-0.15322891 7.469909 4.4819455
0.11492168 7.546524 4.865018
0.4213795 7.73806 5.24809
0.80445176 7.967903 5.3630123
1.1492168 8.312668 5.324705
1.4173675 8.619125 5.0182467
1.6472107 8.772355 4.711789
1.9153613 8.887277 4.711789
2.2218192 8.810662 4.865018
2.6048913 8.848969 5.171476
2.987964 8.887277 5.3247046
3.2944217 8.925584 5.2480903
3.5625722 9.040505 5.056554
3.7541082 8.963891 4.7884035
3.86903 8.925584 4.711789
3.9073372 8.695741 4.673482
3.7924156 8.389282 4.6351748
3.6008792 8.0445175 4.5968676
3.4859576 7.5848308 4.367024
3.5242648 7.31668 4.252102
3.7924156 7.2400656 4.2137947
4.252102 7.431602 4.252102
4.7884035 7.73806 4.4436383
5.631162 8.350975 4.367024
5.7843914 8.350975 4.060566
5.746084 8.197746 3.6774938
5.5928555 7.8529816 3.3327289
5.4013195 7.6231384 3.1411927
5.4013195 7.4316025 3.064578
5.4396267 7.4316025 3.064578
5.6311626 7.699753 3.2561142
5.9759274 8.465897 3.5242648
6.0525417 8.810662 3.5242648
5.9759274 8.925584 3.4093432
5.8226986 8.925584 3.5242648
5.5928555 8.772355 3.677494
5.3247046 8.619126 3.9839516
5.133168 8.580819 4.1754875
4.903325 8.580819 4.3287168
4.711789 8.695741 4.290409
4.6351743 8.963891 4.3287163
4.5202527 9.308657 4.4819455
4.5202527 9.691729 4.865018
4.3670235 9.730036 4.9416323
4.098873 9.615114 4.903325
3.7541082 9.461885 4.9416323

