3.3327286 9.461885 4.903325
3.026271 9.385271 4.9416323
2.7581203 9.308657 5.133168
2.528277 9.232041 5.2480903
1.532289 10.419565 4.7500963
1.7238252 10.955867 4.213795
2.0685902 11.377247 3.677494
2.7964275 11.568783 4.022259
2.7964275 10.189722 3.5242648
2.566584 9.423578 3.371036
2.1835117 8.810662 2.9879637
1.7621324 8.197746 2.6048915
1.1875241 7.431602 2.2601264
0.038307242 6.3206925 1.9919758
-0.45968676 5.8226986 1.9153614
-0.7278373 5.477934 2.1068976
-0.842759 5.171476 2.336741
-0.7661445 4.903325 2.5282772
-0.5746084 4.865018 2.4899697
-0.22984335 4.9416323 2.030283
0.22984338 5.0948615 1.3790601
0.7661446 5.4013195 0.6895301
1.2258313 5.477934 0.22984336
1.532289 5.439626 0.076614454
1.685518 5.324704 0.11492168
1.7238252 5.133168 0.3830723
1.6472108 4.9416323 0.68953013
1.4173675 4.7884035 0.9576807
1.0342951 4.55856 1.1492169
0.49799392 4.2904096 1.1492169
0.114921674 4.0222588 1.0342951
0.038307227 4.1371803 0.9576807
0.6512229 5.0182467 1.0342951
1.1109096 5.631162 1.2641385
1.4556746 6.0142345 1.3790601
1.685518 6.3589993 1.340753
1.8387469 6.512229 0.9959879
1.9536686 6.5888433 0.49799395
2.030283 6.6271505 0.076614454
2.1452048 6.550536 -0.15322891
2.0685902 6.512229 0.03830722
1.9153614 6.3973074 0.4213795
1.8004396 6.2823853 0.91937345
1.7621324 6.397307 1.0726023
1.8387468 6.5505357 1.1492169
2.0685902 6.7420716 0.9576807
2.3750482 6.895301 0.57460845
2.681506 7.0485296 0.26815057
2.8730419 7.2783737 -0.03830722
3.064578 7.6231384 -0.19153613
3.2561142 8.0445175 -0.1532289
3.524265 8.542512 -0.076614454
3.9839518 9.002198 0.076614454
4.405331 9.461885 0.11492168
4.711789 9.80665 0.076614454
4.8267107 10.0748005 0.076614454
4.8267107 10.304644 0.038307227
4.7884035 10.457872 0.076614454
4.7500963 10.726024 0.076614454
4.7500963 10.91756 0.11492168
4.7500963 11.147404 0.038307227
4.8267107 11.377247 -0.22984338
4.903325 11.645397 -0.49799395
4.9799395 12.105083 -0.91937345
5.056554 12.5264635 -1.2641385
4.9416323 12.794614 -1.4939818
4.6734815 12.871228 -1.6472107
4.1371803 12.679691 -1.5705963
3.4093432 12.258312 -1.3024457
2.681506 11.87524 -0.842759
1.9536686 11.415554 -0.22984336
1.340753 10.955868 0.34476507
0.8044518 10.534488 0.7661446
0.2681506 9.998186 1.0726024
-0.19153613 9.576806 1.1492169
-0.57460845 9.232041 1.1875241
-0.7661445 9.193734 1.1875241
-0.7661445 9.500193 1.1492169
-0.6895301 9.998186 1.1109096
-0.5746084 10.879252 1.0342951
-0.7661445 10.840945 0.8044518
-1.1109096 10.457872 0.57460845
-1.5322891 9.883265 0.4213795
-1.9919758 9.461885 0.344765
-2.336741 9.078814 0.61291564
-2.5665843 8.810662 0.8810662
-2.681506 8.6574335 1.0342951
-2.6431987 8.580819 1.1109096
-2.5665843 8.734048 0.95768064
-2.4133554 9.117121 0.7661445
-2.183512 9.691729 0.8810662
-1.9536686 10.228029 0.9959879
-1.8004396 10.687716 1.1492168
-1.7621324 10.802638 1.3407528
-1.9919758 10.496181 1.37906
-2.2601264 10.074801 1.5705962
-2.6048913 9.500193 1.8387468
-2.8730419 8.963891 2.1452045
-3.0262709 8.465897 2.336741
-3.1411927 7.967903 2.1068974
-3.1411927 7.546524 1.7238251
-3.1411927 7.2400665 1.187524
-3.064578 7.0485296 0.72783726
-2.9113493 7.0485296 0.49799395
-2.681506 7.125144 0.4596867
-2.3750482 7.240066 0.5746084
-2.1068976 7.4316025 0.5746084
-1.9153614 7.393295 0.53630114
-1.9153614 7.1251445 0.42137948
-1.9919758 6.5888433 0.1532289
-2.1452048 5.8226986 -0.076614454
-2.2984335 5.094861 -0.34476507
-2.3367407 4.367024 -0.38307226
-2.2601264 3.86903 -0.22984336
-1.9536686 3.7158012 0.19153614
-1.5705963 3.677494 0.91937345
-1.1492169 3.8307228 1.5322891
-0.842759 4.098873 1.8770542
-0.6512228 4.3287168 1.8004398
-0.57460845 4.5202527 1.1875241
-0.57460845 4.6734815 0.45968673
-0.61291564 4.6734815 -0.038307227
-0.61291564 4.405331 -0.22984336
-0.53630114 4.098873 0.076614454
-0.4596867 4.0222588 0.7278374
-0.344765 4.1754875 1.6089036
-0.26815057 4.6351748 2.6048913
-0.19153613 5.4013186 3.3327286
-0.076614454 6.0525417 3.5242648
0.11492168 6.473922 3.1794999
0.34476504 6.7803793 2.4899697
0.6512229 6.933608 1.7621324
0.9576807 7.125144 1.340753
1.2258313 7.431602 1.2641385
1.4556746 7.73806 1.340753
1.685518 8.236053 1.8387469
1.9153613 8.772354 2.566584
2.2218192 9.308656 3.4093432
2.4516625 9.844957 4.290409
2.4516625 10.151415 4.8267107
2.2601264 10.342951 5.0182467
1.9919758 10.496181 5.0182467
1.9153614 10.994175 4.903325
2.2218192 11.87524 4.8267107
2.9113493 13.101071 4.7884035
3.6774938 14.441824 4.711789
4.0222588 15.20797 4.4436383
3.7924154 15.322891 4.367024
3.1028852 14.863205 4.6351743
2.3367407 14.326904 5.24809
1.8387468 14.097059 6.129156
1.5705962 14.250288 6.4356146
1.532289 14.709976 6.0525417
1.4173675 15.131355 5.0182467
1.3024457 15.322891 3.9839518
1.0726023 15.246277 3.5625722
0.7278373 14.633361 3.7541082
0.30645782 13.752295 4.4436383
-0.2681506 12.679692 5.2097826
-0.6512229 11.645397 5.7077765
-0.842759 11.070788 5.631162
-0.842759 10.726024 5.24809
-0.61291564 10.764331 4.5202527
-0.34476504 10.879252 3.86903
-0.11492168 10.994174 3.5242648
0.038307227 11.18571 3.4476504
0.11492168 11.33894 3.7158012
0.15322891 11.492168 4.0988736
0.15322891 11.492168 4.481946
0.11492168 11.300632 4.8267107
0.11492168 11.032482 5.056554
0.076614454 10.649409 5.1331687
0.038307227 10.342951 5.171476
0.038307227 10.0748005 5.133168
0.038307227 9.883265 5.094861
0.15322891 9.921572 4.9416323
0.30645782 10.189722 4.7884035
0.57460845 10.6877165 4.7500963
0.842759 11.377247 4.903325
0.9959879 11.990162 5.4396267
0.9576807 12.220006 6.0525417
0.57460845 12.105084 6.4739213
0.038307227 11.645397 6.588843
-0.7278373 10.91756 6.205771
-1.493982 10.266336 5.631162
-2.1068976 9.730036 5.094861
-2.719813 9.346964 4.6734815
-3.1411927 9.232042 4.4436383
-3.4476504 9.308657 4.367024
-3.7541082 9.461885 4.3287168
-3.9839516 9.500193 4.405331
-4.2137947 9.461885 4.55856
-4.4819455 9.232042 4.596867
-4.673482 8.887277 4.6734815
-4.7500963 8.619125 4.6351743
-4.673482 8.389282 4.82671
-4.3287163 8.427589 5.1714754
-3.8690298 8.657433 5.554548
-3.3710358 8.887276 5.861006
-2.8347347 9.040505 5.7077765
-2.4516625 9.002198 5.439626
-2.030283 8.887277 5.0182467
-1.5705963 8.810662 4.711789
-1.0342951 8.772355 4.6351748
-0.42137948 8.848969 4.596867
0.22984338 8.925584 4.711789
0.80445176 8.925584 4.711789
1.2641385 8.848969 4.5585594
1.5705962 8.695741 4.3287163
1.685518 8.504205 3.7924154
1.6089036 8.159439 3.1028855
1.4939818 7.8529816 2.681506
1.4556746 7.5465236 2.6431987
1.4939818 7.3166804 2.9496565
1.7621324 7.354988 3.6774938
2.1835117 7.699753 4.3287168
2.6815057 8.121132 4.55856
3.1794996 8.542511 4.4436383
3.5242648 8.734048 3.9839516
3.562572 8.542511 3.371036
3.371036 8.121132 3.064578
3.0645783 7.469909 3.1028855
2.7964277 6.9719152 3.4859576
2.7581205 6.742072 4.0222588
2.987964 6.8569937 4.4436383
3.4476504 7.3932953 4.711789
4.0222588 8.159439 4.903325
4.596867 8.925584 4.9799395
5.133168 9.500193 4.9799395
5.401319 9.730036 4.865018
5.401319 9.576807 4.55856
5.2480903 9.11712 4.098873
4.865018 8.465897 3.6774936
4.5202527 7.8912888 3.4476504
4.4819455 7.584831 3.4093432
4.55856 7.508217 3.562572
4.8267107 7.8146744 3.7924156
5.209783 8.274361 4.098873
5.554548 8.657433 4.367024
5.8226986 8.963891 4.4819455
5.93762 8.963891 4.5202527
5.861006 8.580819 4.4819455
5.6311626 8.0445175 4.4436383
5.439626 7.6231384 4.55856
5.5162406 7.5082164 4.673482
5.822698 7.929596 4.5968676
6.282385 8.465897 4.1371803
6.7037644 9.078813 3.6774938
6.856993 9.576807 3.1028852
6.818686 9.768343 2.719813
6.588843 9.883265 2.9113495
6.244078 9.844957 3.2944214
5.822698 9.653421 3.9073372
5.3630114 9.500193 4.4819455
4.865018 9.461885 4.7884035
4.367024 9.461885 4.865018
3.9839516 9.5385 4.903325
3.6391866 9.500193 5.056554
3.217807 9.423578 5.1714754
2.7581203 9.346964 5.401319
2.2984335 9.155427 5.66947

