1.8004396 9.002198 5.93762
1.4939818 8.925584 6.129156
1.3407528 8.810662 6.0525417
1.1875241 9.193735 5.056554
1.685518 11.109095 4.903325
2.030283 12.794613 4.865018
2.1068976 14.326902 4.903325
2.2601264 15.47612 4.865018
1.8387469 14.863204 4.367024
1.6089035 14.365211 3.86903
1.685518 13.790602 3.6008794
2.1452048 13.292607 3.7158012
2.7964275 12.947843 4.060566
3.409343 12.794614 4.55856
4.060566 12.794614 4.9799395
4.596867 12.947843 5.133168
4.903325 12.947843 5.094861
5.0182467 12.679691 4.7884035
4.865018 12.105083 4.520253
4.3287168 11.147404 4.2521024
3.562572 9.998186 4.0222588
2.7581203 8.695741 3.9839516
1.9536686 7.5465236 3.86903
1.2641385 6.6654572 3.86903
0.842759 6.052542 3.86903
0.6895301 5.8226986 3.8307228
0.80445176 5.8226986 3.6774938
1.340753 6.129156 3.6008794
2.030283 6.933608 3.6774938
3.1028855 7.73806 4.0222588
2.9879637 7.3166804 3.907337
2.0685902 5.5162406 3.1028855
1.5705962 5.0182467 2.4516625
0.91937345 4.596867 1.685518
0.49799395 4.2904096 1.2641385
0.15322891 3.8307228 0.9576807
-0.15322891 3.562572 1.0342951
-0.19153613 3.6008792 1.7238252
-0.038307227 3.9456444 2.1452048
0.076614454 4.520252 1.9153614
0.19153613 4.5585604 1.6472108
0.2681506 4.5585604 1.4173673
0.3830723 4.4819455 1.187524
0.49799398 4.5202527 0.9576807
0.5363012 4.7117887 0.6895301
0.5746084 4.9416323 0.38307226
0.6895301 5.2863975 -0.03830722
0.8044518 5.66947 -0.38307226
1.0726024 6.1291566 -0.5746084
1.4939818 6.5888433 -0.6895301
1.8770541 6.9719157 -0.61291564
2.2601266 7.201759 -0.5746084
2.4516625 7.201759 -0.49799395
2.4516625 7.125144 -0.49799395
2.413355 6.9719152 -0.42137948
2.413355 6.8569937 -0.22984335
2.566584 6.933608 -0.22984335
2.834735 6.9719152 -0.42137948
3.2178073 7.2017584 -0.91937345
3.6008792 7.508217 -1.4939818
3.9456444 7.73806 -2.0685902
4.252102 8.121132 -2.3367407
4.443638 8.236053 -1.9536685
4.5202527 8.274361 -1.187524
4.55856 8.274361 -0.19153616
4.5202527 8.159439 0.9193734
4.4436383 8.082825 1.532289
4.4819455 8.082825 1.4556746
4.5202527 8.312668 0.9576807
4.673482 8.619125 0.07661447
5.0182467 9.11712 -0.80445176
5.5162406 9.844957 -1.3024457
6.1291566 10.49618 -1.4173675
6.703765 11.185711 -1.2641385
6.9719152 11.722012 -0.9959879
6.6654577 11.722012 -0.7661445
5.93762 11.377246 -0.45968673
5.056554 10.76433 -0.11492168
4.2904096 10.113108 0.38307226
3.7541084 9.768343 0.842759
3.4859576 9.615114 0.8810662
3.217807 9.5385 0.42137948
2.528277 9.461885 -1.1492169
1.8004396 9.691729 -1.685518
1.6089035 10.151415 -1.3024457
1.2641385 11.070788 -0.45968673
0.8810662 11.224018 -0.11492168
0.26815057 11.032482 0.076614454
-0.45968676 10.726024 0.49799395
-1.6089036 10.0748005 1.2258312
-1.9919759 9.959879 1.4556745
-2.2218194 9.998186 1.5322891
-2.4516625 10.342952 1.8004397
-2.4899697 10.726025 1.9153613
-2.4516625 11.070789 2.030283
-2.4516625 11.262325 2.030283
-2.4899697 11.224017 1.8387469
-2.6815057 11.109096 1.6472107
-2.8730419 10.76433 1.4556746
-3.1028852 10.304644 1.4173675
-3.3710358 9.730036 1.5705962
-3.5625722 9.155428 1.8387468
-3.677494 8.772355 2.030283
-3.6008792 8.619126 2.0685902
-3.4093432 8.6574335 1.8387469
-3.1411924 8.963891 1.3790601
-2.8347347 9.423578 0.9959879
-2.6048913 9.883265 0.61291564
-2.4899697 10.381258 0.49799395
-2.4516625 10.534487 0.5746084
-2.6048915 10.381258 0.6895301
-2.7964277 9.883265 0.842759
-2.9879637 9.078813 1.0342951
-3.217807 8.312668 1.340753
-3.371036 7.5082164 1.8004396
-3.4476504 6.933608 2.183512
-3.371036 6.703765 2.336741
-3.1411924 6.6654572 2.2601264
-2.8347347 6.7803793 1.8770542
-2.4516625 6.8569937 1.4939818
-2.1068974 6.703765 1.0342951
-1.9153614 6.512229 0.61291564
-1.7621324 6.3206925 0.3064578
-1.6472108 6.2057705 0.15322891
-1.5705962 6.1674633 0.038307227
-1.3790603 6.1674633 0.076614454
-1.1492169 6.1674633 0.34476507
-0.95768064 5.9759274 0.57460845
-0.80445176 5.6694694 0.68953013
-0.80445176 5.286397 0.53630126
-0.9576807 4.9416323 0.19153617
-1.1492168 4.7500963 -0.19153613
-1.340753 4.6351748 -0.4213795
-1.340753 4.711789 -0.38307226
-0.842759 5.24809 0.038307227
-0.45968673 5.631162 0.38307226
-0.19153613 5.861006 0.5363012
-0.076614454 5.899313 0.5363012
-0.15322891 5.6694694 0.4596867
-0.38307226 5.363012 0.38307226
-0.61291564 5.133168 0.26815057
-0.7278373 5.2863975 0.26815057
-0.61291564 5.7460837 0.4213795
-0.30645782 6.205771 0.4213795
0.0 6.742072 0.6129156
0.30645782 7.010223 0.8044517
0.49799398 7.240066 1.4939818
0.45968673 7.2783732 2.183512
0.34476504 7.3166804 2.873042
0.15322891 7.469909 3.4859576
0.0 7.699753 3.5242648
-0.038307227 7.967903 3.1794999
0.0 8.465897 2.566584
0.26815057 9.078814 1.7621325
0.80445176 9.959879 1.493982
1.493982 10.917561 1.9153614
2.0685904 11.683704 3.1028852
2.3750482 12.143391 4.9799395
2.2984338 12.258312 6.7037644
1.9536686 12.066776 7.814674
1.6472108 11.990162 7.8912883
1.5705963 12.373235 7.2783732
1.6089035 13.101071 6.435614
1.7238252 13.9438305 5.4779334
1.8387469 14.441825 4.865018
1.6472108 14.365211 4.5202527
1.3790601 13.867217 4.367024
1.2258313 13.369223 4.673482
1.2641385 13.330915 5.2480903
1.6472108 13.867216 5.6694694
2.1068976 14.709974 5.861006
2.336741 15.552734 5.631162
2.2601266 15.897499 5.1714754
1.8770542 15.629349 4.8267107
1.4173675 15.05474 4.6351748
1.1492169 14.480131 4.673482
1.1875241 14.250288 4.5968676
1.5705963 14.326903 4.060566
1.685518 14.326903 3.4859576
1.4939818 13.982138 3.0262709
1.3024457 13.445836 2.4516625
1.0342951 12.794614 2.2218192
0.7278373 12.143391 2.2984335
0.49799392 11.60709 2.6431987
0.2681506 11.224018 3.1411927
0.038307227 10.955867 3.524265
-0.15322891 10.649409 3.6391869
-0.26815057 10.534488 3.6008797
-0.30645782 10.840945 3.677494
-0.22984336 11.338939 3.7541084
-0.15322891 11.87524 3.9073372
-0.26815057 12.296619 3.9456444
-0.5746084 12.066776 3.8307228
-1.0726024 11.607089 3.7924156
-1.685518 10.994174 3.7158012
-2.2984335 10.189722 3.7541084
-2.873042 9.5385 3.7924156
-3.2944214 9.002198 3.8307228
-3.4859576 8.848969 4.0222588
-3.371036 9.155428 4.1754875
-3.0645783 9.691729 4.252102
-2.6431987 10.304644 4.098873
-2.2984335 10.76433 3.7158008
-2.0685902 10.726023 3.1411924
-2.1452048 10.189722 2.7964275
-2.7581205 8.350975 3.2944214
-3.2178073 7.3166804 4.1371803
-3.3327289 6.780379 4.7500963
-3.1411927 6.5505357 5.056554
-2.6048915 6.933608 4.903325
-1.7621325 7.699753 4.290409
-0.8810662 8.542511 3.6774938
-0.076614454 9.232041 3.3327286
0.38307226 9.4618845 3.2561142
0.49799395 9.308656 3.6391864
0.38307226 8.772355 4.2137947
0.15322891 8.121132 4.596867
0.038307227 7.584831 4.9799395
0.15322891 7.2400665 5.209783
0.53630114 7.163451 5.516241
1.0726024 7.3932953 5.8226986
1.8387469 7.8912888 5.975928
2.7581205 8.580818 5.746084
3.4093432 9.193735 4.903325
3.86903 9.5385 3.6774936
4.0222588 9.615114 2.528277
3.86903 9.2703495 1.8770542
3.7541084 8.848969 2.1068976
3.5625722 8.312669 3.1411927
3.371036 7.6614456 4.2904096
3.3327289 7.1251445 5.1331687
3.4859576 6.895301 5.2863975
3.9073372 7.1634517 4.865018
4.55856 7.7763667 4.2137947
5.2097826 8.69574 3.6774936
5.746084 9.385271 3.3710358
6.0908494 9.768343 3.3710358
6.167464 9.844957 3.7541082
6.052542 9.615114 4.2521024
5.861006 9.308657 4.711789
5.592855 8.963891 4.865018
5.401319 8.6574335 4.7500963
5.2863975 8.504205 4.55856
5.2863975 8.542512 4.4436383
5.363012 8.695741 4.6351743
5.363012 8.925584 4.7500963
5.286397 9.155428 4.711789
5.133168 9.193735 4.673482
5.0182467 9.117121 4.5968676
4.9416323 9.078814 4.5202527
4.903325 9.002198 4.4819455
4.7500963 8.963891 4.367024
4.5202527 8.887277 4.290409
4.2137947 8.695741 4.3670235
3.7541082 8.465897 4.55856
3.2944214 8.121132 4.7500963
2.834735 7.6997523 4.7500963
2.4899697 7.469909 4.865018
2.3750482 7.393295 5.0948615

