0.22984336 9.002198 4.82671
0.22984336 9.040506 4.788403
0.038307227 9.002199 4.405331
-0.038307227 9.193735 4.4436383
-0.15322891 9.078813 4.4436383
-0.2681506 9.11712 4.367024
-0.34476504 9.768343 4.1371803
-0.34476504 10.572795 4.0222588
-0.038307235 11.492168 3.8307228
0.49799398 12.794614 3.7541084
1.3790601 14.480132 4.060566
0.9576807 14.863204 4.711789
0.49799395 14.978127 4.9799395
0.11492168 15.667656 5.401319
0.49799392 16.280571 5.66947
1.1875241 17.00841 6.0142345
1.9919758 17.774555 6.5122285
3.715801 18.92377 7.1251445
4.55856 19.191921 7.0102224
5.3247046 19.306843 6.3973064
5.7077765 19.153614 5.746084
5.133168 17.774553 4.865018
4.290409 16.510414 5.0182467
3.4093432 15.016434 5.056554
2.566584 13.484144 4.903325
1.9536686 12.028469 4.55856
1.4173675 10.802637 4.0222588
0.95768064 9.80665 3.5242648
0.34476504 8.963891 3.064578
-0.2681506 8.197746 2.528277
-0.842759 7.393295 2.0685902
-1.3024457 6.588843 1.6855179
-1.4939818 5.8993125 1.3407528
-1.532289 5.3630114 1.3024457
-1.4556746 4.9799395 1.4173673
-1.2258313 4.7500963 1.7238252
-0.8810662 4.673482 2.3750482
-0.5746084 4.711789 3.064578
-0.26815057 4.8267107 3.562572
-0.076614454 4.903325 3.6774936
-0.11492168 4.7884035 3.3710358
-0.22984336 4.6351748 2.6815057
-0.38307226 4.5585604 2.0685902
-0.61291564 4.520253 1.5705963
-0.7278373 4.5585604 1.1875241
-0.7661445 4.4436383 1.0726023
-0.8810662 4.290409 0.8810662
-0.842759 4.1754875 0.842759
-0.7278373 4.1371803 1.0342951
-0.53630114 4.4436383 1.2641385
-0.22984335 4.903325 1.5705963
0.076614454 5.401319 1.7621324
0.22984335 5.7843914 1.6089035
0.22984335 5.7460837 1.1109096
0.114921674 5.4013186 0.5363012
-0.11492168 4.903325 0.19153614
-0.22984336 4.4436383 0.30645782
-0.19153613 4.2137947 0.6129157
-0.076614454 4.252102 0.842759
0.22984335 4.5585604 0.7278373
0.57460845 5.094861 0.15322891
0.99598795 5.66947 -0.45968673
1.532289 6.1674633 -0.9576807
1.9153614 6.6271505 -1.2641385
2.2601264 6.933608 -1.2258313
2.4133554 7.0485296 -0.9193734
2.4133554 6.895301 -0.5746084
2.4133554 6.588843 -0.19153613
2.3750482 6.244078 0.038307227
2.4516625 6.129156 -0.076614454
2.7581205 6.397307 -0.4596867
3.1794996 6.895301 -1.1109096
3.7158008 7.5082164 -1.7621324
4.3287168 8.082825 -2.1452045
4.865018 8.504204 -1.9919758
5.2863975 8.887277 -1.2641385
5.4396267 9.11712 -0.19153617
5.4013195 9.232041 0.8044517
5.2480903 9.270349 1.3024457
5.0182467 9.040505 1.3024457
4.865018 8.887277 0.7278373
4.7884035 8.887277 0.038307235
4.8267107 9.078814 -0.5363012
4.9799395 9.461885 -0.80445176
5.2480903 9.921572 -0.7661445
5.516241 10.381258 -0.5363012
5.5545483 10.726024 -0.076614454
5.401319 10.840945 0.38307226
4.865018 10.611102 0.842759
4.1754875 10.0748005 1.1492168
3.5242648 9.4618845 1.2258313
2.9496565 9.078813 0.80445176
2.681506 8.925584 0.076614454
2.5665843 9.193734 -0.7661445
2.5665843 9.653421 -1.4939818
2.5665843 10.228029 -1.8387469
2.48997 10.840945 -1.9919758
2.2218192 11.33894 -1.8004397
1.838747 11.492168 -1.3024458
1.3407528 11.33894 -0.7278373
0.7278373 11.070788 0.0
0.11492169 10.649409 0.6895301
-0.5746084 10.342951 1.0726023
-1.1875241 10.228029 1.2641385
-1.6855179 10.266336 1.3024458
-2.030283 10.419565 1.2258313
-2.221819 10.649409 1.1492169
-2.3367407 10.764331 1.2258313
-2.413355 10.6877165 1.3407528
-2.4899697 10.49618 1.5705962
-2.6048915 10.419565 1.8387468
-2.681506 10.381258 2.183512
-2.719813 10.534488 2.4133554
-2.7581203 10.726024 2.3367407
-2.7964275 10.649408 1.9919758
-2.834735 10.534487 1.4556746
-2.7581203 10.419565 1.187524
-2.6048915 10.342951 1.3024457
-2.3750482 10.419566 1.6089034
-2.1452048 10.572795 1.9153614
-1.9919758 10.6877165 2.1452045
-1.9536686 10.764331 1.9919758
-1.9536686 10.840945 1.6855179
-1.9919758 10.879252 1.3790601
-2.030283 10.840945 1.0342951
-2.030283 10.802638 1.0342951
-2.1068974 10.802638 1.3024457
-2.1068974 10.726024 1.8387469
-2.2218192 10.6877165 2.3750482
-2.3750482 10.572795 2.681506
-2.4516628 10.381258 2.9113493
-2.6048915 10.113108 2.9113493
-2.6431987 9.844957 2.9879637
-2.6431987 9.653421 3.0645783
-2.681506 9.423578 3.1028855
-2.6431987 9.232042 3.064578
-2.681506 9.002198 2.7581203
-2.7581203 8.619126 2.336741
-2.7581203 8.236053 1.9153614
-2.719813 7.967903 1.493982
-2.4516625 7.8529816 1.1875241
-2.030283 8.0445175 0.9959879
-1.532289 8.389282 0.72783726
-1.0342951 8.734047 0.49799395
-0.6895301 8.925584 0.22984336
-0.42137948 8.848969 0.0
-0.34476504 8.580819 -0.15322891
-0.34476504 8.00621 -0.30645782
-0.45968673 7.354988 -0.38307226
-0.5746084 6.742072 -0.38307226
-0.5746084 6.1291566 -0.34476504
-0.45968673 5.861006 -0.22984335
-0.22984336 5.861006 -0.15322891
0.0 5.9759274 -0.22984335
0.19153613 6.129156 -0.53630114
0.344765 6.2057705 -0.9193734
0.49799395 6.0525417 -1.2258313
0.6512228 5.899313 -1.4556746
0.7278373 5.707777 -1.3024457
0.68953013 5.4779334 -0.9959879
0.57460845 5.171476 -0.344765
0.34476504 4.7500963 0.2681506
0.30645782 4.5968676 0.4213795
0.5363012 4.8267107 7.4505806E-9
0.8810662 5.4013186 -0.26815057
1.0726023 5.899313 -0.1532289
1.1875241 6.2057705 0.26815057
1.1109096 6.320692 0.8044517
0.91937345 6.129156 1.6089035
0.7661445 5.861006 2.2984335
0.61291564 5.6311626 2.566584
0.38307226 5.439626 2.2218192
0.19153613 5.7843914 0.8810662
0.7278373 7.240066 0.8044518
1.3024458 8.350975 1.4939818
1.685518 9.346964 2.4133554
1.9536686 10.764331 3.9456444
1.6089034 10.879252 4.060566
1.0726023 10.419565 3.6008792
0.5746084 10.036493 3.1411924
0.34476504 9.883265 3.0262709
0.6512228 10.726024 4.213795
1.0726024 11.683704 5.2863975
1.4556746 12.717999 5.861006
2.1068974 14.058753 6.014235
2.1452045 14.173675 5.3247046
1.9536686 13.82891 4.7884035
1.6472108 13.445837 4.2521024
1.3790603 13.292608 3.86903
1.3790603 13.445837 3.5625722
1.4939818 13.599066 3.5625722
1.6472108 13.637373 3.524265
1.685518 13.790602 3.7158012
1.7238252 13.790602 3.9839518
1.685518 13.713987 4.2521024
1.4556746 13.484143 4.5585604
1.1492169 12.947843 4.7500963
0.7661445 12.373234 4.8267107
0.38307226 11.951855 4.7884035
0.0 11.530476 4.6734815
-0.30645782 11.300632 4.443638
-0.45968673 11.453861 4.3670235
-0.49799398 11.798626 4.55856
-0.45968676 12.066776 4.8267107
-0.4213795 12.220005 5.0948615
-0.4213795 11.990162 5.2480903
-0.34476504 11.9135475 4.9799395
-0.19153613 11.9135475 4.8267107
-0.076614454 11.9135475 4.6734815
0.0 11.87524 4.4819455
0.038307227 11.798626 4.6351748
-0.038307227 11.9135475 4.865018
0.11492168 12.143391 5.133168
0.34476504 12.449848 5.4779334
0.30645782 12.411541 5.2863975
-0.03830722 12.105083 4.9799395
-0.5746084 11.683704 4.596867
-1.1875241 11.070788 4.290409
-1.8770541 10.419566 4.1754875
-2.6048913 9.921572 4.290409
-3.217807 9.5385 4.367024
-3.715801 9.193735 4.4819455
-4.1371803 9.040505 4.596867
-4.367024 8.925584 4.4436383
-4.5202527 8.887277 4.3670235
-4.55856 9.040505 4.252102
-4.5202527 9.11712 4.098873
-4.5202527 9.193734 3.9456444
-4.4819455 9.078813 3.7541084
-4.4053307 8.848969 3.6008792
-4.1371803 8.772355 3.6391864
-3.7158008 8.734048 3.8307228
-3.2178068 9.002199 4.060566
-2.7198133 9.232042 4.367024
-2.4899697 9.232042 4.55856
-2.4516625 9.040506 4.5202527
-2.5282772 8.580819 4.367024
-2.5665843 8.121132 4.2904096
-2.4516625 7.776367 4.367024
-2.1068974 7.5082164 4.711789
-1.6855179 7.393295 5.2863975
-1.340753 7.393295 5.554548
-0.9193734 7.4699097 5.592855
-0.5363012 7.6614456 5.592855
-0.11492169 7.8146744 5.3630114
0.4213795 7.929596 5.133168
0.842759 8.00621 5.0182467
1.187524 7.967903 5.0182467
1.4939818 8.0445175 5.209783
1.8004397 8.159439 5.592855
2.1452045 8.236053 5.7843914
2.528277 8.389283 5.592855
2.8730419 8.465898 5.1714754
3.1028852 8.389282 4.481946
3.2561142 8.274361 3.6391866
3.3710358 8.197746 3.1794999
3.562572 8.0445175 3.0645783
3.7541082 8.0445175 3.4093432
3.9839516 8.121132 4.1371803
4.2137947 8.159439 4.596867
4.405331 8.159439 4.55856
4.4819455 8.197746 4.213795
4.596867 8.350975 3.9456444
4.8267107 8.619125 3.86903
5.056554 8.963891 4.098873
5.3247046 9.346963 4.2521024
5.5545483 9.653421 4.2904096
5.5545483 9.615114 3.9456444
5.4779334 9.500193 3.4476504
5.209783 9.11712 3.1411927
4.8267107 8.619126 3.1794999
4.5202527 8.542512 3.5242648
4.367024 8.542512 4.098873
4.4436383 8.810662 4.4819455
4.6351748 9.2703495 4.6351743
4.865018 9.653421 4.596867
4.9799395 9.921572 4.1754875
4.865018 10.036493 3.754108
4.5585604 9.80665 3.4476504
4.0988736 9.423577 3.2561145
3.6774938 9.078813 3.4093432
3.3710358 8.772355 3.7924156
3.217807 8.810662 4.2137947
3.217807 8.963892 4.55856
3.2561142 9.117121 4.7884035
3.217807 9.155428 4.7884035
3.1028852 9.002199 4.5968676
2.9113493 8.848969 4.4819455
2.6815057 8.734048 4.367024
2.566584 8.772355 4.2137947
2.4516625 8.848969 4.1754875
2.413355 8.887277 4.1371803
2.3367407 9.002198 3.9456444

