2.1068974 9.078813 3.9456444
0.8044518 9.308656 3.7541084
0.95768076 11.18571 4.7884035
1.3024457 13.254301 5.899313
2.1068974 15.47612 7.125144
2.3750482 17.353174 8.0445175
2.2218194 17.314867 7.6997523
1.9536686 16.970102 7.2400656
1.6472108 16.357185 6.8569937
1.3024457 15.47612 6.550536
1.0342951 14.480132 6.3589993
0.7278373 13.484144 6.129156
0.49799395 12.679692 5.7843914
0.344765 11.990162 5.401319
0.19153613 11.338939 4.97994
0.076614454 10.572794 4.481946
-0.076614454 9.65342 3.9073374
0.0 8.810662 3.4476504
0.34476507 8.312668 3.1794999
0.6512229 8.00621 3.1794999
0.80445176 7.6614456 3.4476504
0.72783726 7.2017584 3.7158008
0.49799395 6.6654577 3.7924154
0.38307226 6.282385 3.7924154
0.45968673 6.0142345 3.6391864
0.53630114 5.861006 3.4093432
0.45968673 5.592855 3.064578
0.22984336 5.094861 2.566584
-0.114921674 4.6351743 1.9536685
-0.34476504 4.2521024 1.3790601
-0.4213795 3.86903 0.8810662
-0.30645782 3.6008794 0.57460845
-0.038307227 3.2944217 0.4213795
0.19153613 3.1028855 0.4213795
0.38307226 3.217807 0.5746084
0.61291564 3.6008794 0.80445176
0.8044518 4.1371803 1.1492168
0.9959879 4.5968676 1.4556746
1.2258313 4.903325 1.6472108
1.3024457 4.903325 1.5705963
1.3790601 4.673482 1.1492168
1.4173675 4.4819455 0.7278373
1.4173675 4.3670235 0.2681506
1.493982 4.4053307 -0.038307227
1.6089036 4.788403 0.0
1.8770542 5.3247046 0.076614454
2.2218192 5.8993134 0.4596867
2.6048915 6.473922 0.84275895
2.9496565 6.9336085 1.1492168
3.1794999 7.201759 1.2641385
3.2944214 7.3166804 1.2641385
3.3327286 7.3549876 1.1492169
3.4859576 7.3549876 0.88106626
3.7924156 7.508217 0.91937345
4.175488 7.8146744 0.88106626
4.4819455 8.236053 0.8044518
4.6351743 8.619125 0.57460845
4.6734815 8.925584 0.038307227
4.7117887 9.193734 -0.4213795
4.865018 9.385271 -0.6512229
5.0948615 9.730036 -0.842759
5.3247046 10.342951 -0.57460845
5.363012 10.649408 -0.22984336
5.3247046 10.802638 0.4596867
5.0948615 10.802638 1.340753
4.2137947 10.457873 2.1068974
3.5242648 10.113108 2.1068974
2.9113493 9.883265 1.8004397
2.2218192 9.653421 1.5705963
1.1875241 9.5385 1.2258313
0.7661445 9.576807 1.1875241
0.45968676 9.80665 1.2641385
7.4505806E-9 9.998186 1.3024457
-0.8810662 10.151415 1.4173673
-1.4939818 9.921572 1.4173673
-2.030283 9.653421 1.5322891
-2.528277 9.461885 1.6089036
-2.7964275 9.423578 1.5705965
-2.9496565 9.615114 1.4173675
-2.9879637 9.959879 1.2258313
-3.0262709 10.266337 0.9576807
-3.217807 10.496181 0.9193735
-3.409343 10.22803 1.2641385
-3.6774938 9.768343 1.7621324
-3.9456444 9.308656 2.528277
-4.2904096 8.848969 3.1028855
-4.6351743 8.772355 3.4093432
-4.9799395 8.963891 3.6774938
-5.2480903 9.193735 3.715801
-5.3247046 9.346964 3.562572
-5.3247046 9.5385 3.1411927
-5.171476 9.615114 2.4899697
-4.9799395 9.653421 1.9536686
-4.7500963 9.730036 1.685518
-4.5202527 9.500193 1.7621324
-4.2904096 9.117121 1.9536686
-4.098873 8.810662 1.9919758
-4.0222588 8.465897 1.8004398
-3.9456444 8.274361 1.4173675
-3.86903 8.082825 0.91937345
-3.7541084 7.929596 0.4213795
-3.5242648 7.929596 0.15322891
-3.1795 8.00621 0.0
-2.834735 8.159439 0.0
-2.4899697 8.082825 0.15322891
-2.1068974 7.6997523 0.3830723
-1.8004396 7.278373 0.68953013
-1.1875241 6.397307 1.0342951
-0.91937345 6.282385 0.95768064
-0.61291564 6.282385 0.49799395
-0.19153613 6.3973064 -0.49799395
0.0 6.435614 -1.0726024
0.11492168 6.2440777 -1.340753
0.15322891 5.8993125 -1.3790601
0.076614454 5.24809 -0.5363012
-0.038307227 4.9416323 0.15322891
-0.19153613 4.865018 0.5746084
-0.34476504 4.7500963 0.842759
-0.49799395 4.6351743 0.53630114
-0.38307226 4.6734815 0.2681506
-0.076614454 4.8267107 0.0
0.34476507 5.439626 -0.34476504
0.8810662 6.6271505 -0.45968673
0.9576807 7.0485296 -0.4213795
0.91937345 6.9719152 -0.07661446
0.9576807 6.9719152 0.4596867
0.9959879 6.933608 1.187524
1.2258313 7.2783732 2.1068974
1.4173675 7.776367 1.7238252
1.340753 7.8912888 1.3407528
1.1875241 7.929596 1.2641385
0.7278373 7.967903 1.532289
0.6895301 8.274361 2.0685902
0.80445176 8.810662 2.566584
1.0342951 9.500192 3.1794999
1.3790603 10.228029 3.6774938
1.6089036 10.91756 4.060566
1.6472108 11.300632 4.290409
1.6089036 11.530476 4.3287168
1.4939818 11.683704 4.405331
1.5322891 11.798626 4.520253
1.7238252 12.105083 4.5968676
2.1452045 12.832921 4.711789
2.719813 13.828909 4.8267107
3.1411924 15.016434 4.673482
3.3327289 16.01242 4.4819455
3.2561145 16.4338 4.405331
2.834735 16.16565 4.55856
2.2218192 15.47612 5.0182467
1.6089035 14.786589 5.6694694
1.0342951 14.36521 5.899313
0.7278373 14.671667 5.899313
0.80445176 15.207969 5.7843914
1.0342951 15.7825775 5.4779334
1.2258313 16.16565 5.2863975
1.2258313 15.859192 4.9799395
1.0342951 15.246277 4.7117887
0.6512228 14.441824 4.4053307
0.30645782 13.752295 4.3287163
0.076614454 13.1393795 4.3287163
-0.26815057 12.334928 4.367024
-0.4213795 11.683704 4.290409
-0.72783726 10.994175 4.1754875
-1.0726023 10.189723 3.9073372
-1.3024457 9.691729 3.6391869
-1.4173675 9.730036 3.4476504
-1.3024457 10.228029 3.141193
-1.1492168 11.070788 3.1028855
-1.1109096 11.798626 3.1411927
-1.340753 12.066776 3.2944214
-1.9536686 11.9135475 3.4859576
-2.7581205 11.33894 3.4476504
-3.6391864 10.572794 3.1794999
-4.3287168 9.921572 2.7581205
-4.673482 9.5385 2.681506
-4.673482 9.576807 3.1794999
-4.4819455 9.883265 4.098873
-4.1371803 10.304644 5.133168
-3.7541084 10.726023 5.707777
-3.2561142 10.534488 5.0182467
-3.1794999 9.921573 4.2904096
-3.0262709 9.2703495 3.9073372
-2.4516625 8.389282 3.9456444
-1.9919759 8.236053 4.2904096
-1.532289 8.236053 4.4819455
-0.91937345 8.389282 4.5202527
-0.19153613 8.312668 4.098873
-0.076614454 7.201759 4.405331
-0.15322891 6.5505357 4.596867
-0.038307227 6.3206925 4.673482
0.38307226 6.4739213 4.4819455
0.9959879 7.0485296 4.098873
1.8387468 7.8912888 4.060566
2.7198129 8.695741 3.9456444
3.4093432 9.193735 4.098873
3.9073372 9.461885 4.098873
4.098873 9.2703495 3.6391866
4.0222588 8.734048 3.2944217
3.6774938 7.929596 3.2944214
3.715801 7.8912888 3.8307226
3.9456444 8.197746 4.1754875
4.405331 8.734048 4.290409
5.1331687 9.385271 3.371036
5.363012 9.576807 3.0262709
5.363012 9.576807 2.9879637
5.286397 9.500193 3.0262709
5.094861 9.308657 3.677494
4.9416323 9.078814 3.8307228
4.865018 9.002198 3.86903
4.7884035 8.963891 3.6774938
4.7500963 8.925584 3.562572
4.711789 8.925584 3.371036
4.6351743 8.887277 3.2944217
4.4819455 8.848969 3.371036
4.290409 8.848969 3.4476504
4.1754875 8.925584 3.4476504
4.098873 9.078814 3.6008792
4.098873 9.155428 3.86903
4.0222588 9.232042 4.0222588
3.8307228 9.2703495 4.2137947
3.6008794 9.155427 4.1371803
3.3327286 9.155427 3.8307228
3.1794999 9.232041 3.6391866
3.064578 9.308657 3.4476504
2.9113493 9.500193 3.4476504
2.7964277 9.691729 3.562572
2.6431987 9.80665 3.8307228
2.4899697 9.959879 4.2137947
2.375048 9.998186 4.5202527
2.2218192 9.998186 4.8267107
2.0685902 9.998186 4.7500963
1.9536686 9.921572 4.520253
1.8770542 9.998186 4.175488
1.8004397 9.80665 3.7158012
1.6472108 9.653421 3.6008792
1.4556746 9.5385 3.7158012

