1.1875241 9.232042 3.9839516
0.80445176 9.002198 4.3670235
0.49799395 9.11712 4.3287163
0.5363012 10.419566 4.5202527
0.7278373 12.02847 4.6351748
1.1492168 13.713987 4.7884035
1.187524 14.748282 5.133168
1.3024457 15.016433 4.9799395
1.4173673 15.169662 4.9799395
1.4173673 15.246277 4.903325
1.340753 15.246277 5.0182467
1.3024457 15.20797 5.2480903
1.3407528 15.05474 5.439626
1.3407528 14.939818 5.5545483
1.3024457 14.633361 5.4779334
1.1492168 14.135366 5.24809
0.8810662 13.484143 5.0182467
0.68953013 12.679692 4.865018
0.61291564 12.028469 4.7884035
0.6512228 11.33894 4.9799395
0.6895301 10.802638 5.094861
0.5746084 10.151416 5.094861
0.38307226 9.346964 4.903325
0.114921674 8.734048 4.2137947
-0.076614454 8.121132 3.4476504
-0.076614454 7.73806 2.9113493
-0.076614454 7.5082164 2.6431987
0.0 7.2017584 2.7581203
0.11492168 6.9719152 3.1028855
0.26815057 6.933608 3.3710358
0.49799395 6.933608 3.7541082
0.842759 6.9719152 3.86903
1.1492168 7.086837 3.6008794
1.3024458 6.933608 3.1795
1.4173675 6.742072 2.3750482
1.340753 6.4739213 1.7238252
1.1492168 5.9759274 1.2258313
0.9193734 5.4779334 0.8810662
0.61291564 4.9799395 0.7661445
0.34476504 4.55856 0.6512228
0.11492168 4.1754875 0.7278373
-0.15322891 3.8307228 0.61291564
-0.26815057 3.6008792 0.57460845
-0.22984335 3.562572 0.6512229
-0.15322891 3.8307228 0.7661445
0.076614454 4.1754875 1.0726024
0.19153613 4.3287163 1.1109096
0.076614454 4.405331 0.84275895
-0.038307227 4.252102 0.38307226
-0.15322891 4.098873 -0.038307227
-0.22984336 4.060566 -0.38307226
-0.11492168 4.1371803 -0.26815057
0.11492168 4.4436383 0.0
0.45968673 5.056554 0.30645782
0.91937345 5.8226986 0.72783726
1.3790601 6.473922 0.7661445
1.8004396 7.0485296 0.7661445
2.1452048 7.4316025 0.6512229
2.4516625 7.6614456 0.5746084
2.719813 7.8529816 0.6512228
2.9113493 8.00621 0.61291564
3.064578 8.082825 0.34476504
3.1028852 8.197746 0.038307227
3.1794999 8.312668 -0.15322891
3.409343 8.504205 -0.2681506
3.715801 8.772355 -0.15322891
4.0222588 8.925584 0.22984338
4.3287163 9.040505 0.3830723
4.5202527 9.078813 0.49799395
4.596867 9.040505 0.3830723
4.6351743 9.078813 0.076614454
4.6734815 9.11712 -0.076614454
4.6351743 9.11712 -0.344765
4.6351743 9.078813 -0.5363012
4.673482 9.117121 -0.7661445
4.673482 9.2703495 -0.9959879
4.711789 9.576807 -0.9576807
4.711789 9.998186 -0.8810662
4.55856 10.113108 -0.80445176
4.2904096 10.0748005 -0.80445176
3.8307228 9.883265 -0.84275895
3.371036 9.615114 -0.7278373
2.9496565 9.5385 -0.5363012
2.6048913 9.576807 -0.22984335
2.4133554 9.730036 -0.15322891
2.183512 9.959879 -0.19153613
1.9536686 10.189723 -0.15322891
1.7238252 10.419566 0.0
1.4556746 10.496181 0.3830723
1.1109096 10.534488 0.6129157
0.6895301 10.6877165 0.6512229
-0.30645782 11.032482 0.5746084
-0.7661446 11.070789 0.7661445
-1.2258313 10.955868 1.1875241
-1.7238252 10.572795 1.685518
-2.183512 10.151416 1.9153614
-2.6431987 9.768343 2.1452048
-2.9879637 9.423577 1.9919759
-3.1794996 9.270349 1.4939818
-3.1794996 9.38527 1.1109096
-3.1028852 9.691729 0.4596867
-2.9879637 9.998187 -0.038307235
-2.9496565 10.342952 -0.2681506
-3.0645783 10.6877165 -0.22984336
-3.1411927 10.879252 0.22984335
-3.217807 11.147403 1.0342951
-3.3327286 11.185711 2.3750482
-3.4859576 10.91756 2.5665843
-3.8307228 9.998186 2.030283
-3.9073372 9.5385 1.4939818
-3.86903 9.193735 1.1492168
-3.7158012 8.887277 0.7661445
-3.4859576 8.772355 0.5746084
-3.1795 8.848969 0.5363012
-2.834735 9.078813 0.49799395
-2.4899697 9.308657 0.57460845
-2.2218192 9.500193 0.49799395
-2.1452045 9.461885 0.38307226
-2.1068974 9.232042 0.076614454
-2.221819 8.848969 0.038307227
-2.2984338 8.427589 0.15322891
-2.183512 7.73806 0.6512228
-1.8770542 7.776367 0.7661445
-1.4939818 8.00621 0.80445176
-0.9959879 8.504205 0.7661445
-0.4596867 8.925585 0.6895301
0.11492168 9.2703495 0.45968673
0.076614454 8.772355 0.4213795
0.038307227 8.274361 0.4213795
0.0 7.8529816 0.4213795
0.0 7.431602 0.3830723
0.076614454 7.0102224 0.34476504
0.22984336 6.6654572 0.2681506
0.42137948 6.397307 0.3064578
0.61291564 6.1674633 0.3064578
0.8044517 6.0525417 0.3064578
0.84275895 5.93762 0.42137948
0.7661446 5.746084 0.38307226
0.5363012 5.554548 0.15322891
0.19153613 5.2480903 -0.11492166
-0.15322891 4.903325 -0.61291564
-0.42137948 4.5968676 -0.9959879
-0.42137948 4.367024 -1.1492168
-0.34476504 4.3287163 -1.0726024
-0.15322891 4.443638 -0.7278373
0.038307227 4.711789 -0.22984338
0.11492168 5.094861 0.30645782
0.15322891 5.477934 0.68953013
0.11492168 5.8226986 0.9193735
0.076614454 6.129156 0.9959879
0.038307227 6.3206925 1.2258313
0.038307227 6.4739213 1.3024458
0.15322891 6.6271505 1.2641385
0.2681506 6.6654577 0.9959879
0.4213795 6.8186865 0.49799395
0.5746084 6.9719152 0.07661445
0.6512228 7.240066 -0.11492168
0.72783726 7.776367 0.114921674
0.9193734 8.274361 0.68953013
1.1109095 8.848969 1.4939818
1.3024457 9.461885 2.4133554
1.4939818 10.036493 3.026271
1.4556745 10.611101 3.2944217
1.3790601 11.032482 3.2944217
1.2258313 11.453861 3.026271
1.1109096 11.683704 2.7964277
1.1109096 12.066776 2.6048915
1.1875241 12.603078 2.4516625
1.4939818 13.1393795 2.4133554
1.8770542 13.905523 2.6431985
2.336741 14.595055 2.9879637
2.6431987 15.093048 3.4093432
2.5665843 15.246277 3.6391869
2.0685902 14.748282 3.6008792
1.1875241 13.790602 3.6008792
0.22984335 12.794614 3.6391864
-0.61291564 11.951855 4.1754875
-0.9576807 11.951855 4.8267107
-0.842759 12.488156 5.209783
-0.4596867 13.292608 5.2863975
0.34476504 14.863204 4.4819455
0.22984336 14.978127 4.1371803
-0.15322891 14.633362 4.0222588
-0.68953013 13.905524 4.060566
-1.8004396 12.02847 3.9839516
-1.9536686 11.415554 3.9839516
-1.7238252 11.377247 3.9073372
-1.1109096 11.836933 3.9456444
0.11492169 13.3309145 3.6008792
0.4213795 13.67568 3.3710358
0.34476504 13.560759 3.064578
0.11492168 13.062765 2.8730419
-0.2681506 12.334927 2.9113493
-0.7278373 11.492168 3.064578
-1.2258313 10.840944 3.1794996
-1.6089035 10.342951 3.2944217
-1.9153613 10.036493 3.4476504
-2.1452045 10.113108 3.562572
-2.2984335 10.266336 3.86903
-2.4516625 10.572795 4.060566
-2.528277 10.955867 4.0222588
-2.681506 11.18571 3.9456444
-2.873042 11.032481 3.6774938
-3.1794999 10.611102 3.524265
-3.6391866 9.921572 3.4476504
-4.1371803 9.078813 3.4476504
-4.3670235 8.42759 3.7158012
-4.4053307 8.121132 3.9839516
-4.1754875 8.159439 4.1754875
-3.6774938 8.657433 4.2137947
-3.1794999 9.423578 3.9456444
-2.6431985 10.036493 3.6008792
-2.0685902 10.381258 3.4476504
-1.6472106 10.342951 3.3327289
-1.4939818 9.844957 3.2561145
-1.5705962 9.078813 3.4476504
-1.8387468 8.312668 3.4859576
-2.1068974 7.546524 3.5625722
-2.2601264 7.125144 3.7541084
-2.1068974 7.125144 3.8307228
-1.8387468 7.3932953 3.9839516
-1.4939818 7.699753 4.098873
-0.9959879 8.00621 4.290409
-0.61291564 8.274361 4.3287168
-0.19153613 8.542511 4.290409
0.22984335 8.810661 4.252102
0.45968673 9.002198 4.060566
0.57460845 8.8489685 3.7541082
0.5363012 8.504204 3.4476504
0.34476507 8.082825 3.4476504
0.30645782 7.6614456 3.7541082
0.45968676 7.584831 4.5585604
0.9193735 7.8912888 5.5545483
1.5705965 8.465897 6.1291566
2.2601266 9.002199 6.0908494
2.834735 9.423578 5.554548
3.1411927 9.500193 4.8267107
3.3327289 9.308657 4.060566
3.3327289 9.040506 3.7541082
3.2561145 8.619126 3.7924154
3.2561145 8.350975 3.907337
3.371036 8.312668 4.1371803
3.6391866 8.465897 4.1754875
4.0605664 8.887277 4.098873
4.443639 9.2703495 3.9456444
4.711789 9.461885 3.86903
4.8267107 9.461885 3.7541084
4.7884035 9.308657 3.5242648
4.5968676 8.963892 3.3327289
4.2904096 8.542512 3.1411927
3.9456444 8.197746 3.1794999
3.6008794 7.929596 3.3710358
3.4476504 7.929596 3.715801
3.5242648 8.274361 4.1371803
3.7924156 8.810662 4.443639
4.175488 9.4618845 4.7500963
4.481946 9.998186 4.7884035
4.6351748 10.189722 4.596867
4.5202527 10.113108 4.252102
4.1754875 9.653421 3.7924156
3.7158008 9.040506 3.6008794
3.217807 8.580819 3.6008794
2.873042 8.236053 3.9456444
2.681506 8.312668 4.4436383
2.7581205 8.619125 4.7884035
2.9496565 9.040505 5.056554
3.2178073 9.346964 5.056554
3.4476504 9.500193 4.8267107
3.5242648 9.461885 4.6351748
3.4476502 9.193734 4.367024
3.1794999 8.963891 4.1371803
2.8347347 8.619125 4.0222588
2.4133554 8.312668 3.8307228
1.9919759 8.00621 3.7924156
1.6472108 7.73806 3.8307228
1.340753 7.546524 3.9073372
1.0342952 7.508217 4.0222588

