0.42137948 9.078813 4.4436383
0.5363012 10.419565 4.4053307
0.45968673 11.9135475 4.5202527
0.49799395 13.752295 4.9416323
0.5746084 15.935806 5.2480903
0.7661445 16.663643 5.784391
1.1109096 17.54471 6.1674633
1.4173673 17.927782 5.9759274
1.4173673 17.697939 5.707777
0.61291564 16.280571 4.9416323
0.03830722 15.131355 4.7500963
-0.49799392 13.982138 4.7884035
-0.9959879 12.641386 4.9799395
-1.4939818 11.262325 5.0182467
-1.9153613 9.959879 5.094861
-2.1452045 8.810662 5.133168
-2.221819 8.00621 5.094861
-2.1068974 7.469909 4.903325
-1.8770541 7.2017584 4.596867
-1.6855179 7.0485296 4.1754875
-1.4939818 6.8569937 3.6774938
-1.4556745 6.359 3.3327289
-1.532289 5.746084 3.1028855
-1.6089035 5.056554 2.9879637
-1.7238252 4.367024 2.9113493
-1.7238252 3.9839516 2.834735
-1.4556746 3.4859576 2.719813
-1.2641385 3.2944217 2.6431987
-0.9576807 3.1411924 2.4133554
-0.5746084 3.217807 2.2601264
-0.11492168 3.562572 1.9153614
0.34476504 4.060566 1.4939818
0.6895301 4.6351748 1.1492169
0.8810662 5.018247 0.842759
0.9576807 5.171476 0.842759
0.9193735 5.2480903 0.9959879
0.8044518 5.171476 1.2641385
0.68953013 5.209783 1.532289
0.53630114 5.209783 1.7238252
0.45968673 5.3247046 1.8770541
0.5746084 5.6311626 1.8770541
0.8810662 5.9759274 1.6089035
1.3407531 6.6271505 1.340753
1.838747 7.2400656 0.9959879
2.2218194 7.776367 0.7661445
2.4516628 8.159439 0.72783726
2.4516628 8.312668 0.72783726
2.2984338 8.350975 0.88106626
2.030283 8.274361 1.1875241
1.7238252 8.159439 1.340753
1.5705963 8.00621 1.4939818
1.4173673 7.776367 1.4556746
1.340753 7.6614456 1.2641385
1.3790601 7.584831 1.0342951
1.4939818 7.699753 0.842759
1.7621323 8.082825 0.8044518
2.221819 8.772354 0.842759
2.3367407 8.925584 0.80445176
2.4516625 8.848969 0.7661445
2.6431987 8.887277 0.95768064
2.873042 9.002198 1.1492168
3.1411927 9.270349 1.2641385
3.3710358 9.423578 1.340753
3.4859576 9.461885 1.3024458
3.4859576 9.423578 1.3790601
3.371036 9.193734 1.5322891
3.2178073 9.002198 1.6472107
3.1028855 8.963891 1.6089034
3.1028855 9.11712 1.4556746
3.2561142 9.4618845 1.1492169
3.5242648 9.883265 0.91937345
3.715801 10.304645 0.61291564
3.86903 10.457873 0.34476504
3.9839516 10.572795 0.076614454
3.9073372 10.572795 -0.22984336
3.8307228 10.534488 -0.22984336
3.6008792 10.572795 -0.076614454
3.2178073 10.496181 0.30645782
2.873042 10.419566 0.8810662
2.4516625 10.266336 1.2641385
2.030283 10.151415 1.3024457
1.685518 10.113108 1.1875241
1.4556746 10.228029 0.9959879
1.2641385 10.381259 0.8810662
1.1875241 10.419566 0.8810662
1.0342951 10.496181 1.0726024
0.7278373 10.496181 1.2258313
0.49799395 10.457873 1.3024457
0.11492168 10.457873 1.4556746
-0.30645785 10.342952 1.5322891
-0.7661446 10.151415 1.6472107
-1.3407531 9.883265 1.8387468
-1.7621324 9.768343 2.1068976
-2.0685902 9.768343 2.1452048
-2.2601264 9.844957 2.1452048
-2.3750482 9.998186 1.9536686
-2.528277 10.036493 1.5322891
-2.681506 10.0748005 1.3024458
-2.7581205 10.036493 1.1492168
-2.7581205 10.266336 1.4173675
-2.681506 10.304644 1.532289
-2.719813 10.381258 1.6855179
-2.9113493 10.151415 1.877054
-3.562572 9.308657 2.6431985
-3.86903 8.810662 2.873042
-4.098873 8.504204 3.141193
-4.290409 8.121132 3.1028852
-4.5202527 7.776367 2.7581205
-4.6351743 7.431602 2.528277
-4.6351743 7.201759 2.183512
-4.5202527 7.1251445 1.8770541
-4.2137947 7.201759 1.8770541
-3.9073372 7.4316025 1.8387469
-3.5625722 7.508217 1.7238252
-3.2944214 7.469909 1.8004397
-3.1411927 7.125144 1.7238252
-3.064578 6.6271505 1.6855179
-3.0262709 6.052542 1.6855179
-2.9879637 5.5162406 1.6089035
-2.873042 5.1331687 1.5322891
-2.681506 4.7884035 1.4939818
-2.4133554 4.596867 1.4556746
-2.0685902 4.5202527 1.3024457
-1.7238252 4.5202527 1.1109096
-1.340753 4.6351743 0.8044517
-0.9959879 4.6734815 0.61291564
-0.6512228 4.7500963 0.38307226
-0.38307226 4.865018 0.2681506
-0.11492168 4.903325 0.2681506
0.11492168 4.9799395 0.22984336
0.2681506 4.903325 0.45968676
0.4213795 4.865018 0.80445176
0.4213795 4.865018 1.1492168
0.34476504 4.903325 1.4173673
0.22984335 4.9799395 1.4939818
0.11492168 5.056554 1.3790603
0.11492168 5.1714754 1.1875241
0.22984336 5.401319 1.0342952
0.49799398 5.899313 1.0726024
0.842759 6.62715 1.2641385
1.1109096 7.3166804 1.6472108
1.340753 8.00621 2.0685904
1.4939818 8.6574335 2.6048915
1.6089035 9.155427 3.1028855
1.6472107 9.576807 3.524265
1.3407528 10.228029 3.86903
1.1875241 10.381258 3.9839516
1.2258313 10.764331 4.290409
1.5705963 11.33894 4.6351748
1.8770542 11.990163 4.711789
2.030283 12.5264635 4.367024
1.8770542 12.756307 3.9073372
1.4939818 12.564771 3.4476504
0.9959879 12.258312 3.371036
0.6512229 12.220005 3.86903
0.61291564 12.641384 4.4436383
0.7661446 13.445837 5.0182467
0.95768064 14.288595 5.2097826
1.0726023 15.054741 5.094861
0.95768064 15.322891 4.788403
0.5363012 15.016434 4.55856
0.076614454 14.365211 4.5202527
-0.38307226 13.522451 4.673482
-0.5746084 12.871228 5.0565543
-0.4213795 12.564771 5.209783
-0.11492168 12.794614 5.2863975
0.22984335 13.330915 5.439626
0.4213795 13.867217 5.401319
0.34476507 14.135367 5.4779334
-0.076614454 13.82891 5.6311626
-1.340753 12.258313 5.4013195
-2.0685902 11.262325 5.133168
-2.4516625 10.496181 4.865018
-2.5665843 10.304644 5.018247
-2.1452048 11.032481 5.439626
-1.8004396 11.836933 5.6311626
-1.5705962 12.5264635 5.439626
-1.532289 12.603078 4.903325
-1.7621324 12.181698 4.213795
-2.183512 11.492167 3.7158012
-3.1411927 9.615113 4.060566
-3.4476504 8.963891 4.6351748
-3.4859576 8.772355 5.24809
-2.9879637 9.346963 5.6311626
-2.3367407 9.998186 5.6311626
-1.7238252 10.611102 5.2097826
-1.2641386 10.955867 4.4819455
-1.1875241 10.649409 3.8307226
-1.2641386 10.113108 3.6774936
-1.3790601 9.308657 4.060566
-1.4939818 8.236053 4.903325
-1.4556746 7.3932943 5.861006
-1.0342951 7.4316015 6.5888433
-0.38307226 8.159439 6.8186865
0.34476507 9.270349 6.3973074
0.91937345 10.151415 5.5545483
0.9959879 10.0748005 4.481946
0.7661445 9.385271 3.6391866
0.57460845 8.619126 3.2561142
0.38307226 8.00621 3.1028852
0.34476504 7.6231384 3.2944214
0.4213795 7.4699097 3.8307228
0.49799395 7.393295 4.596867
0.80445176 7.508217 5.439626
1.2258313 7.929596 5.93762
1.8004396 8.42759 5.7843914
2.3750482 8.925584 4.9799395
2.719813 9.193734 4.1371803
2.873042 8.925584 3.6391866
2.834735 8.465898 3.371036
2.7581203 7.967903 3.715801
2.834735 7.5848308 3.9839516
3.0645783 7.623138 4.060566
3.371036 7.699753 4.098873
3.6774938 7.73806 3.9456444
3.9456444 7.8529816 3.9456444
4.1754875 7.8146744 3.9839516
4.4436383 7.929596 4.1371803
4.6734815 8.159439 4.0222588
4.865018 8.274361 3.6774938
5.0182467 8.504204 3.2944217
5.133168 8.6574335 2.7964277
5.3247046 8.925584 2.6431987
5.5545483 9.2703495 2.7581203
5.746084 9.423578 3.0262709
5.7843914 9.576807 3.4093432
5.6694694 9.500193 3.6391869
5.401319 9.346964 3.7541084
5.094861 9.232041 3.7541084
4.8267107 9.078813 3.6774938
4.55856 9.040505 3.6391866
4.3287163 8.925584 3.4476504
4.0222588 8.963891 3.2944214
3.7924156 9.002198 3.1028852
3.5242648 9.078813 3.064578
3.3327289 9.308657 3.1794999
3.2561142 9.500193 3.4476504
3.1411924 9.844957 4.175488
2.9496562 9.883265 4.367024
2.6431985 9.768343 4.3287168
2.2601266 9.653421 4.175488
1.8387469 9.423578 3.9073372
1.6089035 9.232042 3.9073372
1.4556746 9.11712 3.9073372
1.4173673 8.963891 3.9839516

