1.4556746 9.040505 4.060566
1.340753 9.002198 3.9073372
0.72783726 8.963891 3.715801
0.80445176 10.266336 3.9456444
1.1109096 12.871229 5.0182467
1.6089035 14.326903 5.8226986
1.9536687 14.824898 6.933608
2.4516625 15.093048 6.8186865
2.7964277 15.131355 6.397307
2.7581205 14.326902 4.865018
2.2601264 13.637372 4.4436383
1.8004397 12.871228 4.4819455
1.3790603 12.181698 4.4819455
1.1492169 11.032482 4.55856
1.0342951 10.189722 4.060566
0.9193734 9.653421 3.9839516
0.7661445 9.11712 3.9073372
0.5746084 8.42759 3.86903
0.34476504 7.699753 3.5242648
-0.07661445 6.933608 3.026271
-0.5746084 6.1674633 2.3750482
-1.1109096 5.477934 1.5705963
-1.6089035 5.056554 1.0342952
-1.8770541 4.8267107 0.8044518
-1.8004396 4.711789 0.91937345
-1.4939818 4.7884035 1.4939818
-1.0726023 4.7500963 2.1068974
-0.57460845 4.7500963 2.4516625
-0.07661447 5.0182467 2.48997
0.4596867 5.401319 2.1068976
1.1109096 6.0908494 1.5705965
1.6472108 6.6654572 0.8810662
1.8770542 6.856993 0.2681506
1.8004398 6.7037644 0.0
1.4939818 6.205771 0.03830725
1.0342951 5.631162 0.497994
0.5746084 5.0182467 1.2641385
0.11492168 4.481946 1.8387468
-0.2681506 4.098873 2.1068974
-0.45968673 3.9456444 1.877054
-0.45968673 4.060566 1.4556745
-0.19153613 4.3287168 0.9193734
0.19153613 4.8267107 0.61291564
0.6512228 5.401319 0.6512228
1.1109096 6.0142345 0.61291564
1.4556746 6.6271505 0.61291564
1.5705962 6.933608 0.68953013
1.532289 6.933608 0.61291564
1.340753 6.6654572 0.7661446
1.1109096 6.3589997 0.9193734
1.1492168 6.2440777 1.0342951
1.340753 6.397307 1.2641385
1.7238252 6.933608 1.4173675
2.1835117 7.584831 1.4939818
2.528277 8.121132 1.3024457
3.0262709 8.810662 0.8044517
3.2561145 8.925584 0.5746084
3.4859576 8.925584 0.45968673
3.6391869 8.887277 0.30645782
3.6391869 8.772355 0.15322891
3.562572 8.580819 0.22984336
3.4859576 8.542512 0.38307226
3.4859576 8.580819 0.7278373
3.6391866 8.84897 0.9576807
3.9073372 9.193735 0.9576807
4.1371803 9.615114 0.7661445
4.367024 9.998186 0.5363012
4.5202527 10.304645 0.45968673
4.6351743 10.572795 0.45968673
4.750096 10.726024 0.5363012
4.8267107 10.802638 0.4213795
4.7884035 10.687716 0.19153614
4.596867 10.49618 -0.11492168
4.367024 10.228029 -0.30645782
4.060566 9.959879 -0.15322891
3.7924156 9.768343 0.26815057
3.5242648 9.653421 0.7278373
3.1795 9.615114 1.1109096
2.873042 9.615114 1.2258313
2.528277 9.615114 1.1492168
2.0685902 9.5385 0.9576807
1.6089035 9.346964 0.7278373
1.0726023 9.117121 0.49799395
0.61291564 8.963891 0.26815057
0.3064578 8.925584 0.19153613
0.11492168 9.270349 0.22984335
-0.038307227 9.730036 0.30645782
-0.49799398 10.457873 0.7661446
-0.8810662 10.496181 1.0726024
-1.340753 10.22803 1.3790601
-1.838747 9.998186 1.532289
-2.5665843 9.691729 1.3024457
-2.719813 9.921572 1.1875241
-2.7964275 10.151416 1.1875241
-2.873042 10.457873 1.1492169
-2.9879637 10.611102 1.1109096
-3.1028852 10.726024 1.0342952
-3.2178068 10.572794 0.99598795
-3.3327289 10.381258 0.9576807
-3.4476504 10.0748005 0.88106626
-3.7924154 9.615114 1.0726024
-4.060566 9.346964 1.2641385
-4.060566 9.002198 1.0726023
-3.9839516 8.772355 0.80445176
-3.7924156 8.695741 0.5363012
-3.6391866 8.504205 0.34476504
-3.4476504 8.236053 0.38307226
-3.3327286 7.929596 0.6895301
-3.217807 7.393295 1.3024458
-3.0262709 7.3549876 1.0726024
-2.873042 7.2783732 0.8044518
-2.7198133 7.086837 0.8044518
-2.6048915 6.818686 0.99598795
-2.4516625 6.588843 1.2258313
-2.336741 6.282385 1.4173675
-2.2218192 5.93762 1.3024457
-1.9536686 5.0182467 0.6895301
-1.9153614 4.673482 0.4596867
-1.838747 4.481946 0.49799395
-1.7621325 4.405331 0.7661445
-1.493982 4.596867 1.1492168
-0.8044517 4.9799395 1.7238252
-0.4596867 5.2480903 1.7621324
-0.22984336 5.401319 1.5705963
-0.11492168 5.554548 1.4556745
-0.15322891 5.707777 1.3790601
-0.30645782 5.5545483 1.1109096
-0.45968673 5.2097826 0.95768064
-0.61291564 4.8267107 0.7661445
-0.53630114 4.673482 0.842759
0.0 5.2480903 1.6089035
0.45968673 6.0908494 1.9919758
0.842759 6.895301 2.1068974
1.1492168 7.699753 2.030283
1.1875241 8.504205 1.685518
0.9959879 8.810662 1.5705962
0.9193734 9.078814 1.7621324
1.0726024 9.653421 2.1068974
1.3024457 10.381259 2.2984335
1.5705962 10.917561 2.4516625
1.7621324 11.530476 2.4516625
1.7238252 11.836933 2.3750482
1.5705963 11.760319 2.528277
1.3790601 11.722012 2.834735
1.0726024 11.683704 3.1028857
0.8044518 11.722012 3.2944217
0.68953013 12.066776 3.677494
0.61291564 12.488155 4.0222588
0.61291564 12.986149 4.6351748
0.53630114 13.828909 6.2823853
0.34476504 14.020445 6.742072
0.15322891 13.9438305 6.244078
-0.038307227 13.713987 5.363012
-0.22984336 13.445837 4.673482
-0.2681506 13.2543 4.3287168
-0.038307227 13.2543 4.1754875
0.30645785 13.599065 4.2904096
0.7661445 14.097059 4.2137947
1.2258313 14.633361 4.2137947
1.4556746 14.863204 4.1754875
1.4556746 14.709975 4.098873
1.2258313 14.211981 4.060566
0.84275895 13.52245 4.098873
0.45968673 12.832921 3.8690298
0.076614454 12.334927 3.562572
-0.34476507 11.798626 3.1028852
-0.7661445 11.300632 2.7964275
-1.1875241 10.840945 2.834735
-1.6855179 10.266337 2.9879637
-2.1068974 10.036493 3.4859576
-2.3750482 10.036493 3.9839516
-2.6431987 10.189722 4.2137947
-2.7581205 10.496181 4.2137947
-2.873042 10.6877165 4.0222588
-3.064578 10.649408 3.6008794
-3.2944217 10.457872 3.409343
-3.4093432 10.266336 3.6774938
-3.371036 10.228029 4.175488
-3.217807 10.304645 4.673482
-2.9113493 10.496181 5.018247
-2.7964275 10.534488 4.7884035
-2.719813 10.419565 4.405331
-2.6431985 10.113108 3.7924156
-2.6815062 9.768343 3.2944217
-2.4516625 9.576807 3.1794999
-2.0685902 9.768343 2.9496565
-1.6089035 10.189723 3.1794999
-1.0726024 10.496181 3.371036
-0.7661445 10.6877165 3.4093432
-0.7278373 10.266336 3.4093432
-1.0342952 9.4618845 3.3327289
-1.5322891 8.427589 3.4093432
-2.0685902 7.31668 3.6774936
-2.4516625 6.4739213 4.2904096
-2.3750482 6.1674633 5.056554
-1.8770541 6.5505357 5.7843914
-1.0726024 7.3932943 6.2057705
-0.11492166 8.504204 6.2440777
0.6512228 9.500192 5.6694694
1.1109096 9.959879 4.865018
1.2258313 9.768343 4.3287168
0.95768064 9.117121 3.9839516
0.53630114 8.312669 4.2521024
0.19153613 7.6614456 4.9416323
0.11492168 7.4316025 5.707777
0.34476507 7.508217 6.512229
0.9193735 7.73806 7.04853
1.6089036 8.159439 6.9719152
2.2984335 8.504204 6.435614
2.7964275 8.695741 5.66947
3.0262709 8.734048 4.7884035
3.064578 8.695741 4.0222588
3.064578 8.619126 3.7158012
3.1411927 8.734048 3.6008794
3.371036 8.963892 3.5625722
3.7158012 9.155428 3.7541084
3.9839516 9.308657 3.7924156
4.1371803 9.193735 3.7924156
4.060566 8.887277 3.86903
3.9073372 8.542511 3.86903
3.7541084 8.350975 3.86903
3.7541084 8.427589 3.86903
3.9073372 8.734047 3.7158012
4.1371803 9.078814 3.5242648
4.367024 9.385271 3.4476504
4.4436383 9.500193 3.2561145
4.405331 9.423578 3.1411927
4.252102 9.308657 3.1028855
4.060566 9.155427 2.9879637
3.86903 8.925584 3.217807
3.4859576 8.427589 3.8307228
3.3327289 8.236053 4.2904096
3.2561145 8.197746 4.5968676
3.1028855 8.236053 5.018247
2.9496565 8.274361 5.209783
2.873042 8.312668 5.2480903
2.873042 8.389282 5.1714754
3.1028855 8.734047 4.865018
3.4093432 9.193735 4.596867
3.6391866 9.615114 4.2904096
3.7158012 9.883265 4.1371803
3.6008794 9.844957 4.1754875
3.2561142 9.615114 4.252102
2.7964275 9.040505 4.367024
2.2984335 8.542511 4.4819455
1.8387469 8.0445175 4.6351748

