1.3790601 8.427589 5.056554
1.2258313 9.615114 5.286397
1.0726023 10.764331 5.3247046
0.842759 11.798626 5.171476
0.53630114 11.760319 4.903325
0.34476504 11.147403 4.4436383
0.22984336 10.687716 4.060566
0.22984336 10.228029 3.9456444
0.22984336 9.730036 4.098873
0.15322891 9.346964 4.1371803
0.15322891 8.887277 4.1754875
0.22984336 8.619126 4.098873
0.30645782 8.580819 4.1371803
0.49799395 8.580819 4.4436383
0.61291564 8.465898 4.7500963
0.5746084 8.159439 4.865018
0.53630114 7.8146744 4.6351748
0.53630114 7.3166804 4.0222588
0.3830723 6.588843 2.4516625
0.19153613 6.0142345 1.6089035
-0.49799395 5.094861 0.842759
-0.49799395 4.865018 1.1875241
-0.076614454 5.0182467 1.4939818
0.7278373 5.363012 1.6472107
0.7278373 5.2480903 1.4556746
0.5363012 5.0182467 1.3024458
0.22984338 4.596867 0.99598795
0.0 4.2137947 0.45968676
-0.19153613 4.0222588 0.15322892
-0.22984335 3.9456444 -0.03830722
-0.114921674 4.252102 0.15322892
0.11492168 4.673482 0.7661445
0.5363012 5.133168 1.2641385
0.84275895 5.66947 1.5705962
1.1492168 6.1674633 1.4939818
1.4173673 6.5888433 0.9959879
1.4939818 6.8186865 0.3064578
1.5705963 6.895301 -0.497994
1.6089036 6.8569937 -0.9193735
1.685518 6.9719152 -0.99598795
1.877054 7.2400665 -0.45968673
2.1068974 7.6231384 0.344765
2.3367407 8.082825 0.9959879
2.4899697 8.350975 1.340753
2.6431987 8.504205 1.1875241
2.834735 8.6574335 1.0342951
3.1411927 8.695741 0.842759
3.4476504 8.848969 0.9576807
3.715801 8.963891 1.3024458
3.7924156 9.040505 1.4939818
3.7158012 9.193735 1.5705962
3.677494 9.346964 1.3407528
3.6008792 9.500193 0.99598795
3.677494 9.576807 0.6512229
3.7924156 9.615114 0.34476507
3.86903 9.5385 0.19153613
3.9073372 9.500193 0.11492168
3.9073372 9.500193 0.15322891
3.8307228 9.768343 0.2681506
3.8307228 10.189722 0.038307227
3.7158012 10.266336 -0.22984336
3.5242648 10.189722 -0.49799395
3.2944217 9.959879 -0.6512228
2.9496565 9.768343 -0.9193734
2.7198129 9.576807 -1.0726023
2.4899697 9.423578 -1.0726023
2.2601264 9.308657 -1.1492169
2.0685902 9.308657 -0.99598795
1.7238252 9.461885 -0.30645782
1.3024457 9.653421 0.5746084
0.95768064 9.691729 0.9576807
0.038307235 9.346964 0.9959879
-0.7661445 9.002198 0.7661445
-1.0726023 8.963891 0.80445176
-1.532289 9.002198 0.91937345
-1.8004396 9.002198 1.1109096
-2.030283 9.002198 1.1492168
-2.2218192 9.040505 0.9959879
-2.3750482 9.155427 0.6512229
-2.5282772 9.232042 0.15322894
-2.719813 9.232042 -0.4213795
-2.9113493 9.155428 -0.84275895
-3.064578 9.040506 -0.9959879
-3.1794996 8.963891 -0.91937345
-3.1411924 9.078813 -0.49799392
-3.0262709 9.346963 0.07661445
-2.873042 9.653421 0.6512228
-2.7581205 9.883265 1.0726023
-2.719813 9.959879 1.2641385
-2.7964277 9.921572 1.2258313
-2.873042 9.844957 1.1492168
-2.9496565 9.80665 1.0342951
-3.064578 9.730036 1.187524
-3.1411927 9.5385 1.6089035
-3.2944214 9.2703495 2.030283
-3.4476504 8.963891 2.3750482
-3.6008794 8.695741 2.528277
-3.7158012 8.542512 2.3750482
-3.7541084 8.465898 2.0685902
-3.7158012 8.42759 1.8770542
-3.562572 8.42759 1.6089036
-3.3327289 8.389282 1.4556746
-3.1411924 8.197746 1.2641385
-2.9113493 7.8529816 0.95768064
-2.681506 7.4316025 0.7278373
-2.4899697 6.9719152 0.5363012
-2.2601264 6.512229 0.4213795
-2.030283 6.052542 0.30645782
-1.838747 5.5928555 0.076614454
-1.685518 5.209783 -0.26815057
-1.5705962 5.0182467 -0.7278373
-1.4939818 5.0182467 -1.1109096
-1.3790601 5.133168 -1.4173673
-1.2258313 5.1714754 -1.4939818
-1.0726024 5.133168 -1.3024457
-0.9576807 5.0182467 -0.9959879
-0.91937345 4.711789 -0.49799395
-0.88106626 4.55856 -0.114921674
-0.8044518 4.481945 0.0
-0.57460845 4.5585594 0.038307227
-0.15322891 5.056554 0.0
0.34476504 5.5928545 0.038307227
0.80445176 6.1674633 0.30645782
1.1109096 6.742072 0.7278373
1.2258313 7.2017584 1.1492168
1.1875241 7.4316025 1.5705963
1.0726024 7.4699097 1.8004397
0.99598795 7.4316025 1.685518
0.91937345 7.2783732 1.3790603
0.80445176 7.316681 1.1492168
0.842759 7.584831 1.1875241
0.8810662 8.082825 1.4556746
0.9959879 8.734048 2.030283
1.3024457 9.615113 2.566584
1.7238252 10.611101 3.064578
2.1452048 11.377246 3.217807
2.2601264 11.87524 2.987964
2.0685904 11.951855 2.4899697
1.4939818 11.722012 1.9153614
0.842759 11.453861 1.8387469
0.45968673 11.377247 2.1452045
0.42137948 11.60709 2.75812
0.6895301 12.066776 3.4859576
1.0342951 12.7179985 4.0222588
1.340753 13.330915 4.3670235
1.4173673 13.637373 4.596867
0.9959879 13.560758 4.55856
0.6512228 13.177686 4.4436383
0.4596867 12.947843 4.252102
0.34476507 12.794614 4.060566
0.3830723 12.717999 3.7541082
0.3830723 12.641384 3.4859576
0.30645782 12.526463 3.4476504
0.19153613 12.449848 3.6774938
0.15322891 12.449848 4.1371803
0.26815057 12.909535 4.6351748
0.5363012 13.52245 4.8267107
0.8810662 14.173674 4.5585604
1.0726024 14.633361 4.0988736
1.1492168 14.633361 3.6008792
0.8810662 14.288596 3.2944214
0.49799398 13.67568 3.3710358
0.03830725 13.062764 3.6774936
-0.45968673 12.603078 4.1371803
-0.842759 12.334927 4.5202527
-1.3024457 12.258312 4.6734815
-1.6472108 12.220005 4.55856
-1.9919758 12.066776 4.3287168
-2.4133554 11.798626 4.1371803
-2.8347347 11.33894 4.1371803
-3.2944214 10.840946 4.290409
-3.6391866 10.304644 4.5202527
-3.7924156 9.768343 4.750096
-3.6774938 9.576807 4.865018
-3.4476504 9.500193 4.7884035
-3.2944214 9.5385 4.4436383
-3.1411924 9.615114 4.1371803
-2.9879637 9.423578 3.9073372
-2.719813 9.423578 3.9073372
-2.2218192 9.653421 4.098873
-1.7238252 9.998186 4.2904096
-1.3790603 10.228029 4.5202527
-1.3024458 10.113108 4.673482
-1.4556746 9.500193 4.9416323
-1.4556746 9.002198 5.0182467
-1.2641385 8.8489685 4.9416323
-0.842759 9.002197 4.750096
-0.2681506 9.576807 4.290409
0.19153613 10.113108 3.86903
0.61291564 10.49618 3.6774938
0.9576807 10.457872 3.9839516
1.0342951 10.036493 4.4819455
0.80445176 9.232042 4.903325
0.30645782 8.312668 5.094861
-0.22984335 7.431602 4.8650174
-0.5746084 7.04853 4.750096
-0.38307226 7.1634517 4.9416323
0.22984338 7.73806 5.2097826
1.0726024 8.619126 5.439626
1.9919758 9.385271 5.363012
2.5282772 9.768343 4.865018
2.6048915 9.040505 3.9073372
1.9919758 7.354988 3.86903
1.8387469 6.742072 4.252102
1.9919758 6.6654577 4.7117887
2.4133554 6.933608 5.2863975
2.9113493 7.3932943 5.7460837
3.4476504 7.929596 5.8226986
3.9456444 8.350975 5.707777
4.367024 8.657433 5.324704
4.788403 8.848969 4.7500963
5.056554 8.810662 4.1371803
5.209783 8.734048 3.524265
5.209783 8.504204 3.026271
5.1331687 8.312668 2.9113493
5.1331687 8.312668 3.217807
5.171476 8.465897 3.6391864
5.2480903 8.619125 4.2137947
5.2863975 8.810662 4.596867
5.209783 8.848969 4.7884035
5.0182467 8.695741 4.8267107
4.711789 8.542511 4.5202527
4.3287168 8.274361 4.2904096
3.9456444 8.0445175 4.060566
3.6008794 7.967903 3.9073372
3.4476502 8.082825 3.9839516
3.4859576 8.389282 4.1371803
3.7541082 8.887277 4.3670235
4.1371803 9.461885 4.750096
4.481946 9.921572 5.056554
4.673482 10.151415 5.209783
4.520253 10.113108 5.1331687
4.060566 9.80665 4.903325
3.4859576 9.385271 4.7117887
2.873042 8.963891 4.443638
2.3750482 8.580819 4.1754875
1.9919759 8.389282 4.0222588
1.6089036 8.274361 3.9456444
1.2641385 8.236053 3.9073372

