0.9959879 8.312668 4.1754875
0.84275895 8.350975 4.481945
0.7661445 8.427589 4.673482
0.80445176 8.542512 5.0182467
1.1109096 9.538499 5.4779334
1.1492169 10.534487 5.66947
1.0342952 11.3006315 5.899313
0.842759 11.9135475 5.9759274
0.5746084 11.683704 6.129156
0.38307226 11.070788 6.090849
0.30645782 10.49618 5.9759274
0.34476504 10.036493 5.707777
0.4213795 9.576807 5.2097826
0.34476504 9.117121 4.5585604
0.22984336 8.6574335 3.8307226
0.076614454 8.00621 3.1411924
-0.15322891 7.4316025 2.681506
-0.22984335 6.742072 2.4516625
-0.22984335 6.1674633 2.336741
-0.076614454 5.516241 2.566584
0.038307227 5.363012 2.3750482
0.038307227 5.2097826 2.030283
-0.038307227 4.903325 1.532289
-0.4596867 3.9456444 0.7661445
-0.6512228 3.4476504 0.7661445
-0.8044517 3.1411924 1.0342952
-0.7661445 3.3327289 0.9576807
-0.61291564 3.6008792 0.8810662
-0.45968673 3.9073372 0.95768064
-0.15322891 4.3287168 0.8810662
0.34476504 4.9416323 0.95768064
0.7278373 5.5162406 0.8810662
1.1109096 6.0142345 0.53630114
1.3790601 6.3589993 0.2681506
1.4173673 6.5505357 0.0
1.4173673 6.7037644 0.0
1.4556746 6.8186865 0.15322891
1.6089036 6.9719152 0.6895301
1.838747 7.0102224 0.7661445
2.0685904 7.163451 0.95768064
2.4133554 7.393295 0.84275895
2.6431987 7.73806 0.6895301
2.7581205 7.967903 0.53630114
2.7581205 8.0445175 0.19153613
2.719813 8.121132 0.076614454
2.834735 8.197746 -0.038307227
3.026271 8.580818 -0.22984335
3.3327289 9.040505 -0.38307226
3.6391864 9.423578 -0.49799395
3.7541084 9.768343 -0.45968673
3.7924156 9.998186 -0.26815057
3.7924156 10.151416 0.0
3.715801 10.189723 0.076614454
3.715801 10.22803 0.0
3.6774938 10.151415 -0.15322891
3.562572 9.998186 -0.38307226
3.5242648 9.959879 -0.4213795
3.5242648 9.959879 -0.22984336
3.4859576 9.998186 0.07661444
3.409343 10.113108 0.26815057
3.217807 10.189722 0.3064578
2.8730419 10.036493 0.19153613
2.4133554 9.768343 0.076614454
1.9153613 9.5385 0.2681506
1.0342951 9.193735 0.6512229
0.6895301 9.193735 0.7661445
0.344765 9.155427 0.5746084
-0.07661445 9.040505 0.5363012
-0.49799395 8.963891 0.45968673
-0.91937345 8.925584 0.34476504
-1.2258313 8.887277 0.4213795
-1.4939818 9.002198 0.45968676
-1.6855179 9.270349 0.49799395
-1.8004397 9.5385 0.49799395
-1.9536686 9.883265 0.5746084
-2.1068976 10.266336 0.61291564
-2.2218192 10.572795 0.4596867
-2.2984335 10.764331 0.38307226
-2.3750482 10.726023 0.38307226
-2.528277 10.266336 0.91937345
-2.7964277 9.959879 1.532289
-3.371036 9.576807 1.9153614
-4.0222588 9.155427 2.2601264
-4.8267107 8.734048 2.1452045
-4.6734815 9.2703495 2.1068974
-4.596867 9.576807 1.9536686
-4.6351743 9.500193 1.8387468
-4.711789 9.308656 1.6472107
-4.8267107 8.963891 1.4173673
-5.056554 8.197746 1.3407528
-5.2863975 7.0485296 1.4173675
-5.209783 6.703765 1.532289
-4.9416327 6.8569937 1.5705962
-4.673482 7.2017584 1.4556746
-4.3287168 7.3549876 1.187524
-4.098873 7.393295 0.7661445
-3.86903 7.240066 0.4213795
-3.6008794 6.8569937 0.22984336
-3.4093432 6.3589997 0.15322891
-2.9879637 5.171476 0.34476507
-2.7581203 4.673482 0.49799395
-2.4516625 4.520253 0.5363012
-1.9919758 4.6351748 0.49799395
-1.4939818 5.056554 0.5746084
-0.9959879 5.5928555 0.3830723
-0.57460845 5.93762 0.2681506
-0.2681506 6.090849 0.076614454
-0.15322891 5.93762 -0.15322891
-0.15322891 5.554548 -0.11492168
-0.22984336 5.286397 -0.11492168
-0.2681506 5.2097826 0.19153613
-0.19153613 5.477933 0.45968673
-0.038307227 5.93762 0.5363012
0.19153613 6.3973074 0.49799398
0.4213795 6.7803793 0.19153613
0.6512229 7.086837 0.038307227
0.91937345 7.546524 0.11492168
0.7661446 7.8146744 0.22984335
0.61291564 7.967903 0.34476504
0.5363012 8.159439 0.4213795
0.45968673 8.504204 0.61291564
0.45968673 8.963891 0.7661446
0.49799395 9.385271 0.8044518
0.38307226 9.730036 0.6129157
0.076614454 9.576807 0.19153614
-0.038307227 9.346964 0.15322891
0.22984338 9.461885 0.7661446
0.8044518 10.0748005 1.5705962
1.9536686 11.722012 2.8730419
2.030283 12.296619 3.1794996
1.5705963 12.334927 3.2944217
0.8044517 12.143391 3.4093432
0.11492169 12.028469 3.6391864
-0.1532289 12.028469 3.9456444
7.4505806E-9 12.449849 4.367024
0.6895301 13.407529 4.7884035
1.4173675 14.441825 5.0182467
2.030283 15.437813 5.094861
2.4516625 16.242264 4.9416323
2.4516625 16.395493 4.8267107
2.1068976 16.127342 4.5585604
1.493982 15.322891 4.2904096
0.84275895 14.097059 4.0222588
0.34476507 13.062765 3.8307228
0.11492168 12.334927 3.9073372
0.076614454 12.028469 4.098873
0.19153613 12.028469 4.3670235
0.42137948 12.373234 4.5202527
0.61291564 12.794614 4.4819455
0.80445176 13.292608 4.1754875
0.91937345 13.67568 3.7158008
0.61291564 13.522451 3.2561145
0.038307235 12.909536 2.873042
-0.7278373 11.87524 2.8347347
-1.6089036 10.76433 3.1411927
-2.2218192 9.921572 3.715801
-2.4899697 9.576807 4.2521024
-2.566584 9.768343 4.4819455
-2.528277 10.228029 4.5585604
-2.4133554 10.726024 4.367024
-2.3750482 11.109096 4.2521024
-2.2984335 11.492167 4.3287168
-2.2601264 11.722012 4.290409
-2.413355 11.568783 4.060566
-2.6048913 11.032482 3.754108
-2.9496565 10.036493 3.5242648
-3.3327289 9.117121 3.371036
-3.4859576 8.427589 3.4476504
-3.5242648 8.082825 3.562572
-3.371036 8.159439 3.5242648
-2.9879637 8.504205 3.6391869
-2.528277 9.078813 3.562572
-2.1068974 9.576807 3.4859576
-1.7238252 9.921572 3.4476504
-1.4173675 9.998186 3.1411924
-1.2258313 9.921572 3.1794996
-1.1109096 9.730036 3.2561142
-1.0726023 9.346963 3.4476504
-1.2258313 8.695741 3.715801
-1.3407528 8.082825 3.9839516
-1.2641385 7.73806 4.290409
-0.95768064 7.8912888 4.6351743
-0.26815057 8.504205 4.865018
0.4596867 9.193734 4.8267107
1.0726023 9.691729 4.7884035
1.3407528 9.691729 4.4819455
1.2641385 9.385271 4.367024
1.1109096 8.848969 4.405331
0.9193735 8.389282 4.55856
0.9959879 8.197746 4.9416323
1.3024458 8.197746 5.439626
1.6472107 8.389282 5.899313
2.1068974 8.772355 6.244078
2.6431985 9.308657 6.2823853
3.1028852 9.768343 5.899313
3.5242648 10.036493 5.1714754
3.7158012 9.959879 4.252102
3.6008794 9.346963 3.4476504
3.3327286 8.542512 2.987964
3.0262709 7.8146744 3.1028855
2.8347347 7.278373 3.524265
2.8730419 6.9719152 4.213795
3.1411927 6.9719152 5.0182467
3.562572 7.163452 5.554548
4.060566 7.4316025 5.746084
4.5202527 7.929596 5.401319
4.7884035 8.312668 4.4819455
4.7884035 8.619126 3.371036
4.711789 8.734048 2.4516625
4.596867 8.695741 2.0685902
4.596867 8.772355 2.2601266
4.82671 8.848969 2.9496565
5.133168 9.002198 4.0222588
5.3247046 9.155427 4.9799395
5.3247046 9.232041 5.7460837
5.0948615 9.193734 6.090849
4.673482 9.11712 5.8610053
4.2904096 9.002198 5.4013186
3.9839516 8.810662 4.865018
3.7541082 8.6574335 4.405331
3.6008792 8.580819 4.2137947

