3.409343 8.542512 4.2137947
3.1794999 8.542512 4.252102
0.53630114 8.887277 4.6351748
0.4213795 10.342951 5.24809
0.45968673 11.990162 6.1674633
0.7278373 13.867216 7.2400656
1.2641385 16.127342 8.504205
2.1452048 17.123331 8.887277
2.9879637 18.081013 8.695741
3.562572 18.693928 8.082826
3.715801 18.617313 7.1634517
3.371036 17.659632 6.3589997
1.8004397 14.595054 5.8226986
0.9576807 12.947843 5.7460837
0.34476504 11.760318 5.7843914
-0.07661445 10.687716 5.707777
-0.22984335 9.998186 5.5545483
-0.3064578 9.5385 5.516241
-0.34476504 9.155427 5.3247046
-0.34476504 8.772355 5.0182467
-0.34476504 8.465897 4.7117887
-0.2681506 8.121132 4.252102
-0.2681506 7.6231384 3.6391864
-0.30645782 7.1634517 3.1794999
-0.3830723 6.742072 2.6048915
-0.4213795 6.4739213 2.2601266
-0.2681506 6.588843 2.4133554
-0.076614454 6.7420716 2.566584
0.15322891 6.818686 2.9879637
0.30645782 6.780379 3.256114
0.38307226 6.5122285 3.2178068
0.4213795 6.3589993 3.1028852
0.38307226 6.282385 2.873042
0.38307226 6.0525417 2.681506
0.26815057 5.7460837 2.4133554
0.076614454 5.324704 2.183512
-0.038307227 4.82671 1.9919759
-0.076614454 4.788403 1.8004397
0.15322891 5.056554 1.5705963
0.49799398 5.4779334 1.2641386
0.8044518 5.9759274 1.1109097
1.0342951 6.282385 0.99598795
1.0342951 6.3589997 1.1492169
0.842759 6.435614 1.7621324
0.7661446 6.3589997 1.9536686
0.6512229 6.397307 1.8770541
0.49799395 6.397307 1.7238252
0.49799395 6.473922 1.340753
0.5363012 6.5888433 1.1109096
0.5746084 6.742072 1.0342951
0.6512228 7.0102224 0.8810662
0.68953 7.201759 0.6895301
0.61291564 7.393295 0.34476504
0.61291564 7.546524 0.22984335
0.68953013 7.508217 0.34476504
0.88106626 7.4699097 0.91937345
0.99598795 7.3549876 1.0726023
1.0342952 7.3549876 1.1875241
0.99598795 7.3166804 1.1875241
0.7661446 7.0868373 1.1109096
0.6895301 6.9719152 0.842759
0.7278373 6.9719152 0.6512229
0.91937345 7.125144 0.45968673
1.340753 7.8529816 0.45968673
1.5705963 8.159439 0.53630114
1.7621324 8.465897 0.53630114
1.9536686 8.6574335 0.6895301
2.183512 8.772355 0.80445176
2.4899697 8.963892 0.8810662
2.8347347 9.193735 0.9193734
3.5242648 9.576807 0.49799395
3.86903 9.615114 0.38307226
4.098873 9.576807 0.42137948
4.2521024 9.653421 0.53630114
4.367024 9.768343 0.57460845
4.367024 9.883265 0.3830723
4.367024 9.959879 0.038307227
4.3287163 9.80665 -0.19153613
4.0222588 9.500193 -0.49799395
3.8307228 9.423578 -0.3830723
3.7158012 9.5385 -0.19153613
3.6774938 9.80665 0.22984338
3.4093432 10.189722 0.9576807
3.141193 10.304644 0.9576807
2.7964277 10.342952 0.6512228
2.4133554 10.228029 0.19153613
2.0685902 10.151415 -0.15322891
1.7238252 10.036493 -0.2681506
1.4173675 9.883265 -0.038307235
1.2258313 9.921572 0.30645782
0.9959879 9.998186 0.6895301
0.7278373 9.998186 0.99598795
0.34476504 9.998186 1.1492169
-0.22984338 9.921572 1.3407531
-0.7661445 9.768343 1.4556746
-1.2258313 9.844957 1.4939818
-1.4939818 10.113108 1.4556746
-1.5705963 10.419566 1.3407528
-1.6472107 10.6877165 1.2258313
-1.7621324 10.764331 1.1109096
-2.030283 10.611102 1.3024457
-2.336741 10.496181 1.8004396
-2.5665843 10.419566 2.4899697
-2.7581205 10.342951 3.2561142
-2.873042 10.304644 3.715801
-2.9879637 10.151415 3.6391866
-3.217807 9.883265 3.1028855
-3.4859576 9.576807 2.3750482
-3.715801 9.232042 1.4939818
-3.86903 9.002198 0.8044518
-3.7924156 9.002198 0.5363012
-3.4859576 9.270349 0.42137948
-3.1411927 9.653421 0.57460845
-2.6048913 10.0748005 0.7661445
-2.6048913 9.921572 0.7661445
-2.7198129 9.5385 0.72783726
-2.911349 9.040505 0.7661445
-3.1028852 8.580819 0.7278373
-3.217807 8.121132 0.5746084
-3.2561142 7.8529816 0.38307226
-3.1794999 7.73806 0.076614454
-2.9879637 7.73806 0.0
-2.7581203 7.8912888 0.076614454
-2.4899697 7.929596 0.22984336
-2.2601264 7.967903 0.4213795
-2.0685902 7.8146744 0.45968673
-1.9536686 7.584831 0.49799395
-1.8004396 7.393295 0.5363012
-1.6089034 6.9719152 0.57460845
-1.4173675 6.5505357 0.61291564
-1.2258313 6.052542 0.61291564
-1.1109097 5.516241 0.5363012
-0.9576807 4.903325 0.34476504
-0.842759 4.7884035 0.34476504
-0.6512229 4.903325 0.45968673
-0.45968673 5.1331687 0.49799395
-0.22984335 5.516241 0.5746084
0.0 5.861006 0.7278373
0.076614454 5.9759274 0.80445176
0.11492168 5.861006 1.1109096
0.038307227 5.4779334 1.3407528
-0.19153613 5.0948615 1.5705963
-0.4213795 4.8267107 1.8004397
-0.68953013 4.711789 1.9153614
-0.7661445 4.903325 1.9919758
-0.6512228 5.324704 1.8770542
-0.30645782 5.9759274 1.8004397
0.15322891 6.703765 1.7238252
0.4213795 7.201759 1.6472108
0.61291564 7.6231384 1.685518
0.6512228 7.8529816 1.6472108
0.6895301 8.197746 1.6089035
0.9193734 8.887277 1.493982
1.3024458 9.691728 1.5322891
1.6472108 10.457872 1.4173673
1.8004397 10.840945 1.2641385
1.6089035 10.6877165 1.187524
1.1109096 10.113109 1.2258313
0.5363012 9.193735 2.183512
0.7661446 9.5385 3.0262709
1.2641386 10.381258 3.5242648
1.7621324 11.377247 3.7924156
2.0685902 12.181698 3.86903
2.0685902 12.679691 3.86903
1.9153614 12.947843 3.9073372
1.5705962 13.139379 3.9456444
1.187524 13.40753 3.9456444
0.8044517 13.599066 3.7541084
0.34476504 13.713987 3.2944217
-0.15322891 13.599066 2.9113493
-0.7661445 13.215993 2.7581203
-1.3024458 12.641385 3.0262709
-1.685518 12.143391 3.8307226
-1.8004397 11.951855 4.903325
-1.6472108 12.105083 6.0142345
-1.4556746 12.564771 6.8569937
-1.4556746 12.98615 7.240066
-1.685518 13.024457 7.1634517
-2.1068974 12.717999 6.7803793
-2.6048913 12.181698 6.2823853
-2.987964 11.415554 5.8226986
-3.1794999 10.840945 5.4396267
-3.1411927 10.457872 5.1331687
-2.873042 10.266336 4.9799395
-2.4516625 10.304644 4.9799395
-2.030283 10.572794 5.133168
-1.6089035 10.955867 5.439626
-1.340753 11.415554 5.5162406
-1.0726024 11.990162 5.592855
-0.8044518 12.449848 5.6694694
-0.68953013 12.756306 5.6694694
-0.7278373 12.641384 5.6694694
-0.9959879 12.220005 5.554548
-1.4556745 11.568783 5.5162406
-2.030283 10.764332 5.3247046
-2.4899697 10.0748005 5.209783
-2.7964275 9.653421 5.3247046
-2.8347347 9.653421 5.401319
-2.6815057 9.95988 5.554548
-2.4899697 10.381259 5.631162
-2.3750482 10.611102 5.592855
-2.3367407 10.457873 5.401319
-2.3750482 9.959879 5.2097826
-2.336741 9.461885 5.24809
-2.336741 9.11712 5.2097826
-2.3750482 8.810662 5.24809
-2.3750482 8.695741 5.133168
-2.4516625 8.580818 4.865018
-2.3750482 8.580818 4.7117887
-1.8770542 9.193734 4.2904096
-1.4556746 9.730036 3.9839516
-1.1875241 9.959879 3.6391866
-1.0726024 9.883265 3.5242648
-1.2641385 9.232041 3.7541082
-1.7238253 8.236053 4.2521024
-2.183512 6.9719152 4.7884035
-2.48997 5.66947 5.1714754
-2.4516628 5.171476 5.554548
-1.7621324 5.8226986 5.93762
0.15322888 9.346963 5.93762
1.0726023 11.032481 5.209783
1.5705963 11.760319 4.213795
1.7621324 11.645397 3.5242648
0.9193735 9.500193 3.6008792
-0.842759 6.3206925 5.286397
-1.5322891 5.133168 6.2440777
-1.6089036 4.7500963 6.933608
-1.2258313 5.056554 7.0868373
-0.4213795 5.9759274 6.8186865
0.6895301 7.278373 6.0142345
1.685518 8.542511 5.056554
2.4133554 9.385271 4.175488
2.911349 9.883265 3.4859576
2.9879637 9.80665 3.2178073
2.873042 9.38527 3.3327289
2.7581205 8.963891 3.7541084
2.681506 8.465897 4.4436383
2.7581203 8.0445175 5.056554
2.8730419 7.776367 5.592855
3.1411927 7.699753 5.861006
3.562572 8.0445175 5.93762
4.098873 8.619126 5.861006
4.7117887 9.308657 5.516241
5.094861 9.883265 4.9416323
5.2863975 9.998186 4.1754875
5.209783 9.844957 3.371036
4.9799395 9.500192 2.9496565
4.7500963 9.078813 2.9113493
4.4819455 8.69574 3.1794999
4.252102 8.504204 3.715801
3.9839516 8.350975 4.098873
3.8307228 8.274361 4.4819455
3.7924156 8.427589 4.82671
3.9073372 8.619125 5.056554
4.1371803 8.925583 5.2480903
4.1754875 9.117121 5.171476
4.1371803 9.193735 4.903325
3.9456444 9.117121 4.4436383
3.5625722 8.963891 3.8690298
3.1794999 8.772354 3.409343
2.7964275 8.619125 3.1411927
2.4899697 8.504204 3.1794999
2.3367407 8.465897 3.371036
2.2984335 8.619126 3.7924156
2.3367407 8.734048 4.3287168
2.4133554 9.040505 5.2480903
2.336741 9.040505 5.3247046
2.1452045 8.963891 4.9799395
1.8387469 8.772355 4.5585604
1.532289 8.504205 4.0222588
1.37906 8.236053 3.7924156
1.2641385 8.082825 3.86903

