1.187524 8.389282 4.405331
1.2641385 9.921572 5.324704
1.4556745 11.530476 5.899313
1.6472107 13.101072 6.282385
1.9919758 14.135366 6.6654572
2.030283 14.058752 6.320692
1.9536686 13.752295 6.282385
1.8770541 13.369223 6.320692
1.7621324 13.024457 6.320692
1.6472107 12.564771 6.129156
1.4173673 12.028469 5.7460837
1.0342951 11.453861 5.094861
0.6895301 10.802639 4.55856
0.38307226 10.151415 4.1371803
0.38307226 9.730036 3.9839516
0.6895301 9.615114 4.252102
1.2641385 9.80665 4.673482
1.9153613 10.189722 5.24809
2.336741 10.342951 5.6694694
2.528277 10.304644 5.746084
2.375048 9.921572 5.66947
2.0685902 9.270349 5.439626
1.7238252 8.580819 5.1331687
1.340753 7.8912888 4.903325
1.0342951 7.316681 4.55856
0.842759 7.0102224 4.098873
0.7661445 6.933608 3.4859576
0.68953 6.8186865 2.7964275
0.7661445 6.7420716 2.1835117
0.9193734 6.7037644 1.6855179
1.0726024 6.7037644 1.6089035
1.3024457 6.6654572 1.7621324
1.37906 6.5122285 1.9153614
1.2641385 6.2057705 2.030283
1.0342951 5.746084 1.8387468
0.7661445 5.401319 1.5705962
0.49799395 5.2097826 1.3407528
0.2681506 4.9799395 1.1875241
0.11492168 4.8267107 1.0342951
-0.076614454 4.673482 0.99598795
-0.11492168 4.6351748 1.1109097
-0.076614454 4.903325 1.3790603
0.076614454 5.324704 1.8004396
0.2681506 5.899313 1.9536686
0.3830723 6.2823853 1.8004396
0.3830723 6.397307 1.5705962
0.19153613 6.244078 1.3024457
0.0 5.899313 1.3024457
-0.19153613 5.516241 1.4939818
-0.26815057 5.24809 1.7238252
-0.076614454 5.324704 1.8770542
0.6895301 6.3206925 1.4556746
1.340753 7.201759 0.91937345
1.9919758 7.967903 0.53630114
2.6431987 8.619126 0.30645782
3.064578 8.695741 0.45968673
3.1795 8.350975 0.7278373
3.0645785 7.8912888 0.9576807
2.7964277 7.5082164 1.1109096
2.528277 7.393295 1.1875241
2.413355 7.469909 1.2258313
2.413355 7.584831 1.37906
2.528277 7.776367 1.532289
2.7964277 7.929596 1.3790601
3.141193 8.312668 1.0342951
3.562572 8.69574 0.45968673
4.060566 9.002198 -0.03830722
4.5202527 9.500193 -0.15322891
4.9799395 9.844957 -0.11492168
5.2863975 10.189722 -0.038307227
5.477934 10.419565 -0.15322891
5.477934 10.496181 -0.30645782
5.2863975 10.534488 -0.5363012
5.0948615 10.496181 -0.8044518
4.7884035 10.457873 -0.9576807
4.4436383 10.342951 -1.0726024
4.0222588 10.0748005 -1.0342951
3.5242648 9.80665 -0.5746084
3.1028855 9.576807 0.114921674
2.7581205 9.500193 0.80445176
2.4899697 9.576807 1.3790601
2.2984338 9.768343 1.4556746
2.030283 9.998186 1.1875241
1.6472107 9.998186 0.8810662
1.1492168 9.844957 0.6512228
0.49799395 9.615114 0.6512228
-0.038307235 9.385271 0.9576807
-0.4213795 9.385271 1.4556746
-0.6512228 9.691729 2.1068976
-0.8427589 9.998186 2.681506
-1.2258312 10.266336 2.9113493
-1.7621324 10.304644 2.6048913
-2.4516625 10.036493 2.0685902
-3.0262709 9.768343 1.4556746
-3.3327286 9.461885 0.9193734
-3.4859576 9.270349 0.6895301
-3.4859576 9.193734 0.6895301
-3.4859576 9.078813 0.8810662
-3.6774936 8.963891 1.2641385
-3.9456444 8.810662 1.7238252
-4.1754875 8.810662 2.1452045
-4.3287168 8.810662 2.528277
-4.367024 8.695741 2.719813
-4.367024 8.619125 2.5665843
-4.55856 8.159439 1.4939818
-4.673482 8.0445175 0.7661446
-4.673482 7.929596 0.45968676
-4.5585604 7.8529816 0.4213795
-4.367024 7.776367 0.7278373
-4.060566 7.8146744 1.3024458
-3.7541082 7.8529816 1.8004397
-3.3710358 8.082825 1.9919759
-2.9879634 8.312668 1.9536686
-2.7964275 8.42759 1.6089035
-2.719813 8.350976 1.1492168
-2.9496565 7.2783732 0.49799395
-2.873042 6.0908494 0.61291564
-2.6431987 5.707777 0.7278373
-2.2601264 5.66947 0.9576807
-1.9153614 5.707777 1.1109096
-1.6472107 5.8226986 1.1492169
-1.4556746 5.899313 1.2641385
-1.340753 5.8226986 1.2258313
-1.1875241 5.746084 1.1492169
-0.9576807 5.707777 0.9959879
-0.6512228 5.707777 0.8810662
-0.34476504 5.707777 0.7661445
0.19153613 5.7843914 0.38307226
0.49799395 5.9759274 0.22984335
0.6895301 6.3589997 0.34476504
0.80445176 6.8186865 0.6895301
0.80445176 7.1634517 0.95768064
0.5363012 7.240066 1.1109096
0.19153613 6.9719152 1.1109096
-0.11492168 6.512229 0.91937345
-0.2681506 6.1291566 0.7661445
-0.15322891 6.3589997 0.8044517
0.22984338 7.0102224 0.9576806
0.72783726 8.121132 1.0726023
1.1109096 9.232041 1.1492168
1.2258313 10.304644 1.1109096
0.9576807 10.228029 1.3790603
0.7661445 10.304644 1.7238252
0.57460845 10.189722 2.030283
0.4213795 10.228029 2.1452045
0.30645782 10.151415 1.9919758
0.038307227 9.844957 1.7621324
-0.22984336 9.5385 1.5322891
-0.61291564 9.002198 1.4173673
-0.9576807 8.542511 1.685518
-1.1109096 8.236053 2.1068974
-1.1109096 8.465897 2.681506
-0.6512228 9.232041 3.4093432
-0.07661447 10.342951 3.9839516
0.49799395 11.530475 4.1754875
0.91937345 12.296619 4.2137947
0.9959879 12.756307 3.9456444
0.9959879 13.101071 3.6391866
1.1109096 13.330915 3.7541084
1.4173675 13.790602 4.060566
1.8770542 14.326902 4.673482
2.2984338 14.709974 5.3247046
2.4899697 15.093047 5.861006
2.4133554 15.207969 6.2440777
2.1068974 14.939818 6.397307
1.7621325 14.709975 6.397307
1.4173675 14.518439 6.3206925
1.1875241 14.288596 6.1674633
1.1109096 14.326903 6.0525417
1.0342952 14.326903 5.8226986
0.9193735 14.250289 5.6311626
0.7278373 14.058753 5.477934
0.4213795 13.599067 5.209783
-0.03830722 12.909536 5.0182467
-0.45968673 11.990163 4.82671
-0.9193734 11.109097 4.596867
-1.4556746 10.228029 4.596867
-1.4939818 10.151415 4.711789
-1.4173675 10.342951 5.0182467
-1.3024457 10.611101 5.3630114
-1.3790603 10.802637 5.516241
-1.5705963 10.879252 5.2480903
-1.8770541 10.726024 4.596867
-2.2984338 10.304645 3.8307228
-2.681506 9.730036 3.2944217
-3.1028855 9.155427 3.3327289
-3.4476504 8.6574335 3.7924156
-3.7158012 8.350975 4.5202527
-3.7541084 8.427589 5.2863975
-3.5625722 8.887276 5.746084
-3.2561142 9.576807 5.7077765
-2.8730419 10.266336 5.1714754
-2.6048913 10.76433 4.405331
-2.528277 10.687716 3.5625722
-2.6431987 10.151415 3.217807
-2.7581203 9.461885 3.1794999
-2.719813 8.772354 3.4476507
-2.566584 8.504204 4.060566
-2.183512 8.542511 4.520252
-1.7621324 8.772355 4.8267107
-1.532289 8.925584 4.865018
-1.3790601 8.772355 4.7117887
-1.3790601 8.465897 4.5202527
-1.4556746 8.0445175 4.4819455
-1.4173673 7.73806 4.367024
-1.3407528 7.584831 4.252102
-1.2258313 7.546524 4.290409
-0.9576807 7.6231384 4.367024
-0.68953013 7.699753 4.5968676
-0.45968673 7.8146744 4.903325
-0.19153613 7.929596 5.0182467
0.038307227 8.00621 4.903325
0.19153613 8.0445175 4.481946
0.34476504 8.159439 3.9456446
0.45968673 8.236053 3.4476504
0.5363012 8.197746 3.2944214
0.61291564 8.00621 3.6008794
0.7278373 7.73806 4.060566
0.91937345 7.508217 4.6351748
1.0726023 7.393295 5.056554
1.3024457 7.584831 5.24809
1.532289 7.8529816 5.1714754
1.7621324 8.197746 4.9416323
2.0685904 8.619126 4.7117887
2.4516625 8.925584 4.596867
2.9496565 9.11712 4.7500963
3.4859576 9.346964 5.056554
3.8690298 9.385271 5.3247046
4.0222588 9.461885 5.2863975
3.9839516 9.461885 5.0182467
3.8307228 9.500193 4.673482
3.8307228 9.730036 4.252102
3.9839516 9.998186 3.9456444
4.1754875 10.266336 3.8307228
4.4053307 10.266336 3.7541084
4.4436383 10.036493 3.6008794
4.2904096 9.576807 3.5625722
4.060566 9.11712 3.2561145
3.677494 8.6574335 3.0262709
3.4476504 8.312668 3.1028852
3.371036 8.0445175 3.4476504
3.4093432 7.8912888 4.213795
3.6391866 7.8912888 4.903325
3.7541084 8.0445175 5.3247046
3.8307228 8.274361 5.209783
3.8307228 8.427589 4.7500963
3.6391866 8.504204 4.175488
3.4476504 8.504204 3.7924156
3.371036 8.542511 3.7924156
3.2944217 8.657433 4.098873
3.3327289 8.848969 4.5968676
3.3327289 9.078813 4.8267107
3.1028855 9.385271 4.865018
2.9496565 9.500193 4.4436383
2.8730419 9.500193 4.1371803
2.719813 9.423578 3.8307228
2.566584 9.346963 3.7924154
2.4133554 9.232041 4.0222588
2.2601264 9.078813 4.367024
2.183512 9.002198 4.6351748
2.1452048 8.963891 4.865018
2.1452048 9.040505 5.0182467
2.1452048 9.193734 5.0182467
2.1452048 9.308657 4.9799395
2.1452048 9.308657 4.903325
2.030283 9.232042 4.711789

