1.1492168 8.848969 4.098873
0.99598795 9.691729 4.3670235
1.0726023 10.879252 4.9799395
1.340753 12.334928 5.6311626
1.5705963 13.7522955 5.899313
1.7621325 14.288596 6.205771
1.7621325 14.480132 6.3589997
1.5705963 14.441825 6.703765
1.3790601 14.326903 7.1634517
1.187524 14.173675 7.431602
1.1109096 14.211982 7.8146744
1.2641386 14.403518 8.0445175
1.5322891 14.671668 8.121132
1.8770542 15.054741 8.159439
2.2601264 15.246277 8.082825
2.6048913 15.284584 7.967903
2.8730419 15.20797 7.5465236
3.064578 14.978126 7.0485296
3.064578 14.518439 6.3589997
2.9496565 13.867216 5.631162
2.681506 13.024457 5.133168
2.3367407 12.143391 4.903325
2.0685902 11.415554 4.7500963
1.7621324 10.649409 4.6351743
1.532289 10.0748005 4.5202527
1.3790603 9.461885 4.2137947
1.1875241 8.848969 3.9839516
0.9576807 8.197746 3.8307228
0.68953013 7.546524 3.6391866
0.15322891 6.473922 3.217807
-0.038307227 6.129156 2.9496565
-0.15322891 5.707777 2.7964277
-0.30645782 5.324704 2.6431987
-0.38307226 5.0182467 2.5665843
-0.22984336 4.9799395 2.3750482
0.03830722 5.363012 2.2984335
0.49799395 5.93762 2.3750482
0.9193734 6.588843 2.4133554
1.1109095 6.8953004 2.6048913
1.1492168 6.780379 2.528277
0.9193735 6.3206925 2.1452048
0.6512229 5.631162 1.6089035
0.38307226 5.0182467 0.8810662
0.076614454 4.4436383 0.30645782
-0.15322891 3.9839516 0.076614454
-0.34476507 3.6391866 0.114921674
-0.4213795 3.4859576 0.4596867
-0.26815063 3.6391864 0.8044517
0.03830722 4.060566 0.9959879
0.4213795 4.750096 1.0342951
0.84275895 5.4013186 0.8810662
1.0342951 5.822698 0.7661445
1.0726024 6.0142345 0.7661445
1.0342951 5.8226986 0.8044517
0.9193735 5.66947 1.0342951
0.9576807 5.6311626 1.2641385
1.1492169 5.899313 1.3790601
1.4939818 6.5122285 1.6089035
1.9153614 7.1634517 1.5322891
2.2218194 7.73806 1.3790603
2.4899697 8.0445175 1.3024457
2.6431985 8.389282 1.187524
2.7198129 8.580818 1.4173675
2.8347347 8.734047 1.6472108
2.7581203 8.772354 1.7238252
2.6048915 8.504204 1.532289
2.4899697 8.350975 1.1109096
2.528277 8.274361 0.84275895
3.217807 8.848969 0.53630114
3.6391866 9.193735 0.4213795
3.9456444 9.500193 0.19153613
4.1371803 9.768343 0.038307227
4.1754875 9.998186 0.076614454
4.060566 10.036493 0.45968673
3.9073372 9.959879 0.6895301
3.7541084 9.883265 0.9576807
3.7541084 9.844957 0.6512229
3.7541084 9.921572 0.4213795
3.715801 9.998186 0.15322891
3.4476502 10.266336 0.19153613
3.1794999 10.266336 0.38307226
2.7964277 10.113108 0.5746084
1.838747 9.730036 0.8044517
1.3024457 9.615114 0.53630114
0.842759 9.576807 0.19153614
0.45968673 9.576807 -0.22984335
0.15322891 9.653421 -0.38307226
-0.11492168 9.844957 -0.076614454
-0.6512228 9.921572 0.22984336
-1.0726024 9.844957 0.38307226
-1.4939818 9.730036 0.68953
-1.8387468 9.500193 0.99598783
-2.183512 9.308656 1.3024457
-2.3750482 9.155427 1.4173673
-2.4516625 9.040505 1.340753
-2.4899697 9.11712 1.2641385
-2.4133554 9.385271 1.2641385
-2.3367407 9.998186 1.3790601
-2.2984335 10.304644 1.532289
-2.2984335 10.457873 1.6472107
-2.3367407 10.534488 1.8770541
-2.4899697 10.342952 1.9536686
-2.7964275 9.921572 1.8770541
-3.1028852 9.615114 1.8387469
-3.4476504 9.193735 1.6472108
-3.2944217 9.155428 1.6089035
-3.1028855 9.078813 1.4939818
-2.873042 9.040505 1.3790601
-2.7581203 8.963891 1.2641386
-2.681506 9.002198 1.1492169
-2.6048913 9.040505 1.0726024
-2.528277 9.078813 0.9959879
-2.4133554 9.078813 0.9576807
-2.336741 8.925584 0.9193734
-2.2601264 8.734048 0.8810662
-2.1835117 8.504204 1.0342951
-2.0685902 8.350975 1.2641385
-1.9153614 8.312668 1.5705963
-1.7621325 8.121132 1.7238252
-1.6089035 7.929596 1.6089035
-1.4173673 7.73806 1.3790601
-1.1875241 7.5082164 1.1875241
-0.9576807 7.431602 1.1492168
-0.61291564 7.393295 1.1875241
-0.38307226 7.240066 1.3024457
-0.19153613 6.9719152 1.187524
-0.038307227 6.62715 0.95768064
0.0 6.205771 0.61291564
0.2681506 5.9759274 -0.11492168
0.4213795 5.93762 -0.11492168
0.61291564 5.899313 0.076614454
0.6512228 5.7077765 0.49799395
0.53630114 5.5162406 0.842759
0.30645782 5.363012 1.1109096
-0.038307227 5.209783 1.2258313
-0.34476507 4.97994 0.9959879
-0.4213795 4.7884035 0.8810662
-0.22984335 4.865018 0.7278373
0.11492169 5.2480903 0.8044518
0.6895301 5.7843914 1.0726024
1.1492168 6.435614 1.3024457
1.3024457 6.933608 1.6472106
1.1875241 7.0868373 1.9919758
0.8044518 7.1251445 2.3750482
0.3830723 7.0485296 2.7964275
0.11492168 6.818686 2.9113493
0.11492168 6.7037644 2.7581203
0.4213795 6.780379 2.4133554
0.842759 6.895301 1.9153614
1.8004396 7.699753 1.0342951
2.0685902 8.389283 0.9959879
2.2218192 9.002199 1.0726023
2.2984335 9.576807 1.4173673
2.2601264 9.844957 1.9153613
2.1835117 9.883265 2.2601264
2.1452045 9.844957 2.6431985
2.1068974 9.883265 2.8347347
2.2218192 10.113108 2.873042
2.4133554 10.457873 2.873042
2.566584 11.109097 2.6431987
2.719813 11.87524 2.4133554
2.7581203 12.641385 2.1068976
2.681506 13.177686 1.9919758
2.566584 13.484143 2.566584
2.528277 13.637373 3.7158008
2.5665843 13.752295 5.056554
2.6431987 14.097059 6.282385
2.7198133 14.518438 6.8953004
2.5665843 14.748282 6.818686
2.2218192 14.671668 6.397307
1.685518 14.211982 5.7460837
0.9959879 13.484144 5.056554
0.3064578 12.756307 4.55856
-0.19153613 12.296619 4.405331
-0.34476504 12.143391 4.5202527
-0.11492168 12.5264635 4.903325
0.4596867 13.292608 5.2480903
0.9959879 14.020445 5.363012
1.3407528 14.518439 5.209783
1.3024457 14.441825 4.7884035
0.99598783 13.790602 4.4436383
0.49799395 12.909535 4.0222588
-0.076614454 11.913548 3.7541082
-0.5363012 11.032482 3.715801
-0.9576807 10.457873 3.8307228
-1.2258313 10.0748005 4.367024
-1.2641385 9.998186 5.1714754
-1.1109096 10.342951 6.0142345
-0.84275895 10.802638 6.5888433
-0.5363012 11.338939 6.5888433
-0.4213795 11.990162 5.9759274
-0.5746084 12.296619 5.094861
-0.9576807 12.181698 4.367024
-1.532289 11.760319 4.0222588
-2.1068976 10.840945 4.2521024
-2.681506 9.80665 4.6351748
-3.217807 9.002198 5.018247
-3.562572 8.465897 5.363012
-3.715801 8.389282 5.477934
-3.6008792 8.465897 5.439626
-3.2561142 8.810661 5.1714754
-2.873042 9.308657 4.8267107
-2.4133554 9.80665 4.4819455
-1.9919758 10.228029 4.2137947
-1.7238252 10.342951 3.9839516
-1.532289 10.0748005 3.86903
-1.5705963 9.461885 3.7158012
-1.7238252 8.810661 3.6008792
-1.7621324 8.312668 3.6391866
-1.7238252 8.121132 3.6774938
-1.4173675 8.236053 3.9456444
-0.8810662 8.504205 4.4436383
-0.30645782 8.810662 5.0182467
0.22984335 8.925584 5.363012
0.5746084 8.848969 5.171476
0.68953 8.619126 4.481946
0.72783726 8.350975 3.677494
0.84275895 7.8912888 2.7581205
1.2258313 7.929596 3.4093432
1.4939818 8.0445175 4.0222588
1.7238252 8.236053 4.6351743
2.0685904 8.350975 5.133168
2.336741 8.504204 5.24809
2.6048915 8.695741 5.056554
2.834735 8.810662 4.6351748
3.026271 8.925584 4.098873
3.1411927 8.887277 3.6391866
3.217807 8.810662 3.409343
3.3327286 8.695741 3.3327286
3.4476504 8.542512 3.2944214
3.6008794 8.42759 3.371036
3.7924156 8.236053 3.4093432
3.9839516 8.121132 3.6008792
4.2137947 8.159439 3.9073372
4.5202527 8.236053 4.252102
4.8267107 8.465897 4.443638
5.0182467 8.580819 4.2137947
5.094861 8.619126 3.86903
5.0182467 8.619126 3.3327289
4.903325 8.6574335 3.0262709
4.903325 8.848969 3.0645783
4.903325 9.002199 3.2561142
4.9416323 9.117121 3.6391864
4.903325 9.002199 3.86903
4.711789 8.734048 4.0222588
4.520253 8.389282 4.060566
4.2521024 8.121132 4.0222588
4.0222588 7.8529816 4.060566
3.8307228 7.6614456 4.1754875
3.6391864 7.6231384 4.3670235
3.6774936 7.73806 4.596867
3.86903 8.0445175 4.9416323
4.1371803 8.580819 5.4396267
4.0222588 8.848969 5.2480903
3.9456444 8.963891 4.8267107
3.9073372 9.002198 4.4436383
3.7924156 9.078813 4.1371803
3.6391864 9.002198 3.9456444
3.5242648 8.887277 3.9456444
3.4093432 8.810662 4.1371803
3.3327286 8.695741 4.4436383
3.217807 8.619126 4.7884035
2.9879637 8.504204 5.0565543
2.7964277 8.389282 5.0948615
2.5282772 8.389282 4.903325
2.3750482 8.350975 4.673482
2.3750482 8.274361 4.4436383

