0.038307227 8.312668 5.439626
0.11492168 8.887277 5.363012
0.34476504 9.461885 5.3247046
0.49799395 10.266337 5.4779334
0.6895301 10.955868 5.707777
0.99598795 11.60709 5.746084
1.1492169 11.836933 5.66947
1.2641385 11.990162 5.5928555
1.2641385 12.066776 5.554548
1.2641385 12.028469 5.5162406
1.187524 11.9135475 5.4779334
1.0342951 11.760319 5.516241
0.9193734 11.60709 5.5545483
0.8044517 11.453861 5.6311626
0.72783726 11.300632 5.746084
0.6512228 11.070788 5.746084
0.61291564 11.032481 5.6311626
0.57460845 11.070788 5.516241
0.61291564 11.109097 5.401319
0.61291564 11.224018 5.363012
0.68953 11.262325 5.3247046
0.72783726 11.224018 5.2863975
0.72783726 11.147404 5.209783
0.7661445 11.070788 5.171476
0.72783726 11.032481 5.209783
0.68953 10.994174 5.1714754
0.6512228 10.91756 5.1714754
0.6512228 10.802638 4.9799395
0.6512228 10.611102 4.7884035
0.6895301 10.649409 4.711789
0.7661446 10.6877165 4.711789
0.72783726 10.802638 4.7884035
0.6895301 10.955867 4.7884035
0.5363012 10.840945 4.596867
0.30645782 10.726024 4.367024
0.11492168 10.496181 4.098873
-0.11492168 10.304644 3.8307228
-0.34476504 10.113108 3.677494
-0.6512228 9.883265 3.371036
-0.9959879 9.653421 3.1028857
-1.2258313 9.461885 2.834735
-1.3024457 9.346964 2.5282772
-1.1109096 9.461885 2.4133554
-0.8044517 9.730036 2.4133554
-0.45968673 9.998186 2.528277
-0.22984335 10.113108 2.834735
-0.3064578 9.959879 3.064578
-0.49799395 9.576807 3.2944217
-0.9576807 9.002199 3.4859576
-1.4556746 8.42759 3.5625722
-1.9153614 7.8912888 3.4859576
-2.3750482 7.3549876 3.4859576
-2.5282772 6.9719152 3.6008792
-2.4899697 6.7803793 3.7924151
-2.2218192 6.6271505 4.0222588
-1.4556746 6.6654577 3.6391864
-1.0726024 6.6654577 2.3367407
-0.7661445 6.703765 1.5705963
-0.5363012 6.8186865 1.4556746
-0.34476504 6.9719152 1.3024458
-0.22984335 7.0102224 1.1109096
-0.22984335 6.933608 0.9576807
-0.26815057 6.7037644 0.9576807
-0.344765 6.4739213 1.0342951
-0.4213795 6.3206925 1.1492168
-0.49799395 6.3589997 1.2258313
-0.49799395 6.473922 0.9959879
-0.4213795 6.6271505 0.7278373
-0.30645782 6.8186865 0.34476507
-0.19153613 6.8569937 -0.038307227
-0.19153613 6.8569937 -0.19153613
-0.30645782 6.742072 -0.2681506
-0.4596867 6.512229 -0.15322891
-0.6512228 6.320692 -0.076614454
-0.7661445 6.1674633 0.076614454
-0.7661445 6.0525417 0.30645782
-0.61291564 6.2823853 0.3830723
-0.114921674 6.742072 0.4596867
0.15322891 7.0485296 0.26815057
0.6512229 7.2017584 0.0
0.88106626 7.3166804 0.114921674
1.0726023 7.3549876 0.22984335
1.1109097 7.393295 0.38307226
1.0342951 7.2783732 0.34476504
0.8810662 7.125144 0.076614454
0.6512228 6.895301 -0.038307227
0.53630114 6.550536 -0.11492168
0.49799395 6.320692 -0.15322891
0.5746084 6.2440777 0.0
0.8044518 6.3206925 0.34476507
1.0726024 6.588843 0.6895301
1.3407528 7.0102224 1.1109096
1.3024457 7.125144 0.9576807
1.2258313 7.1634517 0.6512229
1.2641385 7.1251445 0.30645782
1.4173675 7.1251445 0.11492168
1.685518 7.1634517 0.038307227
1.9919759 7.3932953 0.2681506
2.2218192 7.699753 0.6129157
2.336741 8.00621 0.7661446
2.4516625 8.236053 0.91937345
2.4516625 8.274361 1.0726023
2.3367407 8.312668 1.0726023
2.1452045 8.197746 1.1875241
1.7621324 8.0445175 1.3407528
1.3024457 7.776367 1.2641385
0.842759 7.4316025 1.1492169
0.49799395 7.0868373 0.88106626
0.34476504 6.856993 0.6895301
0.34476504 6.780379 0.6129157
0.45968673 6.933608 0.88106626
0.68953013 7.3932953 1.532289
0.9193734 7.8529816 2.2218192
1.1492168 8.465898 2.9879637
1.340753 9.002199 3.6008794
1.3790603 9.193735 3.7924156
1.3024457 9.2703495 3.6774936
1.1492169 9.11712 3.3327289
1.0342951 8.963891 2.7964277
0.9576807 8.925584 2.3750482
0.9576807 9.078813 2.1452048
1.0342952 9.38527 2.1068976
1.1875241 9.730036 2.336741
1.4939818 10.113109 2.9113493
1.7621324 10.419566 3.5242648
1.9919758 10.649409 4.1754875
2.030283 10.764331 4.596867
1.8004396 10.802638 4.6351743
1.6089034 10.879252 4.4436383
1.4556746 10.994175 4.0222588
1.4939818 11.185711 3.7924156
1.7238252 11.530476 3.715801
1.9536686 11.722012 3.86903
2.1068976 11.760319 4.213795
2.0685902 11.683704 4.6351748
1.8387468 11.262325 5.0565543
0.91937345 10.189723 5.6311626
0.4213795 9.576807 5.7843914
-7.4505806E-9 9.193734 5.746084
-0.22984336 9.040505 5.8226986
-0.22984336 9.346964 5.66947
-0.11492168 9.653421 5.8226986
-0.076614454 9.921572 5.7843914
-0.15322891 10.113108 5.746084
-0.2681506 10.151415 5.8226986
-0.45968673 10.113108 5.8226986
-0.61291564 10.036493 5.8226986
-0.7661446 10.113108 5.9759274
-0.842759 10.266336 5.9759274
-0.842759 10.457873 6.0525417
-0.80445176 10.764331 6.090849
-0.6895301 10.994175 6.1674633
-0.30645782 11.453861 6.282385
-0.15322891 11.645397 6.4739213
-0.038307227 11.683704 6.3973064
-0.19153613 11.568783 6.3973064
-0.49799395 11.224018 6.2440777
-0.95768064 10.649409 6.0525417
-1.5705962 10.113109 6.0142345
-1.9153614 9.691729 5.9759274
-1.9536686 9.576807 6.129156
-1.6472108 9.768343 6.129156
-1.340753 9.998186 6.090849
-1.1492168 10.113108 5.9759274
-1.1492168 9.998186 5.707777
-1.3407528 9.5385 5.5162406
-1.4939818 9.232041 5.592855
-1.6472108 9.078813 5.66947
-1.8004396 8.925584 5.746084
-1.9536686 8.848969 5.899313
-2.0685902 8.810662 6.0142345
-2.183512 8.734048 6.129156
-2.375048 8.504204 6.282385
-2.6048913 8.197746 6.320692
-2.9113493 7.73806 6.2440777
-3.1794996 7.2017584 6.129156
-3.4476504 6.742072 5.7843914
-3.6008792 6.3973064 5.3247046
-3.6008792 6.2057705 4.865018
-3.4093432 6.2823853 4.6734815
-3.0262709 6.588843 4.750096
-2.566584 7.0485296 5.094861
-2.030283 7.6614456 5.6694694
-1.6089036 8.197746 6.0142345
-1.2641385 8.580819 6.244078
-1.0726023 8.772355 6.3206925
-1.0342951 8.695741 6.167464
-1.0726024 8.389282 5.9759274
-1.1109096 8.082825 5.8226986
-0.9576807 7.929596 5.7843914
-0.7278374 8.00621 5.899313
-0.3830723 8.312668 6.129156
-0.038307227 8.542512 6.2440777
0.15322891 8.6574335 6.282385
0.30645782 8.619126 6.320692
0.34476504 8.427589 6.1674633
0.38307226 8.236053 6.282385
0.45968673 8.00621 6.588843
0.61291564 7.8146744 6.933608
0.8810662 7.8146744 7.431602
1.187524 8.00621 7.73806
1.6089034 8.427589 7.73806
2.030283 8.772355 7.508217
2.4133554 8.810662 7.125144
2.681506 8.695741 6.5888433
2.7581205 8.465897 6.1674633
2.5665843 8.236053 5.93762
2.3750482 8.274361 6.0908494
2.3750482 8.312668 6.5122285
2.3750482 8.197746 6.9719152
2.4899697 8.312668 7.125144
2.566584 8.312668 6.895301
2.528277 8.274361 6.4739213
2.4899697 8.350975 5.93762
2.4899697 8.197746 5.66947
2.4133554 8.082825 5.707777
2.2984338 8.00621 5.93762
2.183512 7.8146744 6.244078
2.2218192 7.73806 6.5122285
2.3750482 7.776367 6.397307
2.528277 7.929596 6.052542
2.7964275 8.159439 5.5545483
2.9496562 8.274361 5.2480903
2.9879637 8.197746 5.1331687
2.9496565 8.00621 5.209783
2.834735 7.699753 5.5928555
2.7581205 7.4699097 5.899313
2.681506 7.240066 6.3589993
2.719813 7.04853 6.62715
2.8347347 6.895301 6.588843
2.8730419 6.8186865 6.2823853
3.0262709 6.895301 5.8226986
3.2561142 6.9719152 5.4779334
3.4476504 7.163451 5.2863975
3.6774938 7.431602 5.401319
3.86903 7.6614456 5.66947
3.9073372 7.8529816 5.9759274
3.677494 7.8529816 6.167464
3.4859576 7.699753 6.205771
3.371036 7.6614456 6.167464
3.371036 7.8146744 6.244078
3.371036 7.929596 6.244078
3.371036 8.0445175 6.090849
3.371036 8.121132 5.93762
3.2944214 8.121132 5.861006
3.2561142 8.159439 5.861006
3.1411927 8.159439 5.861006
2.9496565 8.121132 5.8226986
2.834735 8.0445175 5.746084
2.7198133 7.929596 5.861006
2.6048915 7.8529816 5.93762
2.528277 7.8912888 5.9759274
2.4516625 7.929596 6.0525417
2.4133554 8.00621 5.9759274
2.4516625 8.082825 6.090849
2.566584 8.082825 6.129156
2.6048915 8.121132 6.1674633
2.5665843 8.197746 6.0142345
2.4899697 8.121132 5.7460837
2.2984335 8.082825 5.4779334
2.0685902 8.00621 5.2480903

