1.9153614 7.8912888 5.401319
1.8004396 7.929596 5.592855
0.5746084 8.159439 5.9376206
0.49799395 9.270349 5.975928
0.842759 10.381258 6.359
1.1492168 11.45386 6.6271505
1.4939818 12.603078 7.0102224
1.6089035 12.794614 7.2017584
1.8004396 12.947843 7.3549876
2.030283 13.139379 7.508217
2.1452048 13.101071 7.6614456
2.1452048 12.98615 7.6231384
2.0685902 12.756307 7.584831
1.9919758 12.488155 7.508217
1.9536686 12.334927 7.240066
1.7621325 11.9135475 6.780379
1.493982 11.568783 6.7037644
0.9193734 10.879252 6.933608
0.5746084 10.457872 7.2783732
0.22984336 10.113108 7.3549876
-0.2681506 9.576807 7.431602
-0.7661445 9.193735 7.354987
-1.1492168 9.040505 7.086837
-1.4556746 8.925584 7.125144
-1.6089035 8.963891 7.086837
-1.4939818 9.193734 7.0485296
-1.3024457 9.461885 7.0485296
-0.99598795 10.113108 7.0102224
-1.0726023 10.228029 7.0102224
-1.3024457 10.113108 6.9719152
-1.5705962 9.80665 6.703765
-1.8770542 9.461885 6.282386
-2.183512 9.155428 5.8226986
-2.3750482 8.887277 5.4013186
-2.4516625 8.772355 5.133168
-2.4133554 8.6574335 4.903325
-2.030283 8.580819 4.9799395
-1.6472107 8.542512 5.0948615
-1.3024458 8.427589 5.0948615
-0.9193735 8.389282 5.018247
-0.842759 8.274361 4.5968676
-0.7661445 8.159439 4.137181
-0.68953 8.00621 3.7541084
-0.68953 7.6614456 3.524265
-0.7661445 7.2783732 3.371036
-0.9959879 6.895301 3.064578
-1.340753 6.3589993 2.7964277
-1.7238251 6.0142345 2.528277
-2.030283 5.7077765 2.3750482
-2.221819 5.324704 2.3750482
-2.3367407 5.1714754 2.2984335
-2.375048 4.9799395 2.1452045
-2.4133554 4.865018 1.8004397
-2.4516625 4.903325 1.5322891
-2.3750482 4.903325 1.6089035
-2.336741 4.903325 1.6855179
-2.2601266 4.865018 1.8004396
-2.1452048 4.7884035 1.8004396
-2.0685902 4.7500963 1.5322891
-1.8770542 4.865018 1.2258313
-1.6472108 5.0182467 0.9576807
-1.3790603 5.171476 0.7278373
-1.1109096 5.2863975 0.5363012
-0.9576807 5.2480903 0.45968673
-0.88106626 5.209783 0.49799395
-0.88106626 5.171476 0.53630114
-0.91937345 5.171476 0.53630114
-0.88106626 5.0948615 0.38307226
-0.7661446 5.0948615 0.2681506
-0.5363012 5.056554 0.15322891
-0.2681506 5.056554 0.0
0.07661445 5.324705 0.0
0.4213795 5.5545483 0.0
0.7278373 5.8226986 -0.038307227
0.9959879 6.090849 0.15322891
1.1109097 6.1674633 0.38307226
1.0726024 6.090849 0.5746084
0.9193735 5.93762 0.7278373
0.6512228 5.746084 0.8044518
0.30645782 5.4779334 0.9193735
0.0 5.1714754 0.9576807
-0.2681506 4.9033246 1.0726024
-0.30645782 4.6351743 0.9193734
-0.076614454 4.596867 0.49799398
0.34476504 4.903325 0.11492169
0.9959879 5.477934 -0.30645782
1.6472108 6.282386 -0.5363012
2.1452048 7.0485296 -0.49799395
2.4133554 7.699753 -0.114921674
2.336741 8.121132 0.61291564
1.838747 8.121132 1.685518
1.1492168 7.8912888 2.4133554
0.4213795 7.3932953 2.4133554
-0.4213795 6.588843 1.2258313
-0.45968673 6.4739213 0.6512229
-0.34476504 6.7420716 0.49799395
-0.11492167 7.086837 0.68953013
0.15322891 7.6614456 1.3024457
0.45968673 8.389283 2.1068974
0.7661445 8.925585 2.834735
0.72783726 9.308657 2.9879637
0.61291564 9.423578 2.7581203
0.30645782 9.232042 2.1452048
-0.076614454 8.925585 1.5705962
-0.22984336 8.6574335 1.3024457
-0.26815057 8.580819 1.3024457
-0.22984336 8.695741 1.4939818
-0.19153613 9.002198 1.8004396
-0.076614454 9.423578 2.1452048
0.038307227 9.959879 2.4133554
0.3064578 10.572794 2.834735
0.6512229 11.032482 3.1028855
0.80445176 11.415554 3.371036
0.6895301 11.568783 3.6008794
0.2681506 11.33894 3.7541084
-0.30645782 11.032481 3.9456444
-0.7278373 10.687716 4.0222588
-0.91937345 10.534487 4.098873
-0.7661445 10.917559 4.2137947
-0.5363012 11.530476 4.4053307
-0.49799395 12.066776 4.4819455
-0.7661445 12.181698 4.596867
-1.4173675 11.760319 4.7500963
-2.0685902 10.994175 4.9799395
-2.528277 10.381259 5.439626
-2.6431987 10.113108 5.7843914
-2.336741 10.151415 5.8226986
-1.9153614 10.726023 5.707777
-1.4939818 11.338939 5.3630123
-1.1492168 11.798626 5.0182467
-1.0726024 12.105083 4.9416323
-1.1875241 12.066776 5.056554
-1.3790603 11.798626 5.3247046
-1.7238252 11.492168 5.592855
-2.1068976 11.109096 5.6311626
-2.4133554 10.802638 5.477934
-2.681506 10.649409 5.4013195
-2.681506 10.802639 5.363012
-2.4516625 11.33894 5.2863975
-2.030283 11.951855 5.24809
-1.5705962 12.679691 4.9799395
-1.3024457 13.292608 4.673482
-1.3024457 13.599066 4.4436383
-1.7621324 13.637373 4.1371803
-2.4133554 13.445836 4.0222588
-3.064578 12.947843 4.098873
-3.5242648 12.373234 4.55856
-3.6391869 11.951855 5.401319
-3.5625722 11.60709 6.397307
-3.4476502 11.453861 7.3549876
-3.409343 11.415554 7.8912888
-3.3327286 11.33894 7.8912888
-3.3327286 11.185711 7.73806
-3.3327286 10.994175 7.3549876
-3.2944214 10.6877165 7.0868373
-3.5242648 9.921572 6.588843
-3.715801 9.5385 6.397307
-3.9456444 8.963891 6.129156
-4.2137947 8.504204 6.0525417
-4.3670235 8.159439 5.93762
-4.405331 7.776367 5.746084
-4.290409 7.8146744 5.592855
-4.0222588 7.8912888 5.2863975
-3.6774938 8.0445175 4.903325
-3.3327286 8.274361 4.673482
-3.1411927 8.274361 4.290409
-3.1411927 8.0445175 4.1371803
-3.6391864 7.0102224 4.252102
-3.8307228 6.5505357 4.55856
-3.7924156 6.397307 4.8267107
-3.5625722 6.512229 5.1331687
-3.1028855 6.7803793 5.2480903
-2.6431985 7.125144 5.401319
-2.2601264 7.278373 5.5162406
-1.9536686 7.3166804 5.6694694
-1.6472108 7.3549876 6.0142345
-1.3024457 7.3549876 6.244078
-0.8810662 7.584831 6.205771
-0.38307226 7.8912888 5.9376206
0.038307227 8.197746 5.5928555
0.38307226 8.504205 5.3247046
0.6895301 8.580819 5.3247046
0.91937345 8.619126 5.439626
1.0342951 8.580819 5.6311626
1.0726023 8.427589 5.6311626
1.0726023 8.197746 5.5928555
1.0726023 7.967903 5.5928555
1.2258313 7.8912888 5.401319
1.4939818 7.8529816 5.2863975
1.7621324 7.929596 5.056554
1.9536686 7.929596 4.7117887
2.0685902 7.8529816 4.55856
2.1068976 7.776367 4.596867
2.1452048 7.776367 4.8267107
2.183512 7.929596 5.2480903
2.1452045 8.0445175 5.5162406
2.1068974 8.197746 5.5162406
2.1068974 8.159439 5.324704
2.2218192 8.082825 5.056554
2.4133554 8.0445175 4.9416323
2.6431987 8.082825 5.133168
2.7198133 8.159439 5.477933
2.7198133 8.082825 5.7460837
2.6048915 8.0445175 5.7843914
2.48997 7.929596 5.631162
2.48997 7.929596 5.4779334
2.5665843 8.121132 5.5162406
2.7581203 8.312668 5.66947
2.873042 8.542512 5.899313
2.873042 8.695741 6.0142345
2.719813 8.580819 5.7843914
2.4899697 8.350975 5.7843914
2.3367407 8.082825 5.861006
2.375048 8.00621 6.1291566
2.528277 8.197746 6.6654577
2.7581203 8.389282 6.9719152
2.9879637 8.619126 6.9719152
3.1411924 8.734048 6.4739213
3.1411924 8.695741 6.2440777
2.9879637 8.580818 6.129156
2.7964275 8.236053 6.0525417
2.6431985 8.00621 6.090849
2.528277 7.8529816 6.1674633
2.566584 7.8146744 6.244078
2.6431985 8.00621 6.205771
2.7581203 8.159439 6.052542
2.873042 8.427589 5.8226986
2.9496565 8.580819 5.707777
2.9496565 8.619126 5.746084
2.834735 8.580819 5.8226986
2.6431985 8.427589 5.7843914
2.4516625 8.350975 5.746084
2.2601264 8.350975 5.5162406
2.030283 8.350975 5.1714754
1.9153613 8.350975 5.056554
1.8387469 8.312668 4.7884035
1.7621325 8.197746 4.711789
1.7621325 8.159439 4.865018

