0.842759 8.236053 5.363012
0.8810662 9.346963 5.861006
0.9193735 10.49618 6.2823853
1.3790603 11.683704 6.9719152
1.6089036 12.641385 7.3549876
1.4939818 12.679692 7.431602
1.3024457 12.603078 7.584831
1.1492169 12.449848 7.73806
1.1109096 12.373234 7.73806
1.1492168 12.334927 7.546524
1.2641385 12.220005 7.163451
1.3024457 12.143391 6.6271505
1.2641385 11.990162 6.2057705
1.2258313 11.760319 5.9759274
1.1492169 11.60709 5.707777
1.1875241 11.453861 5.554548
1.1875241 11.33894 5.2480903
1.1875241 11.224018 4.8267107
1.0726023 10.955867 4.4819455
0.80445176 10.572795 4.1754875
0.5363012 10.113108 4.060566
0.2681506 9.653421 4.0222588
0.15322891 9.461885 4.0222588
0.15322891 9.346964 4.0222588
0.19153613 9.385271 3.9839516
0.15322891 9.308657 3.7924154
0.076614454 9.155428 3.562572
-0.076614454 9.040505 3.217807
-0.22984336 8.925584 2.8730419
-0.34476504 8.925584 2.6431985
-0.4213795 8.963891 2.3367407
-0.4213795 9.040505 2.0685902
-0.4213795 9.078813 1.8004396
-0.4213795 9.078813 1.4939818
-0.34476504 9.040505 1.3024458
-0.30645782 8.925584 1.2641385
-0.2681506 8.848969 1.2258313
-0.38307226 8.6574335 1.3407528
-0.80445176 8.312668 1.9536685
-0.8810662 8.197746 2.566584
-0.8810662 8.312668 2.9113493
-0.842759 8.350975 3.1028855
-0.842759 8.236053 2.873042
-0.9576807 8.0445175 2.183512
-1.0342951 7.776367 1.4939818
-1.1492169 7.3932953 0.7661446
-1.3024457 7.201759 0.15322891
-1.4173675 6.895301 0.0
-1.532289 6.588843 0.22984338
-1.5705962 6.435614 0.57460845
-1.532289 6.2440777 1.1109096
-1.4556746 6.1674633 1.4939818
-1.2641385 6.2057705 1.5705963
-1.0342951 6.3589997 1.5322891
-0.7278373 6.588843 1.3790603
-0.4213795 6.895301 1.1109096
-0.19153613 7.1251445 0.842759
-0.038307227 7.2783732 0.4596867
0.038307227 7.3166804 0.114921674
0.038307227 7.2783732 -0.22984336
0.038307227 7.2017584 -0.30645782
0.0 7.0102224 -0.22984336
-0.11492168 6.8186865 -0.22984336
-0.19153613 6.6271505 -0.22984336
-0.26815057 6.5122285 -0.30645782
-0.26815057 6.5505357 -0.38307226
-0.19153613 6.6654572 -0.26815057
-0.076614454 6.6654572 0.038307227
0.038307227 6.62715 0.19153613
0.11492168 6.62715 0.30645782
0.22984335 6.5505357 0.30645782
0.38307226 6.62715 0.038307227
0.5746084 6.6654572 -0.2681506
0.8044518 6.588843 -0.5363012
1.0726023 6.5122285 -0.6512229
1.3024457 6.397307 -0.45968673
1.4939818 6.244078 -0.076614454
1.6089036 6.129156 0.2681506
1.6472108 6.0525417 0.34476504
1.685518 5.9759274 0.22984336
1.685518 6.0142345 -0.15322891
1.8004396 6.090849 -0.5363012
1.8770542 6.205771 -0.8044518
1.8770542 6.3589997 -1.0342952
1.8387469 6.3589997 -0.88106626
1.6472107 6.2440777 -0.57460845
1.4939818 6.0142345 -0.114921704
1.3407528 5.707777 0.5746084
1.187524 5.5545483 1.0342951
1.1492168 5.707777 1.3407528
1.1492168 6.052542 1.4939818
1.340753 6.703765 1.1492168
2.030283 7.929596 0.7278373
2.4133554 8.350975 0.57460845
2.7198133 8.6574335 0.9959879
2.566584 8.695741 1.4173673
2.2218192 8.695741 1.685518
1.7238252 8.580819 1.9536686
1.340753 8.389282 1.8770541
1.1875241 8.274361 1.8387469
1.1875241 8.350975 2.2601266
1.1109096 8.887277 2.5665843
1.0342951 9.155427 2.336741
0.9576807 9.193734 2.183512
0.80445176 9.193734 2.183512
0.49799395 8.963891 2.2984338
0.038307242 8.734047 2.6048915
-0.22984332 8.504204 3.0645783
-0.344765 8.465897 3.7158012
-0.19153613 8.734048 4.5202527
0.114921674 9.11712 5.2863975
0.30645782 9.768343 5.746084
0.45968673 10.342952 5.861006
0.57460845 10.994174 5.554548
0.6512228 11.990162 4.6351748
0.6512228 12.220005 4.137181
0.57460845 12.105083 4.098873
0.45968673 11.9135475 4.2521024
0.15322891 11.722012 4.9799395
0.038307227 11.645397 5.133168
-0.038307227 11.60709 5.2480903
-0.15322891 11.492168 5.3247046
-0.2681506 11.377247 5.4779334
-0.53630114 11.262325 5.5928555
-0.9193735 11.032481 5.6311626
-1.2258313 10.764331 5.554548
-1.3790603 10.534488 5.286397
-1.4173675 10.649409 4.9416323
-1.2641385 10.994174 4.55856
-1.0726024 11.492168 4.443638
-0.9193735 12.028469 4.520252
-0.8810662 12.373234 4.865018
-0.8810662 12.488156 5.477933
-1.0342951 12.5264635 6.2057705
-1.2258313 12.373235 6.9719152
-1.340753 12.105083 7.5465236
-1.4939818 11.836933 7.5848308
-1.6089035 11.453861 7.3549876
-1.7238252 11.032482 6.8186865
-1.8004397 10.611101 6.090849
-1.8387469 10.189722 5.7077765
-1.8004397 9.921572 5.439626
-1.7238252 9.80665 5.439626
-1.6472107 9.730036 5.707777
-1.6089035 9.768343 6.0142345
-1.6089035 9.653421 6.1674633
-1.6472108 9.500193 6.090849
-1.7238252 9.385271 5.899313
-1.7238252 9.155427 5.554548
-1.8004396 9.040505 5.133168
-1.8387469 9.040505 4.788403
-1.8770542 8.925584 4.5202527
-1.9919758 8.810662 4.290409
-2.1068974 8.734048 4.3287163
-2.2601264 8.542512 4.596867
-2.4133554 8.427589 4.8267107
-2.6048915 8.389282 5.1331687
-2.7581205 8.274361 5.2480903
-2.9113493 8.159439 5.056554
-3.064578 8.082825 4.9416323
-3.1028852 8.121132 4.7884035
-3.064578 8.236053 4.7884035
-2.9879637 8.427589 4.903325
-2.834735 8.695741 5.094861
-2.681506 8.925584 5.3630114
-2.566584 9.002198 5.3630114
-2.566584 9.040505 5.286397
-2.6431987 8.848969 4.9416323
-2.7964275 8.465897 4.4819455
-2.9496565 8.159439 4.3287163
-2.9879637 7.8146744 4.290409
-2.8730419 7.73806 4.5202527
-2.6431987 7.929596 4.788403
-2.2984338 8.274361 4.9799395
-1.9153615 8.580818 5.056554
-1.6089035 8.810662 5.094861
-1.1875241 8.963891 5.094861
-0.842759 9.11712 5.094861
-0.61291564 9.2703495 5.209783
-0.5363012 9.193735 5.401319
-0.6895301 8.734048 5.66947
-0.7661445 8.389282 5.9759274
-0.7278373 8.00621 6.282385
-0.53630114 7.8146744 6.5122285
-0.15322891 7.8912888 6.588843
0.38307226 8.121132 6.5505357
0.9959879 8.580819 6.320692
1.6089035 9.040505 6.129156
2.0685902 9.423578 5.7077765
2.2984335 9.576807 5.3630114
2.2601264 9.385271 5.133168
2.1452048 9.002198 5.1714754
1.9919758 8.619125 5.707777
1.8770542 8.236053 6.3589997
1.9153614 8.00621 7.0485296
1.8770542 7.8529816 7.3549876
1.838747 7.73806 7.240066
1.8004398 7.73806 6.742072
1.7621324 7.8146744 6.090849
1.7621324 7.929596 5.592855
1.8004396 7.967903 5.401319
1.8770541 7.929596 5.554548
1.9536686 7.8912888 5.861006
2.0685902 7.776367 6.244078
2.1068974 7.699753 6.3206925
2.0685902 7.546524 6.167464
1.8387469 7.240066 6.167464
1.5322891 7.010223 6.167464
1.340753 6.7803793 6.3206925
1.3024458 6.7803793 6.6271505
1.5705965 7.0102224 6.7803793
1.9536686 7.3166804 6.742072
2.336741 7.6231384 6.473922
2.6431987 7.8146744 6.0908494
2.873042 7.8529816 5.707777
2.9879637 8.00621 5.4779334
3.1028852 8.121132 5.5162406
3.1794996 8.159439 5.7077765
3.1028852 8.159439 5.861006
3.064578 7.967903 6.090849
2.9496565 7.776367 6.2057705
2.834735 7.6231384 6.282385
2.834735 7.584831 6.5122285
2.873042 7.6231384 6.5505357
2.9496565 7.73806 6.5505357
3.0262709 7.8146744 6.397307
3.1028852 7.929596 6.0142345
3.1411927 8.00621 5.899313
3.1794999 8.0445175 5.8226986
3.2561145 8.121132 5.93762
3.2178068 8.121132 6.090849
3.1411924 8.121132 6.0525417
3.0262709 8.082825 5.93762
2.834735 8.00621 5.7843914
2.681506 7.929596 5.707777
2.5665843 7.8912888 5.6311626
2.5282772 7.929596 5.6311626
2.4899697 8.082825 5.66947
2.4899697 8.236053 5.746084
2.4516625 8.350976 5.7843914
2.2984338 8.389283 5.899313
2.1452048 8.350975 5.9759274
1.9536686 8.350975 5.899313
1.8004397 8.236053 5.899313
1.6472107 8.197746 5.7843914
1.5705963 8.159439 5.8226986

