1.4556745 8.236053 5.861006
1.3024457 8.197746 5.899313
1.1492168 8.159439 6.0142345
0.4213795 8.312668 6.0142345
0.9959879 9.615114 6.090849
1.6089035 10.994175 6.2440777
2.4899697 12.334927 6.4739213
3.3327286 13.790602 6.856993
3.2944214 14.09706 6.9719152
3.217807 14.403518 7.086837
3.026271 14.671668 7.2017584
2.873042 14.863204 7.31668
2.834735 14.901511 7.5082164
2.7964277 14.824897 7.6614456
2.9113493 14.709975 7.8529816
2.9879637 14.595054 7.8529816
2.9496565 14.441824 7.73806
2.873042 14.097059 7.546524
2.6431987 13.599066 7.1634517
2.2984338 13.062765 6.8569937
1.9536687 12.564771 6.5122285
1.6472107 12.181698 6.129156
1.3790601 11.760319 5.7843914
1.1109096 11.300632 5.3247046
0.8810662 10.840946 4.7500963
0.5746084 10.49618 4.098873
0.2681506 10.304644 3.4476504
0.15322891 10.151415 3.026271
0.11492168 10.113108 2.9113493
0.11492168 9.998186 3.064578
0.15322891 9.883265 3.4476504
0.076614454 9.730036 3.7924154
-0.15322891 9.385271 3.9839516
-0.4213795 9.040506 3.9839516
-0.7661445 8.734048 3.7541082
-1.2258312 8.465898 3.6008792
-1.5705962 8.197746 3.3710358
-1.9153613 7.929596 3.3327286
-2.2218192 7.469909 3.5242648
-2.4133554 6.8569937 3.6774938
-2.528277 6.2057705 3.9073372
-2.528277 5.51624 4.060566
-2.3750482 4.9799395 4.0222588
-2.1452045 4.5968676 3.9456444
-1.9536686 4.4819455 3.9073372
-1.5705962 4.55856 3.7158012
-1.1492169 4.82671 3.6391866
-0.42137948 5.5162406 3.371036
-0.2681506 5.8226986 3.1794999
-0.19153613 6.0142345 2.873042
-0.11492168 6.090849 2.2218192
-0.19153613 5.93762 1.6472107
-0.34476504 5.707777 1.0342951
-0.5746084 5.401319 0.45968673
-0.7661446 5.133168 0.22984336
-0.8044518 5.0182467 0.22984336
-0.68953013 4.9799395 0.38307226
-0.49799395 5.056554 0.84275895
-0.22984336 5.24809 1.340753
-0.038307227 5.401319 1.8004396
-0.038307227 5.5162406 1.8387468
-0.11492168 5.5162406 0.7278373
-0.15322891 5.554548 -0.22984335
-0.038307227 5.5928555 -0.6512228
0.19153613 5.746084 -0.7278373
0.7278373 6.435614 0.19153616
1.0342951 6.895301 0.7661445
1.1875241 7.240066 1.1492168
1.3407528 7.431602 1.4173673
1.3407528 7.354987 1.532289
1.3407528 7.163451 1.6089035
1.2641385 6.8569937 1.6089035
1.0726024 6.3589997 1.6472108
0.99598795 6.244078 1.4173675
0.99598795 6.2823853 1.2641385
1.0726024 6.3206925 0.9959879
1.1875241 6.397307 0.8810662
1.3790601 6.3589993 0.842759
1.6089035 6.1674633 0.7661445
1.7621325 6.0525417 0.80445176
1.7621325 5.93762 0.9193734
1.6089035 5.93762 1.2258313
1.4556746 5.9759274 1.5322891
1.3790601 5.861006 1.7238253
1.4556746 5.707777 1.685518
1.685518 5.477934 1.3024457
1.9536686 5.401319 1.0342951
2.2218194 5.4779334 0.80445176
2.48997 5.784391 0.6512228
2.6048915 6.2057705 0.61291564
2.7198133 6.6654572 0.53630114
2.834735 7.086837 0.49799395
2.873042 7.2783732 0.49799395
2.9113493 7.3166804 0.57460845
2.566584 6.9719152 0.57460845
1.7238253 6.588843 0.6512228
1.3024458 6.5505357 0.8810662
1.1109096 6.703765 1.1109096
1.1875241 7.1251445 1.340753
1.5705965 7.584831 1.4173673
1.8770542 8.121132 1.3790601
2.0302832 8.619126 1.4556745
1.9153614 8.963892 1.3407528
1.4939818 9.193735 1.3790601
1.1492169 9.232042 1.3024457
0.95768064 9.2703495 1.2258313
1.0342951 9.385271 1.340753
1.2641385 9.461885 1.3790601
1.4556746 9.691729 1.4556746
1.532289 9.921572 1.3024457
1.3790601 9.921572 1.1109096
1.1492168 9.959879 1.0342951
0.9959879 9.959879 1.2258313
0.9959879 9.883265 1.7238252
1.2258313 10.151415 2.183512
1.5322891 10.49618 2.4516625
1.7621325 10.726024 2.2601264
1.6089036 10.91756 1.8004396
1.2641386 10.726023 1.4173673
0.80445176 10.304644 1.3790601
0.38307226 9.921572 1.8387469
0.22984336 9.653421 2.4899697
0.22984336 9.615114 3.2561142
0.34476504 9.921572 3.7158008
0.4213795 10.228029 3.9456444
0.4213795 10.572794 3.9839516
0.2681506 10.879252 3.86903
0.038307227 11.032482 4.0222588
-0.15322891 11.262325 4.213795
-0.34476504 11.33894 4.7500963
-0.57460845 11.453861 5.5545483
-0.8044517 11.453861 6.0142345
-1.0726023 11.530476 6.4356146
-1.2258313 11.798626 6.6654577
-1.187524 12.258312 6.703765
-0.9959879 12.909536 6.8186865
-0.7661446 13.484144 6.8186865
-0.61291564 13.905523 6.7803793
-0.6512228 14.020445 6.703765
-0.9193734 13.9438305 6.6654577
-1.2641385 13.828909 6.8186865
-1.7238252 13.67568 6.9719152
-2.834735 13.062765 6.7803793
-3.4476507 13.024458 8.619126
-3.217807 12.526464 7.0102224
-3.1028852 12.526464 5.094861
-2.566584 12.871229 3.7924154
-1.9919758 12.296619 1.3407531
-2.2984335 11.990162 2.834735
-2.566584 10.955866 5.056554
-2.8347347 9.959879 6.895301
-3.1028852 9.346964 7.584831
-3.064578 8.963892 7.3166804
-2.8347347 8.810662 6.550536
-2.528277 8.810662 5.5545483
-2.2601264 9.002198 4.711789
-2.0685902 9.193735 4.3670235
-1.9536686 9.308657 4.252102
-1.9919758 9.461885 4.405331
-2.3750482 9.385271 5.094861
-2.681506 9.308657 5.401319
-2.9113493 9.155428 5.707777
-3.1028855 9.040505 5.631162
-3.2944214 9.078813 5.056554
-3.4476504 9.078813 4.4819455
-3.6391866 9.040505 3.7541084
-3.8307228 8.810662 3.371036
-3.9073372 8.465897 3.6008792
-3.8307228 8.465897 3.9839516
-3.5242648 8.695741 4.520253
-3.1028852 9.270349 4.903325
-2.6815057 9.883265 5.056554
-2.4516625 10.113108 5.056554
-2.4133554 10.113108 4.7884035
-2.4516625 9.768343 4.4436383
-2.4899697 9.193735 3.907337
-2.4133554 8.695741 3.409343
-2.2218192 8.274361 3.217807
-1.8004396 8.159439 3.2944214
-1.340753 8.121132 3.6774938
-0.842759 8.312668 4.1371803
-0.4213795 8.42759 4.290409
-0.22984335 8.274361 4.3287163
-0.11492168 8.121132 4.2137947
-0.038307227 7.776367 4.1754875
0.076614454 7.6231384 4.3287163
0.3064578 7.699753 4.596867
0.5363012 7.8146744 4.903325
0.7661445 7.929596 5.0182467
0.9576807 7.929596 5.133168
1.1109096 7.8912888 5.133168
1.2641385 8.00621 4.9416323
1.3790601 8.236053 4.82671
1.532289 8.542511 4.750096
1.532289 8.6574335 4.6734815
1.4173673 8.504205 4.9416323
1.2258313 8.350975 5.2480903
1.0726023 8.236053 5.592855
1.0726023 8.427589 5.7843914
1.2258313 8.734048 5.4779334
1.3407528 8.887277 5.1714754
1.4939818 8.580818 5.094861
1.532289 8.465897 5.66947
1.6472108 8.427589 6.2057714
1.8770542 8.619126 6.282386
1.9153614 8.580819 5.8226986
2.030283 8.465898 5.24809
2.0685902 8.312668 4.711789
2.030283 8.082825 4.673482
2.0685902 7.8912888 4.9416323
2.1068974 7.73806 5.6311626
2.1835117 7.699753 6.244078
2.2984335 7.699753 6.3589997
2.4133554 7.73806 6.205771
2.6048915 7.8529816 5.707777
2.9113493 8.00621 5.477934
3.217807 8.197746 5.5928555
3.4859576 8.465898 5.707777
3.715801 8.580819 5.9759274
3.8307228 8.619126 6.0525417
3.86903 8.619126 5.899313
3.9073372 8.465898 5.7077765
3.8307228 8.427589 5.4779334
3.677494 8.350975 5.2863975
3.524265 8.312668 5.209783
3.3327289 8.312668 5.209783
3.1794999 8.389282 5.094861
3.064578 8.465898 5.094861
3.064578 8.619126 4.9416323
3.1411927 8.810662 4.711789
3.1794999 8.925584 4.7500963
3.1794999 9.040505 4.673482
2.9879637 8.887277 4.7884035
2.6431987 8.695741 5.0182467
2.2218192 8.465897 5.0182467
1.8770541 8.274361 5.056554
1.7621324 8.350975 5.056554
1.7621324 8.427589 5.0182467
1.9153614 8.619125 4.9799395
1.9919758 8.772355 4.9799395
1.8387468 8.734048 5.0182467
1.7238252 8.695741 5.056554
1.685518 8.6574335 5.0182467
1.685518 8.6574335 5.0182467
1.6089036 8.772355 4.9799395
1.5322891 8.848969 4.8267107
1.4173675 8.848969 4.7884035
1.2258313 8.772355 4.7500963
1.0726024 8.6574335 4.865018
0.91937345 8.504205 5.0565543
0.84275895 8.465898 5.171476
0.9959879 8.542512 5.209783
1.1109096 8.734048 5.0182467
1.2258313 8.887277 4.9416323

