0.6895301 8.772354 4.9416323
0.7278373 9.308656 5.24809
0.6895301 9.844957 5.4779334
1.1109096 10.6877165 5.6694694
1.2641385 11.453861 5.7843914
1.1492168 11.798626 5.6311626
0.9959879 12.29662 5.6311626
0.842759 12.832921 5.8226986
0.80445176 13.3309145 6.167464
0.842759 13.67568 6.703765
0.9959879 13.867216 7.31668
1.2641385 14.097059 7.8912888
1.4939818 14.173674 8.427589
1.7621324 14.173674 8.734047
1.9153614 14.135366 8.848969
1.9919758 13.9438305 8.772355
2.030283 13.67568 8.42759
1.9919758 13.369222 8.00621
1.9153614 12.98615 7.508217
1.7621324 12.488155 7.010223
1.532289 12.028469 6.6654577
1.3024457 11.568783 6.3589997
1.1109096 11.109097 6.129156
0.9959879 10.802638 5.9759274
0.9576807 10.419566 5.6694694
0.91937345 10.036493 5.324704
0.88106626 9.615114 4.8267107
0.842759 9.193735 4.3287168
0.6895301 8.810662 3.9073372
0.4596867 8.427589 3.4476507
0.15322891 8.121132 3.1028855
-0.26815057 7.8529816 2.6431987
-0.6895301 7.73806 2.336741
-1.0726023 7.6614456 2.2218192
-1.3790601 7.508217 2.1452045
-1.5705963 7.3549876 2.2218192
-1.6472107 7.086837 2.4516625
-1.6472107 6.933608 2.7581203
-1.6089035 6.933608 3.256114
-1.4939818 6.9719152 3.7924151
-1.2641385 7.163451 4.060566
-0.95768064 7.469909 4.098873
-0.6129156 7.73806 4.0222588
-0.344765 7.8912888 3.7541084
-0.22984336 7.929596 3.4476504
-0.2681506 7.776367 3.1411924
-0.49799395 7.4699097 2.6815057
-0.7661446 7.201759 2.4133554
-0.99598795 6.8569937 2.336741
-1.1875241 6.5122285 2.528277
-1.2641385 6.3206925 3.064578
-1.2641385 6.2057705 3.562572
-1.2258313 6.1674633 3.8690298
-1.1109095 6.2440777 3.9456444
-0.91937345 6.3206925 3.562572
-0.7278373 6.3589997 3.0262709
-0.5363012 6.5122285 2.6048913
-0.3830723 6.6271505 2.1452048
-0.2681506 6.6654577 1.6472108
-0.34476504 6.473922 1.4173675
-0.57460845 6.205771 1.1492168
-0.842759 5.9759274 0.9576807
-1.0342951 5.8226986 0.68953
-1.1109096 5.8226986 0.45968673
-0.9576807 5.93762 0.22984336
-0.6895301 6.129156 0.076614454
-0.34476504 6.435614 0.076614454
0.0 6.8186865 0.114921674
0.2681506 7.1251445 0.34476504
0.4213795 7.3549876 0.38307226
0.45968673 7.3166804 0.38307226
0.45968673 7.125144 0.34476504
0.45968673 6.8953004 0.30645782
0.53630114 6.6654572 0.34476504
0.8044517 6.5122285 0.4213795
1.1109096 6.397307 0.5746084
1.3790601 6.3206925 0.80445176
1.532289 6.2057705 1.0342951
1.4939818 6.0525417 1.2641385
1.3407528 5.7460837 1.340753
1.187524 5.4013186 1.1492168
1.187524 5.1714754 0.8810662
1.340753 5.133168 0.7278373
1.6089035 5.286397 0.6512228
1.8387469 5.631162 0.7661445
1.9153614 5.93762 0.9959879
1.8004396 6.0525417 1.0342952
1.532289 6.0525417 1.0726024
1.187524 5.7843914 1.2258313
0.9576806 5.401319 1.4939818
0.68953 4.97994 1.8387468
0.38307226 4.711789 2.030283
0.38307226 4.8267107 2.030283
0.4213795 5.2480903 1.8004396
0.7278373 5.93762 1.4173675
1.2641385 6.6654577 1.0726023
1.685518 7.0868373 0.72783726
2.030283 7.3549876 0.61291564
2.0685902 7.584831 0.80445176
1.8004396 7.776367 1.1109096
1.340753 7.967903 1.7238252
0.842759 7.967903 2.0685902
0.4213795 7.8529816 2.2218192
0.19153613 7.5848308 2.183512
0.11492168 7.31668 1.8387469
0.15322891 7.508217 1.7621324
0.45968673 8.465897 2.1452045
0.68953013 9.38527 2.528277
1.1109096 10.496181 2.719813
1.4173673 10.572795 2.528277
1.4173673 10.381258 2.2601264
0.9193734 9.998186 2.1068976
0.34476507 9.844957 2.2601264
0.0 9.730036 2.4516625
-0.19153613 9.653421 2.681506
-0.038307227 9.691729 2.9879637
0.4213795 10.0748005 3.1028855
1.4173675 10.955867 3.5242648
1.5705963 11.262325 3.715801
1.1492169 11.224018 4.098873
1.0726023 11.87524 4.252102
1.0342951 12.449848 3.754108
0.84275895 12.641384 3.064578
0.22984335 12.296619 2.4133554
-0.7661446 11.530475 2.2984338
-1.6472108 10.726023 3.1028855
-2.336741 10.189722 4.2904096
-2.5665843 10.266336 5.5162406
-2.3750482 10.802637 6.1674633
-2.0685902 11.492168 6.129156
-1.8004396 12.258312 5.707777
-1.6089036 12.679691 5.056554
-1.6472108 12.756307 4.711789
-1.7238252 12.564771 4.5968676
-1.8004397 12.334928 4.865018
-1.9153614 12.258313 5.324704
-1.9536686 12.29662 5.784391
-2.030283 12.5264635 6.2057705
-2.183512 12.5264635 6.3973064
-2.4133554 12.411541 6.5505357
-2.9113493 11.87524 6.3589997
-3.064578 11.645397 5.899313
-3.1028852 11.453861 5.4013195
-3.1028852 11.262324 4.9416323
-3.064578 11.109096 4.6351748
-3.064578 10.994174 4.55856
-3.064578 10.840945 4.4436383
-3.1028852 10.649409 4.405331
-3.1794996 10.49618 4.3287168
-3.1794996 10.342951 4.252102
-3.2561142 10.266336 4.252102
-3.2944214 10.342951 4.290409
-3.3327286 10.381258 4.4436383
-3.4093432 10.342951 4.673482
-3.4859576 10.304644 4.8267107
-3.6391869 10.151415 5.056554
-3.677494 9.998186 5.1714754
-3.4476507 10.113108 5.209783
-3.026271 10.457873 5.209783
-2.4516625 10.994174 5.0565543
-1.7238252 11.836933 4.711789
-1.8004396 11.683704 4.6351748
-1.9919758 11.18571 4.865018
-2.2218192 10.572794 5.1714754
-2.336741 10.0748005 5.592855
-2.2218192 9.768343 5.746084
-2.1068976 9.615114 5.631162
-2.030283 9.461885 5.363012
-2.030283 9.232041 5.133168
-2.183512 8.925584 5.094861
-2.2984335 8.580818 4.9416323
-2.3750482 8.350975 4.7884035
-2.4133554 8.159439 4.55856
-2.2984335 8.082825 4.3287168
-2.0685902 8.082825 4.290409
-1.8004396 8.159439 4.4053307
-1.6089035 8.159439 4.6734815
-1.4939818 8.0445175 4.9799395
-1.5705963 7.8146744 5.094861
-1.7621325 7.3549876 4.9799395
-1.9536686 6.8186865 4.7117887
-2.030283 6.435614 4.405331
-1.877054 6.2440777 4.290409
-1.4939818 6.3589997 4.3287163
-0.88106614 6.8186865 4.481945
-0.22984338 7.354987 4.8267107
0.30645782 7.8146744 5.094861
0.6129157 7.967903 5.171476
0.57460845 7.776367 5.0948615
0.30645782 7.31668 4.903325
-0.076614454 6.6271505 4.7500963
-0.4213795 6.1674633 4.903325
-0.45968673 6.0142345 5.2863975
-0.19153613 6.2823853 5.66947
0.34476504 7.0485296 6.167464
1.1109096 7.929596 6.4739213
1.8387468 8.734048 6.397307
2.3367407 9.2703495 5.9759274
2.6048915 9.500193 5.363012
2.6048915 9.461885 4.8267107
2.4133554 9.270349 4.711789
2.0685902 8.925584 4.903325
1.685518 8.542511 5.3247046
1.4556746 8.236053 6.052542
1.4556746 7.967903 6.512229
1.685518 7.8146744 6.8186865
2.1068974 7.8146744 6.742072
2.4899697 7.929596 6.2440777
2.7964275 8.197746 5.746084
3.1411927 8.542511 5.324704
3.4476504 8.925584 4.903325
3.715801 9.078813 4.5585604
3.9073372 9.11712 4.2521024
3.9073372 8.925584 4.098873
3.7924154 8.504204 4.367024
3.5242648 8.121132 4.903325
3.2561142 7.6614456 5.5162406
3.1028855 7.4699097 6.0142345
3.1411927 7.546524 6.129156
3.4859579 7.929596 5.93762
3.86903 8.504204 5.5928555
4.1754875 8.810661 5.1714754
4.252102 9.002199 4.8267107
4.0222588 8.772355 4.5968676
3.8307228 8.695741 4.673482
3.6391866 8.619126 4.7500963
3.371036 8.504205 4.8267107
3.1794999 8.504205 4.7884035
3.1028855 8.619126 4.903325
3.1411927 8.734048 5.056554
3.217807 8.887277 5.286397
3.1794999 9.002198 5.401319
2.9879637 9.078813 5.209783
2.719813 9.002198 5.0182467
2.4516625 8.925584 4.711789
2.183512 8.887277 4.55856

