1.2641385 8.6574335 4.9416323
1.0726024 9.193735 5.3247046
0.9576807 9.80665 5.516241
0.842759 10.572795 5.7077765
1.1875241 11.453861 6.0142345
1.1875241 11.798626 6.0525417
1.1492168 12.296619 6.129156
0.9959879 12.679692 6.205771
0.8044518 13.024457 6.3206925
0.61291564 13.330915 6.512229
0.5363012 13.560759 6.8186865
0.5746084 13.905523 7.31668
0.72783726 14.250288 7.776367
0.9959879 14.5567465 8.082825
1.2258313 14.78659 8.197746
1.3024458 14.78659 8.0445175
1.3024458 14.5567465 7.8529816
1.3024458 14.250288 7.393295
1.3024458 13.867216 6.895301
1.3790601 13.67568 6.3206925
1.6472107 13.599066 5.6694694
1.8387468 13.445836 5.133168
1.8770542 13.215993 4.5202527
1.8004396 12.756307 3.9839516
1.4939818 12.143391 3.677494
1.1109096 11.645397 3.7541084
0.9576807 11.262325 3.9456444
0.9959879 11.032481 4.098873
1.1492168 11.032481 4.0222588
1.4173675 10.994174 3.524265
1.532289 10.994174 3.1411927
1.3407528 10.764331 2.987964
0.9193734 10.457872 2.987964
0.4596867 10.0748005 3.2944217
0.038307227 9.653421 3.6008792
-0.076614454 9.461885 3.7924156
0.11492168 9.308657 4.060566
0.4213795 9.270349 4.060566
0.68953013 9.155427 3.9456444
0.7661445 8.963891 3.7541084
0.6512228 8.695741 3.2944217
0.26815057 8.312668 2.987964
-0.15322891 7.8912888 2.7198133
-0.5363012 7.5082164 2.2984338
-0.8810662 7.2400656 2.0685904
-1.0726023 7.125144 1.6472108
-1.1492169 7.163451 1.0726024
-1.1492169 7.0485296 0.57460845
-1.1109097 6.703765 -0.038307205
-1.2258313 6.244078 -0.49799395
-1.4173675 5.6311626 -0.7278373
-1.6472108 5.0948615 -0.7661445
-1.838747 4.5968676 -0.61291564
-1.685518 4.213795 -0.42137948
-1.4556746 4.1371803 -0.22984335
-1.1492168 4.213795 0.076614454
-0.9193735 4.2904096 0.4213795
-0.9959879 4.2521024 0.6895301
-1.340753 3.9839516 0.9959879
-1.8004397 3.6008794 1.0342951
-2.2601264 3.371036 0.80445176
-2.6048915 3.1794999 0.5746084
-2.6048915 3.0262709 0.15322891
-2.3750482 3.0645783 -0.30645782
-1.8004396 3.371036 -0.68953013
-1.0342951 4.060566 -0.99598795
-0.4213795 4.903325 -1.1875241
0.038307227 5.707777 -1.0726023
0.19153613 6.1291566 -0.7278373
0.11492168 6.0908494 -0.5363012
0.0 5.7843914 -0.4213795
-0.076614454 5.401319 -0.45968673
-0.11492168 5.094861 -0.6512228
-0.076614454 5.056554 -0.4596867
0.038307227 5.094861 -0.22984336
0.15322891 5.171476 -0.038307227
0.19153613 5.2863975 -0.038307227
0.19153613 5.2097826 -0.4213795
0.19153613 5.133168 -0.80445176
0.22984335 5.056554 -1.1492169
0.38307226 5.056554 -1.2258313
0.61291564 5.0948615 -1.0726024
0.8810662 5.209783 -0.7661445
1.0726024 5.3630123 -0.30645782
1.2258313 5.5928555 0.03830722
1.340753 5.861006 0.26815057
1.4173673 6.205771 0.19153613
1.532289 6.4739213 -0.076614454
1.6089035 6.588843 -0.26815063
1.685518 6.62715 -0.3830723
1.7238252 6.5505357 -0.3064578
1.685518 6.6654572 0.0
1.5322891 6.8569937 0.2681506
1.2258313 6.9719152 0.5363012
0.9959879 7.125144 0.6895301
0.9193734 7.163451 0.7661445
1.1109096 7.2017584 0.7278373
1.4939818 7.393295 0.7661445
2.030283 8.274361 0.61291564
1.9536686 8.772355 0.49799395
1.6089034 9.2703495 0.26815057
1.1109096 9.385271 0.34476504
0.49799395 9.232042 0.7661446
0.6512228 9.040505 1.1492169
1.3024458 8.772355 1.2258313
1.5705963 8.6574335 1.0342951
1.5705963 8.6574335 0.7661445
1.4556748 8.6574335 0.42137948
1.3024458 8.695741 0.076614454
1.1875241 8.695741 -0.19153613
1.340753 8.772355 -0.30645782
1.6472108 8.887277 -0.19153613
1.9536686 9.078813 0.076614454
2.183512 9.2703495 0.30645782
2.1452048 9.346964 0.3830723
1.838747 9.461885 0.7278373
1.3790603 9.844957 1.4556746
1.0342952 10.266336 2.0685902
0.6129157 10.649409 2.4899697
0.26815057 10.802638 2.2984335
-7.4505806E-9 10.419566 1.6089036
-0.4213795 10.036493 1.1875241
-0.7278373 9.768343 1.3790601
-0.9576807 9.844957 2.3750482
-0.9959879 10.419566 3.7541082
-0.842759 11.300632 5.286397
-0.5746084 12.411542 6.5505357
-0.26815057 13.40753 7.240066
-0.22984336 13.905523 7.393295
-0.57460845 13.867216 7.086837
-1.1492169 13.2543 6.5505357
-1.8004396 12.603078 6.167464
-2.2601264 12.258312 5.93762
-2.2984335 12.258312 6.0908494
-1.9536686 12.871228 6.3973074
-1.340753 13.752295 6.6271505
-0.80445176 14.709975 6.933608
-0.5746084 15.361198 6.8569937
-0.80445176 15.47612 6.62715
-1.9536686 14.671668 6.0525417
-2.4899697 14.173674 5.8226986
-2.7581203 13.790602 5.5928555
-2.8730419 13.484144 5.363012
-2.8730419 13.177687 5.3247046
-2.8347347 12.871229 5.401319
-2.8347347 12.641385 5.6694694
-2.873042 12.449849 6.0142345
-2.873042 12.220005 6.435614
-2.7964277 11.951855 6.7420716
-2.7198133 11.568783 6.818686
-2.6431987 11.070789 6.7420716
-2.6048915 10.611102 6.588843
-2.719813 10.189722 6.2823853
-2.9113493 9.730036 6.014235
-3.1795 9.346964 5.8226986
-3.5242648 8.925584 5.4779334
-3.7924156 8.619125 5.24809
-3.9073372 8.504204 5.056554
-3.9073372 8.465897 4.673482
-3.7924154 8.542512 4.3287168
-3.6391864 8.695741 3.9073372
-3.6774936 8.772355 3.5242648
-3.86903 8.580818 3.2944214
-4.213795 8.197746 3.1411924
-4.673482 7.6614456 3.064578
-5.0948615 6.9719152 3.1028852
-5.401319 6.5122285 3.371036
-5.439626 6.435614 3.7924156
-5.2480903 6.5122285 4.213795
-4.8267107 6.895301 4.4819455
-4.252102 7.508217 4.596867
-3.715801 7.967903 4.3670235
-3.217807 8.42759 4.060566
-2.834735 8.619126 3.7541082
-2.566584 8.542511 3.409343
-2.4516625 8.465897 3.2561142
-2.336741 8.312668 3.5242648
-2.183512 8.312668 3.9456444
-1.9536686 8.350975 4.5585604
-1.5705963 8.389283 5.2097826
-1.1875241 8.504205 5.4013195
-0.80445176 8.580819 5.3630123
-0.5746084 8.6574335 4.903325
-0.4213795 8.619125 4.098873
-0.4213795 8.350975 2.7964277
-0.2681506 8.121132 3.3327289
0.07661445 8.159439 4.55856
0.7661445 8.0445175 6.703765
0.842759 8.121132 6.5888433
0.8810662 8.274361 5.7843914
0.9576807 8.619125 4.6351748
1.1109096 9.078813 3.715801
1.340753 9.4618845 3.1028855
1.4173675 9.80665 3.0645783
1.5705963 10.151415 3.8307228
1.9536686 10.534488 6.090849
1.9153614 10.572795 6.5505357
1.5705963 10.342951 6.282385
1.1109096 9.883265 5.5928555
0.6512228 9.461885 5.094861
0.53630114 9.117121 5.0182467
0.7278373 9.078814 5.171476
1.0342951 9.232042 5.3247046
1.340753 9.461885 5.363012
1.6089035 9.5385 5.2480903
1.685518 9.346964 4.9799395
1.6472108 8.963891 4.711789
1.6472108 8.465898 4.55856
1.5705962 8.082825 4.55856
1.6089035 7.8529816 4.673482
1.8004397 7.8146744 4.711789
1.9919759 8.0445175 4.596867
2.3750482 8.312668 4.252102
2.719813 8.465897 3.86903
2.9496562 8.465897 3.562572
3.064578 8.236053 3.4476504
2.7964277 7.6231384 3.6774938
2.6815062 7.508217 3.86903
2.7198133 7.6614456 3.9839516
2.9496565 8.082825 3.9456444
3.6774938 9.2703495 3.9456444
3.86903 9.615114 3.86903
3.8307228 9.576807 3.9073372
3.6391866 9.270349 3.9839516
3.3327286 8.925584 4.175488
3.1028855 8.6574335 4.5202527
2.9496565 8.580819 4.8267107
2.9113493 8.580819 4.9799395
2.9496565 8.695741 5.094861
2.9496565 8.848969 5.209783
2.873042 9.002198 5.2480907
2.681506 9.155427 5.286398
2.4899697 9.308657 5.094861
2.2984335 9.385271 4.8267107
2.2601264 9.461885 4.6351748
2.336741 9.576807 4.5202527
2.2601264 9.653421 4.4819455

