2.1068974 9.653421 4.596867
1.9153614 9.5385 4.7500963
1.7238252 9.346964 4.9799395
0.7661445 8.925583 5.171476
0.80445176 10.304644 5.2863975
1.0342951 11.836933 5.363012
1.5705963 13.330915 5.4396267
1.8770542 14.403518 5.0182467
1.9536686 14.211982 4.4436383
1.8004396 13.7522955 3.6774938
1.4556746 13.1393795 2.9879637
1.0342951 12.449849 2.528277
0.5746084 11.87524 2.2218192
0.22984336 11.568783 2.2601264
0.038307227 11.453861 2.566584
-0.038307227 11.453861 2.9879637
0.076614454 11.568783 3.4093432
0.45968673 11.722012 3.6774938
0.91937345 11.798626 3.7541084
1.2641385 11.722012 3.5625722
1.4556745 11.453861 3.5242648
1.3024457 11.070788 3.5242648
1.0342951 10.649409 3.6008794
0.6895301 10.266336 3.677494
0.42137948 9.959879 3.677494
0.2681506 9.730036 3.6008792
0.11492168 9.461885 3.4859576
0.038307227 9.193734 3.409343
-0.11492168 8.925584 3.217807
-0.30645782 8.619125 3.0645783
-0.45968673 8.350975 2.719813
-0.5363012 8.159439 2.3750482
-0.6512228 7.929596 2.1452048
-0.8810662 7.431602 2.1068974
-1.1109096 6.9719152 2.4899697
-1.340753 6.397307 2.7964277
-1.5705963 5.7077765 2.9113493
-1.7238252 5.2097826 2.7198133
-1.6472107 4.903325 2.183512
-0.9193734 4.9416323 1.4173675
-0.38307226 5.2097826 1.4939818
-0.07661445 5.66947 1.9153614
0.0 6.090849 2.336741
-0.15322888 6.3973074 2.6048915
-0.6129156 6.282385 2.6431987
-1.1492168 5.7843914 2.1452048
-1.5705962 5.2097826 1.4173675
-1.8770541 4.8267107 0.7278373
-1.9153614 4.8267107 0.19153613
-1.6472108 5.0565543 0.038307227
-1.1492168 5.5928555 0.19153613
-0.5363012 6.167464 0.4596867
0.0 6.742072 0.72783726
0.2681506 7.1634517 0.8810662
0.22984335 7.240066 0.842759
-0.07661444 6.895301 0.61291564
-0.45968673 6.244078 0.19153613
-0.6895301 5.6311626 -0.30645782
-0.7661446 5.286397 -0.61291564
-0.5363012 5.4013186 -0.7278373
-0.076614454 5.861006 -0.49799395
0.38307226 6.512229 -0.038307235
0.8044517 7.125144 0.38307226
1.1109096 7.4316025 0.84275895
1.187524 7.4316025 0.95768064
1.2258313 7.2783737 0.84275895
1.2641385 7.0485296 0.6512228
1.3024457 6.8569937 0.30645782
1.3407528 6.7803793 0.11492168
1.3407528 6.62715 0.19153613
1.37906 6.4739213 0.15322891
1.4556746 6.4739213 0.19153613
1.685518 6.588843 0.15322891
1.9919759 6.742072 -0.076614454
2.4516625 6.742072 -0.30645782
2.4516625 6.359 -0.15322891
2.030283 5.5545483 0.38307226
1.685518 5.324704 0.57460845
1.4556746 5.24809 0.4213795
1.3790601 5.363012 0.07661447
1.6089035 5.516241 -0.26815057
2.6431985 5.899313 -0.49799395
3.1028852 6.090849 -0.22984336
3.141193 6.2823853 0.038307227
2.873042 6.435614 0.30645782
2.3750482 6.5122285 0.45968676
1.8004397 6.4739213 0.61291564
1.4556746 6.282385 0.80445176
1.3024457 6.0142345 0.88106626
1.2641385 5.8226986 0.842759
1.3790601 6.0142345 0.6895301
1.532289 6.473922 0.38307226
1.7238252 7.2017584 0.19153613
1.9536685 8.0445175 0.22984336
2.2218192 8.580818 0.4213795
2.4133554 8.925584 0.7278373
2.4899697 9.040505 1.0726024
2.4133554 8.810662 1.2641385
2.030283 8.427589 1.1109096
1.3790601 7.929596 0.6895301
0.61291564 7.584831 0.15322891
-0.07661444 7.431602 -0.38307226
-0.38307226 7.469909 -0.6512228
-0.26815057 7.776367 -0.45968673
0.07661446 8.0445175 -0.15322891
0.45968673 8.274362 0.19153613
0.5746084 8.542512 0.38307226
0.4596867 8.580819 0.11492169
0.26815057 8.542512 -0.11492165
0.11492168 9.040506 0.03830725
0.4213795 9.615114 0.5363012
0.9576807 10.381258 1.0342952
1.6472107 11.070789 1.6089035
2.2218192 11.568783 1.9536686
2.4899697 11.990162 2.1452045
2.4516625 12.220006 2.2601264
2.2218192 12.488156 2.4133554
1.9919758 12.794615 2.7581203
1.8387469 13.062765 3.1794999
1.7621325 13.445837 3.4476504
1.5322891 13.637373 3.562572
1.1492169 13.445836 3.409343
0.6895301 13.139379 3.2944214
0.22984336 12.871228 3.4859574
0.038307227 12.794614 3.4476502
0.19153613 13.292608 3.3327286
0.5363012 14.097059 3.217807
0.91937345 14.824898 2.9496567
1.1109096 15.20797 2.873042
0.91937345 15.054741 2.9496565
0.49799392 14.441824 2.9879637
-0.1149217 13.790602 2.9496565
-0.7661446 13.254301 2.7581203
-1.3024458 12.832921 2.834735
-1.7238252 12.526463 2.9496565
-1.9536686 12.220005 3.0262709
-1.9919758 12.066776 3.2561145
-1.9919758 12.066776 3.1794999
-1.9536686 12.105083 3.1794999
-1.9919758 12.066776 3.1794999
-2.0685902 12.028469 2.9879637
-2.1068974 11.9135475 2.6431987
-2.1452048 11.951855 1.9919758
-2.2218192 12.181698 1.4173675
-2.2984338 12.220005 0.91937345
-2.4133554 12.105083 0.8810662
-2.6048915 11.683704 1.1875241
-2.7581203 10.879252 1.8387469
-2.9496565 10.228029 2.834735
-3.1028852 9.768343 3.715801
-3.1028852 9.576807 4.443638
-2.9879637 9.730036 4.7500963
-2.719813 9.959879 4.481946
-2.4133554 10.151415 4.0605664
-2.183512 10.189722 3.677494
-2.030283 10.113108 3.3327289
-1.9153614 9.959879 3.1795
-1.838747 9.883265 3.1028855
-1.7621324 9.883265 3.1028855
-1.7238252 9.844957 2.9879637
-1.8387469 9.691729 3.1028852
-1.9153614 9.615114 2.8730419
-1.9536686 9.691729 2.7581203
-1.9153614 9.80665 2.566584
-1.838747 10.0748005 2.4133554
-1.7621324 10.342951 2.4516625
-1.685518 10.611102 2.6048915
-1.7621324 10.6877165 2.7198133
-1.9153614 10.572794 2.7964277
-2.1068974 10.342951 2.834735
-2.2218192 10.0748005 2.7581203
-2.1452048 10.0748005 2.6431987
-1.9153615 10.496181 2.566584
-1.6089035 11.070788 2.6431985
-1.4173673 11.453861 2.9879637
-1.3790601 11.530476 3.6391864
-1.5705962 11.109097 4.1754875
-1.9153614 10.419565 4.4819455
-2.183512 9.768343 4.4819455
-2.4133554 9.232042 3.9839516
-2.4133554 8.887277 3.562572
-2.183512 8.734048 3.1794999
-1.9153614 8.848969 2.8347347
-1.5705962 9.078814 2.873042
-1.187524 9.193735 3.371036
-0.9959879 9.078813 3.9456444
-0.9193734 8.6574335 4.4819455
-0.9576807 8.197746 4.711789
-1.0726024 7.8529816 4.673482
-0.9576807 7.776367 4.4436383
-0.68953013 7.967903 4.0222588
-0.30645782 8.274361 3.6391866
0.076614454 8.619125 3.2944217
0.45968676 8.810662 3.3327289
0.7661446 8.925584 3.86903
1.0342952 8.848969 4.7500963
1.2641386 8.695741 5.363012
1.1875241 8.619126 5.363012
0.9959879 8.427589 5.094861
0.842759 8.236053 4.8267107
0.6512228 8.082825 4.596867
0.68953 7.929596 4.8267107
0.8810662 7.8529816 5.1714754
1.187524 7.8912888 5.324704
1.685518 8.121132 5.4779334
2.2984338 8.427589 5.5162406
2.873042 8.810662 5.2863975
3.371036 9.117121 4.9416323
3.715801 9.2703495 4.55856
3.9073372 9.2703495 3.7541084
3.8307228 9.040506 3.4859576
3.677494 8.695741 3.562572
3.371036 7.929596 4.4436383
3.2561145 7.699753 5.2097826
3.3327289 7.699753 5.7077765
3.6008794 7.929596 5.9759274
3.9456444 8.274361 5.6694694
4.2904096 8.772355 5.1714754
4.5202527 9.040505 4.55856
4.55856 9.11712 4.1371803
4.443638 9.078813 3.9839516
4.1754875 8.810662 4.098873
3.6008792 8.504205 4.7500963
3.4093432 8.42759 5.094861
3.2944217 8.465898 5.2097826
3.1411927 8.504205 5.2863975
2.9879637 8.504205 5.171476
2.873042 8.619126 4.97994
2.7964277 8.848969 4.8267107
2.7964277 9.117121 4.673482
2.7581205 9.308657 4.6351748
2.5665843 9.308657 4.520252
2.3750482 9.155428 4.481945
2.1068976 9.040505 4.290409
1.8004396 9.078813 4.098873

