1.6472108 9.155427 4.098873
1.532289 9.308657 4.060566
1.4556746 9.423578 4.1754875
0.53630114 9.040506 4.3287168
0.7278373 9.844957 4.6351748
0.9959879 10.76433 4.865018
1.4556746 12.066776 5.133168
2.336741 13.2543 5.439626
2.3750482 13.484144 5.363012
2.3367407 13.67568 5.363012
2.3367407 14.020445 5.66947
2.3750482 14.173675 5.861006
2.3750482 14.326903 6.129156
2.2984338 14.365211 6.4739213
2.2218192 14.403518 6.742072
2.1068974 14.480132 6.8569937
1.9919758 14.480132 6.8569937
1.8387469 14.326903 6.435614
1.685518 14.135366 6.3589997
1.5322891 13.790602 6.090849
1.2641385 13.330915 5.784391
0.9576807 12.986151 5.4779334
0.6512229 12.679692 5.133168
0.45968673 12.449848 5.0182467
0.38307226 12.373234 4.8267107
0.34476504 12.373234 4.673482
0.38307226 12.181698 4.3287168
0.30645782 11.798626 4.367024
0.11492168 11.262324 4.405331
-0.11492168 10.611101 4.5968676
-0.4213795 10.036493 4.7884035
-0.6512229 9.500193 4.865018
-0.7661446 9.078814 4.9416323
-0.88106626 8.695741 4.8267107
-0.91937345 8.427589 4.4436383
-0.9576807 8.350975 4.060566
-0.9959879 8.236053 3.7158012
-1.0726023 8.121132 3.6008794
-1.1492169 7.8529816 3.6008794
-1.2258313 7.5082164 3.9456444
-1.2641385 7.125144 4.2521024
-1.2258313 6.818686 4.4436383
-1.0342951 6.6654572 4.6351743
-0.8810662 6.7037644 4.55856
-0.7278373 6.818686 4.3287168
-0.61291564 6.8569937 3.8307228
-0.6512228 6.895301 3.2561145
-0.7661445 6.703765 2.681506
-1.2641385 6.167464 2.1068976
-1.532289 5.8226986 1.9536686
-1.7238252 5.6311626 1.7621324
-1.838747 5.401319 1.5705963
-1.8770542 5.401319 1.340753
-1.8770542 5.2863975 0.9576807
-1.8387469 5.1331687 0.61291564
-1.6855179 5.2480903 0.0
-1.5322891 5.5928555 0.11492168
-1.340753 5.93762 0.22984338
-1.1875241 6.3206925 0.34476507
-0.99598795 6.3589997 0.30645785
-0.88106626 6.3206925 0.038307227
-0.80445176 6.205771 -0.3064578
-0.61291564 6.129156 -0.6512229
-0.4213795 6.2057705 -0.9576807
-0.11492168 6.5122285 -1.2258313
0.0 6.5505357 -1.1109096
-0.076614454 6.4739213 -0.7661445
-0.15322891 6.2823853 -0.38307226
-0.22984336 6.090849 -0.038307227
-0.26815057 5.93762 0.0
-0.15322891 5.93762 -0.11492168
0.038307227 6.0525417 -0.45968676
0.2681506 6.090849 -0.7278373
0.45968673 6.1674633 -0.8810662
0.6512229 6.2440777 -0.95768064
0.80445176 6.320692 -0.7278373
0.91937345 6.3589997 -0.61291564
0.9959879 6.2823853 -0.4213795
1.1109096 6.0908494 -0.30645782
1.3024458 5.861006 -0.344765
1.4556746 5.631162 -0.344765
1.5322891 5.439626 -0.4213795
1.4939818 5.286397 -0.45968673
1.3024457 5.133168 -0.6512229
1.1492169 5.094861 -0.842759
1.1109096 5.1714754 -1.1109096
1.2641385 5.3247046 -1.4173675
1.5705965 5.5545483 -1.4556746
1.8770542 5.707777 -1.3024457
2.1068976 5.7843914 -0.9959879
1.9153614 5.93762 -0.34476504
1.6089036 6.090849 -0.11492168
1.340753 6.2057705 0.22984338
1.1492168 6.2057705 0.4213795
0.9576807 6.129156 0.49799395
0.7278373 6.0142345 0.30645782
0.4213795 6.090849 -0.22984335
0.19153613 6.320692 -0.6512228
0.2681506 6.703765 -0.9193734
0.6895301 7.0485296 -0.8810662
1.3407528 7.316681 -0.7278373
1.9536686 7.508217 -0.5363012
2.2984335 7.6231384 -0.38307226
2.2601264 7.776367 -0.4213795
1.9536686 8.082825 -0.38307226
1.6472107 8.465897 -0.30645782
1.5322891 8.887277 -0.2681506
1.6472107 9.308656 -0.2681506
1.9153613 9.461885 -0.38307226
2.2601264 9.500193 -0.61291564
2.566584 9.500193 -0.6895301
2.8347347 9.500193 -0.4213795
3.064578 9.576807 0.19153611
3.2178068 9.80665 1.0726024
3.3327289 10.036493 2.030283
3.371036 10.266336 2.719813
3.3327289 10.189722 2.9496567
3.1411927 9.921572 2.5282772
2.7581203 9.576807 1.8004397
2.2984335 9.232041 1.1109096
1.9536686 9.193734 0.9193735
1.7621324 9.461885 1.2258313
1.8004397 10.151415 1.7621324
1.9536686 10.994173 2.528277
1.8770542 11.9135475 3.064578
1.493982 12.373234 3.562572
0.91937345 12.296619 3.9839516
0.26815057 11.87524 4.2137947
-0.114921674 11.415554 4.4819455
-0.15322891 11.377247 4.55856
0.07661445 11.760319 4.55856
0.842759 12.756307 4.252102
1.1875241 13.292608 4.3287163
1.4173675 13.67568 4.5585604
1.532289 14.288595 5.0182467
1.4939818 14.709974 5.2480907
1.3024457 14.78659 5.2480907
0.8810662 14.441825 4.9416323
0.34476504 13.560759 4.3287163
-0.30645782 12.449849 3.9073372
-0.91937345 11.530476 3.9839516
-1.2641385 11.262325 4.4819455
-1.3790603 11.60709 5.286397
-1.1109096 12.679692 5.93762
-0.6512228 13.982138 6.129156
-0.19153613 14.901511 5.861006
0.15322891 15.552734 5.3247046
0.07661445 15.552734 4.903325
-0.2681506 14.901512 4.596867
-0.88106626 14.097059 4.55856
-1.5705962 13.101072 4.7117887
-2.1068974 12.181698 4.903325
-2.4133554 11.683704 5.2863975
-2.4133554 11.492168 5.631162
-2.2218192 11.60709 5.899313
-1.9536686 11.87524 5.861006
-1.7621324 11.990162 5.516241
-1.685518 11.990162 5.133168
-1.685518 11.722012 4.865018
-1.7621324 11.415554 4.7884035
-1.8004397 11.070789 4.903325
-1.9153614 10.611102 5.133168
-2.1068976 10.22803 5.1714754
-2.2218192 9.691729 5.056554
-2.3750482 9.193734 4.7117887
-2.4516625 8.887277 4.060566
-2.4516625 8.810662 3.6008792
-2.336741 8.925584 3.371036
-2.183512 9.11712 3.4859576
-2.1068976 9.040505 3.754108
-2.030283 8.695741 3.8307228
-2.030283 8.274361 3.86903
-1.9536686 7.967903 3.715801
-1.6089035 8.00621 3.5625722
-1.1875241 8.236053 3.6008794
-0.842759 8.542512 3.6774938
-0.6512228 8.580819 3.7541082
-0.7278373 8.312668 3.7541082
-0.88106626 7.967903 3.6774938
-0.91937345 7.699753 3.5242648
-0.842759 7.6614456 3.3327286
-0.61291564 7.8912888 3.3327286
-0.30645782 8.236053 3.2561142
-0.038307227 8.580819 3.1794999
0.19153613 8.848969 3.2561145
0.30645782 9.002198 3.4093432
0.34476504 9.078813 3.8307228
0.3830723 9.002198 4.213795
0.34476507 8.963891 4.4436383
0.34476507 8.848969 4.5202527
0.26815057 8.695741 4.290409
0.15322891 8.542512 3.86903
0.11492168 8.465898 3.5242648
0.11492168 8.465898 3.1411927
0.19153613 8.542512 3.1794999
0.30645782 8.772355 3.6774938
0.4213795 8.963892 4.2904096
0.49799395 9.040506 5.094861
0.45968673 9.040506 5.24809
0.38307226 8.6574335 4.405331
0.72783726 8.695741 3.6774938
1.1109096 8.925584 3.9456444
1.8004397 9.346964 4.9416323
2.030283 9.461885 5.133168
2.183512 9.385271 5.0182467
2.336741 9.270349 4.750096
2.4516625 9.078813 3.6774936
2.4899697 9.002198 3.2561142
2.4516625 8.772355 3.0262709
2.4133554 8.734048 3.4093432
2.3750482 8.6574335 4.2137947
2.3750482 8.580819 5.056554
2.3750482 8.465897 5.554548
2.4133554 8.312668 5.6694694
2.4516625 8.197746 5.24809
2.5665843 8.159439 4.6734815
2.681506 8.082825 4.367024
2.7964277 8.121132 4.252102
2.9113493 8.274361 4.443638
3.0262709 8.389282 4.7117887
3.1795 8.657433 4.9416323
3.2178073 8.772355 5.2097826
3.026271 8.6574335 5.439626
2.7581203 8.542512 5.6311626
2.528277 8.465898 5.66947
2.336741 8.389283 5.592855
2.2601264 8.389283 5.324704
2.2984335 8.465898 5.0182467
2.375048 8.6574335 4.8267107
2.4133554 8.963891 4.7884035
2.4899697 9.2703495 4.673482
2.4899697 9.576807 4.55856
2.4516625 9.768343 4.2137947
2.336741 9.921572 4.0222588
2.0685902 9.921572 4.098873
1.7621324 9.768343 4.2137947
1.1875241 9.5385 4.596867
1.0726024 9.5385 4.55856
0.9959879 9.615114 4.55856
0.9193734 9.615114 4.4053307
0.9193734 9.576807 4.252102
0.8044517 9.576807 3.9839516
0.49799395 9.423578 3.6391864

