0.0 9.117121 4.4436383
-0.038307227 9.921572 5.094861
-0.038307227 11.185711 5.746084
0.2681506 13.599066 6.895301
0.5363012 13.905523 6.742072
0.7278373 13.828909 6.435614
0.91937345 13.713987 5.9759274
0.84275895 13.599066 5.592855
0.72783726 13.369223 5.2863975
0.68953 13.024457 4.9799395
0.57460845 12.641385 4.7500963
0.49799395 12.258312 4.55856
0.45968673 11.9135475 4.3287168
0.45968673 11.60709 4.1371803
0.45968673 11.224018 3.9839516
0.45968673 10.91756 3.86903
0.45968673 10.611102 3.9839516
0.4213795 10.304644 4.2137947
0.19153613 9.653421 5.0182467
-0.15322891 9.193735 5.24809
-0.57460845 8.695741 5.439626
-0.9959879 8.082825 5.0948615
-1.4556746 7.508217 4.55856
-1.8004396 6.895301 3.7541084
-2.1068974 6.397307 2.681506
-2.3750482 5.861006 1.4939818
-2.2218194 5.7843914 1.4173673
-1.838747 5.746084 1.532289
-1.3790603 5.554548 1.4556746
-0.9959879 5.4779334 1.2258313
-0.6512229 5.4779334 0.84275895
-0.45968673 5.4779334 0.61291564
-0.22984335 5.746084 0.57460845
0.038307227 6.0908494 0.61291564
0.2681506 6.3206925 0.842759
0.34476504 6.397307 1.0342951
0.2681506 6.2440777 1.1492168
0.076614454 5.7460837 1.3024457
-0.2681506 5.3630114 1.340753
-0.45968673 5.133168 1.4173675
-0.45968673 5.133168 1.4939818
-0.38307226 5.324704 1.5705962
-0.15322891 5.4013195 1.4939818
0.076614454 5.5928555 1.2258313
0.19153613 5.66947 0.9193734
0.22984336 5.6311626 0.45968673
0.30645782 5.707777 0.15322891
0.38307226 5.6311626 -0.076614454
0.5363012 5.554548 -0.15322891
0.8044518 5.6311626 -0.076614454
1.0342951 5.707777 0.038307227
1.1875241 5.8226986 0.19153613
1.2258313 5.8226986 0.26815057
1.1875241 5.7460837 0.42137945
1.1492169 5.554548 0.49799395
1.2258313 5.363012 0.53630114
1.3407528 5.2480903 0.49799395
1.5322891 5.171476 0.22984336
1.7621325 5.209783 0.038307227
1.9919759 5.363012 -0.19153613
2.2218194 5.516241 -0.34476504
2.4133554 5.899313 -0.45968673
2.3367407 5.746084 -0.53630114
2.2218192 5.592855 -0.57460845
2.1068974 5.2863975 -0.6512228
1.9919758 4.903325 -0.84275895
1.8387469 4.8267107 -0.8810662
1.7238252 4.9416323 -0.9959879
1.7238252 5.324704 -0.9576807
1.8387469 5.93762 -0.7278373
2.1452048 6.550536 -0.45968673
2.528277 7.086837 -0.11492168
2.873042 7.546524 0.2681506
3.026271 7.967903 0.6512229
2.9113493 8.197746 0.9576807
2.566584 8.274361 1.1109096
2.030283 8.121132 1.0342951
1.5705962 7.776367 0.9193734
1.2258313 7.3549876 0.80445176
1.1109096 7.0485296 0.8810662
1.1492168 7.0102224 1.0726023
1.2258313 7.469909 1.4173675
1.3024457 8.121132 1.685518
1.3024457 8.810662 1.9536686
1.2641385 9.346963 2.1452048
1.2641385 9.308656 2.2218192
1.4556746 9.270349 2.336741
1.9536686 9.155427 2.4899697
2.0685902 9.308657 2.6048913
1.8770542 9.385271 2.719813
1.532289 9.500193 2.719813
1.1109096 9.500193 2.7964275
0.80445176 9.500193 2.873042
0.7278373 9.500193 3.1411924
0.842759 9.308657 3.2561142
0.9576807 9.078814 3.217807
1.1492169 8.963891 3.2944217
1.340753 8.963891 3.371036
1.6089035 9.576806 3.6391864
1.8770541 10.534487 4.175488
1.9536686 11.45386 4.4436383
1.7238252 12.105083 4.5202527
1.2258313 12.066776 4.3287168
0.5363012 11.568783 4.1754875
-0.03830722 10.955868 4.5202527
-0.4213795 10.572794 5.286397
-0.57460845 10.64941 6.397307
-0.49799398 11.070789 7.240066
-0.34476507 11.722012 7.508217
-0.15322891 12.334927 7.163451
-0.11492168 12.832921 6.359
-0.2681506 13.139379 5.363012
-0.49799395 13.062764 4.711789
-0.6895301 12.947843 4.367024
-0.7278373 12.717999 4.2904096
-0.5363012 12.488156 4.405331
-0.30645782 12.411542 4.367024
-0.15322891 12.258312 4.405331
-0.038307227 12.143391 4.55856
-0.11492168 12.066776 4.8267107
-0.2681506 11.990162 5.209783
-0.45968673 11.990162 5.5162406
-0.61291564 11.9135475 5.5928555
-0.6512228 11.798626 5.4779334
-0.61291564 11.722012 5.3247046
-0.5363012 11.568783 5.094861
-0.5363012 11.530476 4.9416323
-0.61291564 11.453861 4.903325
-0.7661445 11.492168 4.903325
-0.9576807 11.530476 5.056554
-1.1875241 11.530476 5.209783
-1.4173673 11.568783 5.363012
-1.5705962 11.492168 5.363012
-1.7621324 11.377247 5.363012
-1.9536686 11.070788 5.4396267
-2.183512 10.726023 5.3630123
-2.4516625 10.304644 5.4013195
-2.6048915 10.113108 5.516241
-2.5282772 10.228029 5.6311626
-2.183512 10.49618 5.861006
-1.8004398 10.879252 5.9759274
-1.4556746 10.994174 5.8226986
-1.4556746 10.726024 5.5162406
-1.7238252 10.113108 5.2097826
-2.1068976 9.346963 4.9799395
-2.4516625 8.695741 4.903325
-2.566584 8.427589 5.0182467
-2.528277 8.427589 5.1714754
-2.413355 8.542511 5.2863975
-2.375048 8.695741 5.401319
-2.3367407 8.695741 5.3247046
-2.2601264 8.772355 5.3247046
-2.0685902 9.002199 5.24809
-1.7621324 9.193735 5.056554
-1.4939818 9.423578 5.0182467
-1.2641385 9.461885 4.903325
-1.1492168 9.308656 4.9416323
-1.1109096 9.040505 5.0182467
-1.0726024 8.810662 5.0182467
-1.1109096 8.504205 4.865018
-1.1492169 8.274361 4.6351743
-1.1875241 8.0445175 4.6734815
-1.1875241 7.699753 4.903325
-1.1492169 7.5848308 5.24809
-0.9959879 7.393295 5.631162
-0.7661445 7.393295 5.631162
-0.49799398 7.508217 5.2480903
-0.15322891 7.6614456 4.7884035
0.30645782 8.082825 4.1754875
0.45968676 8.159439 4.405331
0.68953013 8.197746 4.865018
0.9576807 8.274361 5.3247046
1.3024457 8.350975 5.554548
1.5705963 8.542512 5.439626
1.6089035 8.542512 4.9799395
1.4556746 8.350975 4.4819455
1.2641386 8.197746 4.2137947
1.5322891 8.580818 4.367024
1.9153614 9.11712 4.4819455
2.2601264 9.5385 4.3670235
2.2601264 9.461885 4.098873
1.8004396 8.810662 3.8307228
1.2641385 8.082825 3.7541082
0.7661446 7.278373 3.8307228
0.49799395 6.933608 4.213795
0.6512229 6.933608 4.520253
1.1492169 7.1634517 4.7884035
1.7621324 7.6231384 4.8267107
2.9113493 8.274361 4.4436383
3.2561145 8.504204 3.9456444
3.2561145 8.580819 3.7924156
3.1794996 8.695741 3.7924156
3.2561142 8.925585 4.0222588
3.562572 9.2703495 4.2904096
4.2521024 9.844957 5.133168
4.2904096 9.768343 5.401319
4.060566 9.5385 5.554548
3.5242648 9.117121 5.2480903
3.4859576 9.155428 5.1331687
3.6008794 9.385271 5.2480903
3.6008794 9.615114 5.363012
3.371036 9.615114 5.93762
2.834735 9.155427 5.363012
2.6048915 8.963891 4.8267107
2.3750482 8.772355 4.405331
2.0685902 8.542511 4.1371803
1.7238252 8.274361 4.1371803
1.4173675 8.082825 4.2137947
1.1492169 7.967903 4.1754875
1.0726023 7.8912888 4.2904096
1.0342951 7.967903 4.367024

