1.0342951 7.967903 4.4436383
0.842759 8.542511 4.7500963
1.1875241 10.228029 5.6311626
1.4939818 11.9135475 6.397307
1.9919758 13.215994 7.086837
2.2218192 14.518439 7.776367
2.030283 14.250288 7.393295
1.9153614 13.905523 7.0485296
1.6472108 13.522451 6.7037644
1.2258313 12.641386 6.0525417
0.9576807 12.143392 5.7843914
0.8810662 11.87524 5.4779334
0.9193735 11.683704 5.363012
1.0342951 11.683704 5.2097826
1.2258313 11.722012 4.9799395
1.340753 11.683704 4.7884035
1.4173675 11.568783 4.4436383
1.4556746 11.300632 3.86903
1.3024457 10.6877165 3.4093432
1.0726023 10.036493 3.026271
0.72783726 9.346963 2.873042
0.38307226 8.619126 3.1411927
0.22984335 8.274361 3.371036
0.15322891 7.8912888 3.4859576
0.15322891 7.5082164 3.2944217
0.11492168 7.3549876 3.217807
0.076614454 7.240066 3.2944214
-0.038307227 7.1251445 3.3327286
-0.15322891 6.933608 3.2944214
-0.22984336 6.7420716 3.1794999
-0.344765 6.588843 2.834735
-0.4596867 6.435614 2.4899697
-0.6512229 6.2823853 2.1452048
-0.88106626 6.0908494 1.8004397
-1.1875241 5.7843914 1.4556746
-1.4556746 5.4779334 1.0342951
-1.685518 5.2863975 0.53630114
-1.8387469 5.056554 0.34476504
-1.8004397 5.094861 0.30645782
-1.5705963 5.324705 0.5363012
-1.2258313 5.5928555 0.9193734
-0.80445176 6.205771 1.3024457
-0.42137948 6.703765 1.4939818
-0.19153613 7.010223 1.3790603
-0.076614454 7.0868373 0.9959879
-0.15322891 6.8186865 0.38307226
-0.4213795 6.3589997 -0.30645782
-0.7661446 5.899313 -0.7661445
-1.0342951 5.5162406 -1.0342951
-1.1875241 5.2097826 -1.1492168
-1.1109096 5.1714754 -0.91937345
-0.8810662 5.2097826 -0.5746084
-0.57460845 5.516241 -0.03830722
-0.30645782 5.9759274 0.34476504
-0.15322891 6.2057705 0.61291564
-0.11492168 6.3589993 0.7661445
-0.15322891 6.282385 0.5746084
-0.15322891 5.93762 0.19153613
-0.076614454 5.631162 -0.19153613
0.038307227 5.439626 -0.6512228
0.19153613 5.2863975 -0.9959879
0.34476504 5.3247046 -1.0342951
0.5363012 5.516241 -0.9193735
0.7661445 5.5928555 -0.6512229
0.9576807 5.707777 -0.22984336
1.1109096 5.746084 0.11492168
1.1492169 5.66947 0.30645782
1.1875241 5.66947 0.2681506
1.1492169 5.4779334 0.15322891
1.0342951 5.286397 -0.076614454
0.91937345 5.056554 -0.2681506
0.7278373 4.7500963 -0.30645782
0.61291564 4.5968676 -0.2681506
0.57460845 4.5585604 -0.038307227
0.61291564 4.711789 0.22984336
0.7278373 5.094861 0.4213795
0.9193734 5.66947 0.49799398
1.1109096 6.320693 0.49799398
1.2641385 6.8186865 0.45968673
1.3024458 7.0485296 0.61291564
1.3024458 7.0102224 0.9576807
1.1492169 6.7420716 1.4556746
0.80445176 6.6654572 1.9153614
0.5746084 6.7420716 2.1452045
0.26815057 6.933608 2.0685902
0.19153613 7.3166804 1.6472106
0.38307226 7.546524 1.1109096
0.6895301 7.8146744 0.61291564
1.1109096 8.159439 0.49799395
1.4173675 8.69574 0.61291564
1.6472108 9.385271 0.99598795
1.6472108 9.998186 1.4939818
1.4556746 10.419565 1.6472108
1.2258313 10.534488 1.5705963
1.0726023 10.419566 1.3024457
1.0726023 10.113109 0.8044518
1.1492169 9.883265 0.45968673
1.3024458 9.653421 0.4213795
1.340753 9.615114 0.5363012
1.2258313 9.768343 0.8810662
1.1109096 9.883265 1.2258313
0.9576807 10.113108 1.4939818
0.9576807 10.304644 1.532289
1.1109096 10.611102 1.5705963
1.3024457 11.032482 1.4173675
1.3790601 11.185711 1.2641385
1.1109096 11.300632 1.4173675
0.6512229 11.262324 1.532289
0.11492169 11.3006315 1.9919758
-0.30645782 11.645396 2.3750482
-0.38307226 11.990162 2.681506
-0.30645782 12.488156 3.0645783
-0.11492168 13.024457 3.217807
0.0 13.292608 3.371036
-0.22984338 13.254301 3.6391864
-0.65122294 12.756308 3.9456444
-1.2641385 11.9135475 4.3287168
-1.7621324 11.070789 4.711789
-1.8770542 10.611101 4.55856
-1.685518 10.64941 4.060566
-1.2641385 10.917561 3.409343
-0.8810662 11.300632 2.911349
-0.6512228 11.60709 2.911349
-0.57460845 11.798626 3.4859574
-0.6512228 11.990162 4.3287163
-0.6512228 12.258312 5.056554
-0.57460845 12.56477 5.5162406
-0.53630114 12.717999 5.592855
-0.45968673 12.679692 5.3247046
-0.5363012 12.488156 4.9416323
-0.7661446 12.181698 4.711789
-0.88106626 12.066776 4.4436383
-0.9576807 12.143391 4.596867
-0.8810662 12.373234 4.8267107
-0.68953 12.679691 5.171476
-0.53630114 12.871228 5.6311626
-0.4596867 12.871228 5.707777
-0.6512228 12.603077 5.51624
-1.0342951 12.143391 5.094861
-1.532289 11.492168 4.673482
-1.9919758 10.840946 4.3287168
-2.4133554 10.266336 4.098873
-2.681506 9.691729 3.8307228
-2.834735 9.385271 3.715801
-2.7964277 9.232041 3.7541082
-2.7198133 9.155427 3.524265
-2.6431985 9.308656 3.4476504
-2.566584 9.385271 3.2944214
-2.719813 9.346964 3.2178068
-2.834735 9.155428 3.1794996
-3.064578 8.963891 3.2178068
-3.3327286 8.810662 3.1794996
-3.4859576 8.772355 2.9879637
-3.9839516 8.542511 2.834735
-4.1754875 8.427589 3.2561142
-4.2137947 8.465897 3.7158008
-4.060566 8.848969 4.2137947
-3.715801 9.538499 4.5202527
-3.2561142 10.304644 4.2904096
-2.9113493 10.91756 4.0222588
-2.6815062 11.262325 3.6391864
-2.834735 10.955867 3.4093432
-3.7541082 9.117121 3.9456444
-4.2137947 8.00621 4.673482
-4.252102 7.508217 5.2480903
-3.9839516 7.508217 5.5928555
-3.3327286 8.082825 5.363012
-2.6048913 8.810663 4.7884035
-1.8387468 9.461885 4.252102
-1.2258313 9.80665 3.86903
-0.80445176 9.768343 3.6774938
-0.6512229 9.423578 3.7541084
-0.80445176 8.772355 4.0222588
-1.187524 7.8529816 4.290409
-1.6089035 6.856993 5.2097826
-1.3790601 6.818686 5.5162406
-0.91937345 7.31668 5.439626
-0.38307226 7.8529816 5.1714754
0.22984336 8.465898 4.6734815
0.72783726 9.193734 4.1754875
1.1492168 9.691729 3.9839516
1.4556745 9.998186 3.7924156
1.4939818 9.921572 3.9839516
1.4173673 9.576807 4.1754875
1.2641385 9.193735 4.367024
1.0726023 8.772355 4.55856
0.9576807 8.619126 4.6351743
0.9576807 8.619126 4.5202527
1.1492169 8.619126 4.3287168
1.3790603 8.734048 4.0222588
1.532289 8.734048 3.6008792
1.6472108 8.542511 3.2944217
1.6089036 8.312668 3.2561145
1.5322891 7.929596 3.562572
1.4939818 7.6614456 4.1371803
1.4939818 7.546524 4.865018
1.5322891 7.546524 5.2480903
1.6472108 7.73806 5.2480903
1.8004397 7.8912888 5.056554
1.9536686 8.00621 4.7884035
2.1068974 8.197746 4.6351743
2.221819 8.389282 4.596867
2.375048 8.619125 4.55856
2.566584 8.848969 4.4436383
2.9113493 9.155427 4.2904096
3.2561145 9.423578 4.2521024
3.5625722 9.5385 4.2904096
3.6774938 9.615114 4.405331
3.6008794 9.500193 4.6351748
3.4093432 9.2703495 4.9416323
3.1028855 9.040506 5.133168
2.8347347 8.848969 5.3247046
2.6048913 8.695741 5.401319
2.4899697 8.734048 5.2097826
2.4899697 8.963891 4.9416323
2.528277 9.232041 4.673482
2.566584 9.385271 4.367024
2.566584 9.500193 4.3287168
2.4516625 9.423578 4.4436383
2.2218194 9.232042 4.5202527
1.9153614 9.040506 4.6734815
1.7238252 8.925584 4.6351743
1.6089036 8.925584 4.6734815
1.532289 9.078813 4.6734815
1.532289 9.308657 4.6734815
1.3790601 9.385271 4.6734815
1.1492168 9.461885 4.55856
0.9959879 9.423578 4.5202527
0.9193734 9.500193 4.596867
0.95768064 9.653421 4.7500963
0.99598795 9.653421 4.865018
0.99598795 9.615114 4.9416323
0.80445176 9.461885 4.711789
0.4213795 9.193734 4.2904096
0.076614454 9.002198 3.9456444
-0.2681506 8.848969 3.8307228

