-0.45968676 8.6574335 3.9839516
0.19153613 9.155427 4.4053307
0.6895301 10.649409 4.2137947
1.0342951 11.990162 4.098873
1.1875241 13.215994 4.1754875
1.3024458 13.713987 4.0222588
1.1492169 13.292608 4.0222588
1.0342952 13.024457 3.8307228
0.99598795 12.756307 3.7924156
0.99598795 12.488155 3.7924156
0.9576807 12.220005 3.7541084
0.842759 11.760319 3.7924156
0.68953013 11.300632 3.9073372
0.5746084 10.994174 4.2904096
0.5746084 10.151415 4.673482
0.4213795 9.691729 4.4436383
0.15322891 9.155427 3.9456444
-0.26815057 8.580819 3.6391866
-0.61291564 8.159439 3.7541084
-0.842759 7.6614456 4.1371803
-0.99598795 7.1634517 4.5202527
-1.0726024 6.895301 4.5202527
-1.2258313 6.8186865 4.060566
-1.3407528 6.895301 3.1794999
-1.4556745 6.895301 2.2601264
-1.4556745 6.7803793 1.6089034
-1.2641385 6.5122285 1.2258313
-1.0342951 6.2440777 1.0342951
-0.7278373 6.0525417 0.88106626
-0.30645782 5.9759274 0.7278373
0.07661445 5.9759274 0.80445176
0.30645782 5.861006 1.1875241
0.34476504 5.7077765 1.6472107
0.07661445 5.439626 2.1452045
-0.3830723 5.133168 2.3367407
-0.9193734 4.711789 2.183512
-1.4556745 4.290409 2.030283
-1.9153613 3.86903 1.6472108
-2.2601264 3.562572 1.0726024
-2.336741 3.6391864 0.4213795
-2.1452045 3.86903 -0.4213795
-1.9153613 4.1371803 -1.1109096
-1.6089034 4.481945 -1.3790601
-1.37906 4.7884035 -1.1492168
-1.37906 4.9799395 -0.34476507
-1.37906 5.2097826 0.6512228
-1.4939818 5.2097826 1.340753
-1.6089036 5.056554 1.4939818
-1.6089036 4.9799395 0.99598795
-1.4939818 4.9416323 0.11492169
-1.2258313 5.1331687 -0.6895301
-0.842759 5.401319 -1.2258313
-0.4213795 5.746084 -1.187524
0.0 6.090849 -0.9193734
0.34476504 6.3589993 -0.4596867
0.61291564 6.6271505 0.15322891
0.84275895 6.703765 0.5363012
0.80445176 6.5888433 1.0342952
0.6895301 6.3206925 1.340753
0.5363012 5.861006 1.3790603
0.38307226 5.401319 1.0342951
0.49799395 4.903325 0.4213795
0.7661445 4.4819455 -0.19153611
1.1109096 4.3287168 -0.7278373
1.5705963 4.4436383 -0.8810662
1.9536686 4.865018 -0.91937345
2.183512 5.363012 -0.842759
2.3367407 5.7843914 -0.68953013
2.2984335 5.899313 -0.38307226
2.1068974 5.6694694 0.15322891
1.9536686 5.286397 0.6512228
1.7238252 4.865018 1.2258313
1.532289 4.6351748 1.5322891
1.4556746 4.7884035 1.5322891
1.3790601 5.1331687 1.340753
1.4173675 5.554548 1.1109096
1.6472107 5.9759274 0.9193734
2.030283 6.3589997 0.842759
2.4899697 6.8569937 0.7278373
2.9496565 7.508217 0.49799395
3.1794999 8.236054 0.2681506
3.1028855 8.810663 -0.076614454
2.7964277 9.078814 -0.15322891
2.3750482 9.232042 0.11492168
1.9919758 9.232042 0.49799392
1.8004397 9.385271 1.0342951
1.7621325 9.576807 1.5705962
1.685518 9.653421 1.8004396
1.4556746 9.691729 1.9536686
1.1492168 9.653421 2.0685902
0.8044517 9.80665 1.9153613
0.61291564 9.921572 1.7621325
0.68953013 10.228029 1.5322891
0.842759 10.342951 1.2641385
1.0342951 10.304644 1.2258313
1.1109096 10.266336 1.2641385
0.91937345 10.0748005 1.3407528
0.49799395 9.959879 1.2641385
0.03830722 9.844957 1.1492168
-0.30645782 9.844957 0.95768064
-0.38307226 9.998186 0.84275895
-0.11492168 10.381258 1.1109096
0.38307226 10.955867 1.4939818
0.9576807 11.683704 1.7621324
1.4173675 12.5264635 1.9536686
1.6472107 13.215993 2.030283
1.4939818 13.637373 1.9153614
1.1109096 13.713987 1.9153614
0.53630114 13.292608 1.838747
-0.15322891 12.603077 1.7621325
-0.7661445 11.951855 1.838747
-1.340753 11.33894 2.2218192
-1.7238252 11.070788 2.8347347
-1.7621324 11.224017 3.371036
-1.532289 11.683703 3.524265
-1.1109095 12.449848 3.371036
-0.61291564 13.2543 3.0645783
-0.34476504 13.982138 3.0645783
-0.30645782 14.250288 3.4859576
-0.49799398 14.173674 4.098873
-0.9193735 13.790602 4.6351743
-1.4173673 13.101072 4.6351743
-2.1068974 11.951855 4.0222588
-2.1068974 11.645397 3.5242648
-1.8387468 11.492168 3.3327289
-1.532289 11.60709 3.4093432
-1.2258313 11.951855 3.7924154
-0.9959879 12.258313 4.4819455
-0.842759 12.603078 5.133168
-0.7661446 12.717999 5.401319
-0.7661446 12.679692 5.0565543
-0.80445176 12.411541 4.3287168
-0.95768064 11.990162 3.562572
-1.0726023 11.453861 2.9879637
-1.1492169 10.879252 2.9496565
-1.1875241 10.649409 3.2561142
-1.0342951 10.6877165 3.715801
-0.80445176 11.070788 4.098873
-0.49799395 11.683704 4.3670235
-0.19153613 12.105084 4.4819455
0.038307227 12.411542 4.3287168
0.076614454 12.488156 4.1371803
-0.11492168 12.143391 3.86903
-0.49799392 11.60709 3.5242648
-1.0726023 10.994174 3.371036
-1.7238252 10.342951 3.4476504
-2.2218192 9.730036 3.715801
-2.6048915 9.346964 4.137181
-2.7581205 9.040506 4.481946
-2.6815062 8.963892 4.405331
-2.528277 9.193735 4.098873
-2.336741 9.423578 3.6774938
-2.2601266 9.615114 3.2561142
-2.2601266 9.576807 2.9879637
-2.4133554 9.385271 2.9113493
-2.6815057 9.040505 2.9496565
-2.9113493 8.734048 3.0645783
-3.1411924 8.465898 3.371036
-3.2561145 8.236053 3.562572
-3.2178068 8.121132 3.562572
-3.064578 8.00621 3.371036
-2.7581203 8.121132 3.1028855
-2.4516625 8.350975 3.0645783
-1.8770542 8.810662 3.4476504
-1.6472108 8.580818 3.8307228
-1.5705965 8.274361 3.86903
-1.2258313 8.236053 3.4093432
-0.8810662 8.542512 3.2561142
-0.53630114 9.002198 3.1794999
-0.26815057 9.385271 3.371036
-0.15322891 9.576807 3.86903
-0.30645782 9.385271 4.5968676
-0.4596867 9.117121 5.056554
-0.5746084 8.542512 4.9416323
-0.3830723 8.542512 4.8267107
-0.19153613 8.580819 5.133168
0.11492167 8.887277 5.746084
0.5746084 9.308657 6.742072
0.9959879 9.844957 6.895301
1.6089035 10.649408 5.93762
1.685518 10.572794 4.903325
1.532289 10.113108 4.098873
1.3024457 9.385271 3.4859576
0.842759 8.504204 3.1794996
0.4213795 7.8912888 3.6008792
0.076614454 7.546524 4.405331
-0.15322891 7.4699097 5.2480903
-0.19153613 7.6231384 5.707777
-0.19153613 7.73806 5.5928555
-0.038307227 7.8146744 5.1714754
0.19153613 7.776367 4.596867
0.45968673 7.8912888 4.252102
0.7278373 8.0445175 4.0222588
1.0342951 8.236053 4.175488
1.4173673 8.542512 4.7500963
1.7238252 8.619126 5.439626
1.9919758 8.580819 5.861006
2.1068974 8.350975 5.861006
2.030283 7.929596 5.439626
1.9919758 7.6614456 5.094861
2.2601264 7.584831 5.1714754
2.566584 7.8529816 5.6311617
2.9113493 8.082825 5.899313
3.2561145 8.504204 6.0525417
3.5242648 8.772355 5.899313
3.8307228 9.11712 5.631162
4.060566 9.461885 5.363012
4.098873 9.5385 5.2480903
3.9456444 9.385271 5.2863975
3.6008794 9.193735 5.4779334
3.2561145 8.963892 5.975928
3.1795 9.002199 6.5888433
3.4476504 9.346964 7.0102224
3.7924156 9.691729 7.086837
4.0222588 9.998186 6.550536
3.9839516 9.998186 5.7843914
3.562572 9.691729 4.9799395
3.1028852 9.385271 4.6351743
2.7964277 9.078814 4.788403
2.566584 8.810662 5.0182467
2.3750482 8.734048 5.3247046
2.1452045 8.504204 5.1331687
1.8387469 8.274361 4.673482
1.4939818 8.082825 4.213795
1.1492168 7.8529816 3.9839518
0.8810662 7.73806 4.0988736
0.61291564 7.6231384 4.520253
0.3830723 7.584831 4.9416327
0.2681506 7.546524 5.171476
0.22984335 7.6231384 5.171476
0.22984335 7.73806 4.903325
0.22984335 7.8912888 4.6734815
0.19153613 8.082825 4.367024
0.15322891 8.121132 4.1754875
0.15322891 8.236053 4.1754875
0.15322891 8.465897 4.3287163
0.22984335 8.734048 4.5585604
0.49799395 9.5385 5.24809

