0.7278373 9.844957 5.363012
0.19153613 9.193734 5.133168
0.49799398 10.381258 5.8226986
0.842759 11.645397 6.512228
1.3024458 13.292607 7.2400656
2.030283 14.78659 7.967903
1.8770542 14.824897 7.8912888
1.7238252 14.901511 7.6231384
1.6472108 14.978126 7.2783732
1.5322891 14.939818 7.0485296
1.3024457 14.671668 6.7803793
0.9576807 14.173675 6.742072
0.4596867 13.522451 6.5888433
-0.038307235 12.871228 6.2823853
-0.42137948 12.296619 6.014235
-0.61291564 11.836933 5.7843914
-0.7278373 11.453861 5.707777
-0.80445176 11.109097 5.5545483
-0.95768064 10.726024 5.4013186
-1.3024457 10.22803 5.0182467
-1.685518 9.653421 4.520253
-2.0685902 9.078813 4.0222588
-2.1452045 8.389282 3.1794999
-1.8770541 8.350975 2.719813
-1.532289 8.350975 2.2601264
-1.2641386 8.159439 1.8004396
-1.1492169 8.00621 1.4939818
-1.0342952 7.776367 1.3790603
-0.68953013 7.776367 1.7238252
-0.30645782 8.236053 2.4133554
0.11492169 8.619126 3.1794996
0.30645782 8.963891 3.907337
0.076614454 8.963891 3.9456441
-0.34476504 8.465897 3.217807
-0.8044517 7.8146744 2.1068976
-1.2641385 7.2017584 0.9959879
-1.5705963 6.7037644 0.2681506
-1.7238252 6.320692 0.038307227
-1.7621325 6.282385 0.30645782
-1.5705963 6.397307 0.9193734
-1.1875241 6.703765 1.685518
-0.7661445 7.278373 2.4516625
-0.45968676 7.776367 2.9113493
-0.34476507 8.0445175 2.9879637
-0.57460845 7.8529816 2.7581203
-0.91937345 7.4316025 2.1452048
-1.3407528 6.9719152 1.4173675
-1.685518 6.6654577 0.80445176
-1.8387469 6.6654577 0.4213795
-1.8004397 6.6271505 0.45968673
-1.685518 6.5888433 0.61291564
-1.5322891 6.550536 0.80445176
-1.340753 6.5122285 0.7278373
-1.187524 6.588843 0.57460845
-0.9193734 6.856993 0.49799395
-0.7278373 7.2017584 0.45968673
-0.5746084 7.5465236 0.57460845
-0.5746084 7.73806 0.45968673
-0.7278373 7.5082164 0.19153613
-0.842759 7.086837 -0.30645782
-1.0342951 6.62715 -0.7661445
-1.1109097 6.090849 -0.91937345
-1.1492169 5.8226986 -0.842759
-1.2258313 5.554548 -0.45968673
-1.1875241 5.363012 -0.076614454
-1.0726024 5.4396267 0.34476507
-0.9193734 5.5928555 0.6512228
-0.6512228 5.899313 0.72783726
-0.42137948 6.1674633 0.6129156
-0.19153613 6.3589993 0.07661445
0.07661445 6.435614 -0.4213795
0.30645782 6.4739213 -0.7661446
0.5746084 6.397307 -0.80445176
0.7661446 6.2440777 -0.49799395
0.9576807 5.746084 0.038307227
0.9959879 5.5545483 -0.038307227
0.9576807 5.439626 -0.34476507
0.9959879 5.363012 -0.6512229
1.0726023 5.3247046 -0.842759
1.2641385 5.171476 -0.842759
1.6089036 5.0565543 -0.842759
1.8770542 5.1331687 -1.0726024
2.030283 5.439626 -1.1492168
2.2601264 5.707777 -1.3024457
2.4899697 6.0525417 -1.2258313
2.6431987 6.320692 -0.91937345
2.7964277 6.703765 -0.3064578
2.873042 7.0485296 0.5363012
2.834735 7.163451 1.3407531
2.7581205 7.2400656 1.9153614
2.6048915 7.2400656 2.1452045
2.4133554 7.316681 1.9536686
2.336741 7.508217 1.532289
2.3750482 7.8146744 1.0342951
3.0262709 8.504205 0.6512229
3.371036 9.040506 1.0342951
3.4476504 9.500193 1.6472108
3.2561142 9.921572 2.1068976
2.719813 10.036493 2.1452048
2.2218192 10.036493 1.8387468
1.8770542 9.998186 1.4556745
1.7621324 9.883265 1.340753
1.8004398 9.921572 1.340753
1.9153614 9.959879 1.6472108
1.9919758 10.0748005 1.9919759
1.9536686 10.266336 2.2601266
1.7621324 10.381259 2.7581205
1.3790601 10.419566 3.064578
0.91937345 10.266336 2.9879637
0.45968673 10.036493 2.6431985
0.076614454 9.883265 2.2984335
-0.11492168 9.80665 2.2601264
-0.11492168 9.921572 2.834735
-0.038307227 10.113108 3.6008792
0.038307227 10.342951 4.1754875
0.038307227 10.611101 4.3287168
-0.11492168 10.726024 3.9839516
-0.22984336 10.764331 3.3327286
-0.30645782 10.726024 2.4516625
-0.3830723 10.572795 1.685518
-0.4213795 10.228029 1.1875241
-0.45968673 9.959879 1.1109096
-0.45968673 9.959879 1.4939818
-0.30645782 9.998186 2.2218192
-0.038307227 10.534488 3.1028852
0.3830723 11.224018 3.86903
0.68953013 11.87524 4.4436383
0.7661446 12.603078 4.711789
0.61291564 12.871228 4.5585604
0.076614454 12.717999 4.2904096
-0.5363012 12.143392 4.060566
-1.0726023 11.377247 3.9839516
-1.4939818 10.879253 4.1754875
-1.685518 10.764331 4.520253
-1.6089036 10.955868 5.0182467
-1.2641385 11.87524 5.631162
-1.0726024 12.296619 5.707777
-0.8810662 12.794614 5.554548
-0.6512228 13.40753 5.4779334
-0.34476504 13.82891 5.554548
-0.15322891 14.020446 5.746084
-0.22984335 13.867217 5.899313
-0.38307226 13.330915 5.861006
-0.6895301 12.717999 5.66947
-0.9959879 12.181698 5.477934
-1.1492168 11.836933 5.2863975
-1.3024457 11.645397 5.056554
-1.3024457 11.722012 4.82671
-1.0726024 11.9135475 4.596867
-0.8044517 12.028469 4.4436383
-0.45968673 12.143391 4.5202527
-0.26815057 11.9135475 4.405331
-0.344765 11.530476 4.405331
-0.5746084 10.955867 4.3287163
-0.95768064 10.228029 4.252102
-1.2641385 9.768343 4.290409
-1.3790601 9.500193 4.1754875
-1.3790601 9.461885 4.1371803
-1.3790601 9.461885 3.9073372
-1.4556746 9.5385 3.9456444
-1.7238252 9.461885 4.060566
-2.030283 9.308657 4.1371803
-2.2601264 9.2703495 4.2521024
-2.4899697 9.078813 3.9839516
-2.681506 8.772354 3.7541082
-2.9496565 8.427589 3.7541082
-3.2561142 8.0445175 4.0605664
-3.4093432 7.8912888 4.520253
-3.4093432 8.082825 4.865018
-3.1411924 8.6574335 4.903325
-2.7581205 9.461885 4.6351748
-2.3750482 10.22803 4.367024
-2.0685904 10.840945 4.098873
-2.030283 11.109097 3.9073372
-2.2601264 10.802639 3.9073372
-2.8347347 9.998186 4.098873
-3.217807 9.002198 4.3287168
-3.5242648 8.236053 4.405331
-3.4476504 8.082825 4.481946
-2.9113493 8.542511 4.367024
-2.4516625 9.346964 4.252102
-1.8770541 10.0748005 4.405331
-1.532289 10.457872 4.5202527
-1.4556746 10.342951 4.7500963
-1.5705962 9.691729 4.9799395
-1.8387468 8.6574335 4.9799395
-2.1068974 7.5465236 4.865018
-2.2601264 6.588843 4.7117887
-2.183512 6.052542 4.596867
-1.8004396 5.9759274 4.596867
-1.1492168 6.3589997 4.673482
-0.344765 7.086837 4.7500963
0.49799395 8.082825 4.711789
1.1109096 8.887277 4.7884035
1.4173675 9.232041 5.0182467
1.4556746 8.810662 5.2863975
1.1875241 8.274361 5.056554
0.9576807 7.8912888 4.5968676
0.8810662 7.6231384 4.060566
0.842759 7.6614456 3.9839516
1.1109096 7.967903 4.367024
1.4939818 8.465897 4.9416323
1.8387469 8.887277 5.5162406
2.2218192 9.385271 5.784391
2.4516625 9.80665 5.6694694
2.528277 9.998186 5.2097826
2.4516625 10.0748005 4.788403
2.2601264 9.883265 4.4819455
2.030283 9.5385 4.3287168
1.7621324 9.232042 4.4819455
1.4939818 8.925584 4.903325
1.2258313 8.619125 5.24809
1.0726024 8.274361 5.4396267
1.1109096 8.0445175 5.4013195
1.3024458 8.00621 5.018247
1.6472108 8.121132 4.673482
2.0685902 8.465897 4.5202527
2.4133554 8.6574335 4.3287168
2.6048915 8.734048 4.3287168
2.681506 8.657433 4.252102
2.5665843 8.389282 4.098873
2.4133554 8.121132 4.098873
2.2601264 7.776367 4.1371803
2.2984335 7.546524 4.8267107
2.566584 7.73806 5.401319
2.9496565 8.197746 5.66947
3.3327289 8.695741 5.8226986
3.562572 9.078813 5.631162
3.6391869 9.232041 5.2097826
3.524265 9.193734 5.056554
3.2944214 8.925584 4.903325
3.026271 8.734048 4.903325
2.7964277 8.6574335 5.1714754
2.643199 8.619126 5.209783
2.4516625 8.6574335 5.2863975
2.2984338 8.6574335 5.363012
2.1068974 8.580819 5.2863975
1.9153614 8.504205 5.363012
1.8004396 8.542512 5.401319
1.7621324 8.6574335 5.477934
1.7621324 8.887277 5.477934
1.8387469 9.040505 5.4013195
1.8770541 9.193735 5.2863975
1.8387469 9.232042 4.9416327
1.6472107 9.232041 4.4436383
1.532289 9.193734 4.2904096
1.4556745 9.155427 4.2904096
1.340753 9.040505 4.2521024
0.99598783 8.848969 4.290409
0.84275895 8.810662 4.3670235
0.7661445 8.887277 4.3670235
0.7278373 8.925584 4.3287163
0.61291564 9.002198 4.290409
0.45968673 8.887277 4.0222588
0.2681506 8.848969 3.86903
0.15322891 8.887277 3.8307226
0.11492168 8.925584 3.8690298

