-0.22984335 9.078814 4.137181
0.15322891 10.457872 4.9416323
0.49799395 11.798626 5.4779334
1.0726024 13.101072 6.129156
1.5705963 14.173674 6.9719152
1.4939818 13.713987 6.8569937
1.4173673 13.292608 6.8186865
1.2258313 12.794615 6.6654577
0.95768064 12.258313 6.3589997
0.6512228 11.760319 5.93762
0.38307226 11.377246 5.439626
0.30645782 11.109096 5.094861
0.45968673 11.032481 4.9416323
0.6512229 11.070788 4.8267107
0.8044518 11.070788 4.6351748
0.7661445 10.840945 4.1754875
0.49799395 10.457872 3.715801
0.19153613 10.036493 3.1794999
-0.114921674 9.576807 2.7964275
-0.30645782 9.346964 2.6431985
-0.4213795 9.2703495 2.566584
-0.5746084 9.232042 2.3750482
-0.80445176 9.232042 2.183512
-1.1109096 9.232042 1.9153614
-1.3790601 9.11712 1.685518
-1.5322891 8.925584 1.6472108
-1.6089035 8.69574 1.5705963
-1.6472107 8.274361 1.340753
-1.7238252 7.8146744 0.91937345
-1.8004397 7.4316015 0.5363012
-1.685518 7.0485296 0.34476504
-1.3024457 7.0102224 0.38307226
-0.68953 7.3932953 0.7278373
-0.076614454 7.967903 1.2641385
0.38307226 8.465898 1.7621324
0.45968673 8.580819 2.1068974
0.19153613 8.121132 2.1068974
-0.2681506 7.2400665 1.8387469
-0.842759 6.3973074 1.2641385
-1.3790601 5.8226986 0.84275895
-1.8770541 5.324705 0.4596867
-2.1835117 5.133168 0.22984336
-2.336741 4.9799395 0.26815057
-2.336741 4.9416323 0.4213795
-2.1068974 5.2863975 0.6512229
-1.7238252 5.6311626 0.6895301
-1.340753 6.090849 0.6512229
-0.9576807 6.397307 0.34476504
-0.7661446 6.435614 0.114921674
-0.80445176 6.2057705 -0.11492168
-0.95768064 5.784391 -0.26815057
-1.1492169 5.401319 -0.34476504
-1.4173675 5.0182467 -0.61291564
-1.5322891 4.8267107 -0.7661446
-1.4939818 4.8267107 -0.9193734
-1.340753 4.865018 -0.8044518
-0.9959879 5.0948615 -0.57460845
-0.6895301 5.3247046 -0.4596867
-0.45968673 5.5545483 -0.49799395
-0.2681506 5.5928555 -0.68953013
-0.11492168 5.477934 -0.88106626
0.038307227 5.363012 -0.842759
0.2681506 5.171476 -0.6512229
0.45968673 5.0182467 -0.49799395
0.61291564 4.9416323 -0.344765
0.7661445 4.903325 -0.5746084
0.91937345 4.8267107 -0.95768064
1.1109096 4.9416323 -1.4173675
1.3790601 5.209783 -1.685518
1.685518 5.439626 -1.493982
1.9919759 5.707777 -0.9576807
2.1452048 5.7843914 -0.22984336
1.9919758 5.5545483 0.30645782
1.6472108 5.324704 0.6895301
1.1492169 5.094861 0.80445176
0.7278373 5.056554 0.61291564
0.68953013 5.2863975 0.3830723
0.9193735 5.6311626 0.11492168
1.3790601 6.0525417 -0.076614454
1.9153614 6.5122285 -0.038307227
2.2601266 6.8569937 0.15322891
2.336741 7.1634517 0.30645782
2.183512 7.508217 0.45968673
1.9536686 7.73806 0.57460845
1.7238252 7.8146744 0.3830723
1.5705963 7.8146744 0.038307227
1.5705963 7.6231384 -0.34476504
1.532289 7.469909 -0.7661446
1.4556746 7.5848308 -0.8810662
1.2641385 7.8146744 -0.7661445
0.80445176 8.00621 -0.8044518
0.2681506 8.00621 -0.7661445
-0.22984335 7.967903 -0.80445176
-0.49799395 7.929596 -0.842759
-0.45968673 8.0445175 -0.7661445
-0.22984335 8.350975 -0.5746084
0.038307227 8.657433 -0.34476504
0.30645782 9.002198 0.0
0.49799395 9.308656 0.53630114
0.72783726 9.615114 0.91937345
1.0726023 9.959879 1.2641385
1.3790601 10.304644 1.532289
1.6472108 10.6877165 1.6472107
1.685518 10.879252 1.8004397
1.4556746 10.879252 1.838747
1.1109095 10.611102 1.9919758
0.80445176 10.419566 2.4516625
0.7278373 10.496181 3.1411927
0.91937345 10.879252 4.098873
0.8810662 11.377247 4.9416323
0.6512228 11.645397 5.439626
0.1532289 11.87524 5.6311626
-0.4213795 11.87524 5.6311626
-0.6512228 11.990162 5.477934
-0.7278373 12.258313 5.2863975
-0.6512228 12.373235 5.056554
-0.6895301 12.334928 4.82671
-0.7661445 12.066776 4.788403
-0.842759 11.798626 4.9033246
-0.80445176 11.798626 5.2097826
-0.53630114 12.220005 5.5162406
-0.19153613 12.947844 5.7843914
0.22984335 13.40753 5.9759274
0.30645782 13.254301 5.8226986
0.0 12.5264635 5.5545483
-0.3830723 11.568783 5.286397
-0.8044518 10.91756 5.094861
-0.842759 10.840945 5.2097826
-0.5746084 11.18571 5.631162
-0.19153613 11.760319 6.129156
0.038307227 12.143391 6.5505357
-0.038307227 12.066776 6.818686
-0.34476504 11.645397 6.856993
-1.1109095 10.572795 6.167464
-1.1875241 10.381259 5.5162406
-0.95768064 10.534488 4.865018
-0.6512228 10.917561 4.3287168
-0.34476507 11.33894 4.4819455
-0.22984336 11.645397 5.7843914
-0.7278373 10.91756 6.2440777
-0.9959879 10.534487 5.899313
-1.1109096 10.342951 5.24809
-1.1875241 10.228029 4.711789
-1.340753 10.228029 4.903325
-1.4939818 10.113108 5.209783
-1.5705963 9.998186 5.401319
-1.685518 9.998186 5.516241
-1.7238252 9.998186 5.477934
-1.7238252 10.036493 5.1714754
-1.8004396 10.0748005 4.7500963
-1.9536686 9.921572 4.520252
-2.2218192 9.730036 4.481945
-2.6048913 9.5385 4.5585604
-2.9496567 9.232042 4.903325
-3.1794999 9.078814 5.094861
-3.2944214 8.963891 5.133168
-3.2561142 8.925584 5.1714754
-3.1411927 8.925584 4.865018
-3.0262709 8.848969 4.5202527
-2.9496565 8.810662 4.2137947
-2.8347347 8.542511 4.0222588
-2.7581203 8.389282 4.252102
-2.681506 8.236053 4.4436383
-2.5665843 8.236053 4.5202527
-2.2601264 8.504204 4.098873
-2.0685902 8.734047 3.9839516
-2.0685902 8.810662 4.060566
-2.1068974 8.69574 4.1754875
-2.1068974 8.504204 4.5202527
-2.1452045 8.197746 4.7500963
-2.0685902 8.00621 4.9416323
-1.9153614 7.967903 5.094861
-1.685518 8.159439 4.788403
-1.4556748 8.389282 4.8650174
-1.3024458 8.580819 5.056554
-1.1492169 8.695741 5.401319
-1.0726024 8.619126 5.861006
-0.9959879 8.542512 6.167464
-0.842759 8.465898 6.2823853
-0.61291564 8.504205 6.1674633
-0.38307226 8.619126 5.93762
-0.19153613 8.734048 5.401319
-0.076614454 8.772355 5.0182467
0.11492168 8.925584 4.8267107
0.34476504 9.002198 4.596867
0.5746084 9.078813 4.4436383
0.91937345 9.078813 3.9073372
0.9959879 9.040505 3.6391869
1.0342952 8.887277 3.4093432
0.9959879 8.772355 3.2178073
0.9576807 8.42759 3.1411924
0.7661445 8.159439 3.1794996
0.5363012 7.8529816 3.3327289
0.38307226 7.546524 3.562572
0.26815057 7.393295 3.9073372
0.26815057 7.240066 4.2137947
0.42137945 7.2783732 4.4053307
0.61291564 7.3932953 4.481945
0.84275895 7.584831 4.2137947
1.1875241 7.8146744 3.86903
1.5705965 8.121132 3.6008792
1.8770542 8.389282 3.5242648
2.1068976 8.580819 3.7924156
2.183512 8.6574335 4.2521024
2.0685902 8.580819 4.711789
1.8770542 8.427589 5.2480903
1.7621324 8.312668 5.477934
1.7621324 8.312668 5.5545483
1.8770541 8.427589 5.66947
2.2218192 8.6574335 5.6311626
2.566584 8.925584 5.746084
2.8730419 9.232042 5.7843914
3.064578 9.385271 5.631162
3.064578 9.5385 5.439626
2.9879637 9.461885 5.2480903
2.7964277 9.232041 5.171476
2.6048913 8.925584 5.2480903
2.3750482 8.619125 5.363012
2.260126 8.504204 5.4779334
2.2984335 8.657433 5.631162
2.528277 9.078814 5.7843914
2.873042 9.576807 5.8226986
3.1411927 10.0748005 5.554548
3.2561142 10.266336 5.1714754
3.1028855 10.189722 4.750096
2.8347347 9.883265 4.4436383
2.4133554 9.461885 4.367024
1.9919759 9.193734 4.3287168
1.6855179 8.925584 4.367024
1.4556746 8.772355 4.405331
1.4173673 8.848969 4.405331
1.4556745 8.887277 4.3287168
1.3790601 9.040505 4.2904096
1.2641385 9.078813 4.1754875
1.0726023 8.963891 4.252102
0.7278373 8.6574335 4.4053307
0.45968673 8.197746 4.4053307
0.19153613 7.8912888 4.5202527
-0.038307227 7.699753 4.4436383
0.076614454 7.776367 4.3287168
0.22984336 8.159439 4.1754875
0.30645782 8.504204 3.86903
0.49799395 8.963891 3.7924154

