0.6895301 9.346964 3.9073372
0.9193734 9.461885 4.252102
0.9193734 9.232042 4.903325
0.80445176 9.193735 4.9799395
0.7661446 9.576807 5.0182467
1.2258313 10.113108 5.0182467
1.3024457 10.266336 4.9416323
1.3024457 10.381258 4.8267107
1.2258313 10.457873 4.6351748
1.1492169 10.496181 4.5202527
1.1492169 10.649409 4.5202527
1.1109097 10.802638 4.6734815
1.1109097 11.032481 4.9799395
1.1492169 11.262324 5.401319
1.2258313 11.60709 5.7843914
1.6472107 12.334927 6.3589997
1.8004396 12.7179985 6.512229
1.9153614 13.024457 6.5888433
2.0685902 13.369222 6.6271505
2.1835117 13.637372 6.6654577
2.3367407 13.905523 6.7803793
2.528277 14.097059 7.0485296
2.6431987 14.097059 7.2783732
2.681506 14.058752 7.3166804
2.6431985 13.9438305 7.278373
2.4516625 13.752295 7.163451
2.1068974 13.40753 6.9719152
1.6472107 12.986151 6.9719152
1.1492168 12.603078 6.9719152
0.6895301 12.258312 6.9719152
0.34476504 12.220005 6.9719152
0.19153613 12.334927 6.8186865
0.19153613 12.526463 6.62715
0.30645782 12.756307 6.2440777
0.53630114 12.794614 5.822698
0.6512228 12.756307 5.324704
0.6129156 12.5264635 4.7117887
0.4596867 12.143391 4.1371803
0.15322891 11.722012 3.7541084
-0.19153611 11.147403 3.6391866
-0.5746084 10.49618 3.7924156
-0.95768064 9.730036 4.252102
-1.3024457 9.078813 4.596867
-1.4939818 8.657433 4.750096
-1.5322891 8.350975 4.6351743
-1.4556746 8.159439 4.405331
-1.2258313 7.584831 3.7924156
-1.2641385 7.2017593 3.5625722
-1.4173673 6.8569937 3.2944214
-1.6472107 6.5888433 3.026271
-1.838747 6.205771 2.6048915
-1.532289 6.3589997 1.7621324
-1.2641385 6.62715 1.1875241
-1.0342951 6.62715 0.7661446
-0.9959879 6.5505357 0.49799395
-1.2258313 6.205771 0.5746084
-1.6089036 5.592855 0.7661445
-2.1068976 5.0182467 0.84275895
-2.528277 4.4436383 0.80445176
-2.8347347 4.1754875 0.57460845
-2.9879637 3.9839516 0.19153613
-2.9496565 4.0222588 -0.2681506
-2.873042 4.060566 -0.68953013
-2.6431987 4.060566 -1.0342951
-2.4133554 4.3287163 -1.187524
-2.183512 4.5202527 -1.0726023
-1.9153614 4.7500963 -0.9576806
-1.7621324 4.865018 -0.7661445
-1.7238252 4.7884035 -0.61291564
-1.8004397 4.7500963 -0.5363012
-1.8004397 4.7500963 -0.61291564
-1.7621324 4.8267107 -0.6895301
-1.6089034 4.9416323 -0.9959879
-1.3407528 5.056554 -1.3024458
-1.1109096 5.209783 -1.4173675
-0.80445176 5.3247046 -1.4556746
-0.5746084 5.439626 -1.2258313
-0.42137945 5.5928555 -0.88106626
-0.26815057 5.707777 -0.6512228
-0.15322891 5.861006 -0.49799395
0.0 5.861006 -0.57460845
0.4596867 5.8226986 -0.9193735
0.6895301 5.7843914 -0.68953013
0.91937345 5.7843914 -0.6512229
1.1492169 5.8226986 -0.9959879
1.532289 5.93762 -1.3790603
1.6089035 6.090849 -1.0342952
1.5322891 6.129156 -0.22984338
1.3790601 6.129156 0.4213795
1.2258313 6.0142345 0.53630114
1.2258313 6.090849 0.344765
1.4173673 6.2057705 -7.4505806E-9
1.6855179 6.397307 -0.38307226
1.9919758 6.588843 -0.5363012
2.1452048 6.6654577 -0.5363012
2.183512 6.895301 -0.4213795
2.1452048 7.125144 -0.15322891
2.0685902 7.3932953 0.076614454
2.1068974 7.6231384 0.34476504
2.1068974 7.6231384 0.45968673
2.0685902 7.469909 0.4213795
1.8770542 7.2400656 0.26815057
1.5322891 7.0102224 0.19153613
1.3024458 7.086837 0.19153613
1.2641386 7.4699097 0.15322891
1.4556746 7.8912888 0.19153613
1.8387469 8.274361 0.0
2.2218194 8.542512 0.038307227
2.2984338 8.580819 0.38307226
2.1068976 8.504205 0.88106626
1.7621325 8.389282 1.4173675
1.3024457 8.350975 1.7238252
1.1109096 8.542512 1.6089036
1.2641385 9.002199 1.340753
1.685518 9.653421 1.1875241
2.2218192 10.189722 1.1875241
2.681506 10.381258 1.3790603
2.7964275 10.228029 1.7621324
2.6048913 10.113108 2.336741
2.2984338 10.036493 2.834735
1.8387469 10.304644 3.371036
1.4173675 10.687716 3.5242648
0.9576807 10.764331 3.217807
0.42137948 10.572795 2.9496565
-0.07661446 10.151416 2.9879637
-0.30645782 10.151416 3.7541082
-0.30645782 10.342952 4.903325
-0.15322891 10.955867 6.0525417
0.038307227 11.836933 6.550536
0.11492168 12.603078 6.359
0.19153613 13.292608 5.899313
0.15322891 13.599066 5.2097826
-0.15322891 13.254301 4.8267107
-0.6895301 12.411541 4.7884035
-1.2258313 11.530476 5.24809
-1.532289 10.917561 5.93762
-1.4173675 10.917561 6.4356146
-0.9959879 11.300632 6.6654577
-0.38307226 12.105083 6.588843
0.22984336 13.101072 6.5122285
0.95768064 14.480131 6.895301
0.72783726 14.518438 6.895301
0.22984338 13.9438305 6.7037644
-0.38307226 13.215994 6.62715
-0.9576807 12.411541 6.3973064
-1.340753 11.760319 6.4356136
-1.532289 11.453861 6.550536
-1.5705965 11.33894 6.473922
-1.532289 11.530476 6.550536
-1.6089035 11.760319 6.5888433
-1.9153613 12.181698 6.703765
-2.1452045 12.334927 6.3973074
-2.2601264 12.334927 5.93762
-2.4133554 12.066776 5.324704
-2.6048915 11.722012 5.0182467
-2.6815062 11.18571 5.286397
-2.7198133 10.840945 5.631162
-2.6048915 10.802638 6.282385
-2.0685904 11.109096 6.62715
-1.838747 11.338939 6.5505357
-1.7621324 11.3006315 6.3589997
-1.8770542 11.109096 6.2440777
-2.0685902 10.6877165 6.090849
-2.3750482 10.189722 6.0142345
-2.719813 9.80665 5.746084
-2.987964 9.500193 5.554548
-3.1411927 9.346964 5.439626
-3.2561145 9.232041 5.401319
-3.3327289 9.232041 5.5545483
-3.2944217 9.308656 5.6311626
-3.2561145 9.385271 5.5928555
-3.0645783 9.461885 5.2863975
-2.7964277 9.500193 4.865018
-2.5665843 9.5385 4.3287168
-2.4133554 9.576807 4.060566
-2.4133554 9.500193 4.060566
-2.528277 9.193734 4.098873
-2.834735 8.580819 4.2904096
-3.4093432 7.125144 4.175488
-3.562572 6.7037644 4.098873
-3.371036 6.7037644 4.0222588
-2.9879637 7.086837 4.0222588
-2.4899697 7.584831 3.86903
-1.838747 8.236053 3.6008794
-1.3790603 8.695741 3.2561145
-1.0726023 8.772355 3.026271
-0.9959879 8.580819 3.1028855
-1.2258313 8.0445175 3.5625722
-1.4556746 7.3932953 4.1371803
-1.6472107 6.9719152 4.673482
-1.5705962 6.8569937 4.903325
-1.3024457 6.9719152 4.9799395
-0.9193734 7.4316025 4.865018
-0.53630114 7.929596 4.5968676
-0.22984335 8.236053 4.405331
-0.076614454 8.274361 4.290409
-0.11492168 7.929596 4.3287163
-0.30645782 7.316681 4.4819455
-0.45968673 6.742072 4.673482
-0.49799395 6.5505357 4.9416323
-0.34476504 6.742072 5.2097826
0.038307227 7.3166804 5.4396267
0.49799395 7.967903 5.6311626
0.9959879 8.350975 5.66947
1.3790601 8.427589 5.7843914
1.4173675 8.00621 5.8226986
0.91937345 6.818686 5.7843914
0.61291564 6.4739213 5.707777
0.6512228 6.62715 5.8226986
0.9576807 7.2017584 5.899313
1.4939818 7.8529816 5.7843914
2.183512 8.504205 5.554548
2.719813 8.887277 5.2097826
2.9496565 8.925584 4.9799395
2.9496565 8.69574 4.7884035
2.6048915 8.274361 4.865018
2.2601266 7.929596 5.056554
2.030283 7.699753 5.3247046
2.030283 7.8529816 5.6311626
2.2218192 8.274361 5.746084
2.4516625 8.580819 5.631162
2.681506 8.963891 5.2097826
2.834735 9.11712 4.903325
2.9496565 9.232041 4.7884035
3.1411927 9.423578 4.8267107
3.2944217 9.500193 5.0948615
3.3327289 9.500193 5.3630123
3.3327289 9.308657 5.4013195
3.2178068 9.002199 5.4013195
2.9879637 8.695741 5.3630123
2.719813 8.350975 5.2863975
2.4516625 8.0445175 5.3247046
2.2984335 8.00621 5.66947
2.4133554 8.389282 6.205771
2.8730419 9.078814 6.397307
3.409343 9.921572 6.129156
3.7924154 10.611101 5.4779334
3.9456444 10.687716 4.55856
3.6774938 10.49618 3.9456444
2.9496565 9.576807 3.9839516
2.2218192 8.848969 4.5202527
1.8004396 8.580818 4.9033246
1.4173675 8.389282 4.9799395
1.0342951 8.389282 5.056554
0.8044517 8.427589 4.8267107
0.6512228 8.465898 4.6351748
0.6512228 8.465898 4.5968676
0.5363012 8.274361 4.55856
0.38307226 8.082825 4.7884035
0.19153613 7.8529816 4.865018
-0.076614454 7.73806 4.9416323
-0.22984336 7.776367 5.0182467
-0.30645782 7.8529816 4.903325
-0.2681506 8.082825 4.7500963
-0.2681506 8.236053 4.673482
-0.22984336 8.427589 4.673482
-0.15322891 8.695741 4.7884035

