-0.15322891 8.887277 5.056554
-0.076614454 9.040505 5.1714754
0.0 9.040506 5.094861
0.38307226 9.998186 4.865018
0.72783726 11.109097 4.711789
1.1109096 12.258312 4.5202527
1.4556746 13.752295 4.405331
1.4173675 14.173674 4.4819455
1.4556746 14.518438 4.711789
1.4173675 14.824897 4.97994
1.3407528 15.016434 5.2480903
1.1109097 15.437813 5.2480903
1.2258313 15.705963 5.094861
1.340753 15.7825775 4.903325
1.5322891 15.74427 4.7500963
1.7238252 15.667656 4.4819455
1.8770542 15.47612 4.060566
1.9919758 15.05474 3.715801
1.8004396 14.403517 3.371036
1.4556746 13.675679 3.1794999
1.0342951 12.909535 3.2944214
0.38307226 12.105083 3.5242648
0.19153613 11.798626 3.6008792
0.11492168 11.568783 3.371036
0.15322891 11.262324 3.1411924
0.22984336 11.032481 2.834735
0.34476504 10.840945 2.566584
0.34476504 10.534488 2.3750482
0.22984336 10.22803 2.1452045
0.0 9.730036 1.9536686
-0.30645782 9.155427 1.8004397
-0.57460845 8.734048 1.9153614
-0.80445176 8.197746 2.2984338
-0.9576807 7.776367 3.3327289
-0.88106626 7.699753 3.6774936
-0.80445176 7.5465236 3.715801
-0.9576807 7.163451 3.4093432
-1.3790601 5.899313 2.183512
-1.6472107 5.401319 1.4939818
-1.6472107 5.094861 1.0342951
-1.6089035 4.903325 0.49799395
-1.1875241 4.8267107 0.15322891
-0.9576807 4.865018 0.0
-0.80445176 4.7884035 0.0
-0.72783726 4.711789 -0.038307227
-0.6895301 4.6351743 -0.19153613
-0.72783726 4.55856 -0.11492168
-0.6512228 4.5968676 -0.076614454
-0.5363012 4.6351748 0.076614454
-0.5363012 4.711789 0.19153613
-0.45968673 4.8267107 0.15322891
-0.45968673 4.903325 0.15322891
-0.45968673 5.094861 0.076614454
-0.45968673 5.24809 0.076614454
-0.45968673 5.4013186 -0.038307227
-0.49799395 5.7843914 -0.45968673
-0.38307226 5.93762 -0.6512228
-0.22984336 6.090849 -0.61291564
-0.076614454 6.282385 -0.34476507
-0.038307227 6.4356136 -0.038307227
-0.076614454 6.4356136 0.11492168
-0.2681506 6.3589993 0.15322891
-0.4213795 6.090849 0.076614454
-0.49799395 5.7843914 -0.19153613
-0.49799395 5.592855 -0.2681506
-0.30645782 5.439626 -0.2681506
0.0 5.439626 -0.2681506
0.34476504 5.5545483 -0.11492168
0.7278373 5.6311626 -0.038307227
1.0726024 5.746084 -0.11492168
1.2641385 5.8226986 -0.19153613
1.3790601 5.899313 -0.22984336
1.4556746 6.0142345 -0.34476507
1.340753 6.090849 -0.34476507
1.340753 6.090849 -0.45968673
1.3790601 6.0142345 -0.45968673
1.340753 5.899313 -0.30645782
1.4173675 5.707777 -0.03830722
1.4173675 5.66947 0.38307226
1.4939818 6.1291566 0.842759
1.5705963 6.703765 0.7661446
1.6472108 7.201759 0.5363012
1.685518 7.584831 0.26815057
1.685518 7.699753 0.19153613
1.7238252 7.6614456 0.45968673
1.7238252 7.699753 0.842759
1.6089036 7.776367 1.2258313
1.4173675 7.929596 1.5705963
0.99598795 8.082825 1.4939818
0.5363012 8.082825 1.2641385
0.22984338 8.0445175 1.1492168
0.076614454 8.082825 0.9959879
0.2681506 8.236053 1.2258313
0.6512228 8.580818 1.7621324
0.9959879 8.963892 2.1452048
1.1875241 9.308657 2.3750482
1.1109096 9.461885 2.1452048
0.80445176 9.385271 1.5322891
0.15322891 9.078813 0.7278373
0.038307227 9.040506 1.5705962
0.3830723 9.385271 2.566584
1.187524 10.419565 4.098873
1.4939818 10.955867 4.5202527
1.5705965 11.300632 4.1754875
1.532289 11.530476 3.7158008
1.3024457 11.568783 3.2944217
1.1109096 11.492168 3.1028855
0.8810662 11.377247 3.6774938
0.6895301 11.33894 4.4819455
0.49799395 11.377247 5.363012
0.22984338 11.492168 5.93762
-0.038307227 11.60709 6.129156
-0.2681506 11.760319 5.93762
-0.45968673 11.836933 5.6311626
-0.80445176 11.760319 5.4013195
-1.1492168 11.530476 5.0182467
-1.5705963 11.224017 5.0182467
-1.8004397 11.18571 5.324704
-1.7238252 11.415553 5.6694694
-1.4939818 11.951855 6.090849
-1.1875241 12.717999 6.435614
-0.9959879 13.3309145 6.435614
-0.9959879 13.790602 6.5888433
-1.1109096 13.982138 6.8186865
-1.3024457 13.905523 6.933608
-1.8004396 13.445836 6.933608
-2.030283 13.062764 6.8186865
-2.2984335 12.679692 6.7803793
-2.4899697 12.296619 6.8569937
-2.681506 11.760319 6.6654577
-2.6431987 11.60709 6.2440786
-2.5282772 11.530476 5.6311626
-2.3750482 11.568783 5.094861
-2.183512 11.492168 4.903325
-1.9919758 11.262324 4.865018
-1.9153614 10.91756 5.0182467
-1.9536686 10.381258 5.056554
-2.1068976 9.921572 4.7500963
-2.2984335 9.576807 4.367024
-2.4899697 9.232042 4.0222588
-2.719813 8.925584 3.7158012
-2.9113493 8.657433 3.7541084
-3.1411927 8.504204 4.0222588
-3.2944214 8.542511 4.1754875
-3.3327286 8.772354 4.443638
-3.409343 9.078814 4.481945
-3.5242648 9.155428 4.4053307
-4.0222588 8.772355 4.4053307
-4.1371803 8.580819 4.5202527
-3.86903 8.848969 4.443638
-2.8347347 9.768343 3.6774936
-2.2601264 10.113108 3.2561142
-1.9919758 9.998186 3.1028855
-1.9153614 9.346963 3.562572
-2.1068974 8.810662 4.2904096
-2.0685902 8.695741 4.4436383
-2.0685902 8.580819 4.55856
-2.030283 8.350975 4.6351743
-2.0685904 8.236053 4.443638
-1.9919758 8.274361 4.3670235
-1.7621324 8.350975 4.3287163
-1.4556746 8.580818 4.290409
-1.1492169 8.580818 4.596867
-1.0342951 8.427589 4.9416323
-0.8810662 8.312668 5.363012
-0.7661445 8.350975 5.861006
-0.61291564 8.504204 6.1674633
-0.45968673 8.542511 6.3589997
-0.49799395 8.542511 6.244078
-0.53630114 8.350975 6.129156
-0.53630114 8.312668 6.0142345
-0.38307226 8.465897 5.899313
0.038307235 8.619125 5.899313
0.45968676 8.810662 5.746084
0.8427591 8.887277 5.554548
1.1492169 8.848969 5.401319
1.2641386 8.810662 5.24809
1.2641386 8.657433 5.094861
1.0342951 8.197746 5.056554
0.9576807 8.197746 5.401319
1.1109096 8.350975 5.631162
1.3024457 8.580819 5.6694694
1.6472107 8.848969 5.094861
1.493982 8.504204 5.0182467
1.2258313 8.0445175 4.9799395
0.9576807 7.546524 5.056554
0.9193735 7.3166804 5.094861
1.1109096 7.3932953 5.094861
1.6089035 7.699753 5.094861
2.2218192 8.159439 5.1714754
2.681506 8.465897 5.1714754
2.911349 8.695741 4.903325
2.9496562 8.619125 4.6351748
2.7964275 8.465897 4.3287163
2.6431987 8.427589 4.3287163
2.6431987 8.465897 4.5968676
2.6431987 8.695741 4.9416323
2.719813 8.887277 5.2097826
2.7581203 9.040505 5.133168
2.7581203 9.11712 4.903325
2.7581203 9.078813 4.7500963
2.719813 8.925584 4.5968676
2.6431985 8.734048 4.55856
2.566584 8.619126 4.788403
2.4899697 8.695741 4.9799395
2.4516625 8.963891 5.1714754
2.528277 9.346964 5.363012
2.6048913 9.691729 5.2863975
2.6431987 9.921572 5.209783
2.6431987 10.113108 5.0182467
2.4899697 10.036493 4.865018
2.2218192 9.80665 4.7884035
1.9536686 9.461885 4.711789
1.685518 9.117121 4.711789
1.4939818 8.963891 4.6351743
1.4173675 8.887277 4.596867
1.340753 8.810662 4.443638
1.1109096 8.848969 4.252102
0.84275895 8.810662 4.2137947

