0.61291564 8.887277 4.2137947
0.5363012 9.385271 4.673482
0.7661445 10.611101 4.673482
1.1875241 11.760319 4.405331
1.5705963 12.717999 4.367024
1.6472108 13.292607 4.290409
1.5705963 12.564771 4.1754875
1.3024457 12.220006 4.1754875
0.9959879 11.798626 4.060566
0.6895301 11.45386 3.9839516
0.42137948 11.147403 4.0222588
0.26815057 10.840945 3.9456444
0.15322891 10.649409 3.7924156
0.076614454 10.496181 3.6391866
0.076614454 10.419566 3.4859576
0.038307227 10.304644 3.1794999
0.0 10.189722 2.9496567
-0.076614454 10.036493 2.681506
-0.2681506 9.80665 2.336741
-0.49799395 9.500193 2.2218192
-0.6895301 9.117121 2.1452048
-0.8810662 8.810662 2.2984335
-1.1109096 8.580819 2.3367407
-1.3024457 8.312669 2.2984335
-1.6472108 8.082825 2.183512
-2.0685902 7.699753 1.8770541
-2.3750482 7.163451 1.8004396
-2.6431987 6.7420716 1.6855179
-2.719813 6.435614 1.6472107
-2.681506 6.244078 1.6089035
-2.5282772 6.244078 1.4556746
-2.2218194 6.2823853 1.4939818
-1.8004397 6.397307 1.532289
-1.340753 6.5505357 1.685518
-0.9576807 6.7420716 1.8770542
-0.7278373 6.9719152 1.9919758
-0.61291564 7.125144 1.9919758
-0.61291564 7.125144 1.8770542
-0.7278373 6.9719152 1.5705962
-0.88106626 6.7420716 1.187524
-1.1492169 6.435614 1.0342951
-1.532289 6.0525417 0.7661445
-1.7238252 5.93762 0.6895301
-1.7621324 5.746084 0.61291564
-1.685518 5.554548 0.7661445
-1.4173675 5.592855 1.0342951
-1.0342951 5.7077765 1.4173673
-0.7278373 6.167464 1.6089035
-0.5363012 6.6654572 1.5705963
-0.45968673 6.9719152 1.3790601
-0.53630114 7.125144 0.9576807
-0.6512228 6.8569937 0.5746084
-0.842759 6.473922 0.26815057
-1.1492169 5.8226986 0.19153613
-1.0726023 5.5162406 0.5746084
-0.8810662 5.5928555 0.80445176
-0.53630114 5.93762 0.9959879
0.114921674 6.6271505 0.9193734
0.42137948 6.550536 0.61291564
0.842759 5.861006 -0.15322891
0.9193734 5.401319 -0.45968673
0.9193734 5.094861 -0.57460845
0.9193734 5.0182467 -0.3830723
1.0726024 5.2480903 -0.038307235
1.532289 5.554548 0.38307226
2.4133554 6.2057705 1.1875241
2.5282772 6.282385 1.3790601
2.2218192 6.4739213 1.1492168
2.1068974 6.6654572 0.34476504
2.2984335 6.8953004 -0.11492168
2.6431985 7.163451 -0.2681506
3.064578 7.5848308 -0.11492169
3.4859576 8.082825 0.4213795
3.677494 8.580819 1.1109096
3.7541084 8.963892 1.6472108
3.6391866 9.308657 1.8004397
3.3327286 9.346964 1.4556746
3.064578 9.2703495 0.7278373
2.8730419 9.232042 -0.15322891
2.8730419 9.232042 -0.91937345
2.9496565 9.385271 -1.3407528
3.1028852 9.5385 -1.3024457
3.217807 9.691729 -0.6895301
3.1794999 9.844957 0.38307232
3.1028855 9.998186 1.4939818
2.8730419 10.151415 2.4516625
2.4133554 10.113108 2.8347347
1.9153613 9.921572 2.6048913
1.3407528 9.615114 2.1452048
0.8044517 9.11712 1.4939818
0.49799395 9.040505 1.1492169
0.4213795 9.308657 1.3024458
0.5746084 9.80665 1.8004397
0.6512228 10.189722 2.2601264
0.5746084 10.611102 2.5665843
0.26815057 10.802638 2.681506
-0.07661446 11.109097 2.681506
-0.30645785 11.224018 2.719813
-0.45968676 11.185711 2.8347347
-0.45968676 11.262325 2.9496565
-0.49799395 11.032481 3.1028852
-0.7661445 10.840945 3.2944214
-1.1109096 10.840945 3.562572
-1.4939818 10.955868 3.86903
-1.7621325 11.453861 4.098873
-1.8004397 12.105083 4.3287163
-1.6089035 12.756306 4.4436383
-1.3407528 13.330915 4.5202527
-1.2258313 13.484144 4.5202527
-1.2641385 13.330915 4.481945
-1.4556746 12.98615 4.481945
-1.6472108 12.56477 4.7117887
-1.4939818 12.56477 5.439626
-1.187524 12.909534 5.5928555
-0.842759 13.1393795 5.516241
-0.57460845 13.254301 5.2480903
-0.57460845 12.947844 4.9416323
-0.7278373 12.449849 4.788403
-0.9576807 12.066776 4.4819455
-1.1492169 11.760319 4.2137947
-1.2258313 11.760319 4.0222588
-1.1875241 11.87524 3.86903
-1.1492169 11.836933 4.060566
-1.1492169 11.760319 4.4436383
-1.2258313 11.530476 4.7500963
-1.3024458 11.185711 4.9416323
-1.4556746 10.649409 4.6351748
-1.4173675 10.496181 4.5585604
-1.4173675 10.342951 4.6351748
-1.4173675 10.266336 4.9416323
-1.340753 10.151415 5.2097826
-1.340753 10.0748005 5.3630114
-1.3790601 9.959879 5.24809
-1.4939818 9.80665 5.133168
-1.7238252 9.5385 4.750096
-1.9153613 9.155428 4.405331
-2.1068974 8.848969 4.1754875
-2.2218192 8.619126 3.9839516
-2.1835117 8.6574335 4.060566
-2.1835117 8.848969 4.098873
-2.1452045 8.963891 4.2521024
-2.183512 8.963891 4.2137947
-2.375048 8.695741 4.252102
-2.566584 8.312668 4.290409
-2.7964275 8.082825 4.2137947
-2.9496565 7.8529816 4.2137947
-3.0262709 7.699753 4.252102
-2.9879637 7.584831 4.2137947
-2.7964275 7.6231384 4.2137947
-2.4516625 8.00621 4.1754875
-1.9153614 8.695741 4.1754875
-1.340753 9.500193 4.1754875
-0.9193735 10.113109 4.2137947
-0.68953013 10.304645 4.252102
-0.7278373 10.113109 4.2137947
-0.9576807 9.576807 4.2137947
-1.1875241 8.963891 4.252102
-1.340753 8.42759 4.405331
-1.3024457 8.197746 4.596867
-1.0726023 8.312668 4.903325
-0.6512228 8.734047 5.2480903
-0.15322891 9.385271 5.363012
0.15322891 9.730036 5.1331687
0.22984335 9.730036 4.711789
0.03830722 9.346963 4.405331
-0.3830723 8.6574335 4.55856
-0.8810663 8.0445175 5.3247046
-1.2641386 7.6231384 6.3589997
-1.3790603 7.508217 7.2783732
-1.2258313 7.699753 7.8529816
-0.8810662 8.082825 7.8146744
-0.4213795 8.542512 7.584831
-0.038307227 8.887277 7.1251445
0.22984336 9.155427 6.588843
0.53630114 9.308656 6.397307
0.6895301 9.423578 6.129156
0.6895301 9.423578 5.899313
0.61291564 9.2703495 5.861006
0.4213795 9.002198 5.5928555
0.19153613 8.6574335 5.4396267
0.11492168 8.504205 5.477934
0.11492168 8.42759 5.363012
0.19153613 8.504205 5.5928555
0.38307226 8.734048 5.8226986
0.5746084 8.887277 6.0525417
0.7661446 9.040505 6.2823853
0.9576807 9.040505 6.090849
1.0342952 8.848969 5.861006
0.9576807 8.465897 5.477934
0.8044518 8.00621 5.1714754
0.6512228 7.6614456 5.133168
0.7278373 7.469909 5.24809
1.0342952 7.5465236 5.5162406
1.4939818 7.699753 5.746084
2.030283 7.776367 5.5162406
2.681506 7.776367 4.788403
2.873042 7.699753 4.367024
2.9113493 7.6614456 4.3287168
2.9879637 7.699753 4.367024
3.1028852 7.776367 4.5585604
3.2178073 7.967903 4.7884035
3.371036 8.236053 5.094861
3.4093432 8.312668 5.24809
3.3327286 8.197746 5.2863975
3.1794999 8.082825 5.2863975
2.9879637 8.00621 5.4013195
3.0645783 8.274361 5.746084
3.371036 8.8489685 6.1674633
3.7924151 9.500193 6.473921
4.2137947 10.036493 6.3973064
4.3287168 10.228029 5.9759274
4.060566 9.998186 5.4396257
3.562572 9.385271 4.9416323
2.9879637 8.734048 4.7500963
2.4516625 8.0445175 4.8267107
2.0685904 7.6231384 4.97994
1.8770542 7.4316025 5.2480903
1.8004396 7.508217 5.363012
1.7621324 7.73806 5.3247046
1.7621324 8.0445175 5.133168
1.685518 8.236053 4.7500963
1.532289 8.197746 4.367024
1.340753 8.0445175 4.1371803
1.1109096 7.8146744 4.0222588
0.842759 7.699753 4.060566
0.61291564 7.6614456 4.1754875
0.5746084 7.8912888 4.4053307
0.5746084 8.159439 4.7884035
0.6512228 8.427589 5.133168
0.7661445 8.695741 5.363012
0.61291564 8.810662 5.209783
0.38307226 8.887277 4.9799395
0.22984335 8.925584 4.8267107

