0.15322891 9.002198 4.865018
0.30645782 9.11712 5.133168
0.61291564 9.232042 5.401319
0.8044517 9.423578 5.6311626
0.7278373 9.193734 5.133168
0.9576806 9.883265 4.7884035
1.0726023 10.49618 4.481946
1.1109096 11.3006315 4.520253
1.1492168 12.143391 4.7884035
0.8810662 12.143391 5.2097826
0.95768064 12.488156 5.93762
1.8004396 13.867216 7.04853
2.4899697 14.78659 7.393295
2.9879637 15.322891 7.240066
3.3327286 15.705963 6.933608
3.217807 15.514427 6.435614
2.834735 15.016434 5.861006
2.336741 14.480132 5.592855
1.8770542 13.9438305 5.401319
1.6089035 13.637373 5.401319
1.4173673 13.330915 5.5928555
1.3024458 13.1393795 5.7843914
1.1875241 12.909536 6.0525417
1.0342952 12.717999 6.282385
0.91937345 12.56477 6.320692
0.842759 12.296619 5.93762
0.80445176 11.990162 5.2480903
0.7661445 11.645397 4.2904096
0.84275895 11.300632 3.4093435
0.91937345 11.070788 2.834735
0.9576807 10.840945 2.4899697
0.9576807 10.457872 2.375048
0.7661446 9.883265 2.3367407
0.19153613 8.350975 2.528277
-0.19153613 7.6231384 3.0262709
-0.5746084 7.086837 3.4093432
-0.842759 6.6271505 3.4476504
-1.1109096 6.282385 2.719813
-1.0726024 6.129156 2.0685902
-0.9959879 6.090849 1.7238252
-0.8810662 6.0525417 1.5705963
-0.8044517 5.9759274 1.4939818
-0.8044517 5.93762 1.5705963
-0.9576806 5.746084 1.6855179
-1.2258312 5.477934 1.6855179
-1.532289 5.2480903 1.8387468
-1.7238252 5.0182467 1.7238252
-1.838747 4.8267107 1.6089034
-1.9153614 4.6351748 1.3407528
-1.9919758 4.405331 0.8044517
-2.030283 4.367024 0.49799395
-1.9153614 4.4819455 0.49799395
-1.7621324 4.7884035 0.842759
-1.5705963 5.171476 1.4173675
-1.340753 5.5928555 1.7621324
-1.340753 5.5545483 1.3407528
-1.340753 5.4396267 0.7661445
-1.3790601 5.3247046 0.38307226
-1.5322891 5.3247046 0.22984336
-1.5705963 5.363012 0.19153613
-1.532289 5.5162406 0.22984335
-1.4556746 5.93762 0.30645782
-1.1109096 6.1291566 0.65122294
-0.7278373 6.4739213 0.95768076
-0.3830723 6.8569937 1.1875241
0.076614454 7.0485296 1.3024458
0.38307226 7.316681 1.1109096
0.49799395 7.4316025 0.9193734
0.49799395 7.240066 0.72783726
0.38307226 6.933608 0.4213795
0.22984335 6.588843 0.22984336
0.19153613 6.129156 0.19153613
0.2681506 5.861006 0.30645782
0.38307226 5.5928555 0.57460845
0.45968676 5.439626 0.7278373
0.49799398 5.2863975 0.7278373
0.5363012 5.1714754 0.7278373
0.57460845 5.133168 0.45968673
0.7278373 5.1714754 0.26815057
0.9959879 5.324704 0.114921674
1.340753 5.439626 -0.11492168
1.6472107 5.5162406 0.0
1.8387469 5.5928555 0.22984338
1.8770542 5.6311626 0.6512228
1.8004398 5.746084 1.1109096
1.7238252 5.861006 1.2641385
1.6472108 5.9759274 0.6895301
1.6472108 6.0142345 -2.9802322E-8
1.685518 6.129156 -0.45968673
1.8004398 6.3589997 -0.842759
1.9536686 6.703765 -0.8044518
2.1452045 7.0868373 -0.34476507
2.336741 7.469909 0.34476504
2.4516625 7.8529816 1.2258313
2.3750482 8.121132 1.8770542
2.1452045 8.274361 2.0685902
1.8004397 8.312668 1.7238252
1.4939818 8.236053 0.8810662
1.4173673 8.236053 -2.9802322E-8
1.532289 8.389282 -0.5363012
1.8387469 8.695741 -0.7278373
2.183512 9.040505 -0.45968673
2.4133554 9.2703495 -0.038307227
2.4899697 9.423578 0.34476504
2.3367407 9.461885 0.7661445
2.1452048 9.500193 1.1875241
1.9536686 9.500193 1.532289
1.8387469 9.5385 1.877054
1.8770542 9.615114 2.2218192
1.9919758 9.691729 2.6431985
2.1452045 9.80665 3.064578
2.2984335 9.768343 3.4476504
2.336741 9.844957 3.9456444
2.2601264 10.036493 4.481946
2.1835117 10.457872 5.209783
2.1835117 11.147403 6.0142345
2.2601266 11.760319 6.320692
2.2601266 12.373235 6.2440777
2.1452045 12.5264635 6.1674633
1.7621324 12.29662 6.0142345
1.2258313 11.836933 6.090849
0.22984336 10.611101 5.93762
0.038307227 10.611101 5.7843914
0.2681506 11.109096 5.707777
0.8810662 12.066777 5.66947
1.532289 13.215994 5.707777
2.1068974 14.09706 5.516241
2.2218192 14.518439 5.4396267
1.8770541 14.365211 5.516241
1.340753 13.867216 5.5928555
0.6512229 13.139379 5.5928555
0.114921674 12.411542 5.3630114
-0.22984336 11.9135475 5.0182467
-0.34476507 11.530476 4.6351748
-0.30645782 11.60709 4.5202527
-0.34476504 11.798626 4.55856
-0.5363012 12.220005 4.9416323
-0.6895301 12.296619 5.0948615
-0.6512228 12.334927 5.171476
-0.49799395 12.449849 5.324705
-0.22984335 12.220006 5.477934
-0.22984335 11.951855 5.516241
-0.34476504 11.60709 5.516241
-0.6129157 11.109096 5.66947
-0.88106626 10.611101 5.746084
-1.1492168 10.151415 5.861006
-1.37906 9.768343 5.8226986
-1.4173675 9.653421 5.6311626
-1.4173675 9.653421 5.4013195
-1.3407528 9.883265 5.24809
-1.1875241 10.228029 5.2097826
-1.0342951 10.457872 5.3630114
-0.91937345 10.764331 5.4779334
-0.8810662 10.840945 5.554548
-0.9959879 10.726024 5.6311626
-1.2258313 10.496181 5.5545483
-1.532289 10.036493 5.4396267
-1.9153614 9.5385 5.24809
-2.2984338 9.078813 4.9416323
-2.6431987 8.734048 4.7500963
-2.9496565 8.504205 4.711789
-3.064578 8.274361 4.7884035
-3.1028852 8.159439 4.903325
-3.064578 8.082825 4.903325
-2.9113493 8.0445175 4.7884035
-2.7964277 8.159439 4.6351748
-2.6431987 8.159439 4.3287168
-2.528277 8.159439 4.060566
-2.4516625 8.197746 3.9839516
-2.2984335 8.159439 3.9073372
-2.1452048 8.197746 4.1754875
-1.9536686 8.274361 4.405331
-1.7621325 8.350975 4.4819455
-1.6472107 8.389282 4.5202527
-1.5705963 8.350975 4.405331
-1.4939818 8.312668 4.4819455
-1.4556746 8.197746 4.7500963
-1.3790601 8.274361 5.056554
-1.2258313 8.350975 5.363012
-1.1109096 8.236053 5.3247046
-1.0342952 8.082825 4.9799395
-1.0726024 7.8146744 4.5968676
-1.2258313 7.584831 4.1371803
-1.3790601 7.469909 3.9839516
-1.4173675 7.5082164 4.0222588
-1.2641385 7.6231384 4.367024
-0.91937345 7.967903 4.865018
-0.30645782 8.427589 5.401319
0.26815063 8.810661 5.746084
0.68953013 9.040505 5.707777
0.8044518 8.887276 5.401319
0.6512228 8.504204 4.9416323
0.38307226 8.082825 4.5202527
0.19153613 7.73806 4.2904096
0.26815057 7.6231384 4.405331
0.53630114 7.699753 4.711789
0.9959879 7.8529816 5.209783
1.4556746 8.00621 5.631162
1.8387469 8.159439 5.8226986
2.1068974 8.312668 5.6694694
2.2601264 8.504204 5.4396257
2.566584 8.810662 4.9799395
2.6815057 8.810662 5.0182467
2.6815057 8.734048 5.0565543
2.6048913 8.542511 5.3247046
2.566584 8.427589 5.5928555
2.4899697 8.312668 5.7843914
2.5665843 8.274361 6.0142345
2.7581205 8.350975 6.0525417
2.7964277 8.389283 5.899313
2.7581203 8.42759 5.746084
2.719813 8.42759 5.707777
2.7964275 8.542512 5.861006
3.0645783 8.887277 6.205771
3.5625722 9.308657 6.5122285
4.0222588 9.80665 6.2440777
4.3670235 10.0748005 5.094861
4.290409 9.998186 4.367024
4.1371803 9.730036 4.1371803
3.9456444 9.5385 4.060566
3.6391866 9.232042 4.405331
3.1794999 8.848969 4.7500963
2.7964275 8.542511 4.9799395
2.375048 8.236053 4.865018
2.1068974 8.0445175 4.596867
1.9153614 7.967903 4.2137947
1.4939818 7.73806 3.86903
1.2258313 7.6614456 3.8307228
1.0342951 7.699753 4.060566
0.8044517 7.776367 4.3287163
0.7278373 7.8912888 4.5968676
0.68953 8.082825 4.7500963
0.61291564 8.312668 4.7500963
0.5363012 8.887277 4.367024
0.45968673 8.963891 4.252102
0.42137948 9.002198 4.252102
0.3064578 8.963891 4.3670235
0.22984335 8.963891 4.55856
0.19153613 9.002198 4.788403
0.15322891 9.078813 4.9799395
0.19153613 9.193735 5.2480903
0.22984336 9.308657 5.3247046
0.22984336 9.461885 5.363012
0.19153613 9.423578 5.3247046
0.076614454 9.346963 5.056554
-0.076614454 9.155427 4.903325
-0.11492168 9.040505 4.7884035
-0.076614454 9.002198 4.8267107
-0.038307227 8.963891 4.97994
-0.038307227 9.155427 4.9416327

