-0.038307227 9.155427 4.9033256
0.0 9.155427 4.8267107
0.2681506 9.040505 4.4436383
0.7661446 10.151415 4.7500963
1.1875241 11.224018 4.9416323
1.4556746 12.220005 5.2097826
1.5705963 13.101072 5.8226986
1.1492169 12.832922 5.746084
0.88106626 12.679692 5.746084
0.80445176 12.756307 5.861006
0.88106626 12.832921 6.0142345
1.0342951 13.024457 6.1674633
1.2641385 13.177687 6.1674633
1.4556746 13.024458 5.9759274
1.4173675 12.7179985 5.554548
1.3024458 12.258312 5.094861
1.0342952 11.645397 4.788403
0.61291564 10.955867 4.55856
0.5363012 10.764331 4.55856
0.4213795 10.649409 4.55856
0.2681506 10.419566 4.443638
0.11492168 10.189723 4.060566
-0.076614454 9.883265 3.6774936
-0.30645782 9.461885 3.2561142
-0.5363012 9.078814 3.0262709
-0.7661445 8.6574335 2.9113493
-0.91937345 8.427589 2.7964277
-0.9576807 8.312668 2.5282772
-0.88106626 8.350975 2.2601266
-0.7661446 8.465898 1.9536686
-0.6895301 8.389282 1.685518
-0.5363012 8.42759 1.6472108
-0.49799395 8.350975 1.4939818
-0.4596867 8.236053 1.4556746
-0.49799395 8.0445175 1.4556746
-0.7278373 7.73806 1.3407528
-0.95768064 7.3549876 1.2641385
-1.2258313 6.9336085 1.1875241
-1.532289 6.2823853 0.9193734
-1.685518 5.93762 0.61291564
-1.7238252 5.439626 0.15322891
-1.3024457 5.7843914 0.45968673
-1.0726024 6.205771 0.7661445
-0.9576807 6.397307 0.7278373
-0.842759 6.397307 0.5363012
-0.8044518 6.435614 0.19153616
-0.842759 6.397307 -0.22984335
-0.8044517 6.5122285 -0.30645782
-0.72783726 6.7803793 -0.2681506
-0.5746084 6.895301 -0.22984335
-0.30645782 7.0485296 -0.11492168
-0.076614454 7.125144 -0.19153613
0.038307227 7.0102224 -0.30645782
0.11492168 6.9719152 -0.49799398
0.15322891 6.933608 -0.5746084
0.076614454 6.8569937 -0.5746084
-0.038307227 6.818686 -0.5746084
-0.15322891 6.7420716 -0.4213795
-0.22984336 6.6654572 -0.2681506
-0.19153613 6.7037644 -0.15322891
-0.076614454 6.742072 0.0
0.076614454 6.8569937 -0.038307227
0.22984335 6.895301 -0.30645782
0.38307226 6.933608 -0.4213795
0.53630114 7.0485296 -0.5363012
0.6895301 7.0485296 -0.4213795
0.84275895 7.163451 -0.076614454
0.8810662 7.163451 0.15322891
0.8810662 7.0485296 0.45968673
0.84275895 6.8186865 0.6895301
0.7661445 6.473922 0.80445176
0.84275895 6.1674633 0.9576807
0.95768064 5.899313 0.91937345
1.1109095 5.861006 0.7661446
1.3407528 5.861006 0.5363012
1.532289 5.9759274 0.22984335
1.7621324 6.2440777 0.0
1.9919758 6.3973064 -0.19153613
2.2218192 6.6271505 -0.30645782
2.528277 6.8186865 -0.30645782
2.7964275 6.895301 -0.30645782
2.8347347 7.0102224 0.076614454
2.681506 6.933608 0.53630114
2.3750482 6.8186865 0.8810662
1.9919758 6.6654572 1.1109096
1.7621324 6.5122285 0.84275895
1.8004396 6.4739213 0.49799395
1.9919758 6.5505357 0.30645782
2.2601264 6.7803793 0.15322891
2.5665843 7.086837 0.22984335
2.719813 7.4316025 0.42137948
2.681506 7.776367 0.4596867
2.4516625 8.0445175 0.6895301
2.183512 8.236053 0.8810662
1.8387469 8.236053 0.8044518
1.3407528 7.8529816 0.57460845
0.9193734 7.5082164 0.34476507
0.68953013 7.546524 0.34476507
0.22984335 7.6614456 0.34476504
0.076614454 7.73806 0.30645782
0.076614454 7.8146744 0.38307226
0.19153613 8.082825 0.5746084
0.6512228 8.42759 0.8810662
1.6472107 9.385271 1.1875241
1.9536686 9.730036 0.9959879
1.838747 9.844957 0.7661445
1.6089036 9.691729 0.61291564
1.2641385 9.500193 0.61291564
0.9959879 9.232041 0.8810662
0.7661446 9.040505 1.4939818
0.61291564 9.040505 2.1452045
0.49799395 9.11712 2.7581205
0.38307226 9.385271 3.3327289
0.26815057 9.80665 3.6008792
0.19153613 10.342951 3.6774938
0.22984336 10.917559 3.5242648
0.3830723 11.683704 3.026271
0.45968673 11.9135475 3.1411927
0.4213795 12.028469 3.6008794
0.38307226 12.181698 4.3287168
0.38307226 12.334927 4.9416323
0.5363012 12.832921 5.3247046
0.84275895 13.599066 5.4779334
1.1875241 14.250289 5.324704
1.3790603 14.671668 5.477934
1.2258313 14.633361 5.66947
0.842759 14.173674 5.8226986
0.038307227 13.407529 5.9759274
-0.11492168 13.2543 5.861006
-0.15322891 13.177686 5.8226986
-0.076614454 13.139379 5.861006
0.038307227 13.177686 6.0142345
0.26815057 13.215993 6.244078
0.4596867 13.369222 6.3589997
0.5746084 13.369222 6.167464
0.45968673 12.909535 5.3247046
0.34476504 12.449848 4.7884035
0.19153613 11.990162 4.596867
0.0 11.453861 4.4436383
-0.2681506 10.994174 4.5202527
-0.57460845 10.534488 4.55856
-0.842759 10.304644 4.405331
-1.1109096 10.113108 4.060566
-1.3407531 9.998186 3.86903
-1.4939818 9.730036 3.715801
-1.7238252 9.461885 3.6008792
-1.8770542 9.385271 3.562572
-1.9919758 9.2703495 3.4093432
-2.1068976 9.423578 3.4859576
-2.1452045 9.80665 3.9839516
-2.221819 9.921572 4.3670235
-2.3750482 10.036493 4.6351748
-2.6048913 10.036493 4.711789
-2.873042 9.959879 4.711789
-3.1028857 9.921572 4.711789
-3.2944217 9.844957 4.711789
-3.5242648 9.653421 4.7884035
-3.6391869 9.461885 4.8267107
-3.7158012 9.193734 4.7500963
-3.7158012 8.963891 4.5968676
-3.4859576 9.040505 4.4436383
-3.1794999 9.232042 4.2137947
-2.6815062 9.615114 4.367024
-2.7198133 9.308657 4.55856
-2.7964277 8.312668 4.865018
-2.719813 8.0445175 4.711789
-2.0685902 8.274361 4.3670235
-1.5705962 8.619125 4.098873
-0.842759 9.002198 4.060566
-0.57460845 8.810662 4.252102
-0.5363012 8.695741 4.4819455
-0.49799398 8.6574335 4.4819455
-0.45968673 8.695741 4.1754875
-0.5746084 8.734048 3.9456444
-0.7661445 8.427589 3.86903
-0.91937345 7.8529816 4.098873
-1.1109097 7.240066 4.596867
-1.0342951 6.933608 5.094861
-0.6512229 7.0485296 5.3247046
-0.19153614 7.4699097 5.363012
0.4213795 8.236054 5.094861
0.9959879 9.002199 4.3287168
1.3790601 9.691729 3.6391866
1.5705963 10.151415 3.1794999
1.5705963 10.189722 3.6391866
1.3024457 9.80665 4.405331
1.0342951 9.270349 5.1714754
0.72783726 8.695741 5.746084
0.49799395 8.197746 5.93762
0.49799395 8.0445175 5.707777
0.6512229 8.159439 5.3630123
0.99598795 8.542512 4.9416323
1.4173675 9.078814 4.7884035
1.685518 9.346964 4.711789
1.7621324 9.385271 4.673482
1.5705963 8.963891 4.7884035
1.2258313 8.350975 4.903325
1.0342951 7.8146744 5.209783
0.9576807 7.3932953 5.2863975
1.0342952 7.3166804 5.2480903
1.2258313 7.508217 5.2863975
1.4556746 7.8529816 5.2863975
1.8004396 8.350975 5.401319
2.1835117 8.810662 5.4779334
2.4133554 9.002198 5.5162406
2.375048 8.810662 5.5162406
2.1068974 8.427589 5.6311626
1.685518 7.929596 5.93762
1.1492168 7.3932953 6.090849
0.7661445 7.2400665 6.282385
0.8044517 7.6614456 6.818686
1.3024458 8.6574335 7.3932943
2.260126 9.844957 7.852981
3.1411924 10.764331 7.7763667
3.6008792 10.994174 6.8186865
3.6391866 10.534488 5.631162
3.371036 9.921572 4.7117887
3.1028855 9.346963 4.290409
2.873042 8.772355 4.3287163
2.681506 8.312668 4.3287163
2.528277 8.0445175 4.3287163
2.4133554 7.8912888 4.252102
2.2984335 7.929596 4.3287168
2.1068974 8.082825 4.3287168
1.877054 8.159439 4.290409
1.6472107 8.197746 4.3287168
1.4173675 8.197746 4.1754875
1.1875241 8.121132 4.1371803
0.9193734 7.967903 4.1371803
0.6512228 7.8912888 4.0222588
0.4596867 7.8146744 4.1371803
0.34476507 7.929596 4.405331
0.30645782 8.159439 4.711789
0.2681506 8.312668 4.9416323
0.22984335 8.580818 4.9799395
0.19153613 8.848969 4.9416323
0.19153613 9.078814 4.865018
0.22984336 9.346964 5.0182467
0.22984336 9.461885 5.133168
0.15322891 9.500193 5.1714754
0.038307227 9.461885 5.209783
-0.038307227 9.385271 5.171476
-0.076614454 9.385271 5.1331687
-0.038307227 9.346964 5.0948615
0.038307227 9.346964 5.0948615
0.038307227 9.385271 5.0182467

