0.038307227 9.385271 5.0182467
0.038307227 9.385271 4.9416323
0.076614454 9.193735 4.4436383
0.30645782 10.151415 5.0182467
0.5746084 11.224017 5.746084
0.7661445 12.449848 6.359
1.0726024 13.905523 7.0485296
1.2641385 14.326902 7.086837
1.4173673 14.671667 7.086837
1.4939818 14.824897 6.971915
1.4173675 14.78659 6.856993
1.2258313 14.671668 6.7037644
0.9959879 14.518439 6.5505357
0.84275895 14.36521 6.5505357
0.72783726 14.173674 6.4739213
0.6512228 13.9438305 6.3973064
0.6512228 13.790602 6.3973064
0.61291564 13.637373 6.282385
0.53630114 13.445837 6.2057705
0.4213795 13.177687 6.0525417
0.22984336 12.718 5.746084
0.038307227 12.220006 5.477934
-0.11492168 11.645397 5.1714754
-0.4213795 10.994174 5.0182467
-0.88106626 10.228029 4.8267107
-1.4556746 9.308656 4.6734815
-2.0685902 8.542512 4.405331
-2.528277 7.929596 4.098873
-2.6815062 7.3932953 3.9073372
-2.6815062 7.0868373 3.7924156
-2.566584 6.780379 3.6391866
-2.3750482 6.6654572 3.4093432
-2.1068974 6.8569937 3.1411927
-1.7621324 7.1251445 2.7964277
-1.3024457 7.5848308 2.7964277
-0.7661445 8.0445175 3.0645783
-0.3830723 8.350975 3.4476504
-0.2681506 8.350975 3.562572
-0.4213795 7.929596 3.3327286
-0.7278373 7.3166804 2.7581203
-1.0342952 6.6271505 2.1835117
-1.2641385 6.167464 1.8387468
-1.3024457 5.899313 1.5705962
-1.3407528 5.746084 1.5705962
-1.3024457 5.899313 1.5705962
-1.187524 6.2057705 1.6472107
-1.2641385 6.512229 1.8004397
-1.3790601 6.5888433 1.8387469
-1.685518 6.0525417 1.6472107
-2.0685904 5.2480903 1.2641385
-2.2984338 4.4819455 0.8810662
-2.3750482 3.9456444 0.45968676
-2.336741 3.86903 0.11492168
-2.1452048 4.1371803 -0.038307227
-1.8004398 4.5968676 -0.19153613
-1.340753 5.324704 -0.15322891
-0.8044518 6.129156 -0.038307227
-0.34476507 6.742072 0.11492168
-0.11492168 7.0868373 0.34476504
-0.22984335 6.933608 0.45968673
-0.49799395 6.512229 0.6512229
-0.80445176 6.052542 0.68953013
-1.1109095 5.66947 0.53630114
-1.2258313 5.4779334 0.2681506
-1.1492168 5.554548 -0.15322891
-0.95768064 5.822698 -0.38307226
-0.6512228 6.2057705 -0.30645782
-0.22984336 6.780379 0.34476507
-0.19153613 6.5122285 0.7278373
-0.15322891 6.1291566 0.7278373
0.0 5.7843914 0.61291564
0.26815057 5.477934 0.30645785
0.57460845 5.3247046 0.11492168
0.88106626 5.3247046 -0.15322891
1.0342951 5.363012 -0.38307226
1.2258313 5.554548 -0.4213795
1.340753 5.7843914 -0.34476507
1.4556746 6.0525417 -0.19153613
1.7238252 6.167464 0.076614454
1.9919758 6.1291566 0.34476504
2.6048915 5.861006 0.53630114
2.7198133 5.93762 0.49799395
2.7198133 6.129156 0.2681506
2.7964277 6.435614 -0.03830722
2.834735 6.780379 -0.42137948
2.9113493 7.0102224 -0.91937345
2.9879637 7.125144 -1.2258313
2.873042 7.086837 -1.2641385
2.681506 6.895301 -1.0342952
2.336741 6.742072 -0.49799395
1.8770541 6.703765 0.2681506
1.532289 6.703765 1.2258313
1.3024457 6.8186865 1.9153614
1.2641385 6.9719152 2.183512
1.340753 7.0102224 1.9153614
1.3790601 6.9719152 1.187524
1.4173675 6.9719152 0.42137948
1.4173675 6.9719152 -0.03830722
1.3024457 7.5082164 0.076614454
1.2641385 8.00621 0.68953013
1.3024457 8.580818 1.3790601
1.4173675 9.193734 1.8387469
1.5705962 9.653421 1.7621324
1.6089036 9.768343 1.2641385
1.5705962 9.615114 0.61291564
1.4939818 9.270349 0.19153613
1.3790601 9.040505 0.38307226
1.4173675 9.155427 0.9193734
1.5322891 9.423578 1.6089035
1.6089036 9.844957 2.4133554
1.6472108 10.342951 3.1028852
1.4556746 10.457872 3.371036
1.0342951 10.49618 3.562572
0.5363012 10.304644 3.3327286
0.19153614 10.036493 2.9496567
0.0 9.998186 2.987964
0.076614454 10.0748005 3.026271
0.34476504 10.496181 3.2944217
0.57460845 11.147404 3.6774938
0.7278373 11.798626 4.060566
0.80445176 12.488156 4.4436383
0.7278373 12.871228 4.9416323
0.6895301 12.947843 5.286397
0.6895301 12.909535 5.363012
0.7278373 12.717999 5.363012
0.80445176 12.641385 5.056554
0.80445176 12.679692 4.596867
0.7661445 13.062764 4.3287168
0.6512228 13.560759 4.405331
0.49799395 14.09706 4.903325
0.34476504 14.633361 5.861006
0.19153613 14.78659 6.742072
-0.038307227 14.5567465 7.1634517
-0.30645782 13.982138 7.2783737
-0.6512229 12.794614 6.5888433
-0.80445176 11.798626 5.707777
-0.6895301 10.802638 4.3287168
-0.26815057 11.109097 4.2137947
0.15322892 11.568783 4.405331
0.6129157 12.143391 4.6351748
0.99598795 12.7179985 4.711789
1.1109096 12.986151 4.7884035
1.0342951 12.947844 4.55856
0.6129157 11.798626 4.060566
0.38307226 11.300632 4.060566
0.038307227 11.032481 4.520253
0.038307227 11.109096 4.8267107
0.038307227 11.224017 4.9799395
0.0 11.262324 5.056554
-0.076614454 11.3006315 5.2097826
-0.2681506 11.262324 5.094861
-0.45968673 11.224017 4.9799395
-0.68953013 11.109096 4.9799395
-0.9193734 10.802638 4.9799395
-1.1492168 10.572794 5.2480903
-1.5322891 10.381258 5.401319
-1.9153613 10.228029 5.401319
-2.2218192 10.151415 5.3247046
-2.566584 10.0748005 4.9799395
-2.6431987 9.959879 4.711789
-2.7198133 9.80665 4.4436383
-2.9113493 9.270349 4.290409
-3.064578 8.963891 4.3670235
-3.0262709 8.810662 4.4436383
-2.9113493 8.772355 4.367024
-2.7581205 8.848969 4.252102
-2.566584 8.810662 4.0222588
-2.566584 8.580818 3.86903
-2.566584 8.274361 3.6391866
-2.4899697 7.967903 3.6008794
-2.3750482 7.8912888 3.524265
-1.9153614 8.312668 3.4093432
-1.6472107 8.69574 3.2944214
-1.4173673 8.925584 3.4476502
-1.0726024 9.155427 3.6774938
-0.9193735 9.2703495 3.7924154
-0.842759 9.346964 3.8307228
-0.7661445 9.423578 3.6391864
-0.842759 9.2703495 3.3327289
-0.95768064 9.002199 3.1028852
-1.1109096 8.695741 3.217807
-1.4173675 8.236053 3.217807
-1.7621324 7.8912888 3.4859576
-1.8387469 7.661445 3.9839516
-1.7621324 7.623138 4.252102
-1.3790601 7.8529816 4.673482
-0.8044518 8.274361 4.711789
-0.19153616 8.887277 4.4436383
0.26815057 9.385271 4.0222588
0.5746084 9.730036 3.5242648
0.6895301 9.768343 3.1028855
0.5746084 9.500193 2.719813
0.42137948 9.193734 2.6431987
0.45968673 8.887277 2.873042
0.5363012 8.657433 3.2561142
0.5363012 8.465897 3.6391866
0.5746084 8.350975 3.8307228
0.4596867 8.350975 3.86903
0.4213795 8.542512 3.7924156
0.5746084 8.848969 3.7541084
0.8810662 9.155428 3.8307228
1.1875241 9.461885 4.1371803
1.4173673 9.691729 4.5968676
1.4939818 9.883265 4.9799395
1.4173675 9.959879 5.1714754
1.3407528 9.921572 5.0182467
1.37906 9.691729 4.6351748
1.4939818 9.232042 4.290409
1.6089036 8.848969 3.9839516
1.6472108 8.580819 3.7541084
1.685518 8.465898 3.7541084
1.838747 8.695741 4.060566
2.0685904 8.887277 4.4436383
2.3750482 9.002198 4.8267107
2.681506 9.11712 5.0182467
2.834735 9.002198 4.903325
2.834735 8.734048 4.7117887
2.7581203 8.389282 4.4819455
2.5665843 8.0445175 4.290409
2.336741 7.73806 4.1754875
2.2218192 7.6231384 4.252102
2.2984335 7.73806 4.367024
2.6048913 8.0445175 4.8267107
3.064578 8.542511 5.363012
3.562572 9.155427 5.861006
3.9456444 9.576807 6.2440777
4.0222588 9.883265 6.129156
3.9073372 9.883265 5.592855
3.6774938 9.653421 4.903325
3.4476504 9.500193 4.252102
3.3327286 9.270349 3.86903
3.3327286 9.270349 3.8307228
3.2944214 9.270349 3.9456444
3.1411927 9.270349 4.1754875
2.8730419 9.155427 4.4819455
2.4899697 8.887277 4.865018
2.0685902 8.6574335 5.0948615
1.685518 8.465898 5.171476
1.4556746 8.312668 4.903325
1.3024457 8.274361 4.405331
1.1492168 8.274361 4.0222588
0.95768064 8.274361 3.6391866
0.7278373 8.350975 3.6008794
0.49799395 8.465898 3.7541084
0.38307226 8.734049 3.9839516
0.4213795 8.925585 4.3287168
0.4596867 9.232042 4.6734815
0.49799395 9.461885 4.8267107
0.49799395 9.5385 4.7884035
0.38307226 9.653421 4.673482
0.22984336 9.653421 4.4819455
0.15322891 9.615114 4.405331
0.15322891 9.653421 4.367024
0.22984336 9.691729 4.3287163
0.30645782 9.691729 4.290409
0.38307226 9.730036 4.2137947
0.38307226 9.691729 4.2137947
0.34476507 9.576807 4.2904096
0.38307226 9.346964 4.367024
0.344765 9.193735 4.4819455
0.3064578 9.002198 4.55856

