0.2681506 8.925584 4.6734815
0.22984335 8.963891 4.7117887
0.22984335 8.887277 4.6351743
0.26815057 8.848969 4.6351743
0.5363012 8.848969 4.3287163
0.842759 9.193735 4.2137947
1.4173673 9.959879 4.2137947
1.532289 10.266336 4.3287163
1.4173673 10.304644 4.4819455
1.340753 10.381258 4.673482
1.2641385 10.457872 4.903325
1.2641385 10.611101 5.056554
1.3790601 10.802638 5.2480903
1.4556746 10.994175 5.401319
1.5705963 11.262325 5.746084
1.685518 11.568783 6.0142345
1.7621325 11.722012 6.320692
1.7238252 11.760319 6.703765
1.4173675 11.798626 6.8569937
1.0726024 11.683704 7.0485296
0.80445176 11.87524 7.1634517
0.7278373 12.181698 7.240066
1.0342951 12.603078 7.4699097
1.4556746 13.215993 7.6231384
1.8770541 13.637373 7.8912888
2.1835117 13.9438305 8.0445175
2.221819 13.9438305 7.967903
2.1452045 13.752295 7.73806
1.8770541 13.445836 7.201759
1.6472108 13.177686 6.62715
1.4556746 12.832921 6.014235
1.2258313 12.449848 5.5928555
1.0342951 12.105083 5.3630123
0.8044518 11.568783 5.0948615
0.57460845 11.224017 5.209783
0.45968673 10.879252 5.3247046
0.49799395 10.572794 5.363012
0.53630114 10.381258 5.3247046
0.57460845 9.998186 5.0182467
0.49799395 9.615114 4.5202527
0.30645782 9.078813 3.9456444
0.15322891 8.734048 3.6391866
0.076614454 8.504205 3.4476504
0.038307227 8.465898 3.5242648
0.076614454 8.580819 3.7924154
0.11492168 8.580819 3.9456444
0.076614454 8.580819 3.9073372
0.0 8.504205 3.7924156
-0.11492168 8.389282 3.6774938
-0.3830723 8.121132 3.5625722
-1.1109097 7.508217 3.217807
-1.4939818 7.2017584 2.9879637
-1.838747 7.086837 2.7964275
-2.1068976 6.8569937 2.6048915
-2.2218192 6.7037644 2.4516625
-2.2984338 6.62715 2.413355
-2.2218192 6.5505357 2.2218192
-2.030283 6.6654572 2.0685902
-1.9153614 6.8186865 1.9153614
-1.7621324 6.895301 1.6089036
-1.685518 6.8569937 1.6089036
-1.8004398 6.6654577 1.6472108
-1.9536686 6.3589997 1.6472108
-2.1452045 6.0525417 1.6472108
-2.2601264 5.8226986 1.4556746
-2.2601264 5.6311626 1.1492169
-2.2601264 5.477934 0.91937345
-2.1452045 5.477934 0.84275895
-1.877054 5.5928555 0.72783726
-1.4556746 6.052542 0.95768064
-0.95768064 6.6271505 1.1492168
-0.5363012 7.0868373 1.3024457
-0.26815057 7.431602 1.4173673
-0.26815057 7.469909 1.1492168
-0.38307226 7.31668 0.84275895
-0.61291564 7.0485296 0.45968676
-0.88106626 6.742072 0.19153613
-1.0342951 6.4356146 -0.076614454
-1.1109096 6.205771 -0.38307226
-0.9959879 6.205771 -0.61291564
-0.8044518 6.2823853 -0.7661445
-0.5363012 6.588843 -0.5746084
-0.22984338 6.933608 -0.34476504
0.038307227 7.2783732 0.0
0.2681506 7.6231384 0.38307226
0.38307226 7.6231384 0.53630114
0.38307226 7.546524 0.7661445
0.22984335 7.2017584 0.842759
0.0 6.6271505 0.6895301
-0.30645782 6.129156 0.49799395
-0.45968673 5.6311626 0.19153611
-0.49799395 5.324705 -0.30645782
-0.30645782 5.1714754 -0.6512229
0.11492168 5.2097826 -0.7661446
0.6895301 5.401319 -0.7661446
1.340753 5.631162 -0.5363012
1.7621324 5.861006 -0.26815057
1.9536686 5.9759274 -0.19153613
1.8387469 5.93762 -0.076614454
1.493982 5.7843914 -0.038307227
1.1875241 5.592855 -0.038307227
1.0342952 5.3247046 0.0
1.1109097 5.133168 0.076614454
1.3407528 5.056554 0.22984336
1.5705962 5.171476 0.34476504
1.7238252 5.4396267 0.4213795
1.7621324 5.7843914 0.34476504
1.6472108 6.167464 0.2681506
1.5705963 6.397307 0.2681506
1.6089035 6.62715 0.30645782
1.7238252 6.742072 0.49799395
2.030283 6.7803793 0.6895301
2.336741 7.0102224 0.842759
2.566584 7.31668 1.0342951
2.681506 7.776367 1.1109096
2.681506 8.312668 1.1875241
2.6048915 8.772355 1.1875241
2.4516625 8.925584 1.0726024
2.2601264 8.810662 0.9576807
2.0685902 8.504205 0.91937345
1.8770542 8.159439 1.0726024
1.7238252 8.121132 1.4173675
1.6472108 8.389282 1.8387469
1.685518 8.810662 2.1068974
1.8387468 9.270349 2.1452045
2.1068976 9.691729 2.2218192
2.4516625 9.998186 2.336741
2.681506 10.381258 2.7964275
2.7964277 10.840945 3.3327286
2.6048915 11.185711 3.6774938
2.183512 11.453861 4.0222588
1.685518 11.377247 4.098873
1.2258313 11.33894 4.213795
0.9576807 11.300632 4.3287168
0.7661445 11.262325 4.443639
0.6512228 11.492168 4.673482
0.49799395 11.568783 4.9799395
0.19153613 11.836933 5.93762
0.038307227 12.028469 6.1674633
-0.076614454 12.220006 6.1674633
-0.19153613 12.334928 5.899313
-0.30645782 12.411542 5.5928555
-0.49799395 12.334927 5.477934
-0.6895301 12.066776 5.66947
-0.91937345 11.836933 6.167464
-1.1875241 11.568783 6.742072
-1.3790603 11.415554 7.1251445
-1.4939818 11.33894 7.1634517
-1.532289 11.492168 6.8186865
-1.532289 11.645397 6.244078
-1.4173673 11.760319 5.7843914
-1.4173673 11.990162 5.439626
-1.4556745 12.028469 5.401319
-1.4939818 11.9135475 5.592855
-1.5705962 11.798626 5.9759274
-1.5705962 11.645397 6.5122285
-1.5705962 11.453861 6.780379
-1.4939818 11.377247 6.818686
-1.4939818 11.33894 6.5505357
-1.4939818 11.147404 6.014235
-1.5705963 11.032482 5.5545483
-1.685518 10.764332 5.1331687
-1.8004397 10.457872 4.9416323
-1.8387469 10.342951 4.865018
-1.7621324 10.228029 4.9416323
-1.5705962 10.342952 5.0182467
-1.340753 10.572795 5.0182467
-1.1492168 10.6877165 4.903325
-1.0342951 10.802638 4.711789
-1.1109096 10.802638 4.673482
-1.3024458 10.572795 4.481946
-1.6089035 10.304645 4.6351748
-2.030283 9.883265 4.7500963
-2.528277 9.576807 4.8267107
-3.0262709 9.423578 5.24809
-3.562572 9.500193 5.4396257
-4.0222588 9.615114 5.7843914
-4.290409 9.653421 6.1674633
-4.4436383 9.653421 6.397307
-4.4053307 9.500193 6.588843
-4.1371803 9.461885 6.7037644
-3.7541082 9.500193 6.5122285
-3.217807 9.691729 6.1291566
-2.6048913 10.036493 5.861006
-2.1068974 10.266336 5.554548
-1.7238252 10.457873 5.554548
-1.5705963 10.342952 5.592855
-1.6089035 9.998187 5.439626
-1.685518 9.653421 5.2097826
-2.030283 8.580819 4.4436383
-2.2984335 7.4699087 4.4436383
-2.183512 7.31668 4.8267107
-1.4173675 7.967903 5.6311626
-0.8810662 8.504204 5.5162406
-0.076614454 8.810661 4.673482
-0.076614454 8.542511 4.252102
-0.22984335 8.197746 4.098873
-0.4596867 7.776367 4.2521024
-0.6512229 7.584831 4.8267107
-0.6895301 7.584831 5.2863975
-0.5363012 7.699753 5.5545483
-0.34476504 7.8912888 5.4396267
-0.15322891 8.00621 5.056554
-0.038307227 7.967903 4.673482
0.0 7.699753 4.3670235
0.038307227 7.4699097 4.290409
0.0 7.354988 4.5968676
0.11492168 7.2783732 4.9799395
0.30645782 7.3549876 5.4013186
0.5363012 7.469909 5.554548
0.7661445 7.431602 5.4779334
0.91937345 7.508217 5.2863975
1.0342951 7.699753 5.094861
1.1492168 7.8529816 5.056554
1.2258313 8.082825 4.9799395
1.340753 8.274361 5.094861
1.4173673 8.427589 5.056554
1.4939818 8.465897 5.0182467
1.6089036 8.389282 4.9799395
1.6472108 8.274361 4.9416323
1.7238252 8.0445175 4.9799395
1.7238252 7.967903 5.1714754
1.7238252 7.967903 5.592855
1.685518 7.929596 5.93762
1.6089036 7.967903 6.205771
1.6089036 8.00621 6.205771
1.6472108 8.082825 6.129156
1.7621324 8.236053 6.090849
1.8770542 8.274361 6.0142345
1.9919758 8.197746 5.9759274
2.0685902 8.082825 5.8226986
2.1068976 7.8912888 5.4779334
2.1068976 7.776367 5.286397
2.2218192 7.8529816 5.2097826
2.4899697 8.159439 5.5162406
2.9113493 8.619126 5.975928
3.371036 9.193735 6.4739213
3.6391866 9.5385 6.6654572
3.677494 9.653421 6.205771
3.524265 9.5385 5.631162
3.2944217 9.385271 4.865018
3.1794999 9.2703495 4.367024
3.064578 9.155427 4.060566
2.9496565 9.11712 3.7924154
2.873042 9.002198 3.6774936
2.7198133 8.925584 3.5242648
2.6048915 8.887277 3.562572
2.48997 8.772355 3.6008792
2.2984338 8.619126 3.6391864
1.9919759 8.350975 3.7924154
1.685518 8.00621 3.8690298
1.340753 7.8146744 4.1754875
1.1109096 7.6231384 4.596867
0.9576807 7.6614456 4.9416323
0.842759 7.8146744 5.3247046
0.8810662 8.00621 5.516241
0.95768064 8.580818 5.401319
1.1875241 9.11712 5.094861
1.4556746 9.576807 4.7500963
1.5705965 10.0748005 4.4436383
1.6472108 10.189722 4.2521024
1.3790601 10.189722 4.4436383
1.2258313 9.959879 4.596867
1.0726024 9.768343 4.8267107
0.91937345 9.615114 5.0182467
0.8810662 9.500193 5.1714754
0.91937345 9.5385 5.363012
0.9959879 9.576807 5.5545483
1.0726024 9.653421 5.516241
1.1109096 9.691729 5.324704
1.0342951 9.653421 4.9799395
0.8810662 9.500193 4.5585604
0.7661445 9.232041 4.2904096
0.61291564 8.925584 4.098873
0.53630114 8.619125 4.1371803

