0.57460845 8.427589 5.439626
0.8427591 10.036493 5.822698
0.99598795 11.60709 6.3589997
1.4939818 13.599066 6.8569937
1.9919758 15.514427 7.5848308
2.2218192 15.7825775 7.776367
2.375048 15.859192 7.8529816
2.2601264 15.552734 7.546524
1.838747 14.824897 7.0102224
0.6512228 13.599066 6.320692
0.19153613 13.024457 6.320692
-0.038307227 12.603078 6.3973064
-0.26815057 12.105083 6.4356136
-0.42137948 11.645397 6.3973064
-0.7661445 11.109097 6.129156
-1.2641385 10.419565 5.93762
-1.6472107 9.730036 5.707777
-2.030283 9.155428 5.4396267
-2.1068976 8.619126 5.1331687
-2.030283 8.274361 4.903325
-1.7621324 8.121132 4.4436383
-1.532289 8.274361 4.520253
-1.2641385 8.427589 4.6351748
-1.0342951 8.389282 4.7884035
-1.0342952 7.6231384 4.9799395
-1.2641386 7.0485296 4.673482
-1.4173675 6.512229 4.252102
-1.5705963 6.129156 3.6774938
-1.7621324 5.8226986 3.1028852
-1.9919758 5.5928555 2.4899697
-2.336741 5.2863975 2.0685902
-2.6048915 4.903325 1.8387469
-2.7198133 4.5202527 1.7238252
-2.681506 4.2904096 1.7621324
-2.48997 4.2521024 1.7238252
-2.3750482 4.1754875 1.6472107
-2.336741 4.1371803 1.532289
-2.336741 4.0222588 1.532289
-2.4899697 3.9456444 1.7238252
-2.6431985 3.86903 1.8004397
-2.681506 3.9839516 1.5705963
-2.6431987 4.098873 1.1492168
-2.4133554 4.2521024 0.61291564
-2.030283 4.5968676 0.2681506
-1.685518 4.903325 0.4213795
-1.4173675 5.2097826 0.7661445
-1.2641385 5.4779334 1.0726023
-1.1875241 5.8226986 1.1492168
-0.9959879 6.1674633 0.9959879
-0.49799398 6.7803793 0.61291564
-0.15322891 6.895301 0.5363012
0.076614454 6.895301 0.61291564
0.30645782 6.895301 0.61291564
0.4213795 6.9719152 0.6895301
0.30645782 6.9719152 0.7661445
0.15322891 6.7420716 0.6512228
-0.15322891 5.975928 0.5363012
-0.15322891 5.5545483 0.4213795
-0.15322891 5.324705 0.57460845
-0.15322891 5.094861 0.8810662
-0.19153613 4.903325 1.1492168
-0.19153613 4.8267107 1.2258313
-0.19153613 4.8267107 1.1492169
-0.038307227 5.0182467 0.80445176
0.30645785 5.324704 0.53630114
0.72783726 5.516241 0.38307226
1.1875241 5.707777 0.114921674
1.4556746 5.746084 0.038307227
1.532289 5.707777 -0.038307227
1.3790603 5.66947 0.076614454
1.1109096 5.6311626 0.34476504
0.45968673 5.439626 0.7661445
0.2681506 5.324704 0.80445176
0.34476504 5.324704 0.61291564
0.8044518 6.014235 -0.15322891
1.3790603 7.508217 -0.5746084
1.5705965 8.159439 -0.6512229
1.5705965 8.542512 -0.4213795
1.3790603 8.465898 -0.15322891
1.1875241 8.197746 0.2681506
1.1492168 7.6231384 1.838747
1.1492168 7.6614456 2.528277
1.0726024 7.8912888 2.7581203
0.8044518 8.236053 2.375048
0.57460845 8.6574335 1.6089034
0.6895301 9.423578 0.38307226
1.0726023 9.80665 0.5363012
1.4556746 10.036493 0.8810662
1.6472108 10.0748005 1.3024458
1.532289 10.151415 1.7621324
1.1875241 9.959879 2.1068974
0.6895301 9.844957 2.375048
0.30645782 9.844957 2.7581203
0.076614454 9.80665 3.064578
-0.038307227 10.036493 3.2178068
0.0 10.381258 3.1028852
0.038307227 10.840944 2.7581205
0.076614454 11.377246 2.4133554
0.038307227 11.798626 2.3367407
-0.11492168 12.143391 2.7964275
-0.34476504 12.488155 3.5242648
-0.61291564 12.909534 4.252102
-0.842759 13.40753 4.711789
-1.0342952 13.790602 4.7500963
-1.2641386 13.752295 4.5585604
-1.4939818 13.177686 4.0988736
-1.8004396 12.181698 3.8690298
-2.1068976 11.18571 3.8307226
-2.2218192 10.6877165 4.0222588
-2.1452048 10.802638 4.5202527
-1.8004398 11.60709 4.9416323
-1.3024457 12.717999 5.056554
-0.61291564 14.173674 4.750096
-0.6512229 14.211981 4.405331
-0.8044518 14.058752 4.367024
-0.9576807 13.9438305 4.3287168
-0.99598795 13.905523 4.405331
-0.91937345 14.020445 4.5202527
-0.95768064 13.828909 4.6734815
-1.0342951 13.522451 4.8267107
-1.2641385 13.139379 5.094861
-1.7238252 12.641385 5.2097826
-1.8770542 12.603078 5.1714754
-1.9536686 12.641385 5.133168
-2.030283 12.526463 5.094861
-2.0685902 12.296619 5.133168
-2.183512 11.798626 5.094861
-2.336741 11.300632 4.865018
-2.4516625 10.802638 4.596867
-2.528277 10.304645 4.2904096
-2.4899697 10.0748005 4.1371803
-2.413355 9.921572 4.098873
-2.375048 9.80665 4.2521024
-2.375048 9.80665 4.5202527
-2.4516625 9.80665 4.596867
-2.5665843 9.80665 4.596867
-2.7964277 9.844957 3.9073372
-2.9113493 9.844957 3.6008792
-3.1028852 9.653421 3.4093432
-3.3327289 9.385271 3.4859576
-3.754108 9.040505 3.754108
-4.1754875 8.542511 4.0222588
-4.4819455 8.082825 4.3670235
-4.673482 7.699753 4.6351748
-4.55856 7.6614456 4.711789
-4.252102 7.8912888 4.6351748
-3.9456444 8.274361 4.213795
-3.6391864 8.657433 3.8307226
-3.371036 8.734048 3.3327286
-3.2561145 8.619126 3.064578
-3.1028855 8.350975 3.064578
-2.9496565 8.121132 3.2561142
-2.7964275 7.967903 3.86903
-2.528277 8.0445175 4.5968676
-2.1835117 8.236053 5.171476
-1.8387469 8.350975 5.3247046
-1.5705963 8.427589 5.0948615
-1.4173673 8.312668 4.6351748
-1.3024457 8.312668 4.2521024
-0.9959879 8.465897 4.060566
-0.61291564 8.772355 4.1754875
-0.15322891 8.887277 4.865018
-0.15322891 8.695741 5.209783
-0.22984336 8.350975 5.0565543
-0.19153613 8.159439 4.673482
-0.038307227 8.197746 4.213795
0.19153613 8.236053 3.6391864
0.45968673 8.465898 3.5242648
0.6129157 8.465898 4.060566
0.7278373 8.197746 4.865018
0.61291564 7.967903 5.6311626
0.4213795 7.6231384 6.0525417
0.4213795 7.508217 5.746084
0.49799395 7.584831 5.1714754
0.6895301 7.776367 4.7500963
1.1109096 8.121132 4.55856
1.5705963 8.69574 4.5202527
2.0685902 9.38527 4.7500963
2.4899697 9.653421 4.9416323
2.3750482 9.346964 4.9799395
2.1452045 8.619126 5.094861
1.9153613 7.776367 5.133168
1.8770541 7.354988 5.2097826
2.2984338 7.584831 5.24809
2.7581205 8.0445175 5.0182467
3.141193 8.580818 4.7117887
3.371036 8.963891 4.55856
3.371036 9.002198 4.6351743
3.2178068 8.848969 4.865018
2.9496565 8.427589 5.094861
2.6431985 8.0445175 4.9799395
2.528277 7.8529816 4.7500963
2.6815057 8.0445175 4.4819455
2.9879637 8.619125 4.1754875
3.4093432 9.232042 4.1754875
3.677494 9.691729 4.1754875
3.677494 9.844957 4.3287168
3.4859579 9.653421 4.520253
3.1028855 9.346964 4.7884035
2.7198133 9.040505 5.056554
2.4133554 8.695741 5.2097826
2.183512 8.542512 5.286397
2.1452048 8.42759 5.056554
2.2218192 8.504205 4.903325
2.336741 8.695741 4.7500963
2.48997 8.887277 4.711789
2.6048915 9.078813 4.8267107
2.6431987 9.193734 4.865018
2.6431987 9.2703495 4.7884035
2.6431987 9.2703495 4.596867
2.5665843 9.232042 4.367024
2.5282772 9.11712 4.1371803
2.4516625 9.002198 4.0222588
2.375048 8.887277 4.0222588
2.2601264 8.887277 4.1371803
2.1835117 9.002198 4.1754875
2.1835117 9.117121 4.4053307
2.1452045 9.346964 4.4819455
2.1452045 9.423578 4.3287168
2.0685902 9.423578 4.3287168
1.8004396 9.308657 4.1371803
1.532289 9.002198 4.1371803
1.2258313 8.772355 4.252102
0.9193734 8.504204 4.405331
0.7278373 8.350975 4.4819455
0.49799398 8.236053 4.6351748
0.4213795 8.236053 4.673482
0.2681506 8.197746 4.6351748
0.15322891 8.121132 4.5202527
-0.038307227 8.121132 4.367024
-0.038307227 8.197746 4.5202527

