0.4213795 9.040505 4.865018
0.61291564 9.998186 4.9799395
0.61291564 10.879252 5.171476
0.6512228 11.9135475 5.401319
0.5363012 12.832921 5.5162406
0.49799398 13.101072 5.592855
0.57460845 13.752295 5.9759274
0.8044517 14.173674 6.090849
1.1875241 14.671668 6.1674633
1.7238252 15.322891 6.2823853
2.2601264 15.859192 6.2440777
2.7581203 16.280571 6.090849
2.9879637 16.357185 6.0142345
2.9496565 16.089035 5.707777
2.719813 15.552734 5.439626
2.3750482 14.824898 5.3247046
1.9919759 14.211983 5.209783
1.7238252 13.67568 5.1331687
1.532289 13.254301 5.0948615
1.4173673 12.947844 5.0182467
1.4556746 12.756307 4.7884035
1.4939818 12.564771 4.596867
1.4939818 12.220005 4.252102
1.340753 11.9135475 3.86903
0.7278373 10.764331 3.3327286
-0.11492169 9.461885 3.217807
-0.7278373 8.619126 3.1028855
-1.340753 7.776367 2.9113493
-1.9153614 6.9719152 2.6431987
-2.336741 6.3589997 2.336741
-2.5282772 5.861006 2.2218192
-2.5665843 5.66947 2.3367407
-2.3750482 5.5545483 2.6048913
-2.1068976 5.6311626 2.9496565
-1.7621324 5.707777 3.1794999
-1.37906 5.7843914 3.0645783
-1.1875241 5.8226986 2.7581203
-1.0726023 5.6311626 2.2984335
-0.9959879 5.5545483 1.6472107
-0.9959879 5.3247046 1.0726024
-0.9576807 5.1331687 0.61291564
-0.9576807 5.0182467 0.30645782
-1.0342951 4.8267107 0.4213795
-1.1109097 4.673482 0.842759
-1.2258313 4.596867 1.3790601
-1.37906 4.596867 2.030283
-1.4939818 4.6351748 2.528277
-1.532289 4.865018 2.719813
-1.4939818 5.056554 2.6431987
-1.3024457 5.24809 1.9919759
-1.0726023 5.554548 1.1875242
-0.9576807 5.746084 0.5746084
-0.842759 5.93762 0.30645785
-0.80445176 6.090849 0.5363012
-0.80445176 6.090849 0.9576807
-0.72783726 6.090849 1.340753
-0.61291564 6.129156 1.4556745
-0.49799395 6.2440777 1.4556745
-0.30645782 6.320692 1.2258312
-0.19153613 6.397307 0.842759
-0.19153613 6.435614 0.45968673
-0.19153613 6.397307 -0.03830722
-0.22984335 6.397307 -0.4213795
-0.2681506 6.3589997 -0.61291564
-0.2681506 6.2440777 -0.5363012
-0.22984335 6.129156 -0.22984336
-0.114921674 6.0525417 0.15322891
0.038307227 6.0525417 0.4213795
0.22984336 6.167464 0.45968673
0.38307226 6.397307 0.42137948
0.49799395 6.742072 0.26815057
0.6512228 6.9719152 0.11492168
0.842759 7.0485296 -0.076614454
1.1109096 6.895301 -0.2681506
1.2641385 6.5505357 -0.3830723
1.340753 6.167464 -0.49799398
1.2641385 5.899313 -0.5363012
1.1109096 5.8226986 -0.7278373
1.0342952 5.861006 -0.8810662
0.9959879 6.0142345 -0.9193734
1.1109096 6.244078 -0.9193734
1.3024457 6.244078 -0.6512228
1.4556746 6.1291566 -0.42137948
1.532289 6.0525417 -0.22984335
1.4939818 5.93762 -0.076614454
1.4556746 6.1291566 -0.038307227
1.4173673 6.512229 0.038307227
1.4939818 6.9719152 0.0
1.6089035 7.2783737 -0.076614454
1.685518 7.240066 -0.11492168
1.685518 7.0102224 -0.15322891
1.5705963 6.62715 0.0
1.3024457 6.4739213 0.4213795
0.9959879 6.5122285 0.9576807
0.7278373 6.742072 1.532289
0.5363012 6.9719152 1.8004396
0.45968673 7.086837 1.4173673
0.53630114 7.0485296 1.1109096
0.7278373 7.086837 1.0342952
1.0726023 7.4316025 1.1875241
1.8004396 8.580818 1.9919758
2.030283 9.2703495 2.3750482
2.1068976 9.730036 2.719813
2.1452048 9.959879 2.7581203
2.0302832 9.844957 2.528277
1.838747 9.653421 2.3367407
1.4173675 9.232042 2.3367407
1.3790601 9.423578 2.9113493
1.532289 9.768343 3.6774936
1.8387469 10.49618 4.4053307
2.0685902 11.683704 5.056554
2.183512 12.947844 5.3247046
2.030283 14.097059 5.209783
1.6472107 14.786591 5.0182467
1.1109096 14.748283 4.865018
0.6895301 14.173675 4.9416323
0.4213795 13.560758 5.363012
0.19153613 13.101071 5.7460837
0.15322891 12.832921 5.9759274
0.076614454 12.947843 6.129156
-0.15322891 13.101071 6.1674633
-0.45968673 13.2543 6.397307
-0.80445176 13.292607 6.7803793
-1.1492168 13.369223 7.1634517
-1.4173675 13.560759 7.201759
-1.4556746 13.790602 6.8186865
-1.4556746 13.790602 6.1674633
-1.5705963 13.752295 5.707777
-1.8770542 13.560759 5.4396257
-2.2984335 13.369223 5.3630114
-2.9113493 13.2543 5.401319
-3.4476504 13.2543 5.1331687
-3.715801 13.215993 4.5202527
-3.6391866 12.947843 3.9456444
-3.3327289 12.5264635 3.8690298
-2.9113493 11.722012 4.443639
-2.5665843 10.840945 5.66947
-2.3750482 10.113108 6.895301
-1.8770542 9.615114 7.776367
-1.5705965 9.80665 7.393295
-1.2258313 9.844957 6.5888433
-1.0342952 9.768343 5.8226986
-1.0726024 9.461885 5.286397
-1.1875241 8.925584 4.8267107
-1.4556746 8.580818 4.673482
-1.685518 8.197746 4.596867
-1.8770541 8.00621 4.596867
-2.0685902 8.00621 4.6734815
-2.2984335 8.121132 4.7500963
-2.528277 8.389282 4.865018
-2.7581203 8.465897 5.0182467
-2.9496565 8.542512 5.056554
-3.064578 8.619126 4.9416323
-3.1028852 8.619126 4.7117887
-3.1411924 8.734048 4.3287168
-3.1411924 8.848969 4.1371803
-3.1028852 9.078813 4.1754875
-3.1411924 9.2703495 4.4436383
-3.1794999 9.500193 4.903325
-3.2944214 9.691729 5.209783
-3.409343 9.615114 5.477934
-3.4859576 9.5385 5.4396267
-3.4859576 9.346964 5.2097826
-3.4476504 9.078813 5.056554
-3.3327289 8.963891 4.9799395
-3.1411927 8.887277 5.0565543
-2.7964275 9.078813 5.1331687
-2.3750482 9.538499 5.0948615
-1.9536686 9.959879 4.8267107
-1.5705962 10.228029 4.405331
-1.4173675 10.113108 4.0222588
-1.3024457 9.730036 3.6008792
-1.2258313 9.385271 3.4093432
-1.187524 9.002198 3.371036
-1.1492168 8.619125 3.4476504
-1.3024457 8.00621 3.677494
-1.6472107 7.2017584 3.8307228
-2.0685902 6.320692 3.8307228
-2.3750482 5.5928555 3.86903
-2.4516625 5.3630114 3.8307228
-2.183512 5.5928555 3.86903
-1.6472108 6.3206925 4.1371803
-0.9576807 7.240066 4.5202527
-0.26815057 8.0445175 4.865018
0.19153613 8.465898 4.9799395
0.34476504 8.465898 4.9799395
0.19153613 8.274361 4.8650174
-0.07661445 7.929596 4.9033246
-0.30645782 7.73806 5.133168
-0.38307226 7.8529816 5.554548
-0.34476507 7.929596 5.8226986
-0.26815057 8.121132 5.861006
-0.22984336 8.236053 5.7843914
-0.22984336 8.236053 5.66947
-0.22984336 8.312668 5.6311626
-0.26815057 8.389282 5.7843914
-0.22984336 8.42759 6.205771
-0.15322891 8.504205 6.397307
-0.076614454 8.6574335 6.5505357
0.11492168 8.887277 6.5122285
0.38307226 9.117121 6.1674633
0.6512228 9.385271 5.746084
0.8810662 9.385271 5.24809
0.9959879 9.040505 4.9799395
0.842759 8.465897 4.9416323
0.6895301 7.776367 5.363012
0.49799395 7.2017584 6.0525417
0.34476504 6.895301 6.5505357
0.45968673 6.9719152 6.856993
0.80445176 7.1251445 6.588843
1.2641385 7.2783732 5.9759274
1.7621324 7.393295 5.401319
1.9153614 7.8912888 5.66947
2.6048913 7.623138 5.899313
2.2601264 7.201759 5.784391
2.0685902 7.240066 6.1674633
2.4516625 7.6614456 6.703765
4.405331 9.040505 7.8146744
4.903325 9.270349 7.278373
4.9416323 9.423577 5.861006
5.056554 9.730035 5.707777
5.324704 10.189722 5.899313
5.4779334 10.611102 5.899313
5.439626 10.649409 5.51624
5.0182467 10.304645 5.2097826
4.405331 9.576807 5.0182467
3.7541082 8.734048 5.1331687
3.1411927 8.00621 5.439626
2.681506 7.508217 5.707777
2.2984338 7.3166804 5.7843914
1.9919759 7.240066 5.707777
1.7238252 7.1634517 5.401319
1.4556746 7.1251445 5.0948615
1.1875241 7.0485296 4.865018
0.9576807 7.086837 4.8267107
0.7661445 7.2783732 4.865018
0.6512228 7.508217 4.8267107
0.57460845 7.776367 4.8267107
0.49799395 8.0445175 4.7884035
0.38307226 8.236053 4.8267107
0.22984336 8.389283 4.8267107
0.11492168 8.42759 4.865018
-0.038307227 8.42759 4.9416323
-0.15322891 8.465898 5.1331687
-0.22984336 8.542512 5.439626
-0.22984336 8.810662 5.746084
-0.11492168 9.117121 5.93762
0.0 9.423578 5.899313
0.11492168 9.730036 5.631162
0.15322891 9.883265 5.324704
0.11492168 9.959879 5.0182467
0.11492168 9.921572 4.8267107
0.076614454 9.730036 4.865018
0.038307227 9.576807 4.903325
0.076614454 9.461885 5.056554
0.076614454 9.385271 5.1714754
0.19153613 9.346964 5.1714754
0.2681506 9.232042 5.056554
0.2681506 8.963891 4.82671
0.19153613 8.772355 4.4819455
0.038307227 8.504204 4.2137947
0.0 8.236053 4.060566
0.0 8.159439 4.060566
-0.038307227 8.159439 4.060566
-0.038307227 8.159439 4.1371803

