0.19153613 8.427589 4.481946
0.5746084 9.346964 4.8267107
0.80445176 10.457873 5.018247
1.2258313 11.645397 5.4779334
1.685518 12.947843 5.9759274
1.9919758 13.637373 6.4739213
2.2601264 14.250289 6.8569937
1.7621324 14.863204 6.8569937
1.1492168 14.824897 6.320692
0.49799395 14.671668 5.8226986
0.0 14.441825 5.516241
-0.30645782 14.403518 5.4396267
-0.5363012 14.5567465 5.746084
-0.5746084 14.863204 6.2823853
-0.45968673 15.399506 6.8569937
-0.22984335 15.897499 7.3549876
0.038307227 16.280571 7.546524
0.19153613 16.510414 7.393295
0.11492168 16.203957 6.933608
-0.15322888 15.552734 6.4739213
-0.53630114 14.63336 6.090849
-0.9959879 13.637372 5.861006
-1.3024457 12.909535 5.93762
-1.4556746 12.411541 5.93762
-1.532289 12.028469 5.899313
-1.4939818 11.683704 5.746084
-1.4939818 11.377247 5.5928555
-1.4939818 10.91756 5.7843914
-1.5705963 10.381258 6.0525417
-1.838747 9.615114 6.3589997
-2.2984338 8.619125 6.0908494
-3.3327289 6.895301 4.7884035
-3.4859576 6.2823853 3.7158012
-2.719813 6.167464 2.4516625
-1.8770542 6.62715 2.2984335
-1.3024458 7.0485296 2.3367407
-1.0726024 7.2783732 2.4133554
-1.3024458 6.8186865 2.1068974
-1.685518 6.0142345 1.4556746
-1.9536686 5.4013186 1.1492168
-1.9536686 5.0182467 0.88106626
-1.8004396 4.865018 0.842759
-1.532289 4.9416323 1.0726024
-1.187524 5.0182467 1.3024458
-1.0342951 5.1714754 1.4556746
-1.1109096 5.2097826 1.4173675
-1.4173673 5.056554 1.1492168
-1.8770541 4.788403 0.6895301
-2.4516625 3.9456444 0.19153613
-2.566584 3.6774938 0.19153613
-2.566584 3.6774938 0.34476504
-2.4133554 3.7924156 0.6512228
-2.1452045 4.137181 1.1492168
-1.7238252 4.5585604 1.4556745
-1.3024457 4.8650184 1.6855179
-0.9959879 5.209783 1.4939818
-0.80445176 5.4013195 0.95768064
-0.7661445 5.516241 0.53630114
-0.842759 5.5928555 0.19153613
-0.9193734 5.4779334 0.0
-1.0342952 5.401319 -0.15322891
-1.1109096 5.2863975 -0.19153613
-0.9959879 5.2480903 -0.19153613
-0.7278373 5.477934 0.03830722
-0.3830723 5.861006 0.34476504
-0.076614454 6.205771 0.5746084
0.076614454 6.3206925 0.6129156
-0.038307227 6.0525417 0.344765
-0.22984338 5.5162406 -0.19153614
-0.34476507 4.9799395 -0.7661446
-0.19153616 4.6734815 -1.2258313
0.22984336 4.6734815 -1.3790601
0.9193735 4.8650174 -1.1875241
1.6089035 5.24809 -0.84275895
2.0685902 5.554548 -0.49799392
2.2984338 5.8226986 -0.45968673
2.2218192 5.93762 -0.49799392
2.1068974 5.899313 -0.5363012
1.8770541 5.899313 -0.5746084
1.6855179 5.707777 -0.4213795
1.5705963 5.5162406 -0.26815057
1.4939818 5.5162406 0.0
1.532289 5.592855 0.38307226
1.5705965 5.899313 0.68953013
1.4939818 6.244078 1.0726023
1.4173675 6.5122285 1.1492169
1.3790601 6.895301 1.1492169
1.4173675 7.163451 1.1109096
1.6472107 7.4316025 0.8810662
1.6855179 7.6231384 0.84275895
1.5705962 7.6231384 0.72783726
1.2258313 7.584831 0.61291564
0.6895301 7.431602 0.61291564
0.22984338 7.278373 0.49799395
-0.076614454 7.2017584 0.38307226
-0.11492168 7.2017584 0.26815057
0.038307227 7.4316025 0.26815057
0.30645782 7.699753 0.30645782
0.5746084 8.00621 0.45968673
0.7278373 8.350975 0.842759
0.842759 8.734048 1.1109096
0.9576807 9.232042 1.5705962
1.1492169 9.730036 1.9919758
1.4939818 10.266336 2.2984335
1.685518 10.726024 2.4133554
1.6089036 10.840945 2.2218192
1.0726024 10.49618 1.9153614
0.26815057 9.844957 1.685518
-0.53630114 9.078813 1.9153614
-1.0726023 8.504204 2.528277
-0.9959879 8.427589 3.1028855
-0.61291564 9.040505 3.6774938
-7.4505806E-9 9.959879 4.098873
0.5746084 11.109096 4.2137947
0.91937345 12.296619 4.596867
1.2258313 13.215994 5.1331687
1.4173675 14.020445 5.7843914
1.4939818 15.016434 6.895301
1.1109096 14.863204 6.7803793
0.38307226 14.173674 6.3973074
-0.61291564 13.101071 6.090849
-2.1068974 11.377247 6.0525417
-2.0685902 11.760319 6.3589997
-0.99598783 13.713987 6.5122285
-0.30645782 15.054741 6.4739213
-0.11492168 15.591042 6.2440777
-0.30645782 15.591042 6.090849
-0.9959879 14.863204 5.899313
-2.0685904 13.484143 5.7843914
-3.6391866 11.683703 5.401319
-3.8307228 11.492167 5.133168
-3.562572 11.760319 4.7500963
-3.1028852 12.028469 4.5968676
-2.6048913 12.143391 4.7500963
-2.2218192 12.143391 5.171476
-1.9536686 12.028469 5.861006
-1.7621324 11.836933 6.435614
-1.6472108 11.530476 6.7037644
-1.6472108 11.109097 6.818686
-1.685518 10.534487 6.62715
-1.7621324 10.036493 6.435614
-1.9153614 9.730036 6.3206925
-1.9919758 9.423578 6.052542
-2.030283 9.423578 5.66947
-2.030283 9.576807 5.401319
-1.9536686 9.730036 5.2480903
-1.838747 10.113108 5.2863975
-1.8770542 10.304644 5.5928555
-2.1068976 10.151415 5.746084
-2.4133554 9.844957 5.746084
-2.834735 9.346963 5.5545483
-3.1794996 8.887277 5.1714754
-3.4093432 8.542511 4.711789
-3.5242648 8.312668 4.443638
-3.562572 8.312668 4.3287163
-3.4859576 8.465897 4.4819455
-3.3327289 8.810662 4.7117887
-3.1411924 9.117121 4.750096
-2.9496565 9.385271 4.6734815
-2.7581203 9.5385 4.367024
-2.5665843 9.461885 4.098873
-2.4516625 9.2703495 3.9073372
-2.3750482 8.963891 3.7924156
-2.4133554 8.619125 3.9073372
-2.566584 8.197746 4.175488
-2.7581205 7.929596 4.4436383
-2.834735 7.776367 4.711789
-2.7581203 7.8529816 4.865018
-2.4899697 8.236053 4.711789
-2.030283 8.619126 4.6351748
-1.6089034 8.925584 4.673482
-1.3407528 8.925584 4.6351748
-1.2258313 8.69574 4.6351748
-1.3407528 8.389282 4.5968676
-1.4939818 7.967903 4.405331
-1.5705965 7.6231384 4.252102
-1.5705965 7.3932953 4.3287163
-1.4173675 7.3932953 4.4053307
-1.2258313 7.584831 4.55856
-0.9576807 7.8912888 4.865018
-0.6895301 8.159439 5.171476
-0.49799395 8.312668 5.3630123
-0.344765 8.504204 5.3630123
-0.26815057 8.657433 5.2097826
-0.19153613 8.848969 5.133168
-0.15322891 9.002198 5.24809
-0.11492168 9.002198 5.592855
-0.11492168 8.963891 5.8226986
-0.22984335 8.887277 5.899313
-0.19153613 8.734048 5.9759274
-0.19153613 8.504205 5.93762
-0.22984335 8.274361 5.9759274
-0.19153613 8.00621 6.0142345
-0.19153613 7.8912888 5.861006
-0.15322891 7.8912888 5.746084
0.076614454 7.967903 5.746084
0.53630114 8.312668 5.6311626
0.9959879 8.542511 5.439626
1.4556746 8.69574 4.9799395
1.7238252 8.619125 4.367024
1.7238252 8.159439 4.0222588
1.6089035 7.6614456 4.060566
1.4173673 7.2017593 4.6734815
1.2258313 6.7803793 5.4396257
1.0342951 6.6271505 5.8610053
0.9959879 6.6654577 5.8610053
1.1875241 6.8569937 5.5545473
1.532289 7.2400656 5.056554
1.9536686 7.6231384 4.8267107
2.2601264 7.8146744 4.903325
2.3750482 7.8529816 5.0565543
2.2218192 7.776367 5.363012
1.9536686 7.6614456 5.707777
1.9153612 8.00621 6.435614
2.1835117 8.657433 7.431602
2.7964277 9.423578 8.159439
3.4859576 10.113108 8.504204
3.7541084 10.304644 7.967903
3.6391866 10.113108 6.7803793
3.3327286 9.730036 5.746084
3.026271 9.385271 5.056554
2.9113493 9.155428 4.865018
2.9113493 9.078813 5.171476
2.9113493 9.155427 5.554548
2.9496565 9.38527 5.746084
2.9496565 9.653421 5.631162
2.873042 9.768343 5.133168
2.6048915 9.768343 4.5585604
2.2218192 9.461885 4.098873
1.8004398 8.925585 3.9073372
1.3407531 8.465898 4.1754875
0.9959879 7.967903 4.5585604
0.61291564 7.6231384 4.9799395
0.26815057 7.5082164 5.133168
0.076614454 7.5465236 5.0182467
0.038307227 7.8529816 4.865018
0.15322891 8.236053 4.6351743
0.30645782 8.6574335 4.6351743
0.38307226 9.002199 4.673482
0.4213795 9.193735 4.673482
0.34476507 9.2703495 4.711789
0.30645782 9.2703495 4.673482
0.22984336 9.232041 4.55856
0.038307227 9.232041 4.5202527
-0.038307227 9.270349 4.55856

