-0.11492168 9.308657 4.673482
-0.15322891 9.308657 4.9416323
-0.11492168 9.193735 5.2480903
0.11492168 8.963891 4.9799395
0.3830723 9.576806 4.903325
0.6512229 10.228029 4.865018
0.842759 10.91756 5.209783
1.1109097 11.722012 5.3247046
1.2641385 11.951855 5.363012
1.3407528 12.220005 5.3247046
1.4173673 12.526463 5.2480903
1.6472107 12.871228 5.3630123
1.7238252 13.292607 5.477934
1.8387469 13.752295 5.6311626
1.8770542 14.135367 5.707777
1.7621324 14.518439 5.7843914
1.8004396 14.824898 6.1291566
1.9153614 15.246277 6.6654572
2.0685902 15.552734 7.31668
2.1835117 15.629349 7.8912888
2.1068974 15.552734 8.082825
1.9153614 15.131355 7.8912888
1.6089035 14.595055 7.6231384
1.2641385 14.058752 7.3166804
0.9959879 13.40753 7.0868373
0.6512228 12.794615 6.933608
0.30645782 12.258313 6.5505357
-0.038307227 11.798626 6.244078
-0.4213795 11.453861 5.899313
-0.80445176 11.147404 5.707777
-1.0726024 10.840946 5.899313
-1.3024458 10.457872 5.9759274
-1.4939818 10.189722 6.1674633
-1.4939818 9.959879 6.320692
-1.4556746 9.80665 5.9759274
-1.5705962 9.576807 5.2097826
-1.8004398 9.078813 3.9456441
-2.2218192 8.427589 2.3367407
-2.681506 7.661445 0.99598783
-2.9113493 7.2017584 0.114921674
-2.9113493 6.895301 -0.19153613
-2.719813 6.588843 -0.076614454
-2.4899697 6.3206925 0.22984336
-2.2984335 5.93762 0.49799395
-2.0685902 5.592855 0.7661446
-1.8004396 5.4779334 0.88106626
-1.532289 5.592855 0.9193735
-1.1492169 5.8226986 1.0342952
-0.8044518 6.167464 1.0342952
-0.5363012 6.5505357 0.9576807
-0.34476507 6.8569937 0.842759
-0.26815057 6.895301 0.57460845
-0.26815057 6.742072 0.34476504
-0.49799395 6.3589997 0.30645782
-0.842759 5.861006 0.30645782
-1.2641385 5.3247046 0.5363012
-1.7621324 4.7500963 0.68953013
-2.030283 4.213795 0.8044518
-2.1068974 3.7924156 0.9193735
-2.030283 3.6391869 0.9576807
-1.8387469 3.7924156 0.9576807
-1.685518 4.1754875 0.8044518
-1.5322891 4.55856 0.6512229
-1.4556746 4.9416323 0.4596867
-1.4173673 5.1714754 0.19153613
-1.3790601 5.24809 0.0
-1.3407528 5.2097826 -0.19153613
-1.3407528 5.094861 -0.4213795
-1.3790603 5.0182467 -0.49799395
-1.3407528 5.0182467 -0.49799395
-1.2258313 5.209783 -0.45968673
-1.0342951 5.439626 -0.19153613
-0.7661446 5.66947 0.076614454
-0.45968673 5.899313 0.2681506
-0.2681506 5.9759274 0.38307226
-0.038307227 6.0142345 0.344765
0.19153613 5.9759274 0.344765
0.34476504 5.631162 0.19153613
0.4213795 5.133168 -7.4505806E-9
0.4213795 4.673482 -0.19153613
0.4596867 4.252102 -0.34476504
0.61291564 4.1754875 -0.19153613
0.9576807 4.4053307 0.038307227
1.3790601 4.711789 0.19153613
1.8004396 5.2097826 0.30645782
2.1452048 5.6311626 0.30645782
2.336741 5.9759274 0.30645782
2.528277 6.2440777 0.34476504
2.6048913 6.2440777 0.2681506
2.6815057 6.2440777 0.38307226
2.7581203 6.2440777 0.38307226
2.834735 6.2440777 0.45968673
3.0645783 6.435614 0.6512228
3.2561142 6.703765 0.5363012
3.5242648 7.04853 0.45968673
3.6774938 7.431602 0.34476504
3.6391866 7.776367 0.2681506
3.4859576 8.082825 0.42137948
3.1794999 8.274361 0.7278373
2.7581203 8.236053 1.1875241
2.2601264 7.967903 1.4173675
1.838747 7.6231384 1.4556746
1.5705963 7.316681 1.4173675
1.4939818 7.240066 1.2641385
1.6472107 7.508217 1.3407528
1.8770541 8.121132 1.5705962
2.0685902 8.810662 1.8004396
2.1835117 9.346964 1.9153614
2.1452045 9.576807 1.9536686
1.9153614 9.346964 1.8387468
1.6089035 9.040505 1.8387468
1.3024457 8.848969 1.9536686
1.0726024 8.810662 2.1068976
0.9576807 8.963891 2.2984335
0.8810662 9.155428 2.2601264
0.80445176 9.308657 2.183512
0.61291564 9.461885 1.9919758
0.34476504 9.691729 2.1068974
0.038307227 9.959879 2.566584
-0.19153613 10.381258 3.1794999
-0.2681506 10.994174 3.7541082
-0.19153613 11.568783 4.0222588
0.038307227 12.181698 4.060566
0.19153613 12.679691 3.9073372
0.15322891 12.909535 3.8307228
-0.26815057 12.832921 3.7924156
-0.9959879 12.334928 3.7924156
-1.8004397 11.530476 3.86903
-2.4133554 10.649409 3.9073372
-2.6048913 10.113108 3.86903
-2.4133554 10.036493 3.7158012
-1.8770542 10.611102 3.7158012
-1.3407528 11.45386 4.0988736
-0.95768064 12.258312 4.673482
-0.9193734 12.756306 5.2863975
-1.2641385 12.756306 5.592855
-1.7238253 12.526463 5.2480903
-2.1835122 12.220005 4.711789
-2.4516628 11.87524 4.2521024
-2.5282772 11.530476 3.7541082
-2.4133554 11.492168 3.5242648
-2.0685904 11.760319 3.2944214
-1.4173675 12.564771 2.9879637
-0.5746084 13.67568 2.873042
0.34476507 14.78659 3.026271
1.0726024 15.552734 3.6774938
1.4556746 15.591042 4.7884035
1.4556746 15.05474 6.4356146
1.0342951 13.982138 8.121132
0.53630114 12.794614 9.461885
0.19153613 12.028469 10.266337
0.19153613 11.722012 10.381259
0.5363012 11.87524 10.074801
1.0342951 12.220005 9.500193
1.532289 12.488155 8.848969
1.877054 12.717999 8.121132
2.030283 12.449848 7.508217
1.8770541 11.645397 6.7420716
1.4556746 10.840945 6.588843
0.9576807 10.151416 6.4356136
0.34476504 9.2703495 6.2057705
-0.22984336 8.504205 5.8226986
-0.6512229 8.00621 5.4396257
-0.9959879 7.8529816 4.903325
-1.1875241 7.8529816 4.4819455
-1.340753 7.967903 4.1754875
-1.4939818 8.197746 3.9456444
-1.6089035 8.389282 4.0222588
-1.8004397 8.6574335 4.1371803
-1.9919758 8.887277 4.2137947
-2.2601264 8.963891 4.252102
-2.6048913 8.963891 4.2137947
-2.9113493 8.810662 4.1754875
-3.2944217 8.695741 4.290409
-3.562572 8.695741 4.5202527
-3.6391866 8.848969 4.6734815
-3.6774938 9.155428 4.7117887
-3.5242648 9.500193 4.6351743
-3.2944214 9.80665 4.4436383
-3.1028855 9.80665 4.290409
-2.873042 9.730036 4.2137947
-2.6431987 9.461885 4.252102
-2.4516625 9.155428 4.1754875
-2.2601264 8.963891 4.060566
-2.030283 8.963891 3.7924156
-1.8004397 9.078814 3.4859576
-1.6089035 9.193735 3.217807
-1.4173673 9.193735 3.0262709
-1.340753 8.963892 3.1028855
-1.4173675 8.542512 3.2561145
-1.4556746 8.00621 3.5242648
-1.4556746 7.584831 3.6774938
-1.3790603 7.2400656 3.6008792
-1.1492169 7.163451 3.3327286
-0.80445176 7.2783732 2.9496565
-0.45968673 7.4316025 2.719813
-0.15322891 7.508217 2.7964275
0.038307227 7.546524 3.1028852
0.076614454 7.393295 3.6008792
0.0 7.1634517 4.175488
-0.11492168 7.0102224 4.4819455
-0.15322891 6.8569937 4.4819455
-0.15322891 6.933608 4.2904096
-0.038307227 7.125144 4.0222588
0.22984335 7.4316025 3.9456444
0.61291564 7.8529816 4.098873
0.9576807 8.197746 4.3287163
1.187524 8.42759 4.4819455
1.2641385 8.504205 4.596867
1.1492168 8.389282 4.7500963
0.9959879 8.197746 4.8267107
0.842759 8.082825 4.9799395
0.80445176 8.159439 5.171476
0.842759 8.312668 5.3247046
0.9959879 8.580818 5.66947
1.2641385 8.963891 5.9759274
1.4939818 9.232042 6.2823853
1.6472108 9.346964 6.435614
1.7621324 9.308657 6.205771
1.8004396 9.155427 5.8993125
1.8004396 8.887277 5.324704
1.8387469 8.619126 4.750096
1.8387469 8.389282 4.367024
1.8387469 8.082825 4.060566
1.8770542 7.8529816 3.9456444
1.9536686 7.6231384 4.0222588
2.1068976 7.4699097 4.3287168
2.2984335 7.4316025 4.7884035
2.4899697 7.3166804 5.24809
2.566584 7.163451 5.592855
2.6431985 7.2017584 6.014235
3.562572 8.121132 7.201759
4.55856 9.040505 7.8146744
5.554548 9.691729 7.699753
6.0525417 10.113108 6.742072
6.1291566 10.113108 5.24809
5.8993134 9.883265 3.6774938
5.516241 9.691729 2.5282772
5.363012 9.5385 2.336741
5.3247046 9.576807 2.834735
5.363012 9.80665 3.7158012
5.401319 10.036493 4.55856
5.363012 10.151415 4.903325
5.0182467 9.959879 4.711789
4.4819455 9.691729 4.3287168
3.9073372 9.232042 4.060566
3.371036 8.810662 4.0222588
2.9113493 8.465897 4.2137947
2.6048913 8.236053 4.4053307
2.4516623 8.236053 4.5585604
2.375048 8.197746 4.673482
2.375048 8.236053 4.673482
2.375048 8.197746 4.711789
2.2984335 8.350975 4.711789
2.2601264 8.580818 4.673482
2.2218192 8.848969 4.5202527
2.1452048 9.155428 4.3287163
2.1068974 9.155428 4.1371803
1.9153614 9.117121 3.9456444
1.5705963 8.925584 3.9456444
1.340753 8.887277 3.9839516
1.2258313 8.925584 4.098873
1.1875241 9.040505 4.1371803
1.1492169 9.11712 4.2137947
1.2258313 9.2703495 4.367024
1.2641385 9.423578 4.4819455
1.3024457 9.500193 4.55856
1.2258313 9.576807 4.596867
1.1109096 9.5385 4.55856
0.9959879 9.385271 4.596867
0.7661446 9.2703495 4.711789
0.6512229 9.078813 4.7884035
0.49799395 8.963891 4.7884035
0.4213795 8.963891 4.55856
0.45968673 8.887277 4.2137947
0.49799395 9.002198 3.7924154
0.53630114 9.078813 3.5242648
0.57460845 9.078813 3.4476504

