0.61291564 9.155427 3.4859576
0.5363012 9.193734 4.2904096
0.7661445 10.764331 5.2480903
1.0342951 12.334927 5.861006
1.3790601 13.790602 6.4739213
1.6472108 15.1696615 7.2017584
1.838747 15.093047 6.818686
2.030283 15.05474 6.397307
2.183512 14.939818 5.9376206
2.2218192 14.480131 5.2097826
1.9536686 13.867216 4.9416323
1.4939818 13.062765 4.7500963
0.91937345 12.066776 4.520253
0.34476504 10.994175 4.367024
-0.11492168 10.304644 4.060566
-0.5363012 9.883265 3.7924154
-0.9959879 9.615114 3.6774938
-1.4939818 9.461885 3.5242648
-2.030283 9.155428 3.2561145
-2.566584 8.734048 2.9879637
-2.873042 8.159439 2.4133554
-2.9879637 7.5465236 1.6472108
-2.9879637 6.9336076 1.2258313
-2.7581203 6.588843 1.0726024
-2.4516625 6.5505357 1.3024458
-2.1452048 6.6654577 1.9919758
-1.8387468 6.8569937 2.7581203
-1.6089036 6.895301 3.2944214
-1.532289 6.8186865 3.5625722
-1.4556746 6.5505357 3.4859579
-1.3790601 6.244078 3.1411927
-1.3790601 5.861006 2.6431987
-1.4173673 5.363012 2.1452048
-1.4939818 4.903325 1.6472108
-1.6472108 4.4436383 1.2258313
-1.685518 4.060566 0.80445176
-1.6089036 3.7541084 0.4596867
-1.5705963 3.6391869 0.30645782
-1.4173673 3.7158012 0.19153613
-1.2641385 3.9456444 0.344765
-1.1109096 4.3287163 0.49799395
-0.91937345 4.6351743 0.6512228
-0.84275895 4.8267107 0.8044518
-0.84275895 4.865018 0.9576807
-0.91937345 4.8267107 0.9959879
-1.0342951 4.7500963 0.95768064
-1.1109097 4.7884035 0.84275895
-1.1875241 4.711789 0.61291564
-1.3024458 4.7500963 0.34476504
-1.2641386 4.8267107 0.2681506
-1.0726024 5.324704 0.34476504
-0.68953013 5.93762 0.61291564
0.038307227 7.240066 1.1109096
0.19153613 7.4699097 1.1875241
0.11492168 7.4699097 0.9193735
0.038307227 7.201759 0.68953013
-0.15322891 6.8186865 0.45968673
-0.26815057 6.3589997 0.34476504
-0.22984335 5.324704 0.61291564
-0.076614454 4.865018 0.842759
0.15322891 4.673482 0.8810662
0.45968673 4.7884035 0.91937345
1.2258313 5.439626 0.3064578
1.6472107 5.861006 -0.11492168
2.030283 6.0142345 -0.6129156
2.3750482 6.0142345 -1.0726023
2.5665843 5.93762 -1.1875241
2.5282772 5.746084 -1.1492169
2.2984338 5.5545483 -0.99598795
2.0685904 5.516241 -0.6512229
1.7621324 5.477934 -0.38307226
1.6472108 5.516241 -0.19153613
1.6472108 5.707777 -0.038307227
1.7238252 5.93762 -0.038307227
1.9536686 6.1674633 -0.038307227
2.1068974 6.435614 0.076614454
2.183512 6.7803793 0.30645782
2.1068974 7.04853 0.842759
1.9536686 7.393295 1.1875241
1.8770542 7.546524 1.4556746
1.8387469 7.6231384 1.5705963
1.8004396 7.73806 1.4939818
1.838747 7.929596 1.340753
1.8004396 8.236053 1.2258313
1.7238252 8.542512 1.0342951
1.6855179 8.734048 0.7661445
1.5705963 8.772355 0.68953013
1.4939818 8.848969 0.6512228
1.5705963 8.963891 1.187524
1.7621324 9.308657 2.1068974
1.9919758 9.691729 3.064578
2.1068974 9.998186 3.8690298
2.0685902 10.189722 4.098873
1.8004396 10.0748005 3.7541082
1.4173675 9.959879 3.3327289
1.1109096 9.998186 2.9496565
0.91937345 10.304644 2.7964275
0.8810662 10.764331 3.0262709
0.8810662 11.070788 3.4093432
0.7661445 11.147403 4.0222588
0.49799395 10.879252 4.7500963
0.1532289 10.534487 5.2480903
-0.076614454 10.342951 5.439626
-0.19153613 10.534487 5.2480903
-0.11492168 11.03248 4.7884035
-0.11492168 11.607089 4.2904096
-0.26815057 11.9135475 4.060566
-0.84275895 11.530476 4.1754875
-0.9959879 11.070789 4.596867
-0.9576807 10.764331 4.8267107
-0.61291564 10.649409 4.8267107
0.15322891 11.070788 4.405331
0.34476504 11.683704 4.213795
0.19153613 12.105083 4.5202527
0.038307227 12.603078 5.056554
-0.11492168 13.101072 5.7077765
-0.11492168 13.445837 6.435614
0.0 13.713987 6.780379
0.038307227 13.752295 6.856993
0.038307227 13.52245 6.856993
-0.038307227 13.139379 6.7420716
-0.11492168 12.717999 6.62715
-0.19153613 12.449848 6.435614
-0.11492168 12.373234 6.244078
0.038307227 12.449848 5.8226986
0.22984338 12.717999 5.439626
0.49799395 12.947843 5.2480903
0.5746084 12.947843 5.2480903
0.49799395 12.756306 5.439626
0.30645782 12.411541 5.5928555
0.076614454 11.9135475 5.554548
-0.11492168 11.453861 5.324704
-0.26815057 11.109097 5.1714754
-0.34476507 10.611102 4.9799395
-0.38307226 10.266336 4.8267107
-0.38307226 10.113108 4.6734815
-0.30645782 9.998186 4.4436383
-0.19153613 10.189722 4.4436383
-0.15322891 10.189722 4.4819455
-0.19153613 10.151415 4.5968676
-0.26815057 10.228029 4.6351748
-0.45968673 10.113108 4.673482
-0.7661445 10.036493 4.7884035
-1.1109096 10.0748005 4.9799395
-1.5322891 10.036493 5.094861
-1.9536687 10.036493 5.056554
-2.336741 9.883265 4.9416323
-2.681506 9.615114 4.7500963
-2.873042 9.461885 4.7500963
-2.873042 9.385271 4.865018
-2.7581205 9.691729 4.9799395
-2.566584 10.113108 5.056554
-2.336741 10.342952 4.903325
-2.1835117 10.496181 4.673482
-2.1452045 10.304644 4.4436383
-2.183512 9.80665 4.1754875
-2.2984335 9.346964 4.098873
-2.4899697 8.848969 4.0222588
-2.4899697 8.504204 4.0222588
-2.375048 8.350975 3.8307226
-2.183512 8.274361 3.562572
-1.8004396 8.312668 3.4093432
-1.4556746 8.350975 3.1411927
-1.1492168 8.504204 3.0645783
-0.842759 8.695741 3.1411927
-0.49799395 9.155428 3.3327289
-0.4213795 9.2703495 3.2944217
-0.49799395 9.117121 3.1028855
-0.5746084 8.887278 2.873042
-0.7661445 8.465898 2.566584
-0.9193734 7.967903 2.6431985
-0.9193734 7.6231384 3.4476504
-0.72783726 7.6231384 4.098873
-0.5363012 7.776367 4.596867
-0.38307226 7.929596 4.8267107
-0.34476507 7.929596 4.443639
-0.34476507 8.00621 3.9839518
-0.30645782 8.082825 3.524265
-0.19153613 8.274361 3.4476502
0.114921674 8.580818 3.7541082
0.45968673 8.925583 4.405331
0.842759 9.385271 4.9416323
1.2258313 9.615114 5.3247046
1.3790601 9.615114 5.4779334
1.2641385 9.270349 5.094861
0.61291564 8.121132 4.2521024
0.34476504 7.73806 3.9456444
0.38307226 7.6231384 3.9073372
0.6512228 7.8146744 4.0222588
1.1875241 8.274362 4.405331
1.7238252 8.6574335 4.55856
2.183512 8.925584 4.6734815
2.336741 8.810662 4.750096
2.2601264 8.389282 4.6351743
2.030283 7.967903 4.7500963
1.7621324 7.584831 4.865018
1.6472107 7.4316025 4.9416323
1.7238252 7.6231384 4.8267107
1.9919759 7.967903 4.6351748
2.336741 8.427589 4.4819455
2.719813 8.848969 4.4436383
2.4516625 8.389282 4.711789
2.1452045 8.0445175 5.0182467
1.9919758 7.8146744 5.3247046
1.9919758 7.73806 5.5928555
2.0685902 8.00621 5.66947
2.2601266 8.350975 5.439626
2.4899697 8.772355 5.0182467
2.528277 9.040505 4.596867
2.528277 9.078813 4.367024
2.6431985 9.270349 4.750096
2.834735 9.576806 5.631162
3.2944217 10.151415 6.5122285
3.715801 10.840945 6.435614
3.1411927 10.228029 4.4819455
2.7581205 9.768343 3.9456444
2.566584 9.5385 3.9073372
2.3750482 9.461885 3.8307226
2.2984338 9.423578 3.7541082
2.2984338 9.5385 3.6774938
2.3750482 9.653421 3.5242648
2.4516625 9.768343 3.6008794
2.3750482 9.691729 3.8307228
2.183512 9.461885 3.8307228
1.838747 9.117121 3.86903
1.4556746 8.734048 3.86903
1.1492169 8.427589 3.7541084
0.842759 8.197746 3.8307228
0.61291564 8.159439 3.9073372
0.4213795 8.082825 3.7924154
0.19153613 8.121132 3.6008792
0.076614454 8.350975 3.2561142
0.038307227 8.427589 3.1028855

