0.15322891 8.6574335 3.1794999
0.30645782 8.810662 3.5625722
1.2258312 10.151415 5.4396267
1.0342951 11.070788 5.2480903
0.6129156 11.722012 4.7884035
0.15322891 12.066776 4.4436383
-0.6895301 11.453861 3.4476504
-0.95768064 10.802639 3.1411927
-1.1875241 10.228029 3.0262709
-1.3790603 9.653421 2.873042
-1.532289 9.155428 2.6431987
-1.685518 8.580819 2.183512
-1.8004397 8.159439 1.6089035
-1.838747 7.8912888 0.9193734
-1.838747 7.699753 0.34476507
-1.685518 7.73806 0.5363012
-1.4556746 7.8146744 0.91937345
-1.3407528 7.73806 1.5705963
-1.3790603 7.469909 2.030283
-1.6089036 6.895301 2.1068976
-1.8770542 6.090849 2.1452048
-1.9919758 5.439626 2.1452048
-1.9536686 4.903325 2.336741
-1.838747 4.6734815 2.5282772
-1.7238252 4.5202527 2.6048915
-1.5705965 4.5202527 2.4899697
-1.3790603 4.6351748 2.183512
-1.0342952 4.865018 1.685518
-0.6895301 5.2863975 1.2258313
-0.4213795 5.631162 0.80445176
-0.26815057 5.861006 0.61291564
-0.19153613 5.93762 0.61291564
-0.22984336 5.8226986 0.8810662
-0.49799395 5.3247046 1.5705963
-0.7661445 4.9799395 1.7621324
-0.9576807 4.673482 1.685518
-1.1109096 4.5202527 1.532289
-1.1875241 4.55856 1.4556746
-1.1875241 4.7500963 1.3024457
-1.0342951 5.1714754 1.0342951
-0.7661445 5.631162 0.7278373
-0.4213795 6.167464 0.34476507
-0.038307227 6.703765 0.076614454
0.2681506 7.086837 0.0
0.49799395 7.2783732 -0.038307227
0.6512228 7.393295 0.0
0.7661445 7.431602 0.038307227
0.8810662 7.4699097 0.15322891
0.9576807 7.125145 0.22984336
1.0726024 6.6654577 0.30645782
1.340753 6.282386 0.4213795
1.838747 5.8226986 0.3830723
2.183512 5.861006 0.038307227
2.4133554 5.9759274 -0.5746084
2.719813 6.0525417 -1.1109096
2.873042 6.0525417 -1.3024457
2.7964275 6.0142345 -1.0726024
2.4516625 5.861006 -0.11492169
2.0685902 5.6311626 0.7278373
1.9919758 5.707777 0.8810662
2.2218192 6.129156 0.6895301
2.9113493 6.7803793 -0.03830725
3.4093432 7.7380595 -0.3830723
3.5242648 8.580818 0.07661446
2.9496565 8.465897 0.7661446
2.4516625 7.967903 1.1109096
1.8770542 7.546524 1.4939818
1.4556746 7.316681 1.3790601
1.3407528 7.354988 0.8810662
1.4939818 7.8912888 0.38307226
2.1835117 8.963892 -0.45968673
2.4899697 9.385271 -0.49799395
2.528277 9.461885 -0.22984336
2.3750482 9.5385 0.19153614
1.9536686 9.500193 0.61291564
1.0726023 9.346964 0.7661446
0.7661445 9.155427 0.68953013
0.61291564 9.040505 0.7278373
0.5363012 9.078813 1.2258313
0.5363012 9.385271 1.9919758
0.61291564 10.0748005 2.6431985
0.6512228 11.070788 2.7581203
0.6512228 11.798626 2.4516625
0.6512228 12.220006 1.7621324
0.5363012 12.220006 1.1109096
0.4213795 11.87524 0.91937345
0.30645782 11.530476 1.0726023
0.26815057 11.224018 1.5705962
0.34476504 11.032482 2.183512
0.4213795 10.91756 2.719813
0.4213795 10.955867 3.064578
0.34476504 11.147403 3.409343
0.26815057 11.377246 3.6391864
0.15322891 11.530476 3.7924154
0.038307227 11.60709 3.9073372
-0.076614454 11.492168 3.6008792
-0.22984336 11.300632 3.1794996
-0.344765 11.300632 2.873042
-0.344765 11.33894 2.4899697
-0.30645782 11.568783 2.3750482
-0.22984335 11.9135475 2.681506
-0.076614454 12.181698 3.1795
0.11492168 12.603078 3.7541084
0.30645782 12.947843 4.3287168
0.45968673 13.139379 4.5202527
0.49799395 13.177686 4.55856
0.4213795 12.909535 4.55856
0.22984336 12.756306 4.4436383
0.038307227 12.56477 4.4436383
-0.15322891 12.488155 4.55856
-0.34476504 12.373234 4.3287163
-0.30645782 12.258312 4.1371803
-0.2681506 12.143391 3.9073372
-0.15322891 11.990162 3.6774936
0.0 11.951855 3.9839516
0.0 11.798626 4.405331
-0.038307227 11.60709 4.903325
-0.076614454 11.415554 5.0948615
-0.19153613 11.18571 5.018247
-0.2681506 10.91756 4.7500963
-0.30645782 10.764331 4.405331
-0.38307226 10.572795 4.252102
-0.4213795 10.457873 4.1754875
-0.49799395 10.381258 4.098873
-0.61291564 10.189722 3.9839516
-0.72783726 10.036493 3.86903
-0.88106626 9.921572 3.9073372
-1.0342951 9.844957 4.0222588
-1.1875241 9.959879 4.252102
-1.3024457 10.113108 4.4436383
-1.3790601 10.189722 4.4053307
-1.6089035 10.151415 4.2137947
-2.336741 9.500193 3.409343
-2.873042 9.155428 3.0645783
-3.3327289 8.84897 3.0645783
-3.715801 8.772355 3.2944217
-3.7924154 9.002198 3.6391864
-3.715801 9.270349 4.0222588
-3.4859576 9.653421 4.213795
-3.217807 9.883265 4.137181
-2.9879637 10.036493 3.7924156
-2.7581203 10.228029 3.3327289
-2.528277 10.381258 2.873042
-2.2601264 10.6877165 2.6048915
-2.0685904 10.994175 2.528277
-1.838747 11.147404 2.834735
-1.7621325 11.109097 3.3327289
-1.9153614 10.764332 3.86903
-2.2218192 10.0748005 4.3287163
-2.7198129 9.308657 4.481946
-3.1028852 8.580818 4.1754875
-3.371036 7.967903 3.6391866
-3.4476504 7.6614456 3.026271
-3.1795 7.508217 2.528277
-2.7964277 7.469909 2.4899697
-2.4133554 7.5465236 2.9113493
-1.9919758 7.699753 3.7158012
-1.685518 7.967903 4.405331
-1.4939818 8.274361 4.8267107
-1.2641385 8.580818 4.6351743
-1.0726024 8.6574335 4.098873
-1.1492168 8.580818 3.4093432
-1.2641385 8.389282 2.873042
-1.340753 8.082825 2.834735
-1.3790601 8.00621 3.2178073
-1.0726024 8.082825 4.8267107
-0.842759 8.236053 5.3247046
-0.6512229 8.159439 5.439626
-0.61291564 8.00621 5.2863975
-0.61291564 7.8912888 5.094861
-0.5363012 7.8529816 5.094861
-0.42137948 8.121132 5.2863975
0.15322891 8.848969 5.746084
0.30645782 9.002198 5.7843914
0.3830723 8.887277 5.66947
0.45968673 8.580818 5.5162406
0.5363012 8.312668 5.439626
0.7661446 8.312668 5.401319
0.9576807 8.619126 5.2863975
1.1492169 8.925584 5.0182467
1.3790603 9.155428 4.8267107
1.6472108 9.232042 4.9416323
1.8387468 9.040506 5.324704
1.8004396 8.580819 5.861006
1.5705962 7.967903 6.359
1.2258313 7.2400656 6.550536
0.95768064 6.703765 6.512229
0.91937345 6.5888433 6.512229
1.1492169 6.742072 6.550536
1.4939818 7.2400656 6.550536
1.8770542 7.8146744 6.3973074
2.2218194 8.312668 5.8226986
2.48997 8.734047 5.094861
2.6431987 9.002198 4.4436383
2.681506 9.11712 3.9073372
2.6048915 9.002198 3.7541084
2.4516625 8.810662 3.9073372
2.2218192 8.619126 4.1371803
1.9153614 8.427589 4.711789
1.685518 8.350975 5.133168
1.4173673 8.350975 5.24809
1.2258313 8.350975 5.286397
1.1109096 8.465898 5.094861
1.0726024 8.6574335 4.9416323
1.2258313 9.040506 4.903325
1.3790603 9.691729 5.1714754
1.685518 10.342951 5.5545473
1.9919758 10.917561 5.9759274
2.1452048 11.147404 6.2440777
2.2601264 11.032482 6.0142345
2.1452048 10.764331 5.363012
1.8387468 10.342951 4.55856
1.4939818 9.959879 3.8307226
1.1109096 9.461885 3.4476504
0.7278373 8.963891 3.3327286
0.4213795 8.542511 3.4476504
0.22984335 8.197746 3.715801
0.076614454 8.121132 3.9073372
0.038307227 8.121132 4.2137947
0.038307227 8.236053 4.367024
0.0 8.427589 4.4436383
0.038307227 8.619125 4.4436383
0.038307227 8.848969 4.1754875
0.0 8.925584 3.7924156
-0.11492168 8.810662 3.3327289
-0.4213795 8.580818 2.873042
-0.7661446 8.236053 2.6431987

