-1.1109096 7.8912888 2.6431987
-1.3024457 7.73806 2.9496565
0.22984335 8.848969 4.55856
0.80445176 10.0748005 4.2521024
0.99598795 10.955867 4.213795
1.1492169 11.9135475 4.098873
1.1492169 12.832921 4.673482
0.61291564 13.139379 5.5928555
0.7278373 13.599066 6.205771
0.95768064 14.097059 6.703765
1.2641385 14.633362 7.0868373
1.5705962 15.016434 7.240066
1.8387468 15.322891 7.086837
1.9919758 15.47612 6.780379
2.030283 15.437813 6.3206925
1.9153614 15.20797 5.784391
1.685518 14.709976 5.4013186
1.4173673 14.135366 5.094861
1.0726024 13.445837 4.9799395
0.6512228 12.718 4.9416323
0.2681506 12.143392 4.7500963
0.038307227 11.645397 4.5202527
-0.11492168 11.18571 4.213795
-0.076614454 10.840945 3.9456444
-0.15322891 10.534487 3.7158012
-0.30645782 10.151415 3.2944217
-0.4213795 9.80665 2.719813
-0.61291564 9.346964 2.1068974
-0.80445176 8.734048 1.6089035
-1.0726024 8.121132 1.2641385
-1.37906 7.584831 1.2641385
-1.7621324 7.163451 1.2641385
-2.0685902 6.7037644 1.3024457
-2.336741 6.244078 1.5705963
-2.6048913 5.7460837 1.7621323
-2.7198133 5.24809 1.8770541
-2.5665843 5.1714754 1.8387469
-2.2601264 5.3247046 1.6855179
-1.8004396 5.746084 1.3024457
-1.2641385 6.2823853 0.9576806
-0.99598783 6.703765 0.6129156
-0.84275895 6.9719152 0.26815057
-0.80445176 6.933608 0.076614454
-0.91937345 6.8186865 0.15322891
-1.0726024 6.435614 0.53630114
-1.2258313 6.0142345 0.842759
-1.4173675 5.631162 1.187524
-1.6089035 5.24809 1.4939818
-1.685518 5.056554 1.4556746
-1.7238252 4.9799395 1.4556746
-1.532289 5.094861 1.340753
-1.2258313 5.4013186 1.1492169
-0.88106626 5.861006 1.0726024
-0.49799395 6.282385 0.9576807
-0.34476507 6.742072 0.8044517
-0.19153613 7.0485296 0.6512228
-0.11492168 7.125144 0.5746084
-0.11492168 7.086837 0.6512229
-0.11492168 6.7803793 0.842759
-0.22984336 6.3973064 0.91937345
-0.38307226 6.0525417 0.80445176
-0.49799395 5.7843914 0.5746084
-0.45968673 5.7843914 0.4213795
-0.26815057 5.93762 0.26815057
0.038307235 6.1674633 0.19153613
0.34476504 6.4739213 0.0
0.53630114 6.5505357 -0.2681506
0.6512228 6.6654572 -0.4213795
0.7278373 6.703765 -0.49799395
0.7661445 6.6654577 -0.34476507
0.842759 6.473922 -0.038307227
0.842759 6.090849 0.22984336
0.842759 5.66947 0.34476504
0.91937345 5.24809 0.30645782
0.9576807 4.9416323 0.076614454
1.0726024 4.711789 -0.15322891
1.1875241 4.6351748 -0.26815057
1.4173673 4.673482 -0.30645782
1.7238251 4.903325 -0.344765
2.1068974 5.1714754 -0.38307226
2.566584 5.554548 -0.45968673
2.9496565 5.861006 -0.4213795
3.1028852 6.0142345 -0.2681506
3.064578 6.0525417 -0.076614454
2.7964275 5.7843914 0.26815057
2.2984335 5.4779334 0.5363012
1.9153614 5.2480903 0.5746084
1.685518 5.1331687 0.5746084
1.7238252 5.209783 0.42137948
2.030283 5.401319 0.3064578
2.4899697 5.8226986 0.45968673
2.8730419 6.397307 0.61291564
3.1028852 7.086837 0.80445176
3.1794996 7.967903 0.88106626
3.0262709 8.580819 0.842759
2.873042 8.925584 0.80445176
2.6048915 8.925584 0.7278373
2.336741 8.542511 0.5746084
2.1452048 8.082825 0.49799395
1.8004396 7.6614456 0.53630114
1.4939818 7.3932953 0.842759
1.187524 7.354988 1.4939818
0.8810662 7.546524 2.1068976
0.842759 7.8529816 2.4899697
0.91937345 8.350975 2.566584
1.1875241 8.887277 2.2984338
1.6089034 9.308656 1.838747
1.9153612 9.653421 1.6089036
2.0685902 9.844957 1.6089036
1.9153614 9.883265 1.8004396
1.4173673 9.959879 2.183512
0.8810662 10.113108 2.6431985
0.42137948 10.457873 3.3710358
0.11492168 10.91756 4.252102
0.038307227 11.415554 5.24809
-0.076614454 11.836933 6.1674633
-0.19153613 12.105083 6.5888433
-0.30645782 12.296619 6.742072
-0.45968676 12.5264635 6.5888433
-0.5363012 12.832921 6.090849
-0.45968673 13.101072 5.669469
-0.30645782 13.445837 5.324704
-0.076614454 13.828909 5.286397
0.15322891 14.173674 5.66947
0.30645782 14.441825 6.205771
0.34476504 14.518439 6.7803793
0.34476504 14.518439 7.240066
0.34476504 14.441825 7.508217
0.22984336 14.250288 7.201759
0.038307227 13.867216 6.703765
-0.34476507 13.177687 6.0525417
-1.1109096 11.645397 5.0182467
-1.4173673 11.300632 4.865018
-1.5322891 11.109097 4.7884035
-1.6472107 11.109097 4.8267107
-1.6089035 11.300632 4.7884035
-1.4173675 11.377247 4.8267107
-1.3024458 11.60709 4.903325
-1.4556746 11.377247 4.865018
-1.8004396 10.994174 4.711789
-2.1452048 10.457873 4.4819455
-2.3750482 9.998186 4.4053307
-2.4516625 9.730036 4.3287163
-2.4899697 9.615114 4.252102
-2.4516625 9.615114 4.3287163
-2.4133554 9.691729 4.4436383
-2.375048 9.844957 4.55856
-2.3367407 9.959879 4.7884035
-2.2984335 9.998186 4.9416323
-2.2984335 10.113108 4.9416323
-2.2984335 10.189722 4.9416323
-2.3367407 10.113108 4.8267107
-2.413355 9.998186 4.596867
-2.566584 9.653421 4.481945
-2.7964275 9.193734 4.443638
-2.9113493 8.963891 4.6351743
-2.7964275 9.2703495 5.363012
-2.4899697 9.883265 5.516241
-2.1452045 10.572795 5.2480903
-1.8387468 11.032481 4.7500963
-1.6472107 11.109097 4.2904096
-1.6089035 10.687717 3.9839516
-1.8004396 9.883265 4.098873
-2.030283 9.117121 4.4436383
-2.2601264 8.504204 4.8267107
-2.3750482 8.159439 5.094861
-2.4133554 8.00621 5.133168
-2.4133554 7.8529816 5.0182467
-2.375048 7.6231384 4.9416323
-2.2601264 7.508217 5.0182467
-1.9919758 7.546524 5.094861
-1.6089035 7.73806 5.133168
-1.1492168 8.0445175 5.133168
-0.80445176 8.236053 5.0182467
-0.5746084 8.350975 4.8267107
-0.45968673 8.350975 4.711789
-0.45968673 8.236053 4.673482
-0.4213795 8.0445175 4.596867
-0.4213795 7.8529816 4.711789
-0.38307226 7.6614456 4.9799395
-0.30645782 7.546524 5.5162406
-0.26815057 7.73806 6.167464
-0.19153613 7.8529816 6.703765
-0.076614454 8.0445175 7.0102224
-0.076614454 8.197746 6.6271505
-0.076614454 8.082825 6.0142345
-0.038307227 8.082825 5.286397
0.038307227 8.274361 4.903325
0.34476507 8.619125 5.0182467
0.6512229 9.040505 5.2480903
0.8810662 9.232042 5.554548
0.8810662 9.078814 5.554548
0.6512228 8.772355 5.363012
0.4596867 8.389282 5.1714754
0.30645782 8.082825 4.9416323
0.4213795 8.121132 4.9799395
0.61291564 8.274361 5.2480903
0.9576807 8.427589 5.4779334
1.340753 8.580819 5.6311626
1.7238252 8.6574335 5.6311626
2.030283 8.619126 5.2480903
2.1835117 8.465897 4.9416323
2.2218192 8.159439 4.7884035
2.2218192 7.8529816 4.7500963
2.183512 7.6614456 4.9799395
2.1452048 7.584831 5.1714754
2.183512 7.584831 5.2097826
2.2601264 7.584831 5.133168
2.3750482 7.584831 5.0182467
2.566584 7.6231384 4.9799395
2.719813 7.699753 5.094861
2.834735 7.8146744 5.286397
2.9113493 7.967903 5.4779334
2.9113493 8.121132 5.439626
2.9113493 8.274361 5.439626
2.9113493 8.42759 5.401319
2.873042 8.389283 5.24809
2.681506 8.236053 5.1714754
2.4516625 8.0445175 5.133168
2.3367407 8.082825 5.477933
2.4899697 8.504204 6.1674633
2.9879637 9.155428 6.9719152
3.5242648 9.80665 7.546524
3.9073372 10.228029 7.2783732
3.9456444 10.266336 6.4739213
3.7158008 10.0748005 5.554548
3.371036 9.844957 4.6351743
2.9496565 9.423578 4.2137947
2.528277 8.963891 4.060566
2.1068974 8.580819 4.1371803
1.7621324 8.312668 4.4436383
1.5705963 8.274361 4.7884035
1.4173675 8.389282 5.209783
1.3407528 8.427589 5.3247046
1.1875241 8.427589 5.2863975
0.95768064 8.236053 5.0182467

