0.842759 9.193735 4.673482
0.68953013 10.151416 5.0948615
0.22984335 10.189723 5.0948615
-0.22984338 10.534488 5.0948615
-0.9959879 10.266336 4.6351748
-1.1875241 9.730036 4.0222588
-1.340753 9.2703495 3.409343
-1.493982 8.695741 2.8730419
-1.685518 8.121132 2.6431985
-1.8387469 7.469909 2.6048913
-1.9153614 6.971915 2.6048913
-1.8770541 6.6654572 2.7581203
-1.7621324 6.5505357 2.873042
-1.5705962 6.6654577 2.873042
-1.3407528 6.9719152 2.719813
-1.1875241 7.2017584 2.4899697
-1.0342951 7.354988 2.2601264
-0.9576807 7.240066 1.9536686
-1.0342952 6.895301 1.8004396
-1.0342952 6.588843 1.838747
-0.99598795 6.244078 1.838747
-0.9576807 6.205771 1.8770542
-0.80445176 6.3589997 1.9153614
-0.6895301 6.5122285 1.8770542
-0.5746084 6.895301 1.9153614
-0.42137948 7.201759 1.9919758
-0.22984335 7.431602 1.9153614
-0.076614454 7.73806 1.7621324
-0.11492168 7.776367 1.5705962
-0.34476507 7.546524 1.3407528
-0.7278373 7.125144 1.3790603
-1.1492168 6.4356146 1.4556746
-1.532289 5.707777 1.4939818
-1.7621324 5.094861 1.4939818
-1.9153614 4.750096 1.3024457
-1.8770541 4.6734815 0.9959879
-1.6089035 4.865018 0.5363012
-1.2641385 5.2480903 0.11492168
-0.9193734 5.592855 -0.19153613
-0.6512228 5.93762 -0.30645782
-0.45968673 6.2057705 0.038307227
-0.34476504 6.3589993 0.57460845
-0.26815057 6.3589993 1.1875241
-0.30645782 6.090849 1.685518
-0.5363012 5.7460837 1.9153614
-0.7661445 5.324704 1.9153614
-0.9193734 5.0182467 1.9153614
-0.9576807 5.056554 1.7238252
-0.7661445 5.324704 1.4939818
-0.4213795 5.8226986 1.2258313
-0.076614454 6.3973074 0.842759
0.2681506 6.8186865 0.61291564
0.5746084 7.163451 0.42137948
0.6895301 7.2783732 0.4596867
0.7278373 7.1251445 0.61291564
0.6895301 6.8569937 0.9959879
0.49799395 6.3589997 1.4556746
0.4213795 5.7077765 1.7621324
0.45968673 5.2097826 1.8004396
0.5746084 4.865018 1.6472108
0.8044518 4.9416323 1.3790601
1.1109097 5.3247046 0.9959879
1.532289 5.861006 0.7278373
1.9919758 6.4739213 0.3830723
2.528277 6.8569937 0.076614454
3.0262709 7.1634517 0.0
3.2944214 7.0868373 0.038307227
3.3327289 6.742072 0.38307226
3.0262709 6.090849 0.842759
2.413355 5.4013186 1.3024457
1.8004396 4.9799395 1.685518
1.3024457 4.711789 1.685518
1.1875241 4.865018 1.3790601
1.4939818 5.171476 1.0342951
1.9919758 5.66947 0.6512228
2.566584 6.397307 0.30645782
3.064578 7.1251445 0.22984336
3.3327289 7.8529816 0.11492168
3.4093432 8.350975 0.19153613
3.2944217 8.465897 0.57460845
2.9496565 8.312668 0.842759
2.413355 8.0445175 1.2258313
1.7621325 7.929596 1.4939818
1.2258313 7.8529816 1.5705965
0.842759 7.967903 1.4939818
0.6512228 8.00621 1.1109096
0.68953 7.8146744 0.68953013
0.8044517 7.776367 0.19153613
0.9576807 7.699753 -0.076614454
1.0726024 7.776367 -0.038307227
1.0342951 7.967903 0.15322891
0.8810662 8.197746 0.4213795
0.7278373 8.580818 0.84275895
0.6512228 8.963891 1.0726023
0.7661446 9.308657 1.0342951
1.0342951 9.768343 0.8810662
1.2641385 9.959879 0.34476504
1.4556745 9.998186 -0.15322891
1.532289 10.113108 -0.38307226
1.4556745 10.0748005 -0.1532289
1.340753 10.151415 0.61291564
1.2641385 10.419566 1.6089035
1.2258313 10.764331 2.6048915
1.3790603 11.300632 3.4476502
1.6472108 11.9135475 3.907337
1.8387469 12.449848 3.907337
1.8387469 12.717999 3.715801
1.5705962 12.641384 3.217807
1.1109095 12.373234 2.8347347
0.6129156 12.066776 2.9113493
0.30645782 11.990162 3.2944217
0.19153613 12.105083 3.9456444
0.19153613 12.258312 4.405331
0.15322891 12.334927 4.55856
-0.038307227 12.181698 4.5202527
-0.2681506 11.951855 4.4436383
-0.38307226 11.760319 4.5968676
-0.34476504 11.760319 5.018247
-0.15322891 11.951855 5.3247046
0.19153613 12.334928 5.6311626
0.42137948 12.909535 5.899313
0.53630114 13.369223 5.9759274
0.5746084 13.752295 6.1674633
0.4213795 13.828909 6.397307
0.19153613 13.637373 6.4739213
-0.038307227 13.445836 6.6271505
-0.19153613 13.215993 6.6271505
-0.2681506 13.101071 6.4356136
-0.30645782 12.98615 6.2057705
-0.34476504 12.832921 5.93762
-0.49799398 12.603077 5.8226986
-0.7278373 12.296619 5.7843914
-0.9576807 11.951855 6.0142345
-1.1109096 11.645397 6.1674633
-1.1875241 11.415554 6.2440777
-1.2641385 11.18571 5.9759274
-1.2641385 11.109096 5.5162406
-1.3024457 10.955867 4.865018
-1.4173673 10.6877165 4.2904096
-1.5705963 10.457873 4.1371803
-1.8004397 10.151415 4.0222588
-2.030283 9.768343 4.290409
-2.2218192 9.500193 4.443639
-2.3367407 9.270349 4.5585604
-2.4133554 9.193734 4.673482
-2.4516625 9.346964 4.7500963
-2.4899697 9.5385 4.8267107
-2.6048915 9.730036 4.7884035
-2.7581205 9.80665 4.711789
-2.9879637 9.768343 4.6351748
-3.2561145 9.576807 4.6351748
-3.4859576 9.423578 4.7884035
-3.677494 9.346964 4.9799395
-3.7924156 9.308657 5.0948615
-3.8307228 9.385271 5.1331687
-3.7541084 9.461885 4.9033256
-3.6008794 9.423578 4.5585604
-3.371036 9.346964 4.213795
-3.1411927 9.232042 3.86903
-3.064578 8.925584 3.7541084
-3.1028855 8.580818 3.8307228
-3.1028855 8.236053 3.9839516
-3.0645783 8.00621 4.1754875
-2.9113493 7.8912888 4.252102
-2.681506 7.8146744 4.252102
-2.528277 7.8529816 4.3287163
-2.2984335 7.8912888 4.4053307
-1.9919758 8.00621 4.6351748
-1.7238252 8.121132 4.865018
-1.4556746 8.082825 4.9416323
-1.4556746 7.8912888 5.0182467
-1.6472108 7.6231384 4.865018
-1.685518 7.469909 4.8267107
-1.685518 7.393295 4.711789
-1.4173675 7.584831 4.673482
-0.91937345 8.082825 4.6351748
-0.53630114 8.504204 4.5202527
-0.19153613 8.96389 4.5202527
0.076614454 9.193735 4.55856
0.076614454 9.117121 4.750096
0.0 9.002199 5.0182467
-0.11492168 8.810662 5.171476
-0.26815057 8.734048 5.2863975
-0.22984336 8.772355 5.401319
-0.11492168 8.772355 5.439626
0.0 8.734048 5.592855
0.076614454 8.542511 5.746084
0.0 8.236053 5.861006
-0.076614454 7.967903 5.746084
-0.15322891 7.8529816 5.66947
-0.11492168 7.8146744 5.5928555
0.11492168 7.8146744 5.477934
0.34476504 7.776367 5.439626
0.5746084 7.546524 5.2097826
0.7661445 7.354987 5.0182467
0.84275895 7.163451 4.9416323
0.95768064 7.0485296 5.056554
1.2258313 7.086837 5.363012
1.4939818 7.2017584 5.5928555
1.7621324 7.354988 5.554548
1.9153614 7.4699097 5.3247046
1.9536686 7.584831 4.9799395
2.030283 7.6614456 4.596867
2.183512 7.776367 4.5202527
2.4133554 7.929596 4.5968676
2.6048915 8.082825 4.6351748
2.7581205 8.236053 4.7500963
2.9113493 8.427589 4.8267107
2.9496565 8.6574335 4.865018
2.9496565 8.734048 5.094861
2.834735 8.734048 5.363012
2.6431987 8.619126 5.592855
2.4133554 8.42759 5.7843914
2.2218192 8.542512 5.8226986
2.3750482 9.270349 6.2823853
2.834735 10.036493 6.8569937
3.3327289 10.649409 7.393295
3.6008792 11.070788 7.3166804
3.562572 11.070788 6.933608
3.217807 10.726023 6.0525417
2.834735 10.304644 5.324704
2.4899697 9.921572 5.056554
2.2218192 9.691729 4.903325
2.030283 9.461885 4.9416323
1.7621325 9.193734 4.8267107
1.493982 8.887277 4.7884035
0.9576807 8.504205 5.094861
0.7661445 8.389283 5.363012
0.5746084 8.274361 5.3247046
0.4213795 8.159439 5.0948615
0.30645782 8.0445175 4.711789
0.076614454 7.8912888 4.2904096
-0.11492168 7.8146744 4.098873
-0.34476507 7.776367 4.1371803
-0.61291564 7.699753 4.2137947
-0.842759 7.699753 4.3670235
-1.0726023 7.73806 4.405331
-1.1875241 7.8146744 4.5202527
-1.3024457 7.8912888 4.6351748
-1.340753 8.121132 4.7500963

