-1.2641386 8.350975 5.094861
-1.1492168 8.542512 5.286397
-0.22984336 9.078813 5.1331687
-0.19153614 10.036493 5.516241
-0.19153614 11.18571 5.9376206
-0.49799398 12.066776 6.167464
-0.9959879 12.488156 6.244078
-1.1492169 12.334928 5.6311626
-1.0342951 12.220005 4.443639
-0.88106626 12.373234 4.098873
-0.68953013 12.334927 4.0222588
-0.5746084 12.181698 4.2137947
-0.49799395 11.9135475 4.5202527
-0.4213795 11.453861 4.673482
-0.45968673 10.955868 4.7500963
-0.842759 9.615114 4.4436383
-1.2258313 8.810662 4.2137947
-1.6472108 7.967903 3.8307226
-2.0685902 7.2783737 3.5242648
-2.4133554 6.703765 3.2561142
-2.681506 6.3589993 2.9879637
-2.7581205 6.282385 2.9879637
-2.6431987 6.282385 3.1028852
-2.2601264 6.588843 3.4476504
-1.838747 6.933608 3.7924154
-1.4939818 7.1634517 4.0222588
-1.2258313 7.3166804 4.1754875
-1.1492169 7.04853 4.1371803
-1.1109097 6.5888433 3.9456444
-1.0726024 6.0908494 3.6008794
-1.1492168 5.5545483 3.1028855
-1.187524 5.1331687 2.3750482
-1.4556746 4.55856 1.5705963
-1.4939818 4.4436383 1.3024458
-1.4939818 4.5202527 1.3024458
-1.340753 4.6351748 1.1875241
-0.842759 5.133168 1.0726024
-0.6512228 5.24809 0.9959879
-0.5746084 5.286397 1.0342951
-0.61291564 5.286397 1.1875241
-0.7278373 5.1714754 1.3407531
-0.8810662 5.1714754 1.532289
-0.9959879 5.133168 1.7621324
-1.1109096 5.133168 1.685518
-1.1875241 5.133168 1.5322891
-1.1492169 5.133168 1.2641385
-1.0342952 5.1714754 0.8810662
-0.8044518 5.2863975 0.57460845
-0.5363012 5.5545483 0.4213795
-0.30645782 5.7843914 0.4213795
-0.11492168 6.090849 0.45968673
0.0 6.3589993 0.49799395
0.038307227 6.5122285 0.49799395
0.076614454 6.62715 0.4596867
0.076614454 6.7037644 0.38307226
0.11492168 6.7037644 0.4213795
0.15322891 6.588843 0.34476504
0.15322891 6.3589997 0.22984336
0.11492168 6.0525417 0.19153613
0.11492168 5.707777 0.15322891
0.11492168 5.477934 0.15322891
0.15322891 5.2863975 0.15322891
0.30645782 5.1714754 0.0
0.49799395 5.2097826 -0.19153613
0.6895301 5.133168 -0.30645782
0.8810662 5.1714754 -0.3830723
0.9959879 5.2863975 -0.34476504
1.0726023 5.363012 -0.15322891
1.0726023 5.5928555 0.038307227
1.0726023 5.707777 0.15322891
1.0726023 5.554548 0.19153613
1.0342951 5.439626 0.038307227
1.1492168 5.3247046 -0.26815057
1.3790601 5.439626 -0.61291564
1.685518 6.014235 -0.95768064
2.3750482 7.3549876 -1.37906
2.4899697 8.00621 -1.2258313
2.336741 8.236053 -0.95768064
1.9536686 8.274361 -0.53630114
1.4556746 7.8529816 0.11492169
0.9576807 7.393295 0.5363012
0.61291564 7.1634517 0.88106626
0.53630114 7.1634517 0.842759
0.49799398 7.431602 0.49799395
0.6512228 8.00621 0.22984336
1.1109096 8.580818 0.038307227
1.5705963 9.11712 0.19153613
2.0685902 9.691729 0.6895301
2.4516625 10.0748005 1.2258313
2.4899697 10.419565 1.7238252
2.3750482 10.764331 2.0685902
2.183512 10.879252 2.1452045
1.9153614 10.802638 2.0685902
1.6472108 10.611102 1.9153614
1.4173675 10.342951 1.8770542
1.1492168 10.036493 1.9536686
1.0726024 9.883265 2.1452048
1.1109096 10.0748005 2.834735
1.1875241 10.572795 3.7158012
1.3790601 11.377247 4.5968676
1.4173675 12.258313 5.209783
1.340753 12.832921 5.133168
1.1109096 13.024457 4.405331
0.8044518 12.794614 3.5625722
0.45968676 12.373234 2.873042
0.11492168 11.990162 2.4516625
-0.076614454 11.722012 2.4899697
-0.15322891 11.760319 2.719813
-0.19153613 11.990162 3.1411927
-0.15322891 12.373234 3.6391866
-0.11492168 12.794613 4.098873
-0.15322891 13.062765 4.481946
-0.15322891 13.024458 4.6351748
-0.2681506 12.871229 4.673482
-0.38307226 12.564771 4.5202527
-0.45968673 12.258312 4.405331
-0.49799395 12.258312 4.55856
-0.34476504 12.334927 4.8267107
-0.114921674 12.7179985 5.0948615
0.076614454 13.215994 5.3247046
0.19153613 13.637373 5.363012
0.22984336 13.905523 5.3247046
0.15322891 13.828909 5.286397
0.0 13.445837 5.133168
-0.15322891 12.986151 4.9416323
-0.34476504 12.411541 4.711789
-0.53630114 11.951855 4.673482
-0.6895301 11.60709 4.7500963
-0.80445176 11.3006315 4.865018
-0.91937345 11.262324 5.056554
-0.9959879 11.262324 5.0182467
-1.0342951 11.453861 4.8267107
-1.0726024 11.645397 4.5968676
-1.1492168 11.683704 4.3670235
-1.3024457 11.453861 4.1754875
-1.4939818 11.18571 4.290409
-1.685518 10.879252 4.3287163
-1.9919759 10.534487 4.443638
-2.2984338 10.228029 4.673482
-2.6048913 9.883265 4.7884035
-2.873042 9.5385 4.9416323
-3.1028852 9.346964 4.9799395
-3.2178068 9.346964 4.9799395
-3.2178073 9.768343 5.094861
-3.1028855 10.036493 5.2480903
-3.064578 10.228029 5.401319
-3.1028855 10.304644 5.3247046
-3.4093432 10.0748005 5.056554
-3.6008794 9.844957 4.9799395
-3.7158012 9.615114 4.9416323
-3.7924156 9.232042 4.903325
-3.86903 8.810662 4.750096
-3.7924156 8.465897 4.596867
-3.6774938 8.159439 4.4819455
-3.5242648 8.00621 4.4436383
-3.1794999 7.967903 4.2521024
-2.7964277 8.082825 4.1371803
-2.336741 8.274361 4.060566
-1.8004396 8.465898 3.8307228
-1.3790601 8.580819 3.7541084
-1.1875241 8.465897 3.8307228
-1.2258313 8.197746 3.9073372
-1.340753 7.8529816 4.2904096
-1.4556746 7.508217 4.7884035
-1.4556746 7.2783737 5.1714754
-1.1875241 7.316681 5.6694694
-0.7278373 7.6614456 5.93762
-0.19153613 8.236053 5.8226986
0.34476504 8.810663 5.286397
0.7661445 9.155428 4.367024
0.95768064 9.232042 3.2944217
0.9959879 8.963891 2.336741
0.9959879 8.580818 1.7238252
0.9576807 8.312668 1.7621324
0.9959879 8.121132 2.375048
1.1875241 8.159439 3.4476504
1.3790603 8.350975 4.6734815
1.532289 8.465898 5.401319
1.532289 8.465898 5.439626
1.340753 8.350975 4.903325
1.1109096 8.00621 4.022259
0.80445176 7.623138 3.1028857
0.53630114 7.431602 2.4899697
0.4596867 7.3549876 2.2984338
0.5746084 7.5465236 2.719813
0.9193735 8.00621 3.3327289
1.4173673 8.504204 4.060566
1.8387468 8.963891 4.711789
2.030283 9.193735 4.903325
1.8387468 8.887277 5.094861
1.4939818 8.619126 5.056554
1.2641386 8.465898 4.9799395
1.1109096 8.350975 4.9416323
1.0342952 8.312668 5.0182467
1.1492169 8.159439 5.0565543
1.2641385 7.8912888 5.171476
1.4173675 7.6614456 5.2863975
1.6472107 7.469909 5.439626
1.877054 7.3549876 5.592855
2.1452048 7.4316025 5.7843914
2.528277 7.73806 5.9759274
2.9113493 8.197746 6.205771
3.2178073 8.657433 6.1291566
3.371036 9.040505 5.8993134
3.4093432 9.078813 5.5162406
3.3327289 8.810662 4.9416323
3.1794999 8.580818 4.6734815
3.1028855 8.312668 4.4819455
2.9496565 8.159439 4.4819455
2.873042 8.236053 4.6351743
2.873042 8.312668 4.9799395
2.7964275 8.389282 5.3630114
2.7581203 8.580819 5.7460837
2.719813 8.810662 6.0142345
2.7964275 9.193735 6.129156
3.064578 9.730036 6.282385
3.371036 10.304644 6.435614
3.6391866 10.726023 6.3206925
3.6391866 10.726023 5.899313
3.371036 10.419565 5.2097826
2.9113493 9.883265 4.405331
2.4133554 9.232042 3.9839516
1.9153614 8.695741 3.86903
1.4939818 8.236053 3.9839516
1.1875241 7.8529816 4.2137947
0.91937345 7.73806 4.405331
0.842759 7.8146744 4.6351748
0.91937345 8.121132 5.0182467
0.91937345 8.504204 5.2480903
0.80445176 8.6574335 5.286397

