0.61291564 8.6574335 5.286397
0.114921674 8.848969 5.056554
0.68953 10.381258 5.439626
1.2641386 12.105083 5.631162
1.7621324 13.9438305 5.899313
2.1452045 15.7825775 6.0142345
2.2601264 16.357185 5.9759274
2.2984335 16.663645 6.205771
2.2601264 16.778566 6.5888433
2.2601264 16.778566 6.895301
2.2601264 16.663643 7.1634517
2.2218192 16.357185 7.0868373
2.183512 16.01242 6.8186865
1.9919758 15.552734 6.5505357
1.685518 15.016434 6.2440777
1.3790601 14.441825 5.93762
0.95768064 13.713987 5.6311626
0.5363012 12.871228 5.1714754
0.15322891 12.105084 4.5968676
-0.49799395 10.802639 3.6391866
-0.7278373 10.342951 3.1411927
-1.2641385 9.232042 2.3750482
-1.8387469 8.236053 1.685518
-2.0685902 7.8529816 1.532289
-2.1452048 7.508217 1.4939818
-2.2218192 7.04853 1.5322891
-2.3367407 5.975928 1.1492168
-2.3750482 5.363012 0.842759
-2.4899697 4.711789 0.5363012
-2.6431987 4.0988736 0.34476504
-2.719813 3.5242648 0.19153613
-2.7964277 3.1028852 0.11492168
-2.7198133 2.7581203 0.34476507
-2.528277 2.3750482 1.0726024
-2.336741 2.4133554 1.2258313
-2.183512 2.7964277 1.1492168
-1.6089035 3.7924156 0.4596867
-1.2641385 4.3287168 0.26815057
-0.88106614 4.7500963 0.11492168
-0.5363012 5.1714754 0.076614454
-0.26815057 5.363012 0.30645782
-0.11492168 5.4779334 0.6512229
-0.076614454 5.554548 1.0342951
-0.11492168 5.5162406 1.3024457
-0.11492168 5.5162406 0.8810662
0.0 5.554548 0.4213795
0.22984336 5.7843914 0.076614454
0.4213795 6.0908494 -0.11492168
0.842759 6.6654577 0.15322891
1.0342951 6.933608 0.49799395
1.1875241 7.0102224 0.9959879
1.2258313 6.9719152 1.3790603
1.1875241 6.7420716 1.4939818
0.9576807 6.3206925 1.3024457
0.7278373 5.899313 0.7278373
0.5746084 5.477934 0.03830722
0.49799395 5.0948615 -0.57460845
0.6512229 4.8267107 -1.0342951
0.9959879 4.711789 -1.1109096
1.4173673 4.9799395 -0.91937345
1.8004396 5.363012 -0.5363012
2.1068974 5.899313 -0.114921674
2.2984335 6.5122285 0.11492168
2.4133554 6.933608 0.076614454
2.4899697 7.2783732 0.038307227
2.566584 7.3549876 -0.076614454
2.4516625 7.0868373 -0.11492168
2.1452048 6.6654577 0.15322891
1.7238252 6.1291566 0.19153613
1.2258313 5.8226986 0.344765
0.84275895 6.0142345 0.5746084
1.0726023 6.5505357 0.7278373
1.4173675 7.0485296 0.9576807
1.7621324 7.469909 1.1109096
1.9153614 7.8912888 1.2641385
1.9536686 8.082825 1.532289
1.7238253 8.236053 1.7621324
1.4556746 8.350975 1.9536685
1.3024458 8.504205 1.9536685
1.0726024 8.580819 1.6472106
1.0342951 8.504204 1.0726023
1.0342951 8.427589 0.53630114
0.9959879 8.236053 0.15322891
1.1109096 8.274361 0.11492168
1.1875241 8.580819 0.45968673
1.2258313 9.002198 0.9576807
1.2258313 9.500193 1.4173673
1.0726023 9.844957 1.685518
0.91937345 9.959879 1.5705962
0.84275895 10.113108 1.4173675
0.91937345 10.304644 1.340753
1.2641385 10.611102 1.4939818
2.030283 11.33894 2.2218192
2.2218192 11.60709 2.4899697
2.183512 11.760319 2.4899697
1.9536686 11.9135475 2.4899697
1.5705962 12.028469 2.566584
1.0726023 11.9135475 2.7581203
0.4596867 11.530476 3.064578
-0.038307235 11.032481 3.2178073
-0.3830723 10.534488 3.2561145
-0.5746084 10.151415 3.2944217
-0.6512228 10.0748005 3.371036
-0.6512228 10.228029 3.6391864
-0.61291564 10.49618 4.060566
-0.49799395 10.994173 4.2904096
-0.38307226 11.645396 4.405331
-0.34476507 12.220005 4.4436383
-0.34476507 12.679692 4.367024
-0.4213795 12.98615 4.596867
-0.53630114 13.024457 4.903325
-0.61291564 12.98615 5.171476
-0.6895301 12.832921 5.439626
-0.7661445 12.603078 5.4779334
-0.7278373 12.5264635 5.4779334
-0.61291564 12.603078 5.5162406
-0.42137948 12.871228 5.5545483
-0.19153613 13.139379 5.6311626
0.038307227 13.330915 5.7843914
0.19153613 13.177687 5.93762
0.22984336 12.909536 6.129156
0.22984336 12.564772 6.1674633
0.11492168 12.143392 5.9759274
-0.038307227 11.760319 5.746084
-0.19153613 11.338939 5.439626
-0.45968673 10.879252 5.171476
-0.6512229 10.419565 5.0182467
-0.842759 10.0748005 4.9416323
-1.0342952 9.768343 4.903325
-1.0342952 9.423578 4.7500963
-0.99598795 9.308657 4.7884035
-0.8810662 9.385271 4.865018
-0.7278373 9.500193 4.903325
-0.6895301 9.80665 5.2097826
-0.7278373 9.844957 5.2863975
-0.8810662 9.768343 5.2480903
-1.0726023 9.653421 5.1331687
-1.3024457 9.500193 4.903325
-1.4939818 9.5385 4.6351743
-1.6472108 9.461885 4.3287168
-1.838747 9.385271 4.1371803
-2.030283 9.308657 3.9073372
-2.2601264 9.078813 3.7158012
-2.4899697 8.963891 3.6391864
-2.6048915 8.810662 3.4859576
-2.5665843 8.887277 3.5242648
-2.2218192 9.346964 4.0222588
-1.9919758 9.691729 4.2521024
-1.8387468 9.921572 4.405331
-1.8004397 9.959879 4.2137947
-1.8770542 9.844957 4.098873
-1.9919758 9.461885 3.9073372
-2.0685902 9.193734 3.9839516
-2.1452045 9.11712 4.2904096
-2.1452045 8.925584 4.8267107
-1.9536686 8.963891 5.554548
-1.8004396 9.002198 6.090849
-1.6472107 8.772355 6.1674633
-1.6472107 8.695741 6.0142345
-1.7621324 8.350976 5.592855
-1.7238252 8.197746 5.1714754
-1.6089035 8.236053 5.133168
-0.9193735 8.734048 5.3630114
-0.57460845 8.963891 5.554548
-0.2681506 9.040505 5.6311626
-0.11492168 8.925583 5.554548
-0.11492168 8.274361 5.133168
-0.15322891 8.0445175 5.0182467
-0.11492168 8.00621 5.094861
-0.076614454 7.967903 5.1714754
-0.038307227 7.929596 5.1714754
0.038307227 7.929596 5.094861
0.22984335 8.0445175 5.133168
0.49799395 8.427589 5.286397
0.6895301 8.772354 5.554548
0.842759 8.963891 5.631162
0.8810662 9.002198 5.554548
0.842759 8.810662 5.401319
0.80445176 8.580819 5.2863975
0.80445176 8.350975 5.3247046
0.80445176 8.082825 5.2480903
0.72783726 7.8529816 5.3247046
0.5746084 7.584831 5.2097826
0.38307226 7.3932953 5.133168
0.22984335 7.2783732 5.286397
0.22984335 7.2783732 5.286397
0.45968673 7.3549876 5.4779334
0.842759 7.4699097 5.592855
1.2641385 7.508217 5.4779334
1.6472108 7.4699097 5.133168
1.8770542 7.3932953 4.6351743
2.1068976 7.3166804 4.2521024
2.183512 7.2783732 4.0222588
2.183512 7.201759 4.060566
2.183512 7.125144 4.252102
2.1068976 7.086837 4.55856
2.1068976 7.2017593 4.9416323
2.183512 7.546524 5.133168
2.336741 7.929596 5.24809
2.528277 8.427589 5.2097826
2.7964275 8.887277 5.056554
2.9879637 9.078813 4.9416323
3.1028852 9.308657 4.9799395
3.064578 9.155428 4.9799395
2.719813 8.810661 5.056554
2.2984335 8.69574 5.363012
2.2218192 8.925583 5.9759274
3.1794999 10.457872 7.469909
3.715801 11.032482 7.5082164
3.6774938 10.879253 6.7037644
3.2944217 10.457872 5.5162406
2.7581205 9.80665 4.55856
2.4133554 9.2703495 4.060566
2.2601264 9.002198 3.9839516
2.0685902 8.810662 3.9839516
1.8004396 8.695741 3.9456444
1.4939818 8.734048 3.8307228
1.2258313 8.887277 3.6008794
1.0726024 9.11712 3.4476504
0.842759 9.232041 3.3327286
0.5746084 9.232041 3.1411927
0.15322891 9.078813 3.0645783
-0.38307226 8.69574 3.1411927
-0.8810662 8.465897 3.3710358
-1.2258313 8.350975 3.8690298

