0.2681506 8.963892 5.056554
0.7661445 10.840944 5.286397
1.0726024 12.603077 5.5928555
1.1492168 14.135366 5.746084
1.0342951 15.399506 5.9759274
0.68953 14.824897 5.7843914
0.076614454 13.713987 5.3247046
-0.30645782 13.062764 5.1714754
-1.1875241 11.568783 4.865018
-1.685518 10.764331 4.711789
-2.3750482 9.576807 4.252102
-2.1452045 9.385271 4.098873
-1.685518 9.270349 3.9073372
-0.6895301 9.078813 3.5625722
-0.5746084 8.887277 3.4093432
-0.6895301 8.695741 3.3327289
-0.91937345 8.389282 3.2944217
-1.1109095 7.73806 3.4859576
-1.2258313 7.125144 3.6391869
-1.1492168 6.6654577 3.677494
-0.95768064 6.5888433 3.7158012
-0.6895301 6.8186865 3.6774938
-0.4213795 7.04853 3.562572
-0.30645782 7.1251445 3.4859576
-0.30645782 6.895301 3.1794999
-0.38307226 6.5505357 2.6431987
-0.5363012 6.167464 1.8004396
-0.7278373 5.7843914 0.8810662
-0.9576807 5.3247046 0.11492167
-1.340753 4.7500963 -0.30645782
-1.685518 4.1371803 -0.076614454
-1.9536687 3.4859576 0.42137945
-2.1452048 2.9496565 0.9959879
-2.0685902 2.719813 1.4939818
-1.8387468 2.873042 1.6472108
-1.6089034 3.2561142 1.5705963
-1.2641385 3.7924156 1.340753
-0.84275895 4.367024 0.7661446
-0.72783726 4.5202527 0.34476504
-0.72783726 4.6351748 -0.11492168
-0.72783726 4.7500963 -0.61291564
-0.6512228 4.9416323 -0.80445176
-0.45968673 5.1714754 -0.61291564
-0.15322891 5.363012 -0.26815057
0.19153613 5.6311626 0.2681506
0.5363012 5.7843914 0.6895301
0.8044518 5.899313 0.842759
0.99598795 6.0525417 0.9959879
1.0726023 6.129156 0.9959879
1.1109097 6.0142345 1.0342952
1.1492169 5.8226986 0.9193735
1.1875241 5.477934 0.88106626
1.2641385 5.094861 0.80445176
1.3790601 4.903325 0.7278373
1.493982 4.7500963 0.5746084
1.6472108 4.7884035 0.15322891
1.9153614 5.0182467 -0.30645782
2.6431987 5.6311626 -1.1875241
3.0645783 5.8226986 -1.2258313
3.2944217 6.0142345 -0.7661445
3.064578 6.244078 0.9576807
2.566584 6.1291566 1.8004397
2.1068974 5.7843914 1.9919759
1.7238252 5.363012 1.6855179
1.532289 5.056554 1.1875241
1.6472108 5.056554 0.49799395
1.8770542 5.401319 -0.038307227
2.3367407 5.975928 -0.38307226
2.719813 6.703765 -0.49799395
2.9496565 7.393295 -0.2681506
2.9496565 7.776367 0.11492169
2.6431987 7.8529816 0.53630114
2.183512 7.546524 0.68953013
1.6472108 7.1634517 0.3830723
1.1492168 6.7420716 -0.30645782
0.80445176 6.3589997 -1.0342952
0.6512229 6.0525417 -1.5322891
0.7661445 5.9759274 -1.493982
0.9959879 6.2823853 -1.0726024
1.2258313 6.6654572 -0.22984338
1.4173673 7.163451 0.7661445
1.4173673 7.5082164 1.532289
1.4939818 7.584831 2.2601264
1.6089035 7.8146744 2.6431987
1.8387469 8.274361 2.7581205
2.2218192 9.11712 2.9113493
2.6048913 10.189722 3.1411927
2.7964275 11.262324 3.6391866
2.681506 12.220005 4.367024
2.2984335 12.679691 5.094861
1.7621325 12.871228 5.8226986
1.3024458 12.947843 6.2823853
0.9576807 12.947843 6.588843
0.7661445 13.024457 6.742072
0.6512228 13.177686 6.8186865
0.68953 13.407529 6.7803793
0.8810662 13.713987 6.6271505
1.1875241 14.135367 6.435614
1.5322891 14.863204 6.2440777
1.8770541 15.629349 6.2823853
2.0685902 16.357185 6.4739213
1.9919757 16.816872 6.703765
1.6089035 16.587029 6.9719152
0.9959879 15.897499 6.933608
0.19153611 14.901512 6.8186865
-0.49799395 13.905524 6.5122285
-0.91937345 13.101071 6.0525417
-1.1492169 12.641385 5.6694694
-1.1109097 12.449848 5.286397
-0.9576807 12.603077 5.133168
-0.842759 12.871229 5.24809
-0.8044518 13.024458 5.324704
-0.9193734 13.1393795 5.2480903
-1.1109096 12.909535 5.0182467
-1.3790601 12.603077 4.4819455
-1.685518 12.143391 4.060566
-1.9536686 11.415553 3.6391864
-2.2601264 10.687716 3.4476504
-2.6048915 9.346964 3.4093432
-2.5282772 9.002199 3.562572
-2.2601266 9.078814 3.6391866
-1.8004397 9.346964 3.8307228
-1.3024457 9.959879 3.9456444
-0.61291564 10.764331 4.060566
-0.57460845 10.840945 4.1754875
-0.7661445 10.649409 4.2904096
-1.2258312 10.381258 4.520253
-2.1068974 9.461885 4.6351748
-2.566584 8.963891 4.5968676
-2.8347347 8.619125 4.481946
-3.064578 8.542511 4.367024
-3.1794996 8.542511 4.4436383
-3.064578 8.772355 4.7117887
-2.8347347 9.193734 4.903325
-2.183512 10.151415 4.7884035
-1.8770541 10.572795 4.290409
-1.7238252 10.572795 3.9073372
-1.7238252 10.342951 3.7541082
-1.8387469 9.883265 3.9073372
-1.9919758 9.308657 4.367024
-2.030283 9.002199 4.903325
-1.9153614 9.002199 5.3247046
-1.6089035 9.193735 5.439626
-1.2258313 9.500193 5.3247046
-0.84275895 9.730036 4.9799395
-0.49799392 9.691729 4.5202527
-0.34476504 9.308657 4.060566
-0.38307223 8.734048 3.7924156
-0.61291564 8.082825 3.7924156
-0.8810662 7.546524 3.9839516
-1.1492168 7.201759 4.4436383
-1.3024457 7.010223 4.8267107
-1.3407528 6.9719152 5.24809
-1.3407528 6.9719152 5.6694694
-1.2258313 7.0485296 5.7843914
-1.0726023 7.201759 5.899313
-0.842759 7.354988 5.8226986
-0.61291564 7.584831 5.6311626
-0.4213795 7.929596 5.707777
-0.19153613 8.312668 5.707777
0.0 8.695741 5.899313
0.15322891 9.002199 6.1674633
0.26815057 9.232042 6.2057705
0.38307226 9.461885 6.320692
0.4596867 9.5385 6.282385
0.49799395 9.2703495 6.2440777
0.30645782 8.848969 6.0142345
0.038307227 8.082825 5.6311626
0.19153613 7.73806 5.6311626
0.38307226 7.8146744 5.746084
0.6895301 8.00621 5.8226986
1.0342951 8.350975 5.861006
1.4556746 8.6574335 5.592855
1.9919758 8.963891 4.7884035
2.0685902 8.657433 4.3287168
1.9919758 8.274361 4.098873
1.838747 7.699753 4.1371803
1.5705963 7.1251445 4.5202527
1.3024457 6.7420716 5.094861
1.1109096 6.5122285 5.631162
1.1109096 6.62715 6.0142345
1.340753 6.933608 5.93762
1.685518 7.584831 5.631162
2.0685902 8.159439 5.2863975
2.4133554 8.504205 4.9416323
2.528277 8.734048 4.7884035
2.528277 8.6574335 4.8267107
2.4133554 8.542512 4.9416323
2.183512 8.42759 5.24809
1.9919758 8.350975 5.439626
1.838747 8.274361 5.66947
1.7621324 8.274361 5.93762
1.685518 8.312668 6.0142345
1.5705962 8.350975 6.0142345
1.4556746 8.42759 5.7843914
1.2641385 8.465898 5.4779334
1.1492169 8.542512 5.2480903
1.2258313 8.810663 5.2863975
1.340753 9.193735 5.4779334
1.4939818 9.615114 5.707777
1.6089035 9.998186 5.861006
1.4939818 10.113108 5.746084
1.2258313 9.998186 5.4779334
0.9193734 9.691729 5.1331687
0.5363012 9.346964 4.8267107
0.2681506 8.963891 4.596867
0.038307227 8.657433 4.4819455
-0.15322891 8.465897 4.4819455
-0.30645782 8.274361 4.596867
-0.45968673 8.236053 4.7884035
-0.45968673 8.274361 4.865018
-0.49799395 8.350975 4.8267107
-0.49799395 8.465898 4.5202527

