-0.45968673 8.580819 4.252102
-0.5363012 8.6574335 4.098873
-0.61291564 8.6574335 3.9839516
-0.7278373 8.580819 4.1371803
-0.842759 8.427589 4.2137947
-0.9576807 8.236053 4.405331
-1.0726024 8.082825 4.596867
-0.2681506 8.772355 4.7884035
0.38307226 10.0748005 4.8267107
0.61291564 11.109097 5.0948615
0.9193734 12.220005 5.1331687
1.1109096 13.330915 5.2863975
0.9193734 13.637373 5.401319
0.84275895 14.020446 5.592855
0.7661446 14.403518 5.8226986
0.80445176 14.78659 5.93762
0.8810662 14.978126 5.9759274
0.8810662 14.978126 5.861006
0.842759 14.978126 5.554548
0.6895301 14.824897 5.2480903
0.49799395 14.518439 5.0182467
0.34476504 14.211981 4.9799395
0.22984335 13.828909 5.133168
0.15322891 13.445837 5.2480903
0.076614454 13.101072 5.2480903
0.0 12.794614 5.094861
-0.076614454 12.488155 4.7884035
-0.11492168 12.220005 4.4819455
-0.11492168 11.836933 4.2137947
-0.076614454 11.377247 4.0222588
0.0 10.879252 3.86903
-0.038307227 10.266337 3.7541082
-0.11492168 9.691729 3.6008792
-0.30645782 9.11712 3.2944214
-0.53630114 8.619126 3.0262709
-0.84275895 8.350975 2.719813
-1.1875241 8.0445175 2.4899697
-1.4939818 7.8146744 2.4516625
-1.685518 7.584831 2.6431987
-1.6089035 7.3549876 2.9496565
-1.2641385 7.546524 3.2944217
-0.84275895 7.8146744 3.4093432
-0.45968676 8.082825 3.1028855
-0.11492168 8.274361 2.4899697
0.114921674 8.197746 1.6089036
0.26815057 7.967903 0.76614463
0.34476507 7.73806 0.30645782
0.26815057 7.2783732 0.42137945
0.076614454 6.550536 0.80445176
-0.19153613 5.746084 1.2641385
-0.61291564 4.865018 1.6472107
-0.9959879 4.1371803 1.6472107
-1.3024457 3.6391864 1.6089035
-1.532289 3.4093432 1.532289
-1.532289 3.3327289 1.4173675
-1.4939818 3.4859576 1.37906
-1.3790603 3.7158012 1.2641385
-1.2641385 3.9073372 1.2258313
-1.2641385 4.0222588 1.1492168
-1.2258313 4.0222588 0.9959879
-1.2641385 4.1371803 0.8044518
-1.2258313 4.252102 0.57460845
-1.0726024 4.5202527 0.38307223
-0.8810662 4.9416323 0.19153613
-0.61291564 5.24809 0.15322891
-0.34476504 5.554548 0.11492168
-0.038307227 5.899313 0.038307227
0.2681506 6.205771 0.15322891
0.57460845 6.5122285 0.30645782
0.842759 6.7037644 0.57460845
0.9576807 6.7420716 0.8810662
0.9576807 6.4739213 1.0726024
0.842759 6.014234 0.9959879
0.68953013 5.51624 0.842759
0.61291564 5.0182467 0.5746084
0.61291564 4.7500963 0.22984336
0.80445176 4.711789 0.11492168
1.2258313 4.9799395 -0.038307227
1.7238252 5.363012 0.0
2.2601266 5.7460837 0.15322891
2.873042 6.2440777 0.26815057
2.719813 6.3206925 0.26815057
2.3750482 6.2057705 0.22984336
1.8387469 5.9759274 0.11492168
1.0726024 5.286397 -0.22984336
1.0726024 5.094861 -0.49799395
1.3024458 5.1714754 -0.6895301
1.5705963 5.6311626 -0.6512229
1.9153613 6.282385 -0.45968673
2.0685902 7.546524 -0.038307227
1.9919758 7.73806 -0.076614454
1.7238252 7.6231384 -0.076614454
1.3024457 7.508217 0.0
0.68953013 7.240066 0.4213795
0.61291564 7.354988 0.61291564
0.842759 7.6614456 0.6895301
1.187524 8.082825 0.6895301
1.7621324 8.619125 0.7661445
2.2984335 9.308657 1.0342951
2.6431987 9.883265 1.340753
2.719813 10.457872 1.532289
2.528277 10.764331 1.4939818
2.183512 10.802638 1.0726024
2.030283 10.649409 0.5363012
2.030283 10.419565 0.2681506
2.183512 10.419565 0.45968673
2.4899697 10.726024 1.1492169
2.681506 11.3006315 2.2984335
2.834735 11.87524 3.5625722
2.873042 12.258312 4.6351748
2.7581203 12.411542 5.439626
2.4516625 12.296619 5.746084
1.9536686 12.105083 5.631162
1.3790601 11.722012 5.1714754
0.80445176 11.18571 4.5585604
0.34476504 10.649409 4.060566
0.11492168 10.266336 4.060566
0.038307227 10.189722 4.4436383
0.076614454 10.342951 5.094861
0.19153613 10.726024 5.7843914
0.34476504 11.109097 6.0908494
0.4213795 11.33894 6.1291566
0.4213795 11.568783 5.861006
0.4213795 11.722012 5.401319
0.30645782 11.760319 5.056554
0.26815057 11.798626 4.7884035
0.34476507 11.951855 4.865018
0.49799395 12.334928 5.2097826
0.72783726 12.871228 5.516241
0.95768064 13.484144 5.8226986
1.1109097 13.867216 5.861006
1.0342951 13.67568 5.899313
0.7661445 13.215994 5.899313
0.38307226 12.679692 5.746084
-0.114921674 12.143391 5.746084
-0.4596867 11.9135475 5.66947
-0.6129156 11.722012 5.66947
-0.68953 11.760319 5.861006
-0.68953 11.798626 5.861006
-0.7278373 11.836933 5.707777
-0.8044518 11.9135475 5.5928555
-0.9193735 11.798626 5.2480907
-1.0342952 11.683704 5.094861
-1.0726024 11.568783 4.9799395
-1.1492169 11.453861 4.865018
-1.2641385 11.300632 4.9799395
-1.3407528 11.109097 4.9799395
-1.4939818 10.764331 5.056554
-1.7238252 10.49618 5.2863975
-1.9153614 10.228029 5.4779334
-2.1452045 10.0748005 5.6694694
-2.3367407 10.036493 5.899313
-2.375048 10.151415 5.861006
-2.375048 10.304645 5.707777
-2.375048 10.457873 5.5545483
-2.413355 10.611102 5.2863975
-2.566584 10.572795 5.094861
-2.7581203 10.419565 5.0182467
-2.9879637 10.113108 5.056554
-3.217807 9.653421 5.2480903
-3.3710358 9.117121 5.4013195
-3.4476504 8.6574335 5.5545483
-3.371036 8.350975 5.5928555
-3.1795 8.274361 5.401319
-2.9113493 8.427589 4.9799395
-2.6048913 8.69574 4.405331
-2.2984335 9.002198 3.8307228
-1.9919758 9.193734 3.4859576
-1.685518 9.270349 3.4859576
-1.493982 9.11712 3.6774938
-1.4556746 8.772354 3.9073372
-1.493982 8.389282 4.1371803
-1.6089035 7.8912888 4.1754875
-1.6472107 7.6231384 4.060566
-1.493982 7.6614456 3.9073372
-1.2641385 7.8912888 3.715801
-1.0726023 8.236053 3.6774938
-0.91937345 8.465897 3.9073372
-0.80445176 8.465897 4.4436383
-0.80445176 8.350975 5.1714754
-0.80445176 8.159439 5.822698
-0.8810662 7.929596 6.090849
-1.0342951 7.6231384 5.861006
-1.2641385 7.3549876 5.2480903
-1.4939818 7.163451 4.711789
-1.5322891 7.163451 4.520253
-1.493982 7.431602 4.8267107
-1.1875241 7.8912888 5.4013186
-0.68953013 8.465897 5.93762
-0.19153616 8.925584 6.2440777
0.22984336 9.193735 6.2057705
0.4213795 9.078814 6.1674633
0.45968673 8.772355 6.1674633
0.34476504 8.465897 6.2057705
0.22984335 8.121132 6.1674633
0.19153613 7.8912888 5.861006
0.15322891 7.508217 5.094861
0.3064578 7.431602 5.056554
0.57460845 7.393295 5.324704
1.2641385 7.469909 6.090849
1.6089036 7.469909 6.2440777
1.8770542 7.5082164 6.090849
2.183512 7.5082164 5.7460837
2.4133554 7.5848308 5.324704
2.566584 7.5465236 5.0182467
2.681506 7.5082164 4.9799395
2.8347347 7.546524 5.094861
2.911349 7.4699097 5.363012
3.0262709 7.6231384 5.5162406
3.2561142 8.00621 5.4779334
3.4476504 8.274361 5.363012
3.6391866 8.580818 5.094861
3.8307228 8.810662 4.903325
3.8307228 8.810662 4.711789
3.6391866 8.848969 4.5585604
3.371036 8.887277 4.4819455
2.9879637 8.887277 4.4819455
2.6431987 8.848969 4.750096
2.4133554 8.848969 5.133168
2.2601264 8.848969 5.5162406
2.1068974 8.810662 5.7843914
1.9919758 8.810662 5.707777
1.9153614 8.848969 5.363012
1.8387469 9.002199 5.0182467
1.8770542 9.232042 4.788403
1.9153614 9.500193 4.9416323
1.9919758 9.730036 5.324704
2.1452045 9.844957 5.9759274
2.0685902 9.80665 5.93762
1.8387468 9.576807 5.7077765
1.5705962 9.270349 5.3630114
1.1492169 8.887277 4.9799395
0.8810662 8.465897 4.7884035
0.68953013 8.236053 4.711789
0.5363012 8.121132 4.7500963
0.5363012 8.121132 4.8267107
0.49799398 8.236053 4.7884035
0.45968676 8.312668 4.711789

