0.45968676 8.465897 4.596867
-0.22984336 8.734048 5.2097826
0.038307227 10.036493 5.707777
0.53630114 13.024458 6.550536
0.6512228 14.441825 6.9719152
0.61291564 14.365211 6.5888433
0.49799395 14.097059 6.4739213
0.38307226 13.828909 6.62715
0.2681506 13.637373 6.8186865
0.076614454 13.522451 7.086837
-0.11492168 13.560759 7.3549876
-0.42137948 13.637373 7.3166804
-1.0726024 13.67568 7.0485296
-1.3790601 13.599066 6.6654572
-1.6472108 13.522451 6.3589997
-1.7238252 13.484144 5.9759274
-1.7238252 13.445837 5.66947
-1.685518 13.484144 5.4396267
-1.5705962 13.330915 5.1714754
-1.4939818 13.1393795 5.0182467
-1.4173675 12.832922 4.8267107
-1.340753 12.488156 4.7500963
-1.3790601 12.143391 4.481946
-1.493982 11.722012 4.1371803
-1.7238253 11.224017 3.8307226
-2.0302832 10.534487 3.256114
-2.2601266 9.730036 2.9496565
-2.5665843 8.925584 2.528277
-2.834735 8.197746 2.183512
-2.9879637 7.6614456 2.0685902
-3.1411924 7.2783732 1.8770541
-3.1794996 6.9336085 1.7238252
-3.1411924 6.6654577 1.4173675
-3.1028852 6.2823853 1.1109096
-3.1411927 5.93762 0.8810662
-3.1028855 5.554548 0.95768064
-3.0262709 5.363012 1.2258313
-2.8347347 5.401319 1.685518
-2.528277 5.554548 2.1452048
-2.2218192 5.8226986 2.2984338
-1.9153614 5.861006 2.2601266
-1.685518 5.861006 1.9919759
-1.4939818 5.7843914 1.6472107
-1.4556746 5.66947 1.2641385
-1.5322891 5.6311626 0.91937345
-1.7238252 5.3630123 0.5363012
-1.8770542 5.094861 0.22984336
-1.9536686 4.903325 0.076614454
-1.8770542 4.8267107 0.11492168
-1.685518 5.1331687 0.2681506
-1.4556746 5.439626 0.49799395
-1.2641385 5.707777 0.7661445
-1.1109096 5.899313 1.0342951
-0.9576807 5.861006 1.3024457
-0.842759 5.8226986 1.5705962
-0.7661445 5.7843914 1.5705962
-0.72783726 5.746084 1.3790601
-0.7661445 5.707777 1.0726023
-0.842759 5.707777 0.61291564
-0.80445176 5.66947 0.2681506
-0.7278373 5.66947 0.038307227
-0.5746084 5.707777 0.0
-0.38307226 5.746084 0.0
-0.19153613 5.8226986 0.15322891
0.0 5.861006 0.15322891
0.19153613 5.7843914 0.038307227
0.38307226 5.7843914 0.076614454
0.49799395 5.707777 0.15322891
0.61291564 5.5545483 0.4213795
0.6895301 5.516241 0.7661445
0.7661445 5.2480903 0.91937345
0.91937345 5.0565543 0.7278373
1.0726023 4.903325 0.45968673
1.2641385 4.7500963 -0.03830722
1.4939818 4.8267107 -0.49799395
1.7621324 4.9416323 -0.61291564
2.0685902 5.094861 -0.72783726
2.336741 5.209783 -0.72783726
2.5282772 5.3247046 -0.53630114
2.5665843 5.4396267 -0.26815057
2.4133554 5.4396267 0.07661444
2.183512 5.324705 0.42137948
1.9153614 5.2097826 0.53630114
1.7621324 4.9799395 0.45968673
1.838747 4.903325 0.22984336
2.1452048 5.133168 0.038307227
2.566584 5.592855 -0.15322891
2.9113493 6.3206925 -0.42137948
3.217807 7.0868373 -0.5746084
3.371036 7.8912888 -0.6129156
3.371036 8.389282 -0.49799395
3.2178073 8.580819 -0.19153613
2.834735 8.504205 0.076614454
2.2601264 8.00621 0.22984336
1.6089036 7.354988 0.38307226
0.9959879 6.7803793 0.4596867
0.5746084 6.3973064 0.80445176
0.38307226 6.3589993 1.1109096
0.38307226 6.6654577 1.3024457
0.5746084 7.2017584 1.4556745
0.6895301 7.699753 1.2258313
0.7661445 8.00621 1.1492168
0.8810662 8.00621 1.1875241
0.84275895 7.8529816 1.4939818
0.91937345 8.00621 1.9536686
1.0342951 8.504204 2.2984338
1.0726023 9.232042 2.48997
1.2258313 9.998186 2.4516625
1.1875241 10.611101 2.4899697
0.9959879 10.91756 2.528277
0.61291564 11.33894 2.6431987
0.22984336 11.87524 2.9113493
-0.19153613 12.947844 3.715801
-0.26815057 13.292608 4.367024
-0.49799395 13.637373 5.4396267
-0.6512228 13.752295 5.746084
-0.6895301 14.058752 5.899313
-0.6895301 14.403517 5.899313
-0.80445176 14.748282 5.4779334
-0.91937345 14.633361 5.1714754
-1.1109096 14.326903 5.056554
-1.4173675 14.058752 5.133168
-1.8770541 13.40753 5.439626
-2.2984335 12.756308 4.9799395
-2.6048913 12.373235 4.7500963
-2.9496565 12.066776 4.6351748
-3.1411927 11.798626 4.5585604
-3.217807 11.760319 4.520253
-3.0262709 11.836933 4.405331
-2.75812 12.105083 4.405331
-2.4899697 12.373235 4.5202527
-2.336741 12.564771 4.4819455
-2.336741 12.564771 4.5968676
-2.4516625 12.334927 4.7500963
-2.6815057 11.951855 4.7500963
-2.834735 11.492168 4.865018
-2.9879637 11.032482 4.8267107
-2.9879637 10.649409 4.6351748
-2.8347347 10.381259 4.4436383
-2.6048913 10.228029 4.5202527
-2.3367407 10.228029 4.596867
-2.0685902 10.304644 4.7500963
-1.8004396 10.457873 4.9416323
-1.5705962 10.611102 4.865018
-1.3407528 10.649409 4.711789
-1.1875241 10.496181 4.4819455
-1.1875241 10.151416 4.3287168
-1.3024457 9.615114 4.252102
-1.4939818 9.11712 4.1754875
-1.8004396 8.695741 4.1754875
-2.030283 8.465897 4.060566
-2.2218192 8.504204 3.86903
-2.3750482 8.504204 3.7924156
-2.4516625 8.6574335 3.6774938
-2.566584 8.772355 3.6008794
-2.7198129 8.695741 3.4859576
-2.8347347 8.580819 3.5242648
-2.9496565 8.504205 3.715801
-2.9879637 8.389283 4.060566
-2.9113493 8.465898 4.481946
-2.7964277 8.772356 4.711789
-2.6431985 9.078814 4.865018
-2.4516625 9.691729 4.8267107
-2.2218194 10.266336 4.7500963
-2.0685904 10.572795 4.7117887
-1.8770542 10.611102 4.6351743
-1.7621325 10.342952 4.5202527
-1.7238252 9.959879 4.4819455
-1.7238252 9.615114 4.4436383
-1.7621324 9.308657 4.4819455
-1.7621324 8.925584 4.5202527
-1.7238252 8.542511 4.4819455
-1.532289 8.274361 4.4819455
-1.1492168 8.274361 4.367024
-0.7278373 8.6574335 4.405331
-0.22984338 9.2703495 4.55856
0.2681506 9.998187 4.7500963
0.5363012 10.534488 4.9416323
0.6512229 10.6877165 5.1714754
0.5746084 10.496181 5.1714754
0.26815057 9.921572 5.0182467
-0.114921674 9.117121 4.865018
-0.5363012 8.274361 4.711789
-0.80445176 7.699753 4.9799395
-0.7661446 7.5848308 5.363012
-0.45968673 8.00621 5.7460837
0.07661445 8.734048 5.93762
0.5746084 9.461885 5.7843914
0.8810662 9.80665 5.3247046
0.9193734 9.730036 4.9799395
0.7661445 9.308656 4.7884035
0.57460845 8.542511 4.7500963
0.34476504 7.8529816 5.0565543
0.2681506 7.31668 5.363012
0.38307223 7.086837 5.707777
0.5363012 7.2017584 5.861006
0.80445176 7.469909 5.8226986
1.0726023 7.73806 5.5162406
1.2258313 7.8912888 5.094861
1.37906 8.00621 4.8267107
1.532289 8.082825 4.7500963
1.685518 8.121132 4.7884035
1.9153613 8.197746 4.7500963
2.1068974 8.197746 4.7500963
2.221819 8.121132 4.673482
2.221819 7.967903 4.5968676
2.1835117 7.699753 4.711789
2.1452045 7.5082164 4.8267107
2.2218192 7.469909 5.0565543
2.5282772 7.699753 5.2480903
2.873042 8.082825 5.171476
3.2944217 8.465898 5.056554
3.5242648 8.695741 4.673482
3.5242648 8.542511 4.3287163
3.3327289 8.082825 4.060566
2.9879637 7.4699097 3.715801
2.6815057 6.895301 3.6774938
2.566584 6.7420716 3.9073372
2.6048913 7.0485296 4.4819455
2.7964275 7.5848308 5.0182467
3.064578 8.312668 5.363012
3.2561145 8.963892 5.363012
3.4093432 9.423578 5.018247
3.4476504 9.768343 4.5968676
3.2944214 9.844957 4.137181
3.0645783 9.691729 3.9456444
2.7581203 9.308657 3.86903
2.336741 8.810662 4.098873
1.9536686 8.389282 4.6351748
1.6089034 8.312668 5.24809
1.5705962 8.810662 6.1291566
1.9153614 9.5385 6.8186865
2.336741 10.189723 6.8569937
2.6431987 10.611102 6.435614
2.8347347 10.649409 5.4779334
2.7964275 10.534488 4.5968676
2.7581203 10.381258 4.213795
2.7964277 10.189722 4.060566
2.719813 9.959879 4.060566
2.5282772 9.653421 4.0222588
2.2601266 9.346963 3.9073372
1.9153614 9.002198 3.86903
1.4939818 8.580818 3.9456444
1.0342951 8.312668 3.9839516
0.7661445 8.00621 4.098873
0.42137948 7.8912888 4.060566
1.4901161E-8 7.8912888 3.9839516
-0.19153613 7.8529816 4.0222588

