-0.4213795 8.00621 4.060566
0.5363012 8.542511 4.9416323
1.7621324 10.649408 5.6311626
2.719813 12.641384 6.1291566
3.5242648 14.556746 6.7803793
4.1754875 16.318878 7.0102224
3.7158008 15.935806 6.588843
3.064578 15.322891 6.0908494
2.336741 14.518439 5.5545483
1.5705963 13.713987 5.2480903
0.842759 12.947843 4.9799395
0.22984338 12.181698 4.7884035
-0.30645782 11.645397 4.7500963
-0.7278373 11.262325 4.4819455
-1.0342951 10.802638 4.2137947
-1.2258313 10.496181 3.7541082
-1.4173675 10.151415 3.217807
-1.5705963 9.691729 2.7581203
-1.7238252 9.2703495 2.3750482
-1.9536686 8.772355 2.2601264
-2.1068974 8.312668 2.2601264
-2.260126 7.8529816 2.336741
-2.4899697 7.508217 2.4899697
-2.6431985 7.201759 2.528277
-2.6815057 6.895301 2.566584
-2.6431985 6.7420716 2.6048915
-2.528277 6.62715 2.6431987
-2.336741 6.473921 2.7964277
-2.183512 6.4356136 2.873042
-1.9919759 6.512228 3.064578
-1.7238252 6.5888433 3.1795
-1.6089035 6.703765 3.2561145
-1.532289 6.6271505 3.2944217
-1.532289 6.3206925 3.064578
-1.532289 6.129156 2.6815057
-1.4173673 6.129156 2.2601264
-1.2641385 6.2057705 1.8387469
-1.1492168 6.2440777 1.532289
-1.1109096 6.0525417 1.3024457
-1.1109096 5.8226986 1.1875241
-1.1875241 5.66947 1.2641385
-1.2641385 5.6311626 1.4173675
-1.3024457 5.746084 1.4939818
-1.2641385 5.746084 1.340753
-1.2258313 5.861006 1.0342951
-1.1109096 5.9759274 0.7278373
-1.0342952 6.0525417 0.57460845
-1.0342952 6.129156 0.49799395
-1.0342952 6.0525417 0.53630114
-0.9576807 5.9759274 0.38307226
-0.9576807 5.899313 0.49799395
-0.9576807 5.861006 0.42137945
-0.9576807 5.8226986 0.49799392
-1.0342952 5.8226986 0.53630114
-1.0342952 5.9759274 0.42137948
-0.99598795 6.0142345 0.34476504
-0.99598795 6.0525417 0.15322891
-0.88106626 6.167464 0.0
-0.6895301 6.090849 0.0
-0.5363012 5.9759274 -0.038307227
-0.38307226 6.0142345 -0.038307227
-0.22984336 5.9759274 0.076614454
-0.076614454 6.090849 0.076614454
0.49799395 6.588843 0.34476507
0.7278373 6.4739213 0.22984336
0.8810662 6.0525417 0.076614454
0.9959879 5.2863975 -0.076614454
0.95768064 4.55856 -0.11492168
0.91937345 3.9839516 0.0
0.95768064 3.7541084 0.15322891
0.9959879 3.8307228 0.22984335
1.2641385 4.1754875 0.22984335
1.6472108 4.673482 0.076614454
2.0685902 5.1714754 -0.076614454
2.4516625 5.6311626 -0.19153613
2.6431987 5.7843914 -0.15322891
2.5665843 5.7843914 0.038307227
2.2601264 5.554548 0.344765
1.838747 5.1714754 0.6512228
1.5322891 4.82671 0.80445176
1.4173673 4.6734815 0.842759
1.4173673 4.6734815 0.6895301
1.5322891 4.865018 0.45968673
1.5705963 5.363012 0.34476504
1.6089035 6.0142345 0.34476504
1.6855179 6.8186865 0.5363012
1.8004397 7.623138 0.9576807
2.0685904 8.350975 1.4173675
2.2601266 8.810662 1.8004396
2.336741 9.193734 1.9919758
2.1068976 9.308656 1.9536686
1.5322891 9.040505 1.7238252
0.7661446 8.619126 1.5322891
-0.038307235 8.121132 1.6472107
-0.497994 7.8529816 1.9153613
-0.6129157 8.00621 2.375048
-0.3830723 8.465898 2.8347347
0.07661443 9.078813 3.1794999
0.5746084 9.883265 3.6774938
0.9576807 10.802638 4.0222588
1.1875241 11.683704 4.5202527
1.2258313 12.373234 4.788403
1.0726024 12.832921 4.6734815
0.8810662 12.909535 4.4819455
0.6512228 12.756307 4.060566
0.49799395 12.488155 3.9073372
0.30645782 12.028469 4.0222588
0.076614454 11.568783 4.405331
-0.076614454 11.185711 4.9799395
-0.11492168 11.224018 5.4779334
0.076614454 11.568783 5.746084
0.49799395 12.258312 5.8226986
1.0342951 13.024458 5.707777
1.4556746 13.599066 5.5162406
1.6472107 13.982138 5.707777
1.6089034 14.020445 6.0142345
1.37906 13.828909 6.6271505
1.0726023 13.560759 7.163451
0.80445176 13.254301 7.354988
0.5746084 13.024457 7.354988
0.30645782 12.756306 7.125144
0.038307227 12.449848 6.9719152
-0.19153614 12.296619 7.0102224
-0.3830723 12.258312 7.0102224
-0.45968673 12.526463 6.8186865
-0.45968673 12.832921 6.473922
-0.4213795 13.024457 5.93762
-0.4213795 13.139379 5.516241
-0.38307226 12.98615 5.2480903
-0.4596867 12.679691 5.0948615
-0.6512228 12.258312 5.1331687
-0.84275895 11.722012 5.171476
-1.1492169 11.185711 5.3247046
-1.3790603 10.726024 5.5545483
-1.4939818 10.419565 5.6311626
-1.5322891 10.228029 5.707777
-1.4556746 10.266336 5.707777
-1.3790601 10.419565 5.6311626
-1.340753 10.49618 5.439626
-1.4556746 10.342951 5.1714754
-1.685518 10.036493 5.056554
-1.9153614 9.653421 4.9416323
-2.2218192 9.385271 5.056554
-2.3750482 9.385271 5.401319
-2.4899697 9.423578 5.707777
-2.6815062 9.5385 5.93762
-2.7964277 9.5385 6.0525417
-2.9496565 9.5385 5.9759274
-3.1028852 9.730036 5.592855
-3.1028852 9.883265 5.5162406
-3.1411924 9.959879 5.5162406
-3.1794999 9.80665 5.554548
-3.2561142 9.385271 5.5162406
-3.3710358 8.925584 5.401319
-3.3710358 8.504204 5.1714754
-3.3327286 8.121132 5.0182467
-3.1794999 7.967903 4.711789
-2.9496565 7.967903 4.5968676
-2.719813 8.00621 4.7500963
-2.4516625 8.197746 4.9416323
-2.1068974 8.350976 5.209783
-1.7238252 8.542512 5.2863975
-1.3790601 8.580819 5.0565543
-1.0342951 8.580819 4.711789
-0.8044518 8.465897 4.367024
-0.7278373 8.082825 4.098873
-0.7278373 7.699753 3.9456444
-0.80445176 7.31668 3.9073372
-0.80445176 7.086837 3.9456444
-0.7661445 7.0485296 3.9839516
-0.72783726 7.1251445 4.060566
-0.6512228 7.201759 4.060566
-0.61291564 7.3166804 4.060566
-0.49799395 7.4316025 4.1371803
-0.2681506 7.6614456 4.2137947
-0.076614454 7.967903 4.3287163
0.19153613 8.350975 4.6351743
0.38307226 8.695741 4.903325
0.49799395 8.848969 5.209783
0.53630114 8.848969 5.439626
0.34476504 8.657433 5.4779334
0.15322891 8.274361 5.401319
-0.19153613 7.8146744 5.24809
-0.5746084 7.3932943 5.24809
-0.8044518 7.0485296 5.5545473
-0.88106626 7.0102224 6.0142345
-0.68953013 7.1634517 6.3206925
-0.2681506 7.5465236 6.435614
0.2681506 8.00621 6.0908494
0.7278373 8.465897 5.592855
1.1875241 8.925583 5.3247046
1.5705963 9.193735 5.171476
1.7238252 9.308657 5.171476
1.7238252 9.232042 5.401319
1.532289 8.810662 5.631162
1.1875241 8.350975 5.746084
0.8044517 7.776367 5.93762
0.49799395 7.31668 6.129156
0.38307226 7.125144 6.3589993
0.45968673 7.0485296 6.6271505
0.7278373 7.2400665 6.742072
1.0726024 7.4316025 6.512229
1.4173675 7.6614456 6.167464
1.685518 7.776367 5.7843914
1.8770541 7.776367 5.5162406
1.9536686 7.6614456 5.592855
1.8770542 7.4699097 5.631162
1.7621324 7.2783732 5.93762
1.685518 7.201759 6.435614
1.6089036 7.2783732 6.8569937
1.6089036 7.5082164 7.3549876
1.685518 7.929596 7.508217
1.7621324 8.312668 7.201759
1.838747 8.695741 6.7803793
1.838747 8.848969 6.244078
1.6472108 8.734047 5.8226986
1.1492169 8.504204 5.592855
0.61291564 8.121132 5.631162
0.07661446 8.00621 6.1674633
-0.19153613 8.121132 7.1634517
-0.11492168 8.312668 8.0445175
-0.038307227 8.580819 8.42759
0.076614454 8.772355 8.044518
0.15322891 8.925584 7.201759
0.22984336 9.002198 6.3589997
0.4213795 9.11712 5.7843914
0.61291564 9.155427 5.477934
0.6895301 9.11712 5.2097826
0.5746084 9.040505 5.2097826
0.34476504 8.810662 5.2097826
0.038307227 8.580818 5.2863975
-0.30645782 8.312668 5.401319
-0.5746084 8.121132 5.439626
-0.8044518 8.00621 5.363012
-0.9576807 7.967903 5.286397
-1.0342951 8.0445175 5.133168
-1.1109096 8.0445175 5.094861
-1.0726024 8.159439 5.1714754
-0.99598795 8.197746 5.2863975
-0.9576807 8.274361 5.477934
-0.8810662 8.427589 5.5928555
-0.84275895 8.580819 5.6311626

