-0.7661445 8.695741 5.66947
-0.6512228 8.695741 5.66947
-0.5363012 8.734048 5.66947
0.038307227 8.312668 6.0142345
0.3830723 9.346963 6.7420716
0.5363012 10.49618 7.4699087
0.6895301 11.760319 8.350975
0.84275895 13.139379 9.500192
0.72783726 13.445836 10.036493
0.6512228 13.867216 10.266336
0.6512228 14.365211 10.228029
0.8044517 14.901512 9.768343
1.1109096 15.514427 9.2703495
1.4173675 15.935806 9.002198
1.6089036 16.127342 8.69574
1.5705962 15.935806 8.465897
1.340753 15.437813 8.274361
1.0342951 14.633361 7.929596
0.5746084 13.637373 7.699753
-2.2351742E-8 12.603078 7.469909
-0.57460845 11.645397 7.2400656
-1.1109097 10.840946 7.010222
-1.4939818 10.113108 6.6654572
-1.6472108 9.461885 6.2823853
-1.6089036 8.963892 5.784391
-1.4556746 8.580819 5.2097826
-1.2641386 8.312668 4.711789
-1.1492169 8.121132 4.367024
-1.1109096 7.8912888 4.1371803
-1.1109096 7.393295 4.290409
-1.3024457 6.703765 4.4819455
-1.4939818 6.0525417 4.520253
-1.532289 5.439626 4.443639
-1.3790601 5.3630114 4.022259
-0.8810662 5.7460837 3.5242648
-0.2681506 6.3206925 2.911349
0.26815057 6.818686 2.0685902
0.49799395 6.9336076 1.2258313
0.5363012 6.7037644 0.34476507
0.4213795 6.205771 -0.1532289
7.4505806E-9 5.592855 -0.19153613
-0.5363012 4.711789 0.114921704
-1.2258313 3.6774938 0.6512228
-1.9153614 2.681506 0.9576807
-2.4133554 1.8387469 1.0342951
-2.6431987 1.4939818 0.80445176
-2.5665843 1.5705963 0.3830723
-2.2984338 1.9536685 0.038307227
-1.9536686 2.4899697 -0.15322891
-1.6089036 2.9496565 0.038307235
-1.3790603 3.2561145 0.49799395
-1.2258313 3.4093432 0.84275895
-1.1875241 3.5242648 1.0726023
-1.0726024 3.715801 0.95768064
-0.842759 4.0222588 0.61291564
-0.5746084 4.290409 0.30645782
-0.19153613 4.55856 0.0
0.22984336 4.7500963 -0.19153613
0.57460845 4.903325 -0.22984336
0.88106626 4.9799395 -7.4505806E-9
1.1492169 4.865018 0.4213795
1.2258313 4.6351743 0.842759
1.2641385 4.2521024 1.187524
1.2641385 3.86903 1.187524
1.3407528 3.6774938 0.8810662
1.532289 3.6774938 0.38307223
1.8004396 3.86903 -0.2681506
2.1452048 4.213795 -0.842759
2.4899697 4.520253 -1.3024457
2.7964275 4.903325 -1.532289
3.0262709 5.2863975 -1.3024457
3.064578 5.4779334 -0.80445176
2.911349 5.6311626 -0.07661444
2.566584 5.5545483 0.6895301
2.0685902 5.2863975 1.0342951
1.6472108 5.1331687 1.1109096
1.3024458 5.0182467 0.842759
1.1109096 5.094861 0.22984336
1.2641385 5.554548 -0.19153614
1.532289 6.244078 -0.5363012
1.8387468 7.04853 -0.61291564
2.1068974 7.8146744 -0.42137948
2.0685902 8.236053 -0.22984335
1.8004396 8.236053 0.15322891
1.3407531 8.00621 0.45968673
0.7661446 7.6231384 0.842759
0.22984338 7.316681 1.1109096
-0.15322891 7.163451 1.3024458
-0.34476504 7.125144 1.4173675
-0.2681506 7.3166804 1.4556746
0.0 7.6231384 1.4939818
0.34476504 8.236054 1.4939818
0.6512229 9.040506 1.5705963
0.7661445 9.8832655 1.685518
0.6512228 10.611102 1.9153614
0.4213795 11.109097 2.183512
0.22984336 11.645397 2.528277
0.26815057 12.105083 3.0262709
0.42137948 12.909535 3.9456441
0.19153613 12.794614 4.252102
-0.30645782 12.411542 4.481945
-0.84275895 11.9135475 4.7500963
-1.1875241 11.722012 4.8267107
-1.1875241 11.9135475 4.9799395
-0.91937345 12.526463 5.056554
-0.5363012 13.40753 4.9416323
-0.22984335 14.020445 4.673482
-0.5746084 13.560759 4.5202527
-1.340753 12.334927 4.4436383
-1.6472107 12.028469 4.865018
-1.685518 12.028469 5.209783
-1.838747 12.028469 5.66947
-2.1452048 11.951855 6.167464
-2.528277 11.722012 5.66947
-2.566584 11.760319 5.133168
-2.2984335 12.373235 4.367024
-1.8770541 12.947844 3.8307228
-1.4173675 13.484144 3.7158008
-1.0726024 13.905523 4.1371803
-1.1109096 13.67568 5.133168
-1.3790601 13.2543 6.320692
-1.7621324 12.373234 7.5465236
-2.1452045 11.224017 8.504205
-2.3750482 10.151415 9.040505
-2.4516625 9.346963 9.078813
-2.2984335 9.155427 8.542511
-1.9536686 9.270349 7.699753
-1.5705962 9.615114 6.8186865
-0.99598795 10.151415 5.746084
-0.91937345 10.151415 5.6311626
-0.9576807 9.959879 5.66947
-1.0342951 9.691729 5.5545483
-1.1875241 9.308657 5.324704
-1.3790603 9.040506 4.9799395
-1.5705962 8.772356 4.55856
-1.7621324 8.465898 4.4819455
-1.8770541 8.389283 4.4436383
-1.9919758 8.42759 4.520253
-2.0685902 8.580819 4.711789
-2.1068974 8.848969 4.7500963
-2.183512 9.155427 4.903325
-2.2218192 9.38527 4.9799395
-2.2984335 9.576807 5.0182467
-2.3750482 9.844957 5.0182467
-2.528277 9.998186 5.056554
-2.7198129 10.0748005 5.094861
-2.9879637 9.921572 5.1714754
-3.4093432 9.500192 5.2863975
-3.8307226 8.887277 5.4013195
-4.2521024 8.312668 5.5545483
-4.5202527 7.8912888 5.516241
-4.5202527 7.8146744 5.3630123
-4.2137947 8.159439 5.056554
-3.8307228 8.734048 4.711789
-3.4093432 9.346964 4.5585604
-3.026271 9.80665 4.673482
-2.834735 9.959879 4.8267107
-2.6431987 9.768343 5.0182467
-2.528277 8.963891 5.2480903
-2.566584 8.427589 5.4013195
-2.6431987 7.967903 5.477934
-2.6431987 7.6231384 5.439626
-2.3750482 7.584831 4.9416323
-2.0685902 7.8146744 4.5202527
-1.6472106 8.0445175 4.2137947
-1.187524 8.082825 4.2137947
-0.80445176 8.197746 4.4053316
-0.61291564 8.197746 4.7500963
-0.61291564 8.159439 5.1714754
-0.80445176 8.082825 5.24809
-1.0342951 7.73806 5.133168
-1.1875241 7.240066 4.9799395
-1.3407528 6.703765 4.711789
-1.3790601 6.167464 4.673482
-1.2258313 6.0908494 4.7884035
-0.9193734 6.3206925 5.056554
-0.4596867 6.7803793 5.5545483
0.15322894 7.546524 6.167464
0.61291564 8.121132 6.703765
0.9576807 8.504205 6.8569937
1.0726024 8.695741 6.512229
0.99598795 8.542512 5.7843914
0.842759 8.236053 4.8267107
0.6512228 8.00621 4.0222588
0.5746084 7.8912888 3.754108
0.6895301 8.082825 3.9456444
1.0342951 8.580819 4.903325
1.9919758 9.423578 7.010223
2.2984338 9.423578 7.4699097
2.336741 9.078813 7.086837
2.1452045 8.542512 6.320693
1.7621324 8.0445175 5.5545483
1.4939818 7.699753 4.903325
1.4556746 7.6231384 4.6351743
1.6089035 7.776367 4.596867
1.9536686 8.0445175 4.5202527
2.4133554 8.427589 4.5968676
2.8347347 8.734047 4.673482
3.1794999 8.925584 4.7500963
3.4859576 8.925584 4.9416323
3.5242648 8.734048 5.094861
3.371036 8.427589 5.1714754
3.1795 8.197746 5.2863975
2.9879637 8.121132 5.401319
3.0262709 8.312668 5.2863975
3.2561142 8.504204 5.0948615
3.3710358 8.619126 4.7500963
3.409343 8.772355 4.4819455
3.3710358 8.848969 4.3670235
3.1794999 8.848969 4.3670235
2.9496562 8.734048 4.5202527
2.6048913 8.580818 4.711789
2.1452048 8.312668 4.7500963
1.685518 8.0445175 4.8267107
1.340753 7.967903 4.9799395
1.1109096 7.929596 5.0948615
0.9959879 8.121132 5.3247046
1.0342952 8.465897 5.516241
1.1492168 9.002198 5.5545483
1.3024457 9.576807 5.5545483
1.4556745 10.304644 5.5545483
1.3024457 10.189722 5.5545483
1.0342951 9.768343 5.2480903
0.30645782 9.040506 4.5968676
0.0 8.810662 4.367024
-0.11492168 8.734048 4.252102
-0.076614454 8.772355 4.367024
0.038307227 8.772355 4.55856
0.11492168 8.772355 4.7884035
0.15322891 8.810662 4.9416323
0.038307227 8.734048 4.8267107
-0.15322891 8.619126 4.481946
-0.30645782 8.580819 4.137181
-0.4213795 8.504205 3.9456444
-0.45968673 8.504205 3.9456444

