-0.45968673 8.6574335 4.1371803
0.6512228 8.925584 4.4819455
0.80445176 9.193735 4.4819455
1.0342951 9.653421 4.4436383
1.2641385 10.113108 4.405331
1.5322891 10.687716 4.4436383
1.685518 11.070788 4.3287168
1.7621324 11.415554 4.3287168
1.8387469 11.836933 4.4819455
1.8770541 12.220005 4.711789
1.7621324 12.488155 5.018247
1.6089035 12.717999 5.171476
1.4173675 12.794614 5.171476
1.3024458 12.909535 5.094861
1.2258313 13.1393795 5.056554
1.2641385 13.40753 5.1714754
1.3407528 13.790602 5.1714754
1.3407528 14.058752 5.363012
1.4173673 14.326903 5.554548
1.532289 14.595054 5.6694694
1.7621324 14.824898 5.9759274
2.0685902 15.093048 6.1674633
2.3750482 15.246277 6.2440777
2.6048915 15.169662 6.2440777
2.6431987 14.901512 5.9759274
2.528277 14.441825 5.66947
2.2601264 13.867216 5.286398
1.8770542 13.292607 4.9416323
1.4939818 12.679692 4.7500963
1.1492169 12.105083 4.5585604
0.8810662 11.645397 4.405331
0.6512228 11.33894 4.290409
0.49799395 11.109096 4.1371803
0.34476504 10.955867 3.9839516
0.22984335 10.764331 3.9073372
0.15322891 10.534488 3.6774938
0.038307227 10.22803 3.2561145
-0.2681506 9.730036 2.3750482
-0.42137948 9.461885 2.0685902
-0.6512228 9.155427 2.1068976
-0.61291564 9.078813 2.2984338
-0.5746084 9.040505 2.5665843
-0.5746084 8.925584 2.7581205
-0.61291564 8.580819 2.6431987
-0.7278373 8.274361 2.4899697
-0.91937345 7.8529816 2.183512
-1.0726023 7.469909 1.9919758
-1.340753 7.2400656 1.9153614
-1.6089035 6.971915 1.8770541
-1.8004397 6.7420716 1.9153614
-1.9536686 6.5122285 1.9536686
-1.9919758 6.320692 1.7621324
-2.030283 6.1674633 1.532289
-2.1068974 5.861006 1.340753
-2.2601264 5.4779334 1.0342951
-2.528277 5.0182467 0.842759
-2.834735 4.405331 0.61291564
-3.1411924 3.9073372 0.3064578
-3.2561145 3.6008797 0.19153613
-3.1411924 3.4859576 0.22984335
-2.7581203 3.7924156 0.45968673
-2.183512 4.3287168 0.8044518
-1.5705963 4.9799395 0.8044518
-0.9576807 5.5928555 0.7278373
-0.45968673 6.0142345 0.4213795
0.076614454 6.2057705 -0.22984335
0.076614454 6.090849 -0.38307226
-0.038307227 5.746084 -0.38307226
-0.19153613 5.4013186 -0.2681506
-0.11492168 4.8267107 -0.19153613
0.15322891 4.7884035 -0.22984336
0.4596867 4.865018 -0.15322891
0.80445176 4.9799395 -0.038307227
1.0342951 5.0182467 0.038307227
1.1492169 4.9799395 0.19153613
1.2258313 4.865018 0.076614454
1.3024457 4.6351743 -0.114921674
1.37906 4.4053307 -0.38307226
1.4939818 4.252102 -0.7278373
1.685518 4.1754875 -1.0342951
1.8387468 4.252102 -1.0342951
2.0685902 4.5585604 -0.6129156
1.9919758 4.711789 -0.038307235
1.8387469 4.711789 0.19153611
1.685518 4.6351748 0.22984335
1.5705963 4.4819455 0.1532289
1.5705963 4.4436383 -0.076614454
1.6855179 4.6351743 -0.22984336
1.8387469 5.094861 -0.26815057
2.2601264 6.244078 -0.344765
2.4133554 6.818686 -0.26815057
2.4516625 7.163451 -0.30645782
2.3750482 7.3549876 -0.34476504
1.9153614 7.240066 -0.30645782
1.685518 7.0485296 -0.038307227
1.4556746 7.0102224 0.34476507
1.2641385 6.933608 0.8810662
1.1875241 7.0102224 1.4173673
1.1875241 7.31668 1.8004396
1.2641386 7.6614456 1.9153613
1.4173675 8.0445175 1.7621325
1.5705963 8.389283 1.4556746
1.7238252 8.619126 1.0726024
1.8770541 8.810662 0.99598795
1.9153614 9.078813 0.99598795
1.9919758 9.500192 1.3790603
2.030283 10.189722 2.1452048
2.030283 10.879252 2.9879637
1.9536686 11.453861 3.9456444
1.5705962 11.568783 4.405331
1.0342951 11.300632 4.7500963
0.4596867 10.955868 4.865018
0.038307227 10.764331 4.7884035
-0.11492168 10.955868 4.7500963
-0.11492168 11.185711 4.4436383
-0.038307227 11.530476 4.098873
0.11492168 11.990162 4.060566
0.2681506 12.603078 4.367024
0.61291564 13.522451 5.133168
0.9959879 14.365211 6.0142345
1.1875241 15.016433 6.742072
1.1492168 15.131355 7.125144
0.80445176 14.671669 6.9719152
0.34476507 14.020446 6.7420716
-0.038307227 13.2543 6.4739213
-0.19153613 12.871228 6.2057705
-0.19153613 12.98615 6.090849
-0.076614454 13.40753 6.0525417
0.076614454 13.9438305 6.167464
0.076614454 14.288596 6.3206925
0.038307227 14.365211 6.5122285
-0.11492168 14.097059 6.62715
-0.34476504 13.713987 6.3589993
-0.49799395 13.1393795 6.0525417
-0.61291564 12.641384 5.6311626
-0.61291564 12.373234 5.209783
-0.53630114 12.181698 4.9799395
-0.4213795 12.181698 4.9416323
-0.34476504 12.105083 5.1714754
-0.34476504 11.951855 5.2480903
-0.4213795 11.760319 5.2480903
-0.49799395 11.568783 4.9799395
-0.61291564 11.300632 4.4819455
-0.7661445 10.879253 4.1754875
-0.9576807 10.457872 3.9073372
-1.1875241 9.998186 3.9073372
-1.3790601 9.615114 4.1371803
-1.4556746 9.461885 4.367024
-1.4939818 9.500193 4.6351748
-1.4939818 9.615114 4.8267107
-1.685518 9.691729 4.2904096
-1.9153614 9.461885 3.9839516
-2.183512 9.155427 3.562572
-2.4516625 8.963891 3.5242648
-2.681506 8.963891 3.6391866
-2.7581203 9.078813 3.86903
-2.7581203 9.346963 4.3287168
-2.719813 9.691729 4.673482
-2.681506 10.113108 5.018247
-2.681506 10.726024 5.209783
-2.719813 10.6877165 5.0182467
-2.7964275 10.266336 4.7117887
-2.873042 9.80665 4.5202527
-2.9113493 9.308656 4.2904096
-2.8347347 9.040505 4.2521024
-2.6048913 9.193735 4.367024
-2.030283 9.423578 4.405331
-1.8004396 9.385271 4.4436383
-1.6089035 9.11712 4.4436383
-1.4556746 8.925584 4.4436383
-1.1109096 8.925584 4.290409
-0.8044518 9.040505 4.0222588
-0.45968676 9.232042 3.6391866
-0.19153613 9.308657 3.2944214
-0.22984336 8.695741 3.6008794
-0.38307226 8.159439 4.137181
-0.5363012 7.699753 4.7884035
-0.45968673 7.508217 5.209783
-0.30645782 7.6614456 5.2863975
-0.038307227 7.967903 5.056554
0.30645782 8.465898 4.865018
0.53630114 8.887277 4.6351748
0.7278373 9.002198 4.4819455
0.842759 8.963891 4.55856
0.842759 8.619126 4.5202527
0.80445176 8.159439 4.5202527
0.7661445 7.8529816 4.55856
0.7661445 7.6614456 4.7884035
0.8810662 7.5465236 5.5162406
0.91937345 7.584831 5.93762
0.9959879 7.6231384 6.1674633
1.1875241 7.8146744 6.2057705
1.6089036 8.197746 6.0142345
2.1452048 8.542511 5.4779334
2.719813 8.8489685 4.7500963
3.1794996 8.887277 4.213795
3.4093432 8.810662 4.2904096
3.4859576 8.580819 4.7884035
3.3327286 8.236053 5.4779334
3.1411927 7.929596 5.8610053
2.987964 7.6614456 5.7077765
2.9113493 7.584831 5.24809
2.9879637 7.699753 4.6351743
3.1794999 8.00621 4.1371803
3.3327286 8.159439 3.7924156
3.409343 8.159439 3.6391866
3.5242648 8.197746 3.8307228
3.6008794 8.312668 4.1754875
3.677494 8.465897 4.5202527
3.7541084 8.772355 4.750096
3.7541084 8.887277 4.6734815
3.6391866 8.810662 4.5202527
3.4093432 8.734048 4.290409
3.1794999 8.580819 4.290409
2.9113493 8.504205 4.443638
2.6431987 8.504205 4.711789
2.5282772 8.580819 4.9416323
2.48997 9.117121 4.903325
2.681506 9.653421 4.6351743
2.681506 9.998186 4.596867
2.681506 10.22803 4.6351743
2.5282772 10.496181 4.6351743
2.3750482 10.342951 4.6351743
2.2218192 10.036493 4.55856
1.9153614 9.80665 4.55856
1.7238252 9.576807 4.5968676
1.4556746 9.308657 4.5968676
1.1492169 9.193734 4.6351748
0.91937345 9.002198 4.5968676
0.7661445 8.887277 4.367024
0.6895301 8.963891 4.2137947
0.6512228 9.002198 4.0222588
0.61291564 9.002198 3.8307228
0.49799395 9.002198 3.86903
0.45968673 8.848969 3.8307228
0.30645782 8.734048 3.9839516
0.22984336 8.695741 4.2521024

