0.15322891 8.695741 4.4819455
0.076614454 8.734048 4.6351743
0.19153613 9.2703495 4.711789
1.1109096 10.879252 5.133168
2.7581203 13.905524 5.631162
3.217807 14.786591 5.899313
2.834735 14.326902 5.6311626
2.3750482 13.713987 5.401319
1.9536686 13.1393795 5.171476
1.5705963 12.334927 5.133168
1.532289 12.220005 5.2097826
1.532289 12.066776 5.324704
1.4173673 11.760319 5.24809
1.1109096 10.994174 4.6351748
0.9193734 10.649409 4.1754875
0.84275895 10.457872 3.9456444
0.72783726 10.113108 3.715801
0.45968673 9.5385 3.4859576
0.076614454 8.925584 3.4093432
-0.038307227 8.772355 3.4476504
-0.34476504 8.619126 3.7541082
-0.6895301 8.389282 3.8307226
-1.685518 7.4699097 3.6774938
-2.183512 6.895301 3.371036
-2.4133554 6.5122285 3.064578
-2.3750482 6.3206925 2.6048915
-2.1068974 6.435614 2.336741
-1.6472107 6.6271505 2.1068976
-1.1875241 6.8569937 1.9153614
-0.842759 7.0102224 1.8387469
-0.49799395 7.0102224 1.6089035
-0.4213795 6.780379 1.2641385
-0.5746084 6.2823853 0.9193734
-0.842759 5.554548 0.4213795
-1.2258312 4.7884035 -0.03830722
-1.532289 4.137181 -0.34476504
-1.685518 3.677494 -0.45968673
-1.7621324 3.371036 -0.2681506
-1.7238252 3.2178068 -0.038307227
-1.532289 3.3327286 0.19153613
-1.2258313 3.715801 0.38307226
-0.9193734 4.060566 0.30645782
-0.6512229 4.4819455 0.15322891
-0.4213795 4.6734815 -0.19153614
-0.34476504 4.711789 -0.7661445
-0.30645782 4.711789 -1.1109096
-0.22984335 4.673482 -1.4173673
-0.19153613 4.7500963 -1.4556746
-0.076614454 4.8267107 -1.2641385
0.076614454 4.9416323 -1.1492169
0.22984336 5.0182467 -0.80445176
0.34476504 4.9799395 -0.5363012
0.30645782 4.7500963 -0.38307226
0.19153613 4.55856 -0.26815057
0.11492168 4.3670235 -0.49799395
0.19153613 4.252102 -0.7278373
0.61291564 4.3287168 -1.0726024
1.2258313 4.5202527 -1.340753
1.8004396 4.865018 -1.4556746
2.2601264 5.3247046 -1.5322891
2.4133554 5.631162 -1.4939818
2.3367407 5.707777 -1.4556746
2.183512 5.554548 -1.2641385
1.9536686 5.1714754 -1.0342951
1.7621324 4.7884035 -0.61291564
1.6089036 4.5202527 -0.15322891
1.532289 4.4436383 0.26815057
1.6089035 4.6734815 0.6512228
1.8387469 5.2863975 0.7278373
2.1452045 6.052542 0.57460845
2.4133554 6.8186865 0.2681506
2.6431987 7.5082164 -0.15322891
2.681506 8.0445175 -0.34476504
2.6048915 8.236053 -0.30645782
2.4133554 8.350975 -0.11492168
1.9536686 8.312668 0.42137948
1.3790601 8.082825 1.0342951
0.7278373 7.8912888 1.6472108
0.11492169 7.546524 2.0685902
-0.22984336 7.2783737 2.1452048
-0.26815057 7.2017584 1.9153614
-0.038307235 7.3932953 1.685518
0.49799395 7.967903 1.4939818
1.0342951 8.69574 1.2641385
1.4939818 9.461885 1.1492168
1.9153613 10.304644 1.1109096
2.183512 11.109097 1.3024457
2.336741 11.683704 1.7621324
2.2601266 12.143391 2.3750482
1.9153614 12.181698 2.9496565
0.7278374 11.109097 3.7541082
0.34476504 10.457872 4.0222588
0.5363012 10.419565 4.0222588
1.1109096 11.032481 3.562572
1.8387469 11.87524 2.9496565
2.6431985 12.871228 2.375048
3.6774938 14.326903 2.4516625
3.9073372 15.016434 3.1795
3.9073372 15.399506 4.137181
3.715801 15.629349 5.0182467
3.3327289 15.399506 5.592855
2.7964277 14.709975 5.707777
2.2218192 13.828909 5.401319
1.7238252 12.909536 5.0182467
1.4173675 12.334928 4.55856
1.3024457 12.143392 4.367024
1.3407528 12.411542 4.5202527
1.4556746 12.871228 4.7500963
1.5705965 13.40753 5.2480903
1.5705965 13.905523 5.707777
1.4556746 14.097059 6.0142345
1.1875241 14.173674 6.1291566
0.8810662 13.867216 5.9376206
0.5746084 13.369222 5.5545483
0.2681506 12.756307 5.209783
0.038307227 11.9135475 4.865018
-0.19153613 11.147404 4.6351743
-0.4213795 10.49618 4.5202527
-0.49799395 10.036493 4.367024
-0.45968673 9.921572 4.3287168
-0.34476504 10.113108 4.2904096
-0.076614454 10.496181 4.1371803
0.11492168 10.879252 3.9839516
0.15322891 10.994175 3.8307228
0.0 10.879253 3.6774938
-0.30645782 10.457872 3.7541084
-0.7278373 9.844957 3.7541084
-1.2641385 9.11712 3.8307228
-1.3790601 8.963891 3.715801
-1.4173675 8.963891 3.6391866
-1.493982 8.887277 3.4093432
-1.6089036 8.963891 3.2561142
-1.7621324 9.040505 3.2561142
-1.8770542 9.11712 3.409343
-1.9153614 9.385271 3.562572
-1.9153614 9.653421 3.7924154
-1.9536686 9.80665 3.9073372
-2.0685904 9.959879 3.9456444
-2.2601266 9.959879 4.1371803
-2.48997 9.80665 4.060566
-2.6431987 9.730036 3.9839516
-2.681506 9.653421 3.8307228
-2.6431987 9.615114 3.6008792
-2.528277 9.653421 3.562572
-2.336741 9.653421 3.4859576
-2.1068974 9.653421 3.5242648
-1.877054 9.615114 3.8307228
-1.7621324 9.500193 4.098873
-1.685518 9.500193 4.405331
-1.7238252 9.500193 4.673482
-1.8004397 9.500193 4.367024
-1.7238252 9.5385 3.9839518
-1.685518 9.308657 3.524265
-1.5705963 9.078814 3.1794999
-1.3790601 8.810663 3.562572
-1.2258313 8.6574335 4.367024
-0.9959879 8.772355 5.1331687
-0.842759 8.848969 5.554548
-0.7661445 8.925584 5.4779334
-0.7661445 8.887277 5.0182467
-0.8810662 8.619125 4.673482
-0.91937345 8.350975 4.5202527
-0.9959879 8.082825 4.596867
-0.95768064 7.929596 4.7884035
-0.7661446 8.0445175 5.094861
-0.45968673 8.312668 5.631162
-0.03830722 8.695741 6.0142345
0.34476504 9.078814 6.2440777
0.53630114 9.193735 6.2440777
0.53630114 9.078814 5.861006
0.38307226 8.810662 5.5162406
0.22984335 8.504204 5.401319
0.15322891 8.274361 5.2863975
0.11492168 8.0445175 5.401319
0.15322891 7.929596 5.592855
0.22984336 7.776367 5.6694694
0.30645782 7.584831 5.7843914
0.49799395 7.546524 5.631162
0.7278373 7.5082164 5.2863975
0.9576807 7.5082164 4.903325
1.2641386 7.584831 4.6734815
1.5705963 7.776367 4.6351743
1.8770541 7.967903 4.6351743
2.0685902 8.082825 4.596867
2.183512 8.197746 4.2137947
2.2601264 8.121132 3.9456444
2.2984338 8.121132 3.7924156
2.4516625 8.159439 3.8307228
2.6431987 8.197746 4.213795
2.681506 8.274361 4.5202527
2.7964277 8.236053 4.711789
2.834735 8.236053 4.673482
2.873042 8.312668 4.367024
2.9879637 8.389282 3.9839516
3.1411927 8.580819 3.7158012
3.2944217 8.6574335 3.9456444
3.2944217 8.619126 4.7884035
3.1795 8.465897 5.6311626
2.834735 8.274361 6.2823853
2.528277 8.236053 6.4739213
2.3367407 8.274361 6.090849
2.2984335 8.42759 5.592855
2.2984335 8.619126 5.133168
2.2601264 8.734048 4.8267107
2.2601264 8.925584 4.8267107
2.2218192 9.232041 5.1714754
2.2984335 9.653421 5.861006
2.4899697 10.189722 6.703765
2.4899697 10.342951 6.512229
2.4516625 10.304644 5.861006
2.3367407 10.381259 5.133168
2.1835117 10.22803 4.55856
1.9536686 9.95988 4.3287163
1.685518 9.653421 4.3670235
1.3790603 9.270349 4.5202527
1.0726023 9.002198 4.7500963
0.8810662 8.848969 4.903325
0.7661445 8.734048 4.865018
0.8044517 8.695741 4.788403
0.842759 8.695741 4.596867
0.8044517 8.695741 4.405331
0.7278373 8.619126 4.5202527

