0.5746084 8.504205 4.711789
0.34476504 8.350975 5.056554
-0.15322891 8.236053 5.5162406
0.19153613 9.078813 5.2863975
0.49799392 9.998186 5.133168
0.95768064 10.91756 5.2480903
1.340753 11.87524 5.2480903
1.1875241 12.334927 6.1291566
1.0342951 12.488155 6.5122285
0.91937345 12.603077 6.8569937
0.80445176 12.909535 7.0485296
0.7278373 13.215993 7.0102224
0.7278373 13.560759 6.9719152
0.7278373 13.943831 6.895301
0.91937345 14.288596 6.895301
1.2258313 14.633361 7.125144
1.5705963 14.901512 7.354988
1.8770542 14.978127 7.6231384
2.030283 14.939819 7.6614456
1.9919758 14.671668 7.3166804
1.8770542 14.326902 6.8569937
1.7238252 13.982138 6.435614
1.4556745 13.330915 5.9759274
1.4556745 13.024458 5.93762
1.4556745 12.717999 5.899313
1.4556745 12.334927 6.0525417
1.3790603 11.9135475 5.899313
1.2258313 11.453861 5.6694694
1.0342951 10.955868 5.24809
0.6512228 9.959879 4.1754875
0.38307226 9.500193 3.6391864
0.0 9.193734 3.064578
-0.38307226 8.925584 2.4516625
-1.3407528 8.42759 1.6472108
-1.7238252 8.0445175 1.7238252
-2.1068974 7.6231384 1.9536686
-2.4133554 7.0102224 2.2984335
-2.9113493 5.8226986 2.260126
-2.9879637 5.286397 1.8770541
-3.0262709 4.9416323 1.3790601
-2.719813 4.903325 1.0342951
-2.336741 5.324705 1.0726024
-1.9153613 6.0142345 1.4939818
-1.4173673 6.5888433 1.838747
-0.99598795 6.8953004 1.8004397
-0.9576807 6.5122285 1.4556746
-1.0726024 6.1291566 1.2641385
-1.3024458 5.592855 1.1109096
-1.6089036 5.056554 1.0342951
-1.8770542 4.55856 0.8044518
-2.030283 4.1754875 0.53630114
-1.9536686 4.1371803 0.38307226
-1.7238252 4.252102 0.45968673
-1.4173675 4.6351748 0.61291564
-1.1492169 5.133168 0.80445176
-0.9959879 5.516241 0.80445176
-0.842759 5.861006 0.5746084
-0.7661445 5.9759274 0.30645782
-0.6512228 5.899313 -0.038307227
-0.49799398 5.7843914 -0.11492168
-0.3830723 5.5928555 0.0
-0.2681506 5.4779334 0.11492168
-0.22984335 5.4779334 0.076614454
-0.15322891 5.5162406 -0.07661445
0.0 5.6694694 -0.45968673
0.22984335 5.861006 -0.7661445
0.5746084 6.0908494 -0.8044517
0.8810662 6.205771 -0.6512228
1.0342951 6.0908494 -0.22984335
1.0726024 5.746084 0.15322891
0.9959879 5.2480903 0.57460845
0.842759 4.213795 0.91937345
0.9576806 4.0222588 0.80445176
1.2258313 4.0222588 0.4213795
1.6472107 4.1754875 -0.15322894
2.0685902 4.443638 -0.6512229
2.4899697 4.673482 -0.91937345
2.7964275 4.9416323 -0.88106626
2.9113493 5.4013186 -0.57460845
2.873042 5.784391 -0.11492169
2.719813 6.0142345 0.15322891
2.5665843 6.090849 0.19153613
2.4516625 5.861006 0.22984336
2.3367407 5.6311626 0.11492168
2.3367407 5.477934 0.15322891
2.3367407 5.477934 0.3064578
2.4133554 5.746084 0.38307226
2.6048915 6.244078 0.5746084
2.7964277 6.933608 0.9193735
3.0645783 7.6997523 1.2258313
3.2944214 8.274361 1.4939818
3.3710358 8.619125 1.685518
3.217807 8.695741 1.7621324
2.7964275 8.465897 1.838747
2.2601264 8.197746 1.9536686
1.685518 7.776367 1.9153613
1.2258313 7.508217 1.5705963
0.9576807 7.4699097 1.0726024
0.91937345 7.6614456 0.49799395
1.1109096 8.236053 0.3830723
1.532289 9.040506 0.8044517
2.1068976 9.883265 1.8770542
2.6048915 10.649408 3.217807
2.9496565 11.262324 4.3287168
3.0262709 11.645397 5.1331687
2.719813 11.9135475 5.2863975
2.1835117 11.951855 5.094861
1.532289 11.836933 4.788403
0.8044518 11.415554 4.55856
0.11492168 10.840945 4.55856
-0.34476504 10.534488 5.094861
-0.61291564 10.381259 5.707777
-0.68953 10.611102 6.0142345
-0.45968673 11.109097 5.8226986
-0.11492168 11.568783 4.9416323
0.34476504 12.181698 4.0222588
0.88106626 12.756307 3.5242648
1.3024457 13.2543 3.8307228
1.532289 13.713986 4.7884035
1.4556746 13.982138 5.899313
1.0726024 14.058752 6.9719152
0.61291564 13.790602 7.546524
0.11492168 13.484144 7.699753
-0.19153613 13.101071 7.584831
-0.26815057 12.794614 7.2017584
-0.15322891 12.679692 6.550536
0.1532289 12.603078 5.861006
0.49799395 12.564771 5.094861
0.842759 12.5264635 4.4819455
1.0342952 12.641385 4.405331
0.9576807 12.564771 4.4819455
0.68953013 12.411542 4.7884035
0.30645782 12.066776 5.056554
-0.30645782 11.338939 4.9416323
-0.45968673 11.109096 4.865018
-0.45968673 11.032481 4.711789
-0.49799395 10.955867 4.6351748
-0.57460845 10.802638 4.5968676
-0.6512229 10.764331 4.4819455
-0.80445176 10.6877165 4.4436383
-0.9576807 10.611102 4.55856
-1.1109096 10.457873 4.673482
-1.1875241 10.304644 4.7884035
-1.2258313 10.266336 4.865018
-1.1492169 10.266336 4.7500963
-1.0726023 10.419565 4.5585604
-1.1109096 10.457873 4.4819455
-1.1875241 10.457873 4.4436383
-1.3790601 10.342952 4.55856
-1.6089035 10.189722 4.8267107
-1.8004396 10.113108 4.903325
-1.9919758 10.113108 5.056554
-2.1452048 10.151415 5.2097826
-2.2601264 10.189722 5.2097826
-2.4133554 10.113108 5.2863975
-2.681506 9.959879 5.2480903
-2.9113493 9.80665 5.018247
-3.0645783 9.615114 4.903325
-3.0645783 9.653421 4.8267107
-2.9113493 9.768343 4.7500963
-2.6431987 10.0748005 4.8267107
-2.336741 10.342951 4.903325
-2.1452048 10.457873 4.9799395
-2.030283 10.419566 5.0182467
-2.0685902 10.151416 4.9416323
-2.2218192 9.80665 4.711789
-2.3750482 9.232041 4.1754875
-2.4899697 8.695741 3.7924154
-2.528277 8.121132 3.4859576
-2.4899697 7.73806 3.2944214
-2.2601264 7.73806 3.5242648
-1.8770542 7.8146744 3.562572
-1.4939818 8.159439 3.6391864
-1.0342951 8.504204 3.6008792
-0.7278373 8.657433 3.4476504
-0.5746084 8.657433 3.4476504
-0.49799398 8.504204 3.371036
-0.5746084 8.312668 3.1795
-0.6512228 8.0445175 3.026271
-0.72783726 7.8146744 2.9496567
-0.6895301 7.6231384 3.217807
-0.61291564 7.393295 4.098873
-0.4213795 7.431602 5.0182467
-0.11492168 7.6614456 5.9759274
0.11492168 7.929596 6.3589997
0.34476504 8.312668 6.0142345
0.49799395 8.69574 5.363012
0.49799395 8.925585 4.405331
0.5363012 9.117121 3.7924156
0.49799398 9.155428 3.7924156
0.4213795 9.002198 4.367024
0.344765 8.848969 5.401319
0.22984336 8.6574335 6.588843
0.19153613 8.619126 7.3549876
0.15322891 8.580819 7.431602
0.26815057 8.619126 6.895301
0.49799395 8.6574335 6.090849
0.80445176 8.695741 5.286397
1.1875241 8.695741 4.596867
1.4556746 8.580818 4.3287168
1.6472108 8.619125 4.3287168
1.8770542 8.69574 4.7117887
2.1068976 8.734047 5.324704
2.336741 8.69574 5.592855
2.4899697 8.465897 5.401319
2.528277 8.00621 5.056554
2.4899697 7.6231384 4.711789
2.4899697 7.3549876 4.711789
2.6431985 7.3166804 4.7884035
2.873042 7.6614456 4.7500963
3.1795 8.121132 4.4436383
3.562572 8.810662 4.0222588
3.86903 9.38527 3.7158012
4.060566 9.653421 3.6391864
4.098873 9.768343 3.9456444
3.86903 9.576807 4.3287163
3.4476504 9.232042 4.7500963
2.9879637 8.848969 4.9416323
2.528277 8.504204 4.9416323
2.2601264 8.274361 4.7884035
2.2218192 8.197746 4.7500963
2.183512 8.236053 4.7884035
2.1452048 8.236053 4.9416323
1.9919758 8.274361 5.094861
1.838747 8.504204 5.2097826
1.7621325 8.772354 5.1714754
1.838747 9.232041 4.9799395
1.9919758 9.653421 4.7500963
2.0685904 9.844957 4.252102
2.0685904 9.883265 3.9839516
1.9153614 9.844957 3.8307228
1.685518 9.615114 3.86903
1.4173675 9.308657 4.1371803
1.1875241 9.078814 4.367024
0.9576807 8.848969 4.5202527
0.842759 8.734048 4.6351748
0.7661445 8.734048 4.7500963
0.68953 8.772355 4.7117887
0.6512228 8.810662 4.7884035
0.49799395 8.887277 4.7884035
0.30645782 8.925584 4.673482
0.11492168 8.887277 4.5968676
-0.076614454 8.772355 4.5585604
-0.22984336 8.734048 4.3287163
-0.38307226 8.6574335 4.2137947
-0.4213795 8.619126 4.0222588

