-0.076614454 8.734048 4.7884035
0.6895301 10.228029 5.209783
1.340753 11.722012 5.6311626
1.9536686 13.101072 5.6311626
2.6048915 14.633361 5.6311626
2.6048915 14.78659 6.014235
2.681506 15.05474 6.703765
2.9879637 15.514427 7.431602
3.3327289 15.935806 8.00621
3.715801 16.203957 8.42759
4.1754875 15.974113 8.00621
4.1754875 15.47612 7.584831
3.9839516 14.939818 7.0102224
3.6391866 14.250288 6.588843
3.2561142 13.637372 6.2823853
2.7964275 13.062764 6.090849
2.2601266 12.526463 6.0142345
1.8004397 11.990162 5.93762
1.4173675 11.453861 6.0142345
0.9959879 10.802638 5.9759274
0.68953013 10.151415 6.0142345
0.3830723 9.653421 5.861006
0.0 9.193735 5.5928555
-0.22984335 8.925584 5.401319
-0.45968673 8.580819 4.9799395
-0.6512229 8.159439 4.6734815
-0.842759 7.8146744 4.367024
-1.2641385 7.3549876 3.8307228
-1.7621324 6.8186865 3.562572
-2.2601264 6.397307 3.1794999
-2.6431987 5.975928 2.6431987
-2.7581203 5.6311626 2.336741
-2.681506 5.4013195 1.8004396
-2.336741 5.5545483 1.2641385
-1.9536686 6.052542 1.0342952
-1.4556746 6.7420716 0.8810662
-0.9959879 7.5082164 0.91937345
-0.8810662 7.699753 1.1109096
-0.9193734 7.278373 1.1492169
-1.1109096 6.512229 1.2641385
-1.4556746 5.5162406 1.3024457
-2.0685902 4.0222588 1.0342951
-2.3367407 3.5242648 0.6512229
-2.4516625 3.2944217 0.22984336
-2.3367407 3.2944217 -0.038307227
-2.030283 3.6008792 -0.076614454
-1.6472108 4.2137947 0.07661445
-1.1875241 4.7884035 0.4213795
-0.8810662 5.2863975 0.80445176
-0.68953 5.5162406 1.1492168
-0.6512228 5.401319 1.4173675
-0.6512228 5.24809 1.4939818
-0.7278373 4.903325 1.3407528
-0.7661445 4.5968676 0.9959879
-0.6895301 4.4436383 0.53630114
-0.61291564 4.4819455 0.03830722
-0.26815057 4.7884035 -0.19153613
0.45968676 5.554548 -0.2681506
0.9576807 5.899313 0.15322891
1.340753 6.0525417 0.7278373
1.6472108 5.93762 1.532289
1.8004396 5.592855 2.1068976
1.7621324 5.0182467 2.3750482
1.6089035 4.252102 2.0685904
1.4939818 3.6008794 1.3790603
1.4939818 3.0645783 0.30645782
1.6472107 2.681506 -0.7661445
1.9536686 2.719813 -1.5705962
2.3750482 3.0645783 -2.1068974
2.873042 3.715801 -2.0685902
3.2944217 4.5585604 -1.6089034
3.5625722 5.363012 -0.8044517
3.6774938 6.0525417 0.07661447
3.4859576 6.2823853 0.9576807
3.1028855 6.1674633 1.5705963
2.6048915 5.7077765 1.9919758
1.9919758 5.056554 2.2218192
1.5705965 4.788403 2.1452048
1.4939818 5.0182467 1.8770542
1.685518 5.7843914 1.3024458
2.1835117 6.895301 0.84275895
2.75812 7.8912888 0.45968676
3.1028852 8.6574335 0.4213795
3.1028852 9.117121 0.7278373
2.75812 9.193735 1.0726023
2.030283 9.002198 1.5705963
1.2258313 8.657433 1.7621325
0.65122294 8.465897 1.6472108
0.45968673 8.848969 0.61291564
0.80445176 9.2703495 -0.03830722
1.1492168 9.423578 -0.49799395
1.4173673 9.615114 -0.26815057
1.6089035 9.959879 0.6895301
1.7238252 10.955867 2.7964275
1.6472108 11.492168 3.1028855
1.4556746 11.60709 2.7581203
1.1109097 11.645397 2.2218192
0.7278374 11.377247 1.8004397
0.49799398 11.109097 1.8387469
0.38307226 10.955867 2.2984338
0.42137948 11.18571 3.2178073
0.7278373 11.836933 4.2521024
1.1109096 12.718 5.1714754
1.2641385 13.828909 5.7077765
1.187524 14.441826 5.8226986
0.7661445 14.365211 5.5162406
0.03830722 13.752295 5.056554
-0.68953013 12.679692 4.596867
-1.1492169 11.722012 4.252102
-1.4556746 11.109097 4.2137947
-1.4556745 10.840946 4.5202527
-1.340753 11.185711 4.9799395
-1.2258313 11.60709 5.4779334
-1.0726024 12.105083 6.0525417
-1.0342951 12.373235 6.2057705
-1.0342951 12.411542 6.129156
-1.1109096 12.258313 5.746084
-1.3024458 11.836933 5.2097826
-1.4556746 11.377246 4.865018
-1.6472108 10.91756 4.5968676
-1.7621325 10.611102 4.5202527
-1.8387469 10.6877165 4.596867
-1.8770542 10.994175 4.750096
-1.7238253 11.951855 5.2863975
-1.5322891 12.334927 5.4779334
-1.3790601 12.564771 5.4779334
-1.3790601 12.5264635 5.363012
-1.4939818 12.143392 5.2480903
-1.7238252 11.645397 5.209783
-1.9919758 11.109096 5.3247046
-2.1452048 10.6877165 5.5545483
-2.183512 10.457872 5.7843914
-2.1452045 10.457872 5.93762
-1.9919758 10.572794 6.0142345
-1.8770541 10.726023 6.0525417
-1.8387469 10.955867 5.9759274
-1.8770542 10.994174 5.93762
-2.1068976 10.91756 5.899313
-2.4133554 10.649409 5.8226986
-2.834735 10.228029 5.93762
-3.2561145 9.80665 6.0142345
-3.562572 9.346964 6.090849
-3.7158012 9.078814 6.1674633
-3.677494 8.887277 6.129156
-3.4859576 8.772355 5.9759274
-3.1795 8.925584 5.861006
-2.834735 9.232042 5.8226986
-2.528277 9.615114 5.66947
-2.2218192 9.998186 5.66947
-2.1452045 10.0748005 5.363012
-2.1452045 9.730036 4.9416323
-2.2601264 9.193734 4.6351743
-2.4133554 8.580819 4.2137947
-2.3750482 8.121132 4.060566
-2.2218194 8.121132 3.9073372
-1.8770542 8.350975 3.7541084
-1.4556746 8.810662 3.7158012
-1.0726023 9.232041 3.6774938
-0.80445176 9.5385 3.7924156
-0.61291564 9.576807 3.8307228
-0.5363012 9.308657 3.9839516
-0.61291564 8.772355 4.098873
-0.80445176 7.967903 4.098873
-1.1109096 7.125144 4.1371803
-1.4556746 6.3206925 3.9456444
-1.685518 5.8226986 3.7924154
-1.685518 5.554548 3.7541082
-1.4939818 5.592855 3.7541082
-1.1492168 5.93762 3.9839516
-0.61291564 6.5505357 4.367024
-0.11492168 7.3166804 4.673482
0.45968673 8.197746 4.8267107
0.9576807 8.925585 4.750096
1.2258313 9.232042 4.4436383
1.340753 9.232042 4.1371803
1.2641385 8.848969 4.098873
1.0342951 8.312668 4.2904096
0.8044518 7.929596 4.865018
0.7278373 7.776367 5.554548
0.6895301 7.8529816 6.244078
0.8044518 8.121132 6.9719152
0.9576807 8.427589 7.2783737
1.0342952 8.6574335 7.3932953
1.0726024 8.734048 7.1634517
1.0342951 8.619125 6.588843
0.9959879 8.389282 6.0142345
0.9959879 8.159439 5.5162406
1.0726024 7.929596 5.2480903
1.1875241 7.776367 5.171476
1.340753 7.584831 5.209783
1.5705963 7.393295 5.3247046
1.7621324 7.3549876 5.4779334
2.0685902 7.3932953 5.707777
2.4133554 7.546524 5.8226986
2.681506 7.8146744 5.8226986
3.0262709 8.082825 5.707777
3.3327289 8.312668 5.3247046
3.4859576 8.465898 4.903325
3.6008792 8.504205 4.4819455
3.562572 8.350976 4.1754875
3.4476504 8.159439 4.098873
3.371036 8.00621 4.2137947
3.4859576 8.0445175 4.673482
3.8307228 8.389282 5.439626
4.252102 8.84897 6.244078
4.6351748 9.2703495 7.0102224
4.7500963 9.500193 7.393295
4.6734815 9.5385 7.0485296
4.4819455 9.5385 6.5122285
4.3287163 9.500193 5.746084
4.2137947 9.308657 4.9799395
4.060566 9.11712 4.6351743
3.9073372 8.848969 4.367024
3.7541082 8.695741 4.3287168
3.562572 8.734048 4.2521024
3.409343 8.772355 4.060566
3.2561142 8.734048 3.7924156
3.0262709 8.580818 3.6008794
2.7964275 8.389282 3.5625722
2.4899697 8.082825 3.6391866
2.1452048 7.8529816 4.0222588
1.8770541 7.699753 4.2904096
1.685518 7.6231384 4.4819455
1.5705963 7.8146744 4.6351743
1.6472107 8.274362 4.55856
1.8004396 8.772355 4.4053307
1.9536685 9.232042 4.290409
2.0685902 9.5385 4.098873
2.030283 9.576807 4.0222588
1.9536686 9.576807 3.9839516
1.8387469 9.5385 4.0222588
1.685518 9.461885 4.0222588
1.5705963 9.385271 3.9456444
1.4556746 9.385271 3.9839516
1.4173673 9.423578 3.86903
1.3024457 9.5385 3.9839516
1.1875241 9.5385 4.1371803

