1.0726023 9.461885 4.405331
1.0726024 8.925584 4.711789
1.2258313 9.883265 5.056554
1.4939818 10.994175 5.5928555
1.9153614 12.603077 6.2057705
2.4133554 14.288595 6.895301
2.9113493 15.016434 7.0102224
3.4093432 15.629349 6.933608
3.8307228 15.820885 6.7037644
4.0222588 15.705963 6.435614
4.0222588 15.361198 6.282385
3.86903 14.901512 6.1674633
3.6391864 14.441824 6.1674633
3.4093432 14.020445 6.1674633
3.1794996 13.67568 6.0525417
2.9496565 13.407529 5.93762
2.719813 13.024457 5.66947
2.48997 12.564771 5.3247046
2.336741 11.990162 5.094861
2.1452048 11.377247 4.903325
1.9153614 10.917561 4.7884035
1.6472108 10.496181 4.7500963
1.3024457 10.113108 4.520253
1.0726023 9.768343 4.0988736
0.8044518 9.2703495 3.6774938
0.5746084 8.810662 3.1411927
0.38307226 8.427589 2.8347347
0.11492168 8.159439 2.719813
-0.11492168 8.00621 2.6048915
-0.30645782 7.8146744 2.6048915
-0.6129157 7.584831 2.528277
-0.99598795 7.2783737 2.4899697
-1.3790601 7.0102224 2.3750482
-1.838747 6.742072 2.2984338
-2.183512 6.473922 2.2984338
-2.3750482 6.244078 2.183512
-2.3750482 6.167464 2.183512
-2.1452045 6.3589997 2.0685902
-1.8770541 6.6654577 1.9153614
-1.5705962 6.933608 1.8004398
-1.3024457 7.125144 1.4556746
-1.1492169 7.2783737 1.2641385
-0.9959879 7.2783737 1.0342951
-0.9576807 7.1634517 0.7278373
-1.1109096 6.8569937 0.6512228
-1.2641385 6.2823853 0.49799395
-1.4939818 5.7077765 0.34476504
-1.7621324 5.1714754 0.4596867
-1.8770542 4.7884035 0.8044518
-1.9153614 4.4436383 1.9153614
-1.7238252 4.6351748 2.1452048
-1.4939818 4.8267107 2.1452048
-1.1492168 5.1331687 1.838747
-0.9193735 5.363012 1.2641385
-0.7278373 5.4779334 0.842759
-0.61291564 5.5928555 0.34476504
-0.61291564 5.5928555 -0.11492167
-0.61291564 5.5545483 -0.30645782
-0.61291564 5.477934 -0.53630114
-0.61291564 5.401319 -0.49799395
-0.53630114 5.401319 -0.26815057
-0.45968673 5.439626 0.0
-0.4213795 5.439626 0.34476504
-0.30645782 5.363012 0.57460845
-0.2681506 5.2480903 0.61291564
-0.19153613 5.133168 0.61291564
-0.038307227 5.094861 0.5746084
0.076614454 5.1714754 0.34476504
0.22984335 5.1714754 0.30645782
0.42137948 5.209783 0.15322891
0.53630114 5.133168 0.0
0.61291564 5.0182467 -0.11492168
0.7278373 4.9799395 -0.2681506
0.8044517 4.865018 -0.49799395
0.9959879 4.865018 -0.5746084
1.2641386 4.903325 -0.4213795
1.3790601 4.903325 -0.1149217
1.4939818 5.209783 0.4596867
1.5322891 5.401319 0.38307226
1.685518 5.6311626 0.038307227
1.9153614 5.9759274 -0.3830723
2.1068976 6.397307 -0.45968673
2.1452048 6.8186865 -0.42137948
2.2601264 7.2783732 -0.15322891
2.3367407 7.6231384 0.19153613
2.528277 7.699753 0.22984336
2.719813 7.73806 0.30645782
2.7964275 7.584831 0.22984336
2.7581203 7.201759 0.076614454
2.6431985 6.8186865 0.19153613
2.4899697 6.4739213 0.2681506
2.336741 6.3589997 0.3830723
2.2984338 6.4739213 0.3830723
2.3750482 6.7803793 0.30645782
2.681506 7.316681 0.22984335
3.5625722 8.465898 0.2681506
4.0222588 9.040506 0.4213795
4.252102 9.346964 0.57460845
4.252102 9.653421 0.6895301
3.8307228 10.151416 0.9959879
3.5242648 10.457873 1.1109096
3.2944217 10.572795 1.4173675
2.9496565 10.457873 1.7621325
2.7581203 10.419566 2.3750482
2.4899697 10.994174 3.7924156
2.4899697 11.760319 4.4436383
2.3750482 12.603077 4.7884035
2.2601264 13.292608 5.056554
1.6472108 13.905523 5.401319
1.3024457 13.675679 5.439626
1.0342951 13.445836 5.5928555
0.95768064 13.215993 5.746084
0.95768064 13.024457 5.707777
0.9959879 13.062764 5.746084
0.9959879 13.101071 5.5162406
0.9959879 13.062764 5.2863975
0.9959879 13.177686 5.056554
1.0342951 13.40753 4.6351743
1.1109096 13.445837 4.3287168
1.187524 13.330915 4.060566
1.2258313 13.062765 4.0222588
1.3024457 12.603078 4.405331
1.3024457 12.296619 4.903325
1.2641385 12.181698 5.3247046
1.3024458 12.411542 5.7843914
1.4173675 12.909536 5.93762
1.5322891 13.560759 5.899313
1.2641385 13.215994 5.746084
0.6895301 12.5264635 5.66947
0.11492168 11.683704 5.66947
-0.30645782 11.224017 5.8226986
-0.5746084 10.879252 5.861006
-0.7661445 10.611101 5.7843914
-0.95768064 10.457872 5.592855
-1.1109096 10.381258 5.2863975
-1.2258313 10.457872 4.9799395
-1.2258313 10.649409 4.9416323
-1.3024457 11.070788 5.209783
-1.37906 10.994174 5.4013195
-1.4556745 10.955867 5.6311626
-1.5705963 10.764331 5.93762
-1.6855179 10.457873 6.090849
-1.8387469 10.228029 6.244078
-2.0685902 9.844957 6.1291566
-2.2601266 9.500193 5.631162
-2.3750482 9.346964 4.9799395
-2.4516625 9.308657 4.367024
-2.4516625 9.308657 3.86903
-2.566584 9.308657 3.7158012
-2.873042 9.117121 4.2137947
-3.064578 9.040505 4.6734815
-3.1411924 9.002198 5.0182467
-3.2561142 8.810661 4.9799395
-3.3710358 8.427589 4.55856
-3.5242648 7.814674 3.8307228
-3.562572 7.278373 3.1794999
-3.4093432 7.0102224 2.9113493
-2.9496565 7.3549876 2.9113493
-1.5705962 8.772355 3.064578
-0.8044518 9.4618845 2.9879637
-0.842759 9.193734 3.1028852
-1.0726023 8.580819 3.4476504
-1.6089034 7.3549876 4.2904096
-1.8004396 6.895301 4.711789
-1.8770541 6.780379 4.865018
-1.8004396 6.780379 4.9799395
-1.5705963 6.933608 5.0565543
-0.9576807 7.3932953 5.477934
-0.61291564 7.546524 6.052542
-0.30645782 7.73806 6.6654577
0.15322891 7.967903 7.240066
0.26815057 8.0445175 6.8186865
0.45968673 8.121132 5.899313
0.7278373 8.312668 5.094861
0.9959879 8.580818 4.7117887
1.3407528 8.848969 4.865018
1.5705962 9.11712 5.439626
1.8387468 9.193734 5.861006
2.2601264 9.193734 6.0142345
2.4899697 8.963891 5.8226986
2.6431987 8.734048 5.5545483
2.7581203 8.465897 5.056554
2.7581203 8.121132 4.711789
2.7581203 7.8912888 4.3670235
2.7964275 7.73806 4.4436383
2.9113493 7.73806 4.7884035
3.1411927 7.929596 5.0948615
3.524265 8.197746 5.0948615
3.7541082 8.274361 4.596867
3.9456444 8.236053 3.7541082
3.9839516 8.121132 3.562572
3.9073372 7.929596 3.6391869
3.9073372 7.8912888 3.9839516
4.1371803 8.159439 4.6351743
4.5968676 8.848969 5.4779334
5.1714754 9.730036 6.2057705
5.7460837 10.496181 6.320692
5.9759274 10.955868 6.0525417
5.861006 10.955868 5.477933
5.439626 10.496181 4.7500963
4.8267107 9.921573 4.405331
4.3287168 9.5385 4.1371803
4.098873 9.308657 3.9456444
4.0222588 9.653421 3.5242648
3.9456444 9.691729 3.1794999
3.6008794 9.576807 3.064578
3.1028855 9.193735 3.064578
2.6048913 8.734048 3.3327286
2.030283 8.236053 3.7924154
1.532289 7.776367 4.1371803
1.1492168 7.4699097 4.4053307
0.842759 7.3166804 4.4436383
0.7661446 7.4316025 4.367024
0.8044518 7.6614456 4.2904096
0.9193735 7.967903 4.1754875
1.0726024 8.389282 3.9073372
1.1875241 8.734048 3.754108
1.2641386 9.117121 3.562572
1.3024458 9.423578 3.5242648
1.3024458 9.576807 3.677494
1.2258313 9.576807 3.7924156
1.1492168 9.423578 3.86903
1.0726024 9.308657 3.86903
0.8810662 9.232042 3.9073372
0.7661445 9.232042 3.9073372
0.68953 9.155428 3.9839516
0.61291564 9.11712 4.060566
0.6512228 9.11712 4.0222588
0.7661445 9.193735 4.098873
0.9959879 9.346964 4.2137947
1.1875241 9.461885 4.3287163
1.340753 9.5385 4.4436383
1.2258313 9.500193 4.290409
1.1109096 9.385271 4.060566
0.91937345 9.2703495 3.9073372

