0.68953013 8.734048 4.1371803
1.1875241 9.576807 4.4053307
1.7238252 10.649409 4.673482
2.2601266 11.760319 4.7884035
2.5665843 13.024457 4.903325
2.528277 13.330915 4.903325
2.4133554 13.484144 4.9799395
2.2984338 13.599066 5.056554
2.336741 13.67568 5.324704
2.4516625 14.058752 5.7077765
2.7964277 14.633361 6.0142345
3.217807 15.284584 6.3206925
3.6391866 15.859192 6.397307
3.9839516 16.127342 6.3206925
4.098873 16.089035 6.0525417
4.098873 15.74427 5.746084
3.8307228 15.20797 5.5162406
3.4859576 14.633362 5.401319
3.1794999 14.173674 5.439626
2.9496565 13.867216 5.6311626
2.834735 13.599066 6.0908494
2.681506 13.369222 6.512229
2.4899697 13.024457 6.7803793
2.1068974 12.56477 6.6654577
1.6472108 12.066776 6.129156
1.1875241 11.683704 5.2097826
0.6512229 11.33894 4.290409
0.15322891 10.994174 3.5242648
-0.26815057 10.649409 2.834735
-0.6512228 10.228029 2.336741
-0.9576807 9.844957 2.030283
-1.1109096 9.576807 1.838747
-1.2641385 9.308657 1.6472108
-1.4173675 9.078813 1.685518
-1.532289 8.810662 1.7238252
-1.685518 8.504204 1.8004397
-1.8770542 8.350975 1.9153614
-2.030283 8.082825 2.1068976
-2.1452045 7.6614456 2.1452048
-2.3367407 7.201759 1.9536686
-2.528277 6.5888433 1.5705963
-2.7581203 5.899313 0.91937345
-2.9496565 5.286397 0.34476504
-3.064578 4.6351748 0.038307227
-3.0262709 4.060566 -0.11492168
-2.7964275 3.7541084 -0.076614454
-2.6048913 3.6008794 0.076614454
-2.2984335 3.6391869 0.19153613
-2.0685902 3.7924156 0.42137948
-2.030283 3.8307228 0.6512228
-1.9919758 3.7541084 0.8810662
-2.0685904 3.7541084 0.9193734
-2.0685904 3.6008794 0.842759
-1.9919759 3.5242648 0.61291564
-1.9536686 3.6391869 0.30645782
-1.8770542 3.6008797 0.11492168
-1.8004397 3.7541084 -0.11492168
-1.4173675 4.098873 -0.2681506
-1.1492169 4.405331 0.0
-0.8810662 4.7884035 0.30645782
-0.61291564 5.0948615 0.22984335
-0.38307226 5.363012 -0.07661445
-0.22984335 5.5162406 -0.95768064
-0.076614454 5.4779334 -1.9153613
0.038307227 5.4779334 -2.4899697
0.26815057 5.4779334 -2.4516625
0.5746084 5.439626 -1.8770542
0.7661445 5.2480903 -1.0342951
0.91937345 4.9416323 -0.34476507
0.91937345 4.55856 -0.114921674
0.88106626 4.290409 -0.4213795
0.9576807 4.2137947 -0.9959879
1.1109096 4.2137947 -1.6472108
1.4173673 4.367024 -1.9919758
1.7238251 4.5202527 -1.8770542
2.0685902 4.8267107 -1.2641385
2.3750482 5.2480903 -0.19153613
2.5282772 5.631162 0.7661445
2.6048915 5.9759274 1.340753
2.4516625 6.2057705 1.2641385
2.1452045 6.2057705 0.5363012
1.7621324 6.0142345 -0.30645782
1.4173673 5.7077765 -0.8044517
1.1492169 5.4779334 -0.8044517
1.0726024 5.8226986 1.1492169
1.2258313 7.0868373 3.5242646
1.2641385 7.776367 4.1371803
1.2258313 8.082825 3.6391866
1.1109096 8.197746 2.681506
1.0726023 8.159439 1.4173675
1.0726023 8.121132 0.30645782
1.1492169 8.197746 -0.19153613
1.3024457 8.465897 -0.03830722
1.4173675 9.002198 0.5363012
1.4939818 9.5385 1.4173675
1.6089035 10.0748005 2.183512
1.6089035 10.419566 2.6048915
1.5322891 10.457873 2.5665843
1.4173675 10.342951 2.1068976
1.0342951 10.036493 1.3790603
0.7661445 9.653421 0.8810662
0.8810662 9.730036 1.340753
1.1875241 10.266337 2.336741
1.8387468 11.262325 3.9839518
2.4133554 12.679692 5.66947
2.528277 13.867216 6.6654577
2.1068976 14.250288 7.0485296
1.1492168 13.828909 6.588843
-0.11492166 12.679691 5.7460837
-1.4173673 11.262325 4.9416323
-2.375048 10.151415 4.5585604
-2.8730419 9.500193 4.865018
-2.911349 9.385271 5.6311626
-2.6431987 9.576807 6.2440777
-2.2601264 10.036493 6.5505357
-1.838747 10.764331 6.3589997
-1.3024457 11.415553 5.592855
-0.8810662 11.87524 4.673482
-0.6512228 12.066776 3.8307228
-0.4596867 11.9135475 3.2944214
-0.4596867 11.60709 3.2944214
-0.4213795 11.032482 4.4819455
-0.49799395 10.994175 4.97994
-0.6895301 11.032482 5.2480903
-0.7661445 11.262325 5.171476
-0.72783726 11.760319 4.9416323
-0.61291564 12.181698 4.7500963
-0.38307226 12.641385 4.4436383
-0.26815057 12.871228 4.1754875
-0.34476504 12.717999 4.098873
-0.45968673 12.220005 4.1754875
-0.7278373 11.722012 4.4436383
-1.0726024 11.224017 4.903325
-1.3790601 10.994174 5.363012
-1.4939818 11.262325 5.8226986
-1.3790601 11.683704 6.244078
-1.1492168 12.296619 6.588843
-0.80445176 12.83292 6.8186865
-0.61291564 13.024458 6.933608
-0.61291564 12.986151 6.9719152
-0.6512229 12.641386 6.8569937
-0.8044518 12.066777 6.8186865
-0.9959879 11.492168 6.7803793
-1.0726024 10.534487 6.703765
-1.0342952 10.304644 6.435614
-0.9576807 10.189722 6.0525417
-0.9959879 10.228029 5.592855
-1.0726023 10.151415 5.2097826
-1.2641385 10.0748005 5.056554
-1.532289 9.883265 4.903325
-1.8770542 9.653421 4.673482
-2.2601264 9.38527 4.405331
-2.6048913 9.11712 4.1371803
-2.8730419 8.848969 4.060566
-3.217807 8.619126 3.9456444
-3.4859576 8.504205 4.098873
-3.6391866 8.580819 4.405331
-3.6391866 8.848969 4.7117887
-3.4093432 9.308657 4.9799395
-3.1411927 9.80665 5.0182467
-2.9113493 10.0748005 4.8267107
-2.834735 10.113108 4.290409
-2.9113493 9.883265 3.7541082
-3.0262709 9.423577 3.1794996
-3.2561142 8.772355 2.834735
-3.562572 8.082825 2.7581205
-3.7541082 7.508216 2.9879637
-3.7541082 7.278373 3.4476504
-3.409343 7.508217 3.9073372
-2.8347347 8.00621 4.1371803
-2.1452045 8.772355 3.9456444
-1.532289 9.500193 3.4476502
-1.1109096 10.036493 2.8347347
-0.8810662 10.151415 2.3367407
-0.8810662 9.768343 2.183512
-1.0726023 9.040505 2.528277
-1.340753 8.121132 3.371036
-1.8004397 7.1634517 4.5202527
-2.1452045 6.550536 5.439626
-2.3750482 6.2823853 5.899313
-2.528277 6.244078 5.592855
-2.3750482 6.5505357 5.094861
-2.1068974 7.0485296 4.7884035
-1.7621324 7.699753 4.5968676
-1.340753 8.465897 4.7884035
-0.842759 9.270349 4.865018
-0.4213795 9.883265 4.8267107
-0.076614454 10.189723 4.7500963
0.076614454 10.189723 4.5968676
0.038307227 9.8832655 4.405331
-0.26815063 9.308657 4.098873
-0.7278373 8.619126 3.86903
-1.1492168 8.082825 3.86903
-1.3024458 7.967903 4.2904096
-1.1875241 8.159439 5.094861
-0.88106626 8.542511 5.8610053
-0.4596867 8.69574 6.2823853
-0.22984336 8.542511 6.205771
-0.19153613 8.121132 5.631162
-0.22984336 7.469909 5.0182467
-0.4213795 6.9719152 4.405331
-0.5363012 6.62715 3.8307228
-0.34476504 6.5505357 3.8307228
0.038307235 6.8186865 4.2521024
0.68953013 7.278373 4.9799395
1.3024458 7.776367 5.7077765
1.8004396 8.082825 6.090849
2.0685902 8.236053 6.0142345
2.1452045 8.236053 5.7843914
2.0685902 8.0445175 5.66947
2.1068974 8.121132 5.7843914
2.183512 8.312668 5.93762
2.2218192 8.619126 5.861006
1.9536686 8.465897 5.746084
1.7238252 8.389282 6.014235
1.9153614 8.887277 6.9336085
2.4899695 9.730036 8.159439
3.256114 10.611102 8.848969
3.6774936 11.18571 8.274361
3.6008792 11.032481 6.8569937
3.1411924 10.49618 5.133168
2.528277 9.768343 3.8690298
2.0685902 9.078813 3.3327286
1.7238252 8.504205 3.1794999
1.5705963 8.121132 3.4476504
1.6089035 8.312668 4.0222588
1.8387468 8.6574335 4.8267107
1.9919758 9.002199 5.363012
1.9919758 9.155428 5.401319
1.7621324 8.810662 4.903325
1.3407528 8.274361 4.1371803
0.9193735 7.6614456 3.5242648
0.61291564 7.125144 3.2178068
0.38307226 6.8569937 3.2178068
0.34476504 6.8569937 3.371036
0.4213795 7.125144 3.6008792
0.57460845 7.6614456 3.86903
0.8044518 8.197746 4.2904096
0.9193734 8.695741 4.5202527
0.9576807 9.040505 4.55856
0.842759 9.155427 4.55856
0.68953013 9.193734 4.252102
0.61291564 9.193734 4.1371803
0.5746084 9.232041 4.252102
0.5746084 9.308657 4.3287163
0.5363012 9.385271 4.481945
0.38307226 9.346964 4.6351743
0.26815057 9.155428 4.596867
0.26815057 9.002199 4.711789
0.30645782 9.002199 4.903325
0.3830723 9.040506 4.9799395
0.49799395 9.308657 5.2863975

