0.6512229 9.576807 5.439626
0.8810662 9.730036 5.4779334
0.8810662 9.346964 3.9456444
1.2258313 10.49618 4.0605664
1.4939818 11.568783 4.2521024
1.4556746 12.334927 4.6351748
1.2258313 12.947843 4.9799395
1.1109096 12.717999 4.9416323
1.0342951 12.564771 4.673482
1.0342951 12.488156 4.4436383
1.1109096 12.296619 4.060566
1.187524 12.181698 3.6774936
1.2258313 12.105083 3.4476504
1.2641385 11.990162 3.1411927
1.2258313 11.836933 2.9113493
1.0726023 11.645397 2.7964277
0.9959879 11.262325 2.6431987
0.842759 10.840946 2.566584
0.6512228 10.419565 2.528277
0.53630114 9.959879 2.6048913
0.30645782 9.576807 2.6048913
0.11492168 9.193734 2.7581203
-0.076614454 8.734048 2.9113493
-0.30645782 8.274361 2.9113493
-0.45968673 7.8912888 2.9496565
-0.6512229 7.508217 2.7581203
-0.7278373 7.2017584 2.4899697
-0.8810662 7.125144 2.2984335
-1.1492168 6.9719152 1.9153613
-1.3024457 6.8569937 1.2258313
-1.2641385 6.742072 0.80445176
-1.0342952 6.5888433 0.4596867
-0.7661446 6.6654577 0.8810662
-0.68953013 6.703765 1.1492168
-0.6512228 6.742072 0.9576807
-0.842759 6.3973074 0.45968673
-0.9959879 6.1291566 -0.03830722
-1.0726023 5.8226986 -0.34476504
-1.0342951 5.631162 -0.4213795
-0.88106626 5.631162 -0.22984336
-0.68953013 5.7077765 -0.038307227
-0.53630114 5.861006 0.26815057
-0.3830723 6.0525417 0.6129157
-0.2681506 6.1674633 0.8427591
-0.22984336 6.0142345 0.61291564
-0.22984336 5.8226986 0.34476507
-0.19153613 5.6311626 0.11492168
-0.11492168 5.4396267 0.076614454
-0.038307227 5.2480903 0.19153613
0.0 5.0948615 0.344765
0.038307227 5.0565543 0.6512229
0.22984335 5.1331687 0.842759
0.7278373 5.2863975 1.0726024
0.9959879 5.1714754 0.8810662
1.1875241 4.9416323 0.8810662
1.2641385 4.6351743 0.842759
1.3024457 4.290409 0.7278373
1.3407528 4.3670235 0.6895301
1.532289 4.5202527 0.7278373
2.0685902 4.7884035 0.42137948
2.221819 4.9799395 0.34476504
2.2601264 5.133168 0.3064578
2.2218192 5.324704 0.34476504
2.183512 5.554548 0.4213795
2.1452048 5.7843914 0.49799398
2.1068974 6.0142345 0.5746084
2.1452045 6.129156 0.6895301
2.221819 6.282385 0.95768064
2.2984338 6.5122285 1.340753
2.4516625 6.6654572 1.6472107
2.4516625 6.9719152 1.8387469
2.375048 7.201759 1.8387469
2.2984335 7.469909 1.6855179
2.2218192 7.8146744 1.6089035
2.2984335 8.121132 1.6855179
2.4899697 8.427589 2.030283
2.681506 8.657433 2.566584
2.7581205 8.810662 3.0645783
2.7198133 8.925584 3.4476504
2.4899697 9.002198 3.562572
2.2218192 9.040505 3.4476504
2.030283 9.155427 3.2944217
1.8004396 9.2703495 3.1411924
1.6855179 9.423578 2.9113493
1.5705963 9.576807 2.834735
1.3790601 9.768343 2.9496565
1.1875241 10.113108 3.256114
0.91937345 10.572795 3.7924151
0.68953013 11.109096 4.290409
0.45968673 11.645397 4.6351743
0.19153613 11.990162 4.865018
-0.038307227 12.181698 5.133168
-0.30645782 12.258312 5.5162406
-0.49799395 12.334927 6.0908494
-0.61291564 12.411541 6.6654577
-0.80445176 12.641384 7.0102224
-0.95768064 12.909535 6.933608
-1.1492168 13.101071 6.550536
-1.37906 13.292607 6.129156
-1.6472106 13.101071 5.899313
-1.9536686 12.794614 6.0908494
-2.2218192 12.373235 6.3589997
-2.4516625 11.990162 6.8186865
-2.4899697 11.836933 7.0102224
-2.4516625 11.798626 7.0485296
-2.3750482 12.105083 7.086837
-2.2218192 12.564771 6.9719152
-2.0685902 13.062765 7.0485296
-1.9153614 13.560759 7.125144
-1.9153614 13.790602 7.316681
-2.030283 13.752295 7.4316025
-2.2601264 13.369222 7.354988
-2.528277 12.909535 7.2400656
-2.719813 12.411542 6.895301
-2.7581205 11.990162 6.5888433
-2.6048913 11.798626 6.0142345
-2.566584 11.683704 5.899313
-2.6048913 11.530476 5.707777
-2.6431987 11.262325 5.516241
-2.6431987 10.840945 5.516241
-2.6048915 10.572795 5.401319
-2.5665843 10.342951 5.2480903
-2.6431987 10.113108 5.094861
-2.834735 9.959879 4.711789
-2.9879637 9.653421 4.405331
-3.1028855 9.500193 4.4819455
-3.1028855 9.5385 4.6351748
-3.0262709 9.768343 4.903325
-2.9496565 10.113108 5.1331687
-3.026271 10.113108 5.0182467
-3.2561145 9.80665 4.8267107
-3.562572 9.117121 4.711789
-3.86903 8.312669 4.7500963
-4.0222588 7.699753 5.0182467
-3.9839516 7.508217 5.1714754
-3.6774938 7.8912888 5.2097826
-3.2561145 8.542512 4.903325
-2.7581203 9.385271 4.367024
-2.183512 10.151416 3.86903
-1.8004397 10.611102 3.3327289
-1.6089035 10.6877165 3.0645783
-1.6472107 10.189722 2.987964
-1.9153613 9.346963 3.141193
-2.4133554 8.159439 3.7924156
-2.9879637 6.895301 4.5968676
-3.4476504 5.899313 5.4396267
-3.7541084 5.24809 6.167464
-3.6391866 5.133168 6.3589997
-3.217807 5.4396257 5.975927
-2.6048913 6.2440777 5.286397
-1.7238251 7.431602 4.7117887
-0.84275895 8.734048 4.405331
0.11492165 10.113108 4.55856
0.95768064 11.109097 4.865018
1.3024457 11.224018 5.0182467
1.1875241 10.534487 5.094861
0.61291564 9.308657 5.094861
-0.22984332 7.814674 5.324704
-0.8810662 6.62715 6.282385
-1.0342951 6.052542 7.31668
-0.7661445 6.052542 8.274361
-0.03830722 6.5122285 8.695741
0.91937345 7.163451 8.121132
2.336741 8.274361 6.129156
2.873042 8.6574335 4.9799395
2.9879637 8.619126 4.673482
3.0262709 8.542512 4.55856
3.1411924 8.197746 4.443638
3.409343 7.73806 4.8267107
3.562572 7.469909 5.094861
3.715801 7.393295 5.133168
3.715801 7.240066 5.1714754
3.7541084 7.240066 5.0182467
3.86903 7.393295 4.673482
4.060566 7.5848308 4.2904096
4.405331 8.00621 3.7158008
4.750096 8.312668 3.2944217
4.9416323 8.542512 3.1028852
5.0182467 8.695741 3.0262709
4.9416323 8.734048 3.2944214
4.6734815 8.6574335 3.6391864
4.3287163 8.504205 4.0222588
3.9839516 8.312668 4.4436383
3.6774936 8.082825 4.7500963
3.4859576 7.929596 5.0182467
3.4476504 7.8529816 5.094861
3.4476504 7.967903 5.133168
3.4859576 8.236053 4.9799395
3.5242648 8.580819 4.6351743
3.4859576 8.887277 4.3287163
3.3710358 9.117121 4.060566
3.217807 9.155428 3.9073372
2.9496565 9.040506 3.9839516
2.6048913 8.848969 4.290409
2.2218192 8.542511 4.711789
1.8387469 8.312668 5.363012
1.6855179 8.312668 5.93762
1.7238252 8.504204 6.3589997
1.9153614 8.887276 6.6271505
2.2601264 9.461885 6.6271505
2.4516625 9.844957 6.3973074
2.528277 10.151415 6.0142345
2.4899697 10.266336 5.439626
2.2218192 10.151415 4.903325
1.9536686 9.959879 4.596867
1.7238252 9.691729 4.3287168
1.5322891 9.308656 4.3287168
1.3790601 8.887277 4.405331
1.2258313 8.580818 4.4436383
1.0342951 8.312668 4.6734815
0.842759 8.197746 4.7117887
0.68953 8.082825 4.7500963
0.61291564 8.0445175 4.7884035
0.57460845 8.0445175 4.711789
0.68953013 8.00621 4.7884035
0.8810662 8.197746 4.865018
1.1109096 8.465897 4.903325
1.3407528 8.734048 5.0182467
1.4173673 9.002198 5.056554
1.3790601 9.078813 4.9799395
1.3024458 9.002198 4.903325
1.1109096 8.887277 4.711789
0.9193735 8.810662 4.55856

