0.7278373 8.848969 4.750096
1.3407528 10.304645 4.865018
1.8770541 11.798626 4.8267107
2.4899697 13.215994 4.903325
3.064578 14.671668 5.094861
3.1794996 14.863204 5.4779334
3.5242648 15.246277 6.129156
3.86903 15.7825775 6.703765
4.2521024 16.203957 7.1251445
4.4819455 16.395493 7.0868373
4.4819455 16.242264 6.7420716
4.3287168 15.7825775 6.3206925
3.9073372 15.093048 5.899313
3.4093432 14.403519 5.66947
2.9113493 13.828909 5.516241
2.566584 13.560759 5.66947
2.4516625 13.599066 5.746084
2.48997 13.790602 5.746084
2.4133554 13.790602 5.439626
2.183512 13.484144 4.711789
1.8004396 12.947844 3.9839516
1.3407528 12.334928 3.1794999
1.0342951 11.683704 2.566584
0.84275895 11.109096 2.3367407
0.7661445 10.534487 2.3750482
0.61291564 9.883265 2.719813
0.4596867 9.500193 3.1028852
0.34476504 9.155427 3.4476504
0.15322891 8.848969 3.7158012
-0.038307227 8.350975 3.8307228
-0.38307226 7.4699097 3.9456444
-0.9193734 6.550536 3.86903
-1.4939817 5.5928555 3.6774938
-2.030283 4.7500963 3.2944217
-2.4899697 4.137181 2.6815057
-2.6431987 3.562572 2.1452045
-2.4899697 3.2561142 1.7238252
-2.030283 3.4093432 1.532289
-1.340753 4.060566 1.5705962
-0.6512229 4.9799395 1.7238252
-0.22984336 5.784391 1.7621324
-0.11492168 6.1674633 1.6472108
-0.30645782 6.0525417 1.532289
-0.842759 5.4779334 1.37906
-1.5322891 4.7884035 1.37906
-2.183512 4.098873 1.4939818
-2.719813 3.4093432 1.685518
-3.1794999 2.9113493 1.838747
-3.4093432 2.528277 1.9153614
-3.2944217 2.566584 1.9153614
-2.5665843 3.9456441 1.838747
-1.9536686 5.0182467 1.5705962
-1.532289 5.822698 1.0726023
-1.1875241 6.435614 0.45968676
-0.9576807 6.397307 0.038307227
-0.9193735 6.0525417 -0.22984336
-0.99598795 5.7843914 -0.34476504
-0.99598795 5.363012 -0.26815057
-0.99598795 5.439626 -0.26815057
-0.57460845 5.861006 -0.038307227
-0.19153613 6.129156 -0.30645782
0.038307227 6.2057705 -0.49799395
0.26815057 6.282385 -0.5746084
0.49799395 6.3589997 -0.45968673
0.61291564 6.320692 -0.19153613
0.7661446 6.1674633 -0.11492168
0.9959879 5.5928555 -0.49799392
1.3024457 5.401319 -0.9193734
1.7238252 5.2097826 -1.1109096
1.8387469 5.094861 -0.8810662
1.685518 4.903325 -0.49799395
1.532289 4.711789 0.038307227
1.4556746 4.55856 0.7661445
2.1452045 5.094861 0.7661445
2.6431985 5.631162 0.4213795
3.064578 6.090849 0.038307227
3.4476504 6.588843 -0.26815057
3.5625725 7.0102224 -0.15322891
3.4859579 7.201759 0.26815057
3.1794999 7.240066 0.8810662
2.719813 7.010223 1.4556746
2.2984335 6.512229 1.8387469
1.8770541 6.1291566 2.030283
1.685518 6.1291566 2.0685902
1.685518 6.3589997 1.8387468
1.9919759 7.0868373 1.3790601
2.9113493 8.427589 0.19153613
3.3327286 9.040505 -0.19153613
3.5242648 9.346964 -0.11492168
3.6008792 9.653421 0.38307226
3.5242648 9.80665 1.1492169
3.371036 9.883265 2.030283
3.1795 9.883265 2.7581205
3.026271 9.844957 3.1028855
2.719813 9.576807 2.911349
2.6048913 9.346964 2.4516625
2.528277 9.308657 2.2601266
2.6048913 9.423578 2.566584
2.9496565 10.342951 3.7924151
3.2561142 10.955867 4.4053307
3.1794999 12.181698 4.5968676
2.681506 12.449849 4.5585604
1.7238252 12.105084 4.4819455
0.5746084 11.262325 4.55856
-0.38307223 10.189723 4.9416323
-0.95768064 9.385271 5.1714754
-1.0342951 9.155428 5.24809
-0.7278373 9.385271 5.1714754
-0.15322894 10.189722 5.056554
0.7661445 12.028469 5.209783
1.0342951 12.909536 5.363012
0.9576807 14.020445 5.439626
0.57460845 13.867216 5.401319
-0.038307227 13.101071 5.477934
-0.72783726 12.105083 5.6311626
-1.3024458 11.224017 5.707777
-1.6089035 11.070788 5.7843914
-1.2641385 12.373235 5.5162406
-0.842759 13.254301 5.592855
-0.4213795 13.7522955 5.822698
-0.076614454 14.058753 6.090849
0.038307227 14.211982 6.435614
0.038307227 14.020445 6.62715
-0.076614454 13.713986 6.703765
-0.19153613 13.407529 6.8569937
-0.38307226 13.101071 6.895301
-0.6129156 12.717999 6.933608
-0.8810662 12.334928 7.0102224
-1.1875241 11.87524 7.0485296
-1.4556746 11.45386 7.2017584
-1.685518 11.224017 7.2017584
-1.8770542 11.070788 7.240066
-2.030283 11.070788 6.8569937
-1.9919758 10.91756 6.703765
-1.9153614 10.764331 6.3589997
-1.8770542 10.381259 6.0525417
-1.9153614 9.95988 5.93762
-1.9919758 9.615114 5.8226986
-2.0685902 9.346964 5.8226986
-2.0685902 9.308657 5.8226986
-2.0685902 9.385271 5.6694694
-2.0685902 9.691729 5.439626
-2.0685902 9.844957 5.3247046
-2.2218192 9.80665 5.363012
-2.4899697 9.576807 5.5162406
-2.834735 9.002199 5.5545483
-3.2178073 8.42759 5.4396267
-3.4859576 8.00621 5.286397
-3.6008792 7.699753 4.865018
-3.6008792 7.6231384 4.5585604
-3.4859574 7.6614456 4.3287168
-3.2561142 7.73806 3.9839516
-3.0262709 7.8912888 3.9073372
-2.7964275 8.121132 3.9456444
-2.5665843 8.236053 4.098873
-2.5282772 8.00621 4.2904096
-2.5665843 7.546524 4.405331
-2.6431987 7.163452 4.6351748
-2.681506 6.8569937 4.6351748
-2.681506 6.8186865 4.5585604
-2.4516625 6.9719152 4.6351748
-2.1068974 7.2783732 4.8267107
-1.2641385 7.6231384 5.7843914
-0.49799395 7.8146744 6.435614
-0.11492168 8.082825 6.244078
0.19153614 8.350976 5.6694694
0.34476507 8.504205 5.056554
0.3830723 8.312668 4.596867
0.3064578 8.00621 4.596867
0.2681506 7.8529816 4.9416323
0.42137948 7.8912888 5.439626
0.80445176 8.197746 5.93762
1.2641385 8.619125 6.0142345
1.685518 9.002198 5.592855
2.1068976 9.308657 5.0182467
2.336741 9.385271 4.3287168
2.4133554 9.193735 3.9073372
2.336741 8.848969 3.8307228
2.1452048 8.389282 3.7924156
1.9919758 8.00621 3.9456444
1.9153614 7.8912888 4.1754875
2.030283 7.73806 4.4436383
2.2218192 7.6231384 4.7884035
2.4516625 7.4699097 5.0565543
2.719813 7.163451 5.2480903
2.873042 6.9719152 5.2480903
2.9879637 6.933608 5.133168
3.1028852 7.0868373 4.903325
3.1795 7.393295 4.596867
3.4093432 7.8912888 4.2521024
3.677494 8.465897 4.098873
3.9073372 9.002198 4.0222588
4.098873 9.461885 4.060566
4.060566 9.5385 4.1371803
3.8307228 9.346964 4.1754875
3.5242648 8.963891 4.1371803
3.2561142 8.504204 4.1754875
3.0262709 8.082825 4.367024
3.1028855 7.776367 4.520253
3.4093432 7.8529816 5.0182467
3.754108 8.159439 5.363012
4.1371803 8.6574335 5.477934
4.3287168 9.040505 5.363012
4.2521024 9.040505 4.9416323
4.0222588 8.734048 4.55856
3.715801 8.312668 4.4436383
3.371036 8.00621 4.711789
3.1411927 7.8529816 5.171476
3.1028855 7.967903 5.554548
3.3710358 8.350975 5.861006
3.8307226 8.925584 5.861006
4.3287163 9.5385 5.5928555
4.7500963 10.0748005 5.24809
4.9416323 10.419566 4.7500963
4.7884035 10.381259 4.3287163
4.367024 10.113108 4.1754875
3.7924156 9.653421 4.1754875
3.1794996 9.078813 4.2521024
2.6815057 8.69574 4.367024
2.375048 8.542511 4.2521024
2.2984335 8.542511 4.1754875
2.2601264 8.6574335 4.1754875
2.2984335 8.695741 4.252102
2.2984335 8.619126 4.6351743
2.2218192 8.580819 5.133168
2.183512 8.504205 5.7077765
2.1068976 8.542512 6.1674633
2.030283 8.542512 6.129156
1.9919758 8.542512 5.707777
1.8004397 8.695741 4.903325
1.5705963 8.695741 4.137181
1.4173675 8.810662 3.7924156

