1.2641385 8.810662 3.9073372
1.1109096 8.389282 5.0182467
1.4939818 9.4618845 4.9799395
1.8770542 10.649408 5.2863975
2.4133554 11.951855 5.746084
3.0262709 13.292608 6.3589997
3.2178073 13.67568 7.3166804
3.6008792 14.288597 8.197747
4.098873 14.978127 8.734048
4.5202527 15.629349 8.848969
4.903325 16.050728 8.542512
5.056554 16.01242 7.8529816
4.903325 15.514427 7.0485296
4.55856 14.824898 6.5505357
4.1371803 14.097059 6.3589997
3.7924156 13.484144 6.3589997
3.6008792 13.1393795 6.5505357
3.4476502 12.794614 6.62715
3.3710358 12.56477 6.588843
3.2561142 12.373234 6.320692
3.064578 11.990162 5.9376197
2.8347347 11.568783 5.477933
2.528277 11.032481 4.9416323
2.1452045 10.496181 4.4436383
1.7621324 10.113108 3.9839516
1.4556746 9.844957 3.6008792
1.3024457 9.691729 3.2561142
1.3024457 9.691729 3.064578
1.340753 9.615114 2.9496565
1.340753 9.461885 2.7964277
1.1492168 9.232042 2.681506
0.7278373 8.848969 2.5282772
0.30645782 8.504204 2.2984338
-0.11492168 8.197746 2.030283
-0.49799398 8.00621 1.6472107
-0.7661445 7.6614456 1.3790601
-1.2258313 7.163451 1.4173673
-1.7238252 6.588843 1.3790601
-2.1068976 5.899313 1.4556746
-2.4133554 5.3247046 1.3790601
-2.4133554 4.9799395 1.2258313
-2.2601264 4.673482 1.2258313
-2.183512 4.4819455 1.2641385
-2.1452048 4.367024 1.4556746
-2.1068974 4.1754875 1.6472107
-2.1452048 3.907337 1.6855179
-2.2218192 3.4859576 1.340753
-2.2218192 3.1028855 1.0726024
-2.2984335 2.719813 0.9576807
-2.2984335 2.6431987 1.1875241
-2.1452045 2.8347347 1.9153613
-2.0685902 2.987964 2.3750482
-1.9153614 3.3327289 2.336741
-1.6472108 3.7541084 1.9153614
-1.3024457 4.2521024 1.2641385
-0.842759 4.9799395 0.5746084
-0.45968673 5.592855 0.15322891
-0.26815057 5.9759274 0.038307227
-0.26815057 6.129156 0.076614454
-0.38307226 6.129156 0.49799395
-0.45968676 6.1674633 0.95768064
-0.4213795 6.320692 1.3024457
-0.30645782 6.6654577 1.5705965
-0.11492168 6.8569937 1.4556746
0.0 7.0102224 1.1492169
0.076614454 6.933608 0.2681506
0.076614454 6.742072 0.038307227
0.19153613 6.3589993 -0.15322891
0.34476504 5.93762 0.0
0.57460845 5.6311626 0.30645782
0.8810662 5.439626 0.53630114
1.187524 5.4779334 0.7661445
1.4939818 5.554548 0.6512229
1.6472108 5.707777 0.19153613
1.8004397 5.93762 -0.45968676
1.9153614 6.090849 -1.1492169
2.0685902 6.2440777 -1.6472108
2.2601266 6.2823853 -1.685518
2.3750482 6.1674633 -1.2641386
2.4133554 6.129156 -0.45968673
2.2984335 6.090849 0.38307226
2.1452048 6.0142345 1.2258313
1.9536686 6.129156 1.6855179
1.9153614 6.090849 1.6855179
2.030283 6.1674633 1.2641385
2.3750482 6.435614 0.6129156
2.9113493 6.818686 7.4505806E-9
3.2944217 7.2783732 -0.45968673
3.6391866 7.73806 -0.4213795
3.715801 8.00621 -0.114921674
3.4476504 7.967903 0.5363012
3.0262709 7.73806 1.2641385
2.528277 7.354988 1.8770541
1.9919758 7.0102224 2.1835117
1.6472108 6.7803793 1.8387469
1.4556746 6.8186865 1.4173675
1.2641385 6.933608 0.7661446
1.1875241 7.0485296 0.2681506
1.1109096 7.1634517 0.22984338
1.1492168 7.2783732 0.45968673
1.2258313 7.5082164 1.0342951
1.2258313 7.776367 1.532289
1.1109096 8.0445175 1.8004396
0.842759 8.236053 1.9153614
0.5363012 8.312668 1.9153614
0.34476504 8.389282 2.1452048
0.45968673 8.6574335 2.6048913
0.7661446 9.232042 3.1028852
1.1875241 9.998187 3.4476504
1.5322891 10.91756 3.371036
1.5705963 11.568783 3.371036
1.3024458 11.951855 3.2561145
0.842759 11.951855 3.371036
0.3830723 11.722012 3.715801
0.076614454 11.645397 4.1371803
0.19153613 11.722012 4.7500963
0.61291564 11.990162 5.2097826
1.1875241 12.564771 5.592855
1.8004398 13.2543 5.6311626
2.1452048 13.867216 5.2863975
2.2601264 14.5567465 4.9416323
2.1452045 15.093048 4.7117887
1.7621324 15.246277 4.788403
1.2641385 15.169662 5.324704
0.61291564 14.709976 5.899313
-0.07661446 13.982138 6.3973064
-0.6895301 13.062765 6.742072
-1.3790601 12.066776 6.5888433
-1.9536686 11.147404 6.244078
-2.2601264 10.457872 5.8226986
-2.183512 10.49618 5.401319
-1.6472107 11.109097 5.209783
-0.9193734 12.258313 5.3247046
-0.22984335 13.484144 5.707777
0.15322891 14.288596 6.244078
0.15322891 14.403518 6.8186865
-0.15322892 13.9438305 7.201759
-0.7278373 13.101071 7.201759
-1.3790601 12.066777 6.742072
-1.9153613 11.262324 6.167464
-2.183512 10.649408 5.6311626
-2.183512 10.381258 5.209783
-1.9536686 10.572794 5.0948615
-1.6089036 10.879253 4.903325
-1.2641385 11.300632 4.6734815
-0.99598783 11.530476 4.5202527
-0.88106626 11.453861 4.3287168
-0.91937345 11.185711 4.2904096
-1.0726024 10.764332 4.4053316
-1.3024458 10.266336 4.4053316
-1.5705963 9.844957 4.4053316
-1.8004397 9.615114 4.481946
-2.0685902 9.423578 4.673482
-2.221819 9.346964 4.9799395
-2.336741 9.385271 5.3247046
-2.3750482 9.500193 5.516241
-2.2218192 9.730036 5.516241
-2.0685902 10.113108 5.4396267
-1.9153614 10.457872 5.209783
-1.8387469 10.572794 5.0182467
-1.9919758 10.49618 4.7117887
-2.3750482 10.189722 4.5202527
-2.834735 9.615114 4.596867
-3.371036 9.040506 4.7884035
-3.8307228 8.465898 5.018247
-4.1754875 7.967903 5.2480903
-4.290409 7.6231384 5.1331687
-3.8307226 7.5848308 4.4436383
-2.834735 8.159439 3.6008797
-2.5282772 8.274361 3.5242648
-2.4516628 7.929596 4.2521024
-2.5282772 7.584831 4.7884035
-2.2218192 7.6614456 4.9799395
-2.030283 7.8146744 4.711789
-1.685518 8.0445175 4.3287168
-1.3024458 8.389282 4.1371803
-0.99598795 8.389282 4.1754875
-0.5363012 8.580818 4.3287168
-0.19153613 8.810662 4.6734815
0.07661445 8.963891 4.9799395
0.34476504 8.963891 5.2097826
0.34476504 8.772355 5.094861
0.3830723 8.236053 4.5202527
0.4213795 8.159439 4.2137947
0.5363012 8.159439 4.1754875
0.7278373 8.236053 4.7117887
0.8810662 8.312668 5.324704
0.9959879 8.350975 6.0142345
1.0726024 8.312668 6.3206925
1.1109096 8.274361 6.0142345
1.2641385 8.350975 5.439626
1.532289 8.427589 4.6351748
1.8387468 8.465898 3.9839516
2.0685902 8.42759 3.4093432
2.260126 8.274361 3.1028855
2.4133554 8.159439 3.1028855
2.528277 8.197746 3.562572
2.834735 8.350975 4.4053307
3.064578 8.619125 5.2097826
3.2178073 8.772355 5.4779334
2.9879637 8.6574335 4.865018
2.7581205 8.350975 4.213795
2.566584 8.00621 3.677494
2.4899697 7.73806 3.5242648
2.6048913 7.699753 3.6391864
2.873042 7.8912888 3.9073372
3.2944217 8.42759 4.367024
3.6774936 8.963891 4.6734815
3.7924156 9.232041 4.865018
3.7924156 9.308656 4.903325
3.6008792 9.11712 4.9799395
3.371036 8.772354 5.133168
3.1411924 8.542511 5.3630114
2.9496565 8.427589 5.631162
2.9496565 8.504204 6.0525417
3.1794999 8.925584 6.397307
3.715801 9.461885 6.5122285
4.290409 10.074801 6.397307
4.673482 10.496181 5.5928555
4.7884035 10.534488 4.673482
4.6351748 10.304644 3.7924156
4.3287168 9.844957 3.1794999
3.9839516 9.461885 3.1028855
3.7924154 9.193734 3.3327286
3.562572 9.040505 3.6774938
3.2561142 8.848969 4.098873
2.9879637 8.542511 4.3670235
2.5282772 8.312668 4.4436383
2.1068976 8.00621 4.4819455
1.7238252 7.8146744 4.3287168
1.3407528 7.776367 4.2521024
1.1109096 7.6614456 4.213795
0.9959879 7.73806 4.1754875
1.0726024 8.0445175 4.2521024
1.2258313 8.389282 4.1754875
1.3790601 8.887277 4.1371803
1.4556746 9.308657 4.098873
1.4556746 9.576807 4.098873
1.340753 9.691729 4.252102
1.1875241 9.730036 4.405331
1.0726024 9.768343 4.673482
0.91937345 9.653421 4.8267107
0.8810662 9.615114 4.9799395
0.842759 9.500193 5.056554
0.80445176 9.385271 4.9799395
0.7278373 9.423578 4.8267107
0.61291564 9.500193 4.673482

