0.5363012 9.5385 4.5968676
0.49799395 9.615114 4.55856
0.6895301 8.963892 4.8267107
1.3024457 10.381259 4.9416323
2.030283 12.258313 5.209783
2.7581203 13.867216 5.554548
3.4859576 15.667656 6.0142345
3.7924156 15.974113 6.3589993
4.4436383 16.050728 6.4356136
4.3287168 15.74427 6.1674633
3.9839518 15.131355 5.93762
3.4476504 14.326902 5.66947
2.873042 13.484144 5.4779334
2.3750482 12.641384 5.4779334
1.9153614 11.87524 5.4779334
1.4939818 11.224018 5.6311626
1.1875241 10.802638 5.7843914
0.91937345 10.457873 5.7843914
0.61291564 10.189722 5.6311626
0.2681506 9.844957 5.056554
-0.15322891 9.423578 4.3670235
-0.61291564 9.078814 3.6774938
-1.0342951 8.695741 3.0262709
-1.5705965 8.389282 2.6815057
-2.1068976 8.082825 2.4516625
-2.9879637 7.316681 2.48997
-3.217807 6.8186865 2.5665843
-3.4476504 6.282386 2.719813
-3.5242648 5.7843914 2.873042
-3.562572 5.324705 3.1028855
-3.371036 5.2097826 3.2944214
-2.9113493 5.4013195 3.4476504
-2.4516625 5.7843914 3.371036
-1.9919759 6.359 3.1028855
-1.6472107 6.742072 2.7581205
-1.4939818 6.703765 2.2218192
-1.4173673 6.397307 1.5322891
-1.3024457 5.93762 0.8044518
-1.2641385 5.4779334 0.1532289
-1.2258313 5.209783 -0.11492168
-1.1875241 5.0182467 0.11492169
-1.1875241 4.8267107 0.49799395
-1.1492169 4.7500963 0.9959879
-1.0726024 4.903325 1.3790603
-0.9576807 5.133168 1.5705962
-0.8810662 5.401319 1.6089035
-0.7661445 5.707777 1.5705963
-0.6512228 5.861006 1.3024458
-0.57460845 5.93762 0.9959879
-0.49799398 6.0525417 0.7661445
-0.4213795 6.0142345 0.34476504
-0.3830723 6.0142345 0.038307227
-0.2681506 6.0525417 -0.6512229
-0.22984335 6.2057705 -0.7661445
-0.15322891 6.2823853 -0.7278373
-0.076614454 6.3589997 -0.6512229
0.0 6.435614 -0.4213795
0.11492168 6.435614 -0.22984336
0.15322891 6.3589993 -0.19153613
0.19153613 6.2057705 -0.076614454
0.19153613 6.0525417 -0.11492168
0.22984335 5.93762 -0.22984335
0.38307226 5.899313 -0.34476504
0.6129157 5.7843914 -0.42137948
0.88106626 5.5545483 -0.61291564
1.1492169 5.286397 -0.6895301
1.3407528 5.0182467 -0.6512229
1.4556746 4.8267107 -0.6512229
1.4556746 4.7884035 -0.5363012
1.37906 4.7500963 -0.49799395
1.3407528 4.7884035 -0.4213795
1.4173675 4.9799395 -0.45968673
1.7238252 5.1331687 -0.49799395
2.1068974 5.401319 -0.53630114
2.528277 5.6311626 -0.6512228
2.9113493 5.975928 -0.61291564
3.141193 6.320693 -0.49799392
3.2944217 6.6271505 -0.2681506
3.2561145 6.8569937 0.038307227
3.1028852 6.8186865 0.30645782
2.9496565 6.7037644 0.61291564
2.7581205 6.4739213 0.842759
2.6431987 6.282385 1.0342952
2.566584 6.282385 1.0726024
2.2984335 6.2057705 0.8427591
1.9919758 6.129156 0.45968673
1.7238252 6.1674633 -7.4505806E-9
1.532289 6.090849 -0.3830723
1.6472108 6.282385 -0.30645782
2.0685902 6.8186865 0.19153613
2.566584 7.3932943 1.1492169
2.9496565 8.082825 2.2601264
3.0645783 8.734047 3.0645783
2.7964277 9.040506 3.4093432
2.336741 9.078814 3.0645783
1.8770542 8.887277 2.4133554
1.532289 8.6574335 1.7238252
1.3790603 8.350975 1.2258313
1.3790603 8.274361 1.2258313
1.4556746 8.465897 1.5705963
1.5322891 8.772354 2.336741
1.5705963 9.385271 3.4093432
1.6089035 10.228029 4.5968676
1.4556746 11.185711 5.554548
1.2641385 12.028469 6.090849
0.99598795 12.7179985 6.282385
0.5363012 12.98615 6.129156
0.114921674 12.947843 6.129156
-0.22984336 12.832921 6.3589993
-0.53630114 12.794614 6.703765
-0.7278373 12.909535 7.278373
-0.8044518 13.101071 8.0445175
-0.9193735 13.369223 8.772355
-1.1492169 13.560759 9.232041
-1.4173673 13.40753 9.232041
-1.7621324 13.177687 8.619125
-2.1068974 12.756307 7.8146744
-2.4133554 11.836933 6.6654577
-2.4133554 11.415554 6.703765
-2.2601264 11.224018 6.8569937
-1.9919758 11.185711 7.0868373
-1.7238252 11.415554 6.5888433
-1.532289 11.722012 5.899313
-1.4556745 11.9135475 5.094861
-1.4939818 11.990162 4.596867
-1.5705963 11.798626 4.6351743
-1.6472107 11.530476 4.8267107
-1.8004396 11.224018 5.171476
-2.030283 10.917561 5.2863975
-2.183512 10.6877165 5.4396267
-2.2218192 10.572795 5.5928555
-2.1452048 10.649409 5.66947
-1.9919758 10.802638 5.66947
-1.8004397 10.994175 5.554548
-1.6089036 11.147404 5.3247046
-1.493982 11.109097 5.133168
-1.4556746 11.032482 5.056554
-1.493982 10.764331 5.133168
-1.685518 10.419565 5.286397
-1.8770542 10.113108 5.3247046
-2.030283 9.80665 5.401319
-2.183512 9.5385 5.3247046
-2.2601264 9.385271 5.1331687
-2.2984335 9.270349 5.171476
-2.2601264 9.193734 5.209783
-2.1835117 9.270349 5.1714754
-2.1068974 9.308657 5.133168
-2.1068974 9.423578 4.941632
-2.2218192 9.423578 4.6351743
-2.7964277 9.002198 4.3287163
-3.141193 8.504204 4.3287163
-3.4476504 7.967903 4.4053307
-3.7158012 7.623138 4.55856
-3.7924156 7.393295 4.711789
-3.7158012 7.393295 4.7500963
-3.5242648 7.699753 4.6351748
-3.1795 7.967903 4.4436383
-2.7964277 8.427589 4.1371803
-2.3750482 9.002197 3.7541082
-2.0302832 9.385271 3.4476504
-1.838747 9.615114 3.1411927
-1.838747 9.423578 3.1028855
-2.2984338 8.121132 3.9839518
-2.566584 7.4699097 4.5585604
-2.7964277 7.0102224 4.865018
-2.7964277 6.8186865 4.8267107
-2.566584 6.895301 4.711789
-2.1835117 7.278373 4.596867
-1.6089035 7.8529816 4.6351743
-1.0726024 8.504204 4.711789
-0.5746084 9.232042 4.7884035
-0.22984336 9.5385 4.7884035
-0.11492168 9.576807 4.711789
-0.22984335 9.232041 4.6351743
-0.5746084 8.542512 4.6351743
-0.95768064 7.8529816 4.8650174
-1.2641385 7.2017584 5.3630114
-1.3407528 6.895301 6.0525417
-1.187524 6.8186865 6.7803793
-0.842759 6.933608 7.201759
-0.4213795 7.086837 7.04853
0.0 7.2017584 6.6654577
0.4213795 7.3932953 6.167464
0.76614463 7.584831 5.707777
1.1109096 7.967903 5.4779334
1.4556746 8.465897 5.3247046
1.8387469 8.963892 5.1714754
2.336741 9.5385 5.133168
2.7964277 9.959879 5.094861
3.1795 10.113108 4.9799395
3.2944217 9.768343 4.865018
2.873042 8.121132 4.711789
2.4516625 7.2400656 4.865018
2.2218192 6.818686 5.1331687
2.2218192 6.780379 5.439626
2.528277 7.125144 5.746084
3.064578 7.5465236 5.707777
3.6391864 8.0445175 5.401319
4.367024 8.734048 4.4436383
4.4436383 9.002198 3.7541084
4.405331 9.040505 3.2944217
4.252102 8.887277 2.9113493
4.060566 8.6574335 2.7198129
3.86903 8.312668 2.911349
3.6774936 8.00621 3.3710358
3.562572 7.8912888 3.9456444
3.4859576 7.8529816 4.520253
3.409343 7.8912888 5.1331687
3.3327286 8.00621 5.3247046
3.2944214 8.0445175 5.3247046
3.371036 8.236053 5.2097826
3.4476504 8.465897 5.0182467
3.5242648 8.619125 4.903325
3.4093432 8.695741 4.711789
3.1411924 8.6574335 4.5585604
2.8347347 8.6574335 4.4436383
2.566584 8.848969 4.5202527
2.6048913 9.308656 4.9416323
2.8347347 9.80665 5.4013186
3.1794999 10.189723 5.7077765
3.4476504 10.304645 5.8226986
3.4476504 10.074801 5.5162406
3.2944217 9.653421 5.133168
3.0645783 9.11712 4.82671
2.7964275 8.504205 4.596867
2.4133554 7.73806 4.7500963
2.2601264 7.6614456 4.903325
2.1452045 7.8529816 4.9416323
2.0685902 8.159439 4.903325
2.030283 8.427589 4.7884035
1.9919758 8.619125 4.673482
1.9919758 8.810662 4.55856

