1.9919758 9.002198 4.7500963
1.9919758 9.155427 5.0182467
1.8770541 8.772355 5.1714754
2.183512 9.959879 5.133168
2.6431985 11.568783 5.24809
3.5242648 13.982138 5.66947
4.405331 16.548721 6.2057705
5.094861 17.81286 6.6654577
5.554548 18.693926 7.086837
5.8226986 19.153614 7.163451
5.9759274 19.383457 7.125144
5.9759274 19.460072 7.125144
5.93762 19.460072 7.2400665
5.93762 19.230228 7.73806
5.93762 18.655619 8.312668
5.93762 18.004396 8.925584
5.9759274 17.12333 9.193734
5.93762 16.242264 9.002198
5.8226986 15.47612 8.580819
5.66947 14.441824 7.8912888
5.2863975 13.215994 7.086837
4.711789 11.87524 6.2823853
3.9456444 10.266336 5.4779334
2.9496565 8.772355 4.7884035
2.030283 7.393295 4.4819455
1.1875241 6.1674633 4.252102
0.49799395 5.286397 4.252102
-7.4505806E-9 4.5968676 4.2137947
-0.45968676 4.252102 4.060566
-0.84275895 4.060566 3.86903
-1.1109096 4.0222588 3.3710358
-1.2258313 4.3287168 2.0685902
-0.72783726 5.209783 1.1109096
-0.49799395 5.899313 0.8810662
-0.72783726 5.93762 1.1875241
-0.9959879 5.93762 1.532289
-1.3024458 5.7843914 1.9919759
-1.6472108 5.592855 2.3750482
-1.8770541 5.401319 2.4133554
-1.9536686 5.1714754 2.183512
-1.9153614 5.094861 1.685518
-1.6472108 5.4013186 1.1492168
-1.2641385 5.861006 0.91937345
-1.0726023 6.320693 0.9959879
-1.0342951 6.512229 1.3790603
-1.1492168 6.2440786 1.8387469
-1.3790603 5.7843914 2.1452048
-1.5322891 5.286397 2.2601264
-1.6089035 4.903325 2.2601264
-1.5705963 4.7500963 2.0685902
-1.4556745 4.7884035 1.7238252
-1.3024457 4.9033256 1.1109096
-0.9959879 5.4013195 0.49799398
-0.7661446 5.8993134 0.11492168
-0.5363012 6.244078 0.0
-0.4213795 6.5122285 0.15322891
-0.45968676 6.397307 0.45968673
-0.5363012 6.1674633 0.80445176
-0.61291564 5.899313 0.9959879
-0.61291564 5.861006 0.91937345
-0.45968673 5.9759274 0.22984335
-0.34476504 6.2057705 -0.4213795
-0.19153613 6.282385 -0.80445176
0.19153613 6.3589993 -1.2258313
0.45968673 6.2440777 -0.84275895
0.6512229 6.0525417 -0.3064578
0.842759 5.93762 0.42137948
0.99598795 5.707777 0.80445176
1.1109096 5.6311626 0.61291564
1.2641385 5.5928555 -0.03830725
1.4939818 5.554548 -1.1109096
1.8004396 5.554548 -1.9919758
2.0685902 5.5162406 -2.4516625
2.1835117 5.5162406 -2.4516625
2.1452045 5.5928555 -2.030283
2.0685902 5.707777 -1.4173675
1.9536686 5.746084 -0.8044518
1.9919758 5.861006 -0.22984338
2.1452048 5.7843914 0.15322891
2.2218192 5.707777 0.30645782
2.2218192 5.707777 0.2681506
2.1068976 5.7843914 0.038307227
1.9536686 6.0142345 -0.19153613
1.8770542 6.167464 -0.2681506
1.9536686 6.3589997 -0.11492168
2.2218192 6.550536 0.22984336
2.4899697 6.742072 0.5363012
2.719813 7.125144 0.6512229
2.7581203 7.4699097 0.7278373
2.183512 7.73806 0.8044517
1.6472108 7.5465236 0.9193734
1.1109096 7.2400656 0.842759
0.72783726 6.818686 0.61291564
0.4596867 6.5505357 0.4213795
0.4213795 6.7037644 0.34476504
0.49799395 7.125144 0.45968673
0.5363012 7.8529816 0.6512229
0.49799395 8.542511 0.91937345
0.45968673 8.848969 0.99598795
0.4213795 8.963891 1.0342952
0.4213795 9.002198 1.3407531
0.45968673 9.002198 1.8387468
0.45968673 9.11712 2.4516625
0.3830723 9.385271 3.064578
0.19153614 9.653421 3.2944214
0.076614454 9.998186 3.2944214
0.038307227 10.534488 3.2561142
0.22984336 11.262325 3.1794999
0.6895301 12.066776 3.2561145
1.2258313 12.909536 3.4093432
1.6472107 13.445837 3.562572
1.8770541 13.637373 3.7924156
1.9153614 13.637373 4.098873
1.8004396 13.560759 4.252102
1.685518 13.67568 4.3287163
1.5705962 13.713987 4.1371803
1.4939818 13.599065 3.6774938
1.4173675 13.407529 3.1411927
1.2258313 12.98615 2.719813
0.9959879 12.5264635 2.4899697
0.6895301 12.220006 2.566584
0.5363012 11.990162 3.1794999
0.7661446 12.143391 4.060566
1.1492168 12.794614 5.2097826
1.4556746 13.292608 5.93762
1.3790601 13.369223 6.0142345
0.49799395 12.220005 5.094861
0.038307227 11.453861 4.4819455
-0.22984336 11.109097 4.0222588
-0.3830723 10.955867 3.7924156
-0.34476504 11.109096 3.7158008
-0.15322891 11.45386 3.8690298
0.15322891 11.9135475 4.2137947
0.4213795 12.5264635 4.55856
0.26815063 12.488156 4.711789
0.0 12.181698 4.7500963
-0.30645782 11.798626 4.711789
-0.61291564 11.300632 4.6351748
-0.8044518 10.879253 4.596867
-0.9959879 10.49618 4.750096
-0.9576807 10.649408 4.8267107
-0.8810662 10.879252 4.7884035
-0.84275895 11.032481 4.55856
-0.9576807 10.91756 4.2521024
-1.1109097 10.649409 4.1371803
-1.3024458 10.304644 4.060566
-1.5705963 9.959879 4.2904096
-1.8770542 9.576807 4.4819455
-2.2218194 9.232042 4.5202527
-2.6048915 8.887277 4.596867
-2.8347347 8.504204 4.596867
-2.9496565 8.350975 4.5202527
-2.9113493 8.312668 4.367024
-2.681506 8.504204 4.213795
-2.2984335 8.963891 3.9073372
-1.8387468 9.691728 3.7924156
-1.3024457 10.457872 3.7541084
-0.7661445 11.070788 3.677494
-0.4213795 11.568783 3.7158012
-0.30645782 11.530476 3.677494
-0.5746084 11.032481 3.7541084
-1.0342951 10.419565 4.098873
-1.5705963 9.615114 4.673482
-1.9536686 9.002198 5.4396257
-2.1452048 8.695741 6.397307
-1.8770542 9.040505 6.397307
-1.6089036 9.38527 6.090849
-1.2641386 9.653421 5.7843914
-1.0342952 9.768343 5.5928555
-1.0342952 9.423578 5.516241
-1.1109096 8.963891 5.5928555
-1.1492168 8.465897 5.5545483
-1.1109095 8.082825 5.5928555
-0.88106626 8.082825 5.5545483
0.07661447 8.772355 5.707777
0.61291564 9.193735 5.477934
1.1875241 9.615114 4.673482
1.1109096 9.346964 4.3287163
0.9193735 9.002198 4.2137947
0.6512228 8.465898 4.2137947
0.45968673 7.967903 4.55856
0.34476504 7.6614456 4.8267107
0.26815057 7.4699097 5.0182467
0.38307226 7.3549876 5.0182467
0.6512228 7.3166804 4.9416323
1.0342952 7.4316025 4.9416323
1.532289 7.584831 4.7884035
2.1068976 7.967903 4.711789
2.4899697 8.389282 4.405331
2.8347347 8.695741 3.9456444
3.064578 8.925584 3.4476504
3.1794999 9.078813 2.9113493
3.3327286 9.11712 2.6815057
3.3327286 9.040505 2.6048913
3.2561142 8.810662 2.681506
3.1411927 8.389282 3.0645783
3.1028855 8.236053 3.2944217
3.1411927 8.236053 3.5625722
3.217807 8.427589 3.7541084
3.2944214 8.695741 3.677494
3.217807 8.772355 3.562572
3.1028852 8.734048 3.371036
2.9879637 8.580819 3.371036
2.834735 8.350975 3.4859576
2.7581203 8.236053 3.6774936
2.681506 8.159439 3.9456444
2.6431987 8.159439 4.2137947
2.6431987 8.236053 4.3287163
2.6431987 8.236053 4.367024
2.7581203 8.312668 4.3287168
2.911349 8.389282 4.3287168
3.0262709 8.427589 4.4436383
3.0262709 8.389282 4.4819455
2.9496565 8.427589 4.4819455
2.7964275 8.619125 4.2137947
2.834735 9.002198 4.1754875
3.0645783 9.423578 4.2521024
3.4476504 10.036494 4.481946
3.9456444 10.764331 4.6351748
4.4436383 11.300632 4.8267107
4.6734815 11.453861 4.7884035
4.55856 11.300632 4.405331
4.1754875 10.840945 3.9839516
3.6774936 10.266337 3.5242648
3.217807 9.80665 3.1411924
2.7964275 9.308656 2.9113493
2.4899697 8.963891 2.7198133
2.1452045 8.465897 2.6048913
1.7621324 8.0445175 2.6431985
1.4939818 7.776367 3.1411924

