1.37906 7.5082164 3.8307228
1.4173675 7.584831 4.5968676
1.4939818 7.73806 5.401319
1.4556746 9.002198 4.1371803
1.8770542 10.189722 3.4859576
2.030283 11.300632 2.8347347
2.2218192 12.526464 2.2601264
2.4516625 13.828909 1.9919759
2.2984335 14.135366 2.681506
2.4516625 14.5567465 3.7541084
2.6431987 15.093048 4.903325
2.7581203 15.74427 5.746084
2.9113493 16.242264 6.0908494
2.9496565 16.587029 6.014235
2.873042 16.85518 5.707777
2.8347347 16.970102 5.516241
2.7581203 16.970102 5.5928555
2.6048913 16.816874 5.861006
2.528277 16.395493 6.0142345
2.1068974 15.20797 5.8226986
1.8770541 14.633362 5.4013195
1.6089035 13.982138 5.133168
1.3024457 13.215994 4.7500963
1.0342951 12.56477 4.481946
0.6895301 11.87524 4.2904096
0.34476504 11.33894 3.9073372
0.038307227 10.726024 3.2944214
-0.2681506 10.036493 2.7581203
-0.5363012 9.308656 2.3367407
-0.8810662 8.504205 2.0685902
-1.2258313 7.699753 2.183512
-1.5322891 7.0102224 2.4516625
-1.685518 6.435614 2.834735
-1.6472107 5.93762 3.217807
-1.4939818 5.631162 3.6391866
-1.187524 5.401319 3.9456444
-0.99598783 5.2863975 3.8307228
-0.6895301 5.363012 3.371036
-0.6512228 5.5162406 2.873042
-0.45968673 5.6694694 2.719813
-0.22984336 5.899313 2.7964275
-0.076614454 6.1291566 2.6431987
-0.038307227 6.167464 2.6048915
-0.19153613 5.975928 2.4133554
-0.53630114 5.401319 2.1452048
-1.3790601 4.175488 1.8387469
-1.7238252 3.7158012 1.7621324
-1.8387469 3.562572 1.4939818
-1.8004396 3.6008792 1.1492169
-1.6089035 3.7158012 0.80445176
-1.3790601 3.9456444 0.4596867
-1.1109096 4.1754875 0.344765
-0.8810662 4.405331 0.30645782
-0.7661445 4.6351748 0.22984336
-0.7278373 4.7884035 0.11492168
-0.80445176 4.865018 0.0
-0.8810662 4.7500963 -0.076614454
-0.91937345 4.673482 -0.15322891
-0.80445176 4.673482 -0.15322891
-0.45968673 5.0182467 -0.6895301
-0.30645782 5.209783 -0.9959879
-0.11492168 5.2863975 -1.3790601
0.038307227 5.363012 -1.3790601
0.22984338 5.3247046 -1.1109096
0.45968673 5.1714754 -0.80445176
0.5746084 5.0182467 -0.3830723
0.5746084 4.8267107 0.0
0.53630114 4.673482 0.076614454
0.4213795 4.55856 -0.07661445
0.30645782 4.55856 -0.38307226
0.38307226 4.6351743 -0.88106626
0.9193734 5.0565543 -1.6472108
1.340753 5.2863975 -1.8004397
1.6472107 5.5545483 -1.7621324
1.7621324 5.899313 -1.6472107
1.8770541 6.2057705 -1.3024457
1.8387469 6.512229 -0.9576806
1.7621324 6.6654577 -0.49799395
1.7238252 6.512229 -0.076614454
1.7238252 6.2823853 0.038307227
1.7621324 6.129156 -0.07661445
1.8004396 6.0142345 -0.42137948
1.8004396 6.205771 -0.80445176
1.6855179 6.5888433 -1.1875241
1.6855179 7.125144 -1.3024458
1.7621325 7.776367 -1.4173675
1.8387469 8.350975 -1.4556746
1.9536686 8.69574 -1.3790601
1.9536686 8.734048 -1.3024458
1.8004396 8.619125 -1.0726024
1.532289 8.427589 -0.6895301
1.187524 8.312668 -0.22984335
0.842759 8.236053 0.2681506
0.45968673 8.236053 1.1875241
0.45968673 8.159439 1.5705963
0.2681506 8.082825 1.9919758
-0.076614454 8.0445175 2.183512
-0.5746084 8.0445175 2.528277
-1.1109096 8.159439 2.9496565
-1.4556746 8.274361 3.1795
-1.5705963 8.542512 3.2944217
-1.4556746 9.193735 3.2561142
-1.1875241 9.998186 3.1411924
-0.9576807 10.91756 2.9879637
-0.91937345 11.645397 2.9113493
-1.0726023 11.87524 2.9113493
-1.3407528 11.760319 3.1411927
-1.6472107 11.415553 3.6008792
-1.8387469 10.955867 4.060566
-1.8770542 10.840945 4.4053307
-1.7238252 10.91756 4.596867
-1.4939818 11.18571 4.6734815
-1.3024458 11.60709 4.8267107
-1.1109096 11.836933 5.171476
-0.9576807 12.143391 5.5545483
-0.7278373 12.373235 5.861006
-0.4213795 12.5264635 6.0525417
-0.15322891 12.717999 6.0142345
0.076614454 12.717999 5.9759274
0.076614454 12.679692 5.9759274
-0.15322891 12.679692 6.090849
-0.45968673 12.603078 6.4739213
-0.9193734 12.373234 6.742072
-1.340753 11.990162 7.0102224
-1.6089035 11.453861 7.201759
-1.7621324 11.032482 7.125144
-1.685518 11.070789 7.125144
-1.4939818 11.568783 7.354988
-1.2641385 12.488156 7.776367
-1.2258313 13.40753 8.504204
-1.3790601 13.828909 9.2703495
-1.7238252 13.752295 9.844957
-2.1068974 13.369223 10.113108
-2.4133554 12.756307 9.921572
-2.6431987 12.220005 9.5385
-2.719813 11.798626 9.002198
-2.7581203 11.415554 8.619125
-2.6431985 11.109097 8.504204
-2.4516625 10.994174 8.350975
-2.2601264 11.070789 8.312668
-1.9919758 11.224018 8.312668
-1.8004397 11.377247 8.00621
-1.8387469 11.300632 7.6231384
-1.9153613 10.879252 7.125144
-2.1835117 10.189722 6.3589997
-2.566584 9.4618845 5.899313
-2.9113493 8.695741 5.66947
-3.3710358 8.121132 5.6311626
-3.7541082 7.6614456 5.554548
-4.1754875 7.2400665 5.094861
-4.673482 6.8186865 4.290409
-4.6351748 7.086837 4.290409
-4.367024 7.6614456 4.596867
-4.060566 8.350975 4.8267107
-3.86903 8.887277 4.903325
-3.7924156 9.155427 4.865018
-3.86903 9.155427 4.7884035
-4.0222588 9.040505 4.8267107
-4.1371803 8.772354 4.865018
-4.3287168 8.312668 4.7884035
-4.520253 7.776367 4.7117887
-4.6351748 6.9719152 4.4436383
-4.4053316 7.0485296 4.405331
-3.9456446 7.584831 4.405331
-3.371036 8.312668 4.290409
-2.7964277 9.193734 4.1371803
-2.336741 9.768343 3.7541084
-2.0685904 9.80665 3.4476504
-1.9536686 9.423577 3.3710358
-1.9919758 8.734048 3.5242648
-2.030283 7.967903 3.9456441
-2.0685902 7.4316025 4.4053307
-1.9919758 7.086837 4.711789
-1.7621324 7.0102224 4.903325
-1.5705962 7.163451 4.903325
-1.3407528 7.163451 4.6734815
-1.0726024 7.125144 4.596867
-0.842759 7.125144 4.6351743
-0.49799398 7.163451 4.9416323
-0.15322892 7.3166804 5.401319
0.11492168 7.584831 5.861006
0.34476507 7.73806 6.1291566
0.4213795 7.776367 6.1291566
0.4213795 7.776367 6.014235
0.49799395 7.8529816 5.861006
0.61291564 7.967903 5.746084
0.80445176 8.082825 5.6311626
1.1109096 8.197746 5.5928555
1.3790601 8.197746 5.516241
1.6855179 8.197746 5.516241
1.9536685 8.197746 5.707777
2.1835117 8.236053 5.746084
2.3750482 8.236053 5.592855
2.4516625 8.197746 5.133168
2.6048913 8.312668 4.711789
2.834735 8.542511 4.405331
3.1028852 8.734047 4.290409
3.4476504 8.887277 4.5202527
3.6008797 8.734048 4.6351748
3.4859579 8.197746 4.711789
3.217807 7.6231384 4.7884035
2.9496565 7.163451 4.7884035
2.873042 6.9719152 4.7500963
3.1028855 7.201759 4.711789
3.562572 7.699753 4.55856
3.9839516 8.197746 4.2904096
4.3287168 8.542512 3.86903
4.5585604 8.734048 3.4476504
4.6351748 8.810662 3.217807
4.5585604 8.810662 3.0645783
4.4436383 8.848969 3.217807
4.252102 8.810662 3.6774936
3.8690298 8.695741 4.1371803
3.562572 8.465897 4.6734815
3.1794999 8.236053 5.286397
2.719813 7.967903 5.631162
2.4516625 7.73806 5.861006
2.183512 7.6231384 5.9759274
1.9536686 7.546524 5.861006
1.8770542 7.8146744 5.5928555
1.9153614 8.350976 5.3630114
2.1452048 9.155427 5.477934
2.528277 10.113108 5.7843914
2.9496565 10.840945 6.205771
3.1411924 11.147403 6.4739213
3.1411924 11.032481 6.397307
2.9496565 10.611101 6.1674633
2.6431985 10.0748005 5.861006
2.4133554 9.615114 5.4779334
2.2218192 9.155428 4.9416323
2.0685902 8.772355 4.1754875
1.9153614 8.465897 3.3710358
1.7621324 8.274361 2.873042

