1.7238252 8.312668 2.7581203
1.3407528 8.810661 4.520253
2.183512 10.955866 5.209783
3.1028855 12.756306 5.707777
4.0222588 14.824898 6.2440786
4.8267107 16.816872 6.9719152
4.5202527 16.357185 7.125144
4.2137947 15.74427 7.1634517
3.8307228 14.901512 7.1634517
3.4093432 13.982139 6.8569937
2.834735 13.024458 6.4356146
2.336741 12.29662 6.052542
1.9919758 11.836933 5.7843914
1.8004396 11.60709 5.8226986
1.8770542 11.568783 5.6694694
1.9919758 11.530476 5.286397
2.1068974 11.415554 4.6351743
2.1068974 11.18571 3.5242648
1.9153614 10.726024 2.528277
1.532289 10.0748005 1.8387469
1.0342951 9.346964 1.4556746
0.42137948 8.695741 1.6472107
-0.11492166 8.082825 2.0685902
-0.53630114 7.584831 2.4899697
-1.1875241 6.703765 2.9879637
-1.4173675 6.320693 2.9879637
-1.5322891 5.7843914 2.719813
-1.5705963 5.2097826 2.336741
-1.4556745 4.8267107 2.0685902
-1.3024457 4.481946 1.685518
-1.187524 4.3287168 1.4556746
-1.0726024 4.252102 1.1875241
-0.842759 4.290409 0.9576807
-0.5363012 4.596867 0.9959879
-0.15322891 5.056554 1.3790603
0.15322891 5.401319 1.9153614
0.19153613 5.554548 2.2984335
0.0 5.363012 2.4133554
-0.4213795 4.903325 2.2218192
-0.8810662 4.367024 1.8387469
-1.3407528 3.8307228 1.340753
-1.685518 3.371036 1.0342952
-1.685518 3.1795 0.6512229
-1.4939818 3.2561145 0.34476507
-1.1109096 3.6008792 0.22984336
-0.6512228 4.213795 0.11492168
-0.38307226 4.7500963 -0.038307227
-0.30645782 5.209783 -0.22984336
-0.34476504 5.363012 -0.45968676
-0.49799395 5.24809 -0.6512229
-0.6895301 5.056554 -0.68953013
-0.80445176 4.673482 -0.5363012
-0.8810662 4.4436383 -0.3830723
-0.80445176 4.2137947 -0.2681506
-0.61291564 4.1754875 -0.076614454
-0.34476504 4.4819455 -0.038307227
0.0 4.7884035 0.0
0.5363012 5.439626 -0.30645782
0.7661446 5.5545483 -0.38307226
0.9576807 5.5545483 -0.4213795
1.1109096 5.516241 -0.34476504
1.1109096 5.3630123 -0.114921674
1.0342951 5.2097826 -0.038307227
0.8810662 5.056554 -0.076614454
0.842759 4.903325 -0.038307227
0.9576807 4.903325 -0.15322891
1.2258313 4.9416323 -0.076614454
1.5705963 5.056554 0.076614454
1.7621325 5.324704 0.076614454
1.9536686 5.631162 0.038307227
2.030283 5.93762 -0.22984336
2.1452048 6.2823853 -0.49799395
2.336741 6.435614 -0.7661446
2.5665843 6.550536 -0.9576807
2.873042 6.6654577 -1.0342951
3.1028855 7.0485296 -0.5363012
2.873042 7.240066 0.0
2.4516625 7.3549876 0.57460845
1.9536686 7.3166804 0.9959879
1.532289 7.125144 1.0342951
1.3024457 6.933608 0.8810662
1.1875241 6.7803793 0.6512228
1.1875241 6.8569937 0.34476504
1.2258313 7.278373 0.15322891
1.1875241 8.274361 -0.076614454
1.1109096 8.542512 0.0
1.0726023 8.542512 0.19153613
1.1492168 8.465898 0.61291564
1.2641385 8.389282 0.8044517
1.3024457 8.350975 0.9576807
1.1109095 8.465897 1.1109096
0.68953 8.465897 1.0726024
0.15322891 8.312668 1.2641385
-0.2681506 8.159439 1.3790601
-0.38307226 8.00621 1.5322891
-0.07661444 8.312668 1.9153614
0.5363012 9.232042 2.3750482
1.1492168 10.419565 3.0262709
1.532289 11.645397 3.6008794
1.3790601 12.449848 3.86903
0.842759 12.679691 3.9839516
0.22984335 12.411541 3.86903
-0.30645782 11.836933 3.6391866
-0.57460845 11.300632 3.5625722
-0.53630114 11.070789 3.5625722
-0.45968673 11.109097 3.4476504
-0.5363012 11.185711 3.2944217
-0.8044518 11.185711 3.1028855
-1.1492169 10.994175 2.9113493
-1.3407528 10.994175 3.1411927
-1.0726023 11.530476 3.7541082
-0.4596867 12.373235 4.252102
0.26815057 13.484144 4.711789
0.80445176 14.288596 4.865018
0.6895301 13.982138 4.060566
0.19153614 13.139379 3.5242648
-0.038307227 12.488156 3.217807
0.34476504 12.56477 3.7541082
0.80445176 13.215994 4.252102
0.99598795 13.790602 4.5585604
0.88106626 14.097059 4.5968676
0.497994 14.173674 4.6351748
7.4505806E-9 13.982138 4.7884035
-0.49799395 13.637373 5.0182467
-0.8810662 13.177687 5.324704
-1.1492168 12.717999 5.3630114
-1.2258313 12.334927 5.24809
-1.2641386 12.105083 5.133168
-1.2258313 12.028469 4.9799395
-1.1492169 12.066776 5.056554
-1.1492169 12.181698 5.2097826
-1.1109096 12.143391 5.401319
-1.1109096 12.143391 5.66947
-1.1875241 11.9135475 5.8226986
-1.3024457 11.568783 6.0142345
-1.5322891 11.109096 6.090849
-1.7621325 10.611101 6.129156
-2.1452045 9.691729 5.7843914
-2.183512 9.500193 5.401319
-2.183512 9.385271 5.0182467
-2.183512 9.385271 4.7884035
-2.1452048 9.576807 4.7500963
-2.030283 9.883265 4.9416323
-1.9153614 10.266336 5.286397
-1.838747 10.572795 5.5162406
-1.8770542 10.649409 5.592855
-2.183512 10.457873 5.4779334
-2.6431985 9.998186 5.094861
-3.1794996 9.576806 4.6734815
-3.7541082 9.193734 4.3287168
-4.1754875 8.925584 4.2137947
-4.405331 8.848969 4.405331
-4.5202527 8.772355 4.7884035
-4.4819455 8.848969 5.171476
-4.3287163 8.963891 5.439626
-4.060566 9.270349 5.363012
-3.715801 9.80665 5.2097826
-3.3327286 10.228029 4.9799395
-3.1411927 10.419565 4.6351743
-3.1411927 10.151415 4.520252
-3.1794999 9.500192 4.596867
-3.1794999 8.848969 4.865018
-2.9879637 8.389282 5.171476
-2.681506 8.082825 5.4013195
-2.1068976 7.699753 5.401319
-1.8387469 7.546524 5.516241
-1.4556746 7.584831 5.5545483
-0.91937345 7.8912888 5.516241
-0.22984335 8.465898 5.439626
0.4596867 9.078813 5.171476
1.0342951 9.576807 4.865018
1.4556746 9.730036 4.596867
1.685518 9.576807 4.4436383
1.685518 9.078813 4.405331
1.5322891 8.427589 4.4819455
1.1875241 7.8146744 4.5968676
0.8044518 7.31668 4.865018
0.68953013 7.2017584 5.24809
0.68953013 7.2400656 5.5545483
0.842759 7.3549876 5.66947
1.0726024 7.431602 5.4779334
1.187524 7.431602 5.018247
1.3790601 7.4699097 4.7500963
1.6089035 7.508217 4.8267107
1.8004397 7.6614456 5.056554
1.9919758 7.699753 5.2480903
2.0685902 7.73806 5.2480903
2.2218192 7.776367 5.171476
2.4133554 7.8529816 4.9416323
2.5665843 7.929596 4.7884035
2.719813 7.929596 4.5968676
2.7964275 7.8529816 4.2904096
2.9113493 7.8146744 4.1371803
2.9879637 7.8529816 4.1754875
3.217807 7.929596 4.290409
3.4476504 8.159439 4.3287163
3.6774938 8.274361 4.405331
3.9456444 8.389283 4.367024
4.060566 8.504205 4.4436383
4.098873 8.504205 4.4819455
4.0222588 8.465897 4.4819455
3.9073372 8.312668 4.5585604
3.7924156 8.350975 4.5202527
3.7158012 8.427589 4.6351748
3.7158012 8.580818 4.5585604
3.7924156 8.887277 4.3287163
3.9073372 9.040505 4.252102
3.9456444 9.232042 4.1371803
3.86903 9.346964 4.2137947
3.6391864 9.308657 4.367024
3.2561142 9.078814 4.4436383
2.8730419 8.772355 4.5585604
2.528277 8.504204 4.711789
2.2984335 8.350975 4.9799395
2.1452048 8.465897 5.133168
2.030283 8.619125 5.2863975
1.9919758 8.848969 5.2480903
1.9153614 9.11712 4.97994
1.838747 9.2703495 4.8267107
1.838747 9.500193 4.6351743
1.7238252 9.5385 4.596867
1.6089036 9.5385 4.750096
1.4939818 9.500193 4.8267107
1.3024457 9.232042 4.865018
1.1875241 9.002199 4.865018
1.0342951 8.772355 4.711789
1.0342951 8.580819 4.7500963
1.1492168 8.619126 4.865018

