1.3407528 8.6574335 4.9799395
1.6472107 8.734048 5.133168
1.8770541 8.695741 4.9799395
1.4173675 9.040506 4.290409
1.9536686 11.070789 5.056554
2.7581205 12.56477 5.899313
3.409343 14.097059 6.435614
3.8307226 15.322891 6.8186865
3.4093432 14.671669 6.244078
2.7964277 13.905523 5.8226986
2.1835117 13.062765 5.363012
1.685518 12.411541 5.094861
1.3024458 11.87524 4.903325
0.9959879 11.453861 4.711789
0.8044518 11.070788 4.405331
0.5746084 10.381258 3.9839516
0.19153613 9.538499 3.6391864
-0.30645782 8.504204 3.2944214
-0.9576807 7.431602 3.1411924
-1.6089035 6.5505357 3.2944214
-1.9919758 5.861006 3.5242648
-2.1452048 5.439626 3.7924154
-1.9536686 5.3247046 4.060566
-1.5705962 5.5162406 4.1371803
-1.1109096 5.9759274 4.1371803
-0.5746084 6.6654577 4.1754875
-0.26815057 7.2783732 4.2137947
-0.076614454 7.546524 4.1754875
-0.11492168 7.4316025 4.060566
-0.30645782 7.125144 3.6391866
-0.53630114 6.6654577 3.1411927
-0.7278373 6.282385 2.7581203
-0.9576807 5.899313 2.4899697
-1.2258313 5.4779334 2.681506
-1.4173675 5.0565543 3.026271
-1.6472108 4.673482 3.1794999
-1.7621325 4.5202527 3.1028852
-1.7238252 4.5202527 2.6431985
-1.6089035 4.903325 2.1068974
-1.4556746 5.324704 1.685518
-1.2258313 5.7077765 1.3024457
-1.0726024 6.129156 1.0342951
-1.0342951 6.2057705 0.84275895
-0.9959879 6.2057705 0.5746084
-0.9959879 6.1674633 0.49799395
-0.842759 6.0142345 0.34476504
-0.6895301 5.9759274 0.11492168
-0.5746084 5.861006 0.038307227
-0.45968673 5.7843914 -0.038307227
-0.49799395 5.66947 -0.038307227
-0.49799395 5.5928555 0.076614454
-0.45968673 5.7843914 0.19153613
-0.38307226 5.899313 0.38307226
-0.15322891 6.129156 0.6512229
0.0 6.0525417 0.6895301
0.11492168 6.129156 0.61291564
0.22984336 6.1674633 0.53630114
0.38307226 6.2823853 0.53630114
0.5363012 6.3589997 0.38307226
0.61291564 6.244078 0.22984336
0.68953 6.129156 0.0
0.7661445 5.899313 -0.2681506
0.842759 5.66947 -0.30645782
0.9576807 5.516241 -0.38307226
1.1109096 5.439626 -0.38307226
1.340753 5.439626 -0.34476507
1.6472107 5.592855 -0.4596867
2.030283 5.822698 -0.42137948
2.3750482 6.090849 -0.22984335
2.528277 6.397307 0.038307227
2.528277 6.5505357 0.30645782
2.375048 6.4739213 0.49799395
2.2218192 6.1674633 0.49799395
2.2218192 5.861006 0.38307226
2.2984338 5.5162406 0.22984336
2.5282772 5.554548 0.0
2.9113493 6.205771 -0.19153613
3.0262709 6.8186865 -0.15322891
3.064578 7.240066 0.15322891
3.0262709 7.546524 0.4213795
2.9496565 7.469909 0.80445176
2.7964275 7.278373 1.1109096
2.4899697 6.818686 1.1875241
2.030283 6.435614 1.3024457
1.4939818 6.244078 1.2258313
1.0342952 6.1674633 1.1875241
0.842759 6.4739213 1.0342951
0.9193734 6.8186865 0.7278373
1.1109096 7.1634517 0.6512228
1.3407528 7.4699097 0.7661445
1.4556745 7.584831 1.1875241
1.4556745 7.6614456 1.877054
1.4173673 7.73806 2.4899697
1.3407528 7.73806 2.9496565
1.3407528 7.73806 3.1028855
1.3407528 7.73806 3.026271
1.3790601 7.584831 2.7198133
1.5705963 7.546524 2.3750482
1.7621324 7.73806 2.1452048
2.0685902 8.082825 2.1452048
2.4516625 8.963891 2.3750482
2.7581203 9.998186 2.6048915
2.9879637 11.224018 2.9879637
3.0262709 12.641386 3.4093432
2.8347347 13.599066 4.060566
2.030283 14.058752 5.209783
1.6472108 13.599065 5.5928555
1.340753 13.062764 5.66947
1.1492169 12.717999 5.5545483
1.0342952 12.679692 5.4013195
0.9576807 12.717999 4.9799395
0.9576807 12.832921 4.520253
0.842759 12.909535 4.290409
0.6895301 12.947843 4.3287163
0.49799395 12.871228 4.673482
0.34476507 12.56477 5.2097826
0.19153613 12.220005 5.5928555
0.038307227 11.87524 5.5928555
-0.11492168 11.415554 5.324704
-0.30645782 11.032481 4.865018
-0.4213795 10.687716 4.4436383
-0.49799398 10.113108 4.2904096
-0.5363012 10.0748005 4.252102
-0.61291564 10.036493 4.252102
-0.6512228 10.189722 4.3670235
-0.61291564 10.266336 4.673482
-0.57460845 10.496181 5.2097826
-0.45968673 10.764331 5.7843914
-0.34476504 11.070788 6.320692
-0.19153613 11.492168 6.6271505
0.0 11.951855 6.550536
0.19153613 12.488156 6.359
0.4213795 12.871228 5.7843914
0.49799395 13.062764 5.4396267
0.4213795 12.98615 5.3630123
0.22984335 12.717999 5.477934
-0.076614454 12.334928 5.707777
-0.5746084 11.60709 6.0525417
-0.6895301 11.492168 6.090849
-0.7661445 11.60709 6.090849
-0.80445176 11.836933 5.861006
-0.95768064 11.990162 5.5928555
-1.1875241 11.9135475 5.3247046
-1.4939818 11.568783 5.2480903
-1.8770542 11.070788 5.2863975
-2.2601264 10.457873 5.3247046
-2.6431987 9.883265 5.439626
-3.0262709 9.232041 5.5162406
-3.2944217 8.695741 5.66947
-3.3327289 8.427589 5.93762
-3.2178068 8.427589 6.0525417
-2.9879637 8.69574 6.090849
-2.681506 9.078813 5.93762
-2.4133554 9.4618845 5.6694694
-2.183512 9.80665 5.4779334
-1.9919758 9.998186 5.363012
-1.9153614 9.998186 5.516241
-1.9536686 9.844957 5.7843914
-2.1452048 9.308657 6.0525417
-2.3750482 8.810662 6.129156
-2.5665843 8.312668 5.899313
-2.7581205 7.8146744 5.401319
-2.681506 7.584831 4.9799395
-2.4516625 7.546524 4.711789
-2.0685902 7.699753 4.596867
-1.532289 8.082825 4.711789
-1.0342951 8.542511 4.9416323
-0.61291564 8.8489685 5.2863975
-0.38307223 9.002198 5.554548
-0.34476504 8.810661 5.554548
-0.49799395 8.389282 5.1714754
-0.7661445 7.8529816 4.6351748
-0.9959879 7.31668 4.252102
-1.1109097 6.933608 4.098873
-1.0726024 6.895301 4.3287163
-0.7661446 7.0868373 4.8267107
-0.45968673 7.431602 5.554548
-0.07661445 8.00621 6.167464
0.30645782 8.389282 6.244078
0.4213795 8.542511 5.8226986
0.45968673 8.465897 4.9416323
0.4213795 8.082825 4.1754875
0.30645782 7.6614456 3.8690298
0.38307226 7.4316025 4.1754875
0.6895301 7.4699097 4.9799395
1.0726023 7.699753 5.975928
1.5705962 8.0445175 6.8953013
1.9919758 8.350975 7.2783737
2.1835117 8.465897 6.933608
2.2984338 8.504205 6.129156
2.336741 8.504205 5.24809
2.3750482 8.619126 4.5202527
2.566584 8.695741 4.1371803
2.7581203 8.772355 3.9456444
3.026271 8.810662 3.8307228
3.371036 8.6574335 4.0222588
3.5242648 8.504204 4.367024
3.6774936 8.274361 4.903325
3.715801 8.00621 5.4013195
3.7158012 7.8146744 5.094861
4.1754875 8.465898 4.060566
4.4819455 8.925584 3.677494
4.5968676 9.040505 3.562572
4.5968676 8.925584 3.3327289
4.443639 8.6574335 3.3327289
4.213795 8.312668 3.5242648
3.9456444 8.00621 3.7924156
3.7158012 7.8529816 4.2521024
3.5625722 7.8529816 4.673482
3.524265 8.0445175 4.97994
3.6008794 8.350975 5.171476
3.6391866 8.695741 5.2480903
3.562572 8.963891 4.9416323
3.409343 9.078813 4.6351743
3.1794999 9.11712 4.4819455
3.1028852 9.040505 4.711789
3.1028852 9.155428 5.0182467
3.064578 9.155428 4.903325
3.064578 9.308657 4.865018
2.9879637 9.385271 4.7500963
3.0262709 9.576807 4.55856
3.064578 9.80665 3.9456444
2.9496565 9.768343 3.6008794
2.7198129 9.5385 3.4476502
2.2984338 9.232042 3.3710358
1.8004397 8.810662 3.409343
1.4556746 8.542512 3.6391864
1.1492168 8.312668 3.8307228
0.9959879 8.236053 4.098873
0.9193734 8.197746 4.3287168
0.8044517 8.236053 4.520253
0.8044517 8.542512 4.5968676

