0.8044517 8.887277 4.6351748
0.497994 8.734048 4.3287168
1.0342951 9.883265 4.673482
1.8004396 11.530476 5.4779334
2.2984338 12.909536 6.0142345
2.6048915 14.173674 6.4739213
2.3750482 14.135366 6.435614
2.1068976 13.9438305 6.2823853
2.030283 13.982138 6.397307
2.336741 14.441824 7.201759
2.7581203 15.054741 8.121132
2.9113493 15.246277 8.274361
3.026271 15.399506 8.197746
3.2561145 15.514427 7.929596
3.4476504 15.552734 7.5082164
3.4859576 15.399506 6.8569937
3.3327289 14.978127 6.205771
2.9879637 14.288596 5.66947
2.4516625 13.445836 5.24809
1.877054 12.564771 5.056554
1.3024457 11.760319 5.133168
0.7661446 11.147404 5.2863975
0.38307226 10.6877165 5.401319
0.22984335 10.342952 5.439626
0.11492168 10.113108 5.056554
0.0 9.883265 4.4819455
-0.15322891 9.5385 3.9456444
-0.4596867 9.193735 3.4859576
-0.5746084 8.810662 3.2178073
-0.7278373 8.580819 3.0645783
-0.7278373 8.465898 2.9879637
-0.6895301 8.350975 2.834735
-0.842759 8.197746 2.681506
-0.842759 7.8529816 2.7198133
-0.9193735 7.4699097 2.7964275
-1.0342952 7.04853 3.1411927
-1.0342952 6.6271505 3.562572
-1.0342952 6.435614 3.9456444
-1.0342952 6.397307 4.2137947
-1.0342952 6.2823853 4.2137947
-1.1109096 6.129156 4.0222588
-1.2258313 5.707777 3.6008794
-1.4556746 5.056554 2.987964
-1.685518 4.520253 2.2984335
-1.9536686 4.060566 1.5705962
-2.2218192 3.7158012 0.91937345
-2.4133554 3.4859576 0.4213795
-2.528277 3.1795 0.15322891
-2.6048913 2.9113493 0.19153613
-2.566584 2.7964275 0.22984336
-2.3367407 2.987964 0.4596867
-1.9536686 3.5625722 0.6512229
-1.4939818 4.252102 0.7661446
-1.1109097 4.8267107 0.842759
-0.91937345 5.0948615 0.61291564
-0.91937345 5.1331687 0.22984338
-0.91937345 5.0182467 -0.22984335
-0.91937345 4.865018 -0.61291564
-0.842759 4.865018 -0.6895301
-0.61291564 4.903325 -0.6895301
-0.30645782 5.056554 -0.4213795
0.038307235 5.363012 -0.11492169
0.34476504 5.5928555 0.15322891
0.53630114 5.746084 0.49799395
0.57460845 5.707777 0.5363012
0.49799395 5.477934 0.5746084
0.45968676 5.0182467 0.49799395
0.4213795 4.5585604 0.4213795
0.4596867 4.060566 0.30645782
0.61291564 3.6008792 0.03830722
0.7661446 3.3710358 -0.2681506
0.9576807 3.3327286 -0.7278373
1.2641386 3.6774938 -1.0726023
1.493982 4.098873 -1.2641385
1.8004397 4.673482 -1.3024458
2.030283 5.094861 -1.0342952
2.1068976 5.286397 -0.61291564
2.1068976 5.439626 -0.26815063
1.9153614 5.401319 0.11492168
1.5705963 5.209783 0.34476507
1.1492168 5.056554 0.5363012
0.7661445 4.9799395 0.7661446
0.49799395 4.9416323 0.8810662
0.4213795 5.2480903 0.842759
0.49799395 5.7843914 0.6512229
0.5363012 6.359 0.3830723
0.4213795 7.0102224 0.076614454
0.19153613 7.4316025 -0.076614454
-0.07661445 7.6231384 0.076614454
-0.19153613 7.73806 0.6895301
-0.15322891 7.8912888 1.4556746
0.076614454 8.236053 2.183512
0.30645782 8.6574335 2.566584
0.4213795 9.117121 2.3750482
0.49799395 9.5385 1.9536686
0.5363012 9.768343 1.4173673
0.5746084 9.883265 0.9959879
0.5746084 9.959879 0.9959879
0.6895301 10.0748005 1.4556745
0.9576807 10.419566 2.336741
1.2641386 11.032482 3.2944217
1.4556746 11.760319 4.060566
1.3407528 12.258312 4.252102
0.842759 12.5264635 4.0222588
0.0 12.258312 3.7158008
-0.842759 11.377247 3.217807
-1.5705962 10.342951 2.9113495
-2.0685904 9.5385 2.987964
-2.1452048 10.151415 4.6351748
-1.8004398 12.603078 7.163451
-1.7621324 13.52245 7.8146744
-1.9536686 13.637372 7.6231384
-2.2984338 13.215993 7.163451
-2.7581205 12.181698 6.6654577
-3.3327289 10.419565 6.090849
-3.1411927 10.342951 6.2823853
-2.528277 10.840944 6.397307
-1.685518 11.683704 6.4739213
-0.8810662 12.756308 6.397307
-0.22984335 13.67568 5.93762
-0.076614454 14.288596 5.439626
-0.4213795 14.326903 5.0182467
-1.1492168 13.905523 4.8267107
-2.2601264 13.177686 4.903325
-3.4859579 12.488156 5.209783
-4.6351743 12.181698 5.209783
-5.439626 12.028469 4.673482
-5.7843914 12.105083 4.060566
-5.5162406 12.181698 3.6008794
-4.9799395 12.181698 4.060566
-4.4819455 12.105083 5.477934
-4.1371803 11.951855 7.2400656
-3.7924156 11.33894 10.189722
-3.677494 10.994175 10.49618
-3.4476504 10.572795 10.189722
-3.2561145 10.074801 9.385271
-3.064578 9.691729 8.197746
-2.9113493 9.232041 7.163451
-2.9113493 8.772355 6.2823853
-2.9879637 8.389282 5.66947
-3.064578 8.159439 5.401319
-3.064578 8.082825 5.3247046
-3.0262709 8.082825 5.2863975
-2.9879637 8.236053 5.2480903
-3.0262709 8.389282 5.094861
-3.1794996 8.542511 4.7500963
-3.371036 8.695741 4.5202527
-3.6391864 8.695741 4.290409
-3.9073372 8.619126 4.2137947
-4.2137947 8.504205 4.252102
-4.520253 8.312668 4.3287163
-4.7884035 8.121132 4.5202527
-5.056554 7.8912888 4.7500963
-5.171476 7.776367 5.0948615
-5.1331687 7.8529816 5.439626
-4.9033256 8.197746 5.6311626
-4.5585604 8.619125 5.4779334
-4.2904096 8.887276 5.133168
-4.098873 9.002198 4.6351748
-3.9839516 8.848969 4.137181
-3.7541082 8.695741 3.8307228
-3.371036 8.619126 3.7541084
-2.9113493 8.6574335 3.9073372
-2.4899697 8.734048 4.098873
-2.2218192 8.619126 4.367024
-2.1068976 8.350975 4.5968676
-2.1068976 7.967903 4.711789
-2.1068976 7.584831 4.8267107
-2.1068976 7.1634517 4.903325
-1.9919758 6.895301 5.0182467
-1.9153614 6.5505357 5.094861
-1.9919758 6.1674633 5.2480903
-2.1068976 5.861006 5.5162406
-2.4133554 5.4396267 5.9759274
-2.2601264 5.4396267 6.167464
-1.9919758 5.707777 6.0908494
-1.2258313 6.6271505 5.4013195
-0.7661445 7.2400656 5.24809
-0.34476507 7.8529816 5.4013195
0.114921674 8.465897 5.66947
0.4213795 8.887278 5.899313
0.4596867 9.078814 5.7843914
0.30645782 8.925585 5.4396267
-0.038307235 8.619126 5.3630123
-0.34476504 8.350975 5.554548
-0.42137948 8.312668 6.167464
-0.30645782 8.542511 7.0102224
0.0 8.8489685 7.661445
0.45968673 9.232042 7.8146744
0.8810662 9.461885 7.469909
1.3024457 9.576807 6.8569937
1.6089035 9.461885 6.0525417
1.7621325 9.155428 5.4013186
1.8387469 8.848969 4.7884035
1.8387469 8.542512 4.5202527
1.8387469 8.389282 4.5202527
1.8387469 8.197746 4.7500963
1.8387469 7.929596 5.1714754
1.8770542 7.6614456 5.24809
1.9536686 7.240066 5.2097826
2.3367407 6.895301 4.865018
2.6431985 7.0485296 4.673482
2.911349 7.431602 4.4436383
3.1411924 7.776367 4.1754875
3.2944214 8.00621 4.0222588
3.3327286 8.0445175 3.9839516
3.217807 7.8529816 4.0222588
2.9496567 7.6231384 4.1754875
2.6431987 7.431602 4.6351743
2.6048915 7.73806 5.7843914
3.1794999 8.580819 7.240066
3.9073372 9.576807 8.619125
4.711789 10.419566 9.2703495
5.094861 10.764331 8.6574335
5.0182467 10.726024 7.3166804
4.8267107 10.419566 5.746084
4.4436383 9.998187 4.2904096
4.060566 9.461885 3.2944217
3.5242648 8.772355 2.681506
2.5665843 7.8529816 2.4516625
2.2601264 7.6231384 2.6431985
2.0685902 7.584831 2.9879637
1.8770542 7.6614456 3.371036
1.6472108 7.699753 3.9456444
1.340753 7.699753 4.5585604
0.95768064 7.6231384 5.1331687
0.6129156 7.584831 5.66947
0.4213795 7.73806 5.899313
0.49799395 8.389282 5.7843914
0.7278373 8.887277 5.3630114
0.91937345 9.270349 4.7884035
1.1492169 9.730036 4.252102
1.3790603 10.113108 3.86903
1.532289 10.419565 3.7541084
1.5705962 10.534488 3.86903
1.4556746 10.419566 4.098873
1.2258313 10.151415 4.443638

