0.88106626 9.5385 4.9799395
0.80445176 9.346964 5.2097826
0.8810662 9.232041 5.363012
1.6855179 9.193735 5.133168
2.1452045 10.611101 5.592855
2.336741 11.798626 5.66947
2.566584 13.139378 5.66947
2.528277 13.982138 5.2863975
2.2601264 13.445837 4.405331
1.9153614 12.871229 4.0222588
1.4939818 12.296619 3.7541082
1.1109096 11.645397 3.6391866
0.7661445 11.070788 3.5242648
0.42137948 10.611102 3.3327289
0.15322891 10.151415 3.2561142
-0.19153613 9.730036 3.0262709
-0.49799398 9.346964 2.873042
-0.7278373 8.925584 2.7964277
-0.8810662 8.542511 2.5282772
-1.0342951 8.274361 2.3750482
-1.0342951 8.121132 2.2984335
-1.0342951 8.00621 2.2601264
-1.0726023 7.8529816 2.2601264
-1.0342951 7.776367 2.336741
-1.1492168 7.6231384 2.336741
-1.340753 7.431602 2.2984338
-1.6089035 7.2400656 2.2984338
-1.9153614 6.780379 2.2218192
-2.2218192 6.244078 1.9919758
-2.375048 5.7077765 1.9153614
-2.413355 5.2097826 1.8004396
-2.3367407 4.903325 1.6472107
-2.1068974 4.8267107 1.7238252
-1.8387468 4.9416323 1.6472107
-1.4556746 5.2097826 1.5322891
-1.0342951 5.8226986 1.5705965
-0.6129156 6.320692 1.7238252
-0.26815057 6.703765 1.838747
-0.15322891 6.8569937 2.0685904
-0.22984336 6.62715 2.1452048
-0.42137948 6.397307 1.8770542
-0.6512228 6.090849 1.6472108
-0.8044518 5.861006 1.2258313
-0.88106626 5.746084 0.842759
-0.91937345 5.6311626 0.7278373
-0.80445176 5.746084 0.61291564
-0.6512229 6.1291566 0.7278373
-0.45968673 6.473922 0.8810662
-0.2681506 6.7803793 0.8810662
-0.2681506 6.933608 0.842759
-0.34476504 6.742072 0.68953013
-0.57460845 6.435614 0.5363012
-0.842759 6.1291566 0.45968676
-0.9576807 5.746084 0.38307226
-1.0342952 5.516241 0.22984335
-0.9193735 5.5545483 0.03830722
-0.68953013 5.6311626 -0.26815057
-0.4213795 6.0142345 -0.42137945
-0.038307227 6.5122285 -0.38307226
0.34476504 6.8569937 -0.3064578
0.6512229 7.201759 -0.11492168
0.8044518 7.240066 -0.038307227
0.8044518 6.9719152 0.038307227
0.68953013 6.5505357 0.038307227
0.5746084 6.0142345 0.11492168
0.5363012 5.554548 0.2681506
0.5746084 5.1714754 0.34476504
0.7278373 4.9416323 0.26815057
0.9576807 4.865018 -0.11492168
1.1875241 4.865018 -0.7661445
1.4939818 5.094861 -1.4173675
1.8770542 5.363012 -1.8770542
2.2984335 5.707777 -2.030283
2.7581203 6.014235 -1.8770542
3.0645783 6.1291566 -1.4173675
3.1028855 6.244078 -0.9959879
2.873042 6.1674633 -0.4596867
2.3750482 5.899313 -0.038307227
1.685518 5.5162406 0.19153613
1.0342951 4.9799395 0.38307226
0.6895301 4.5202527 0.34476507
0.6895301 4.3670235 0.19153613
1.1109095 4.443638 0.038307227
1.6855179 4.865018 -0.038307227
2.1068974 5.5162406 0.038307227
2.3750482 6.205771 0.30645782
2.2984335 7.393295 0.9959879
2.0685902 7.584831 1.3407528
1.7238252 7.469909 1.6472107
1.3024457 7.125144 1.7238252
0.9193734 6.895301 1.685518
0.5746084 6.742072 1.6472107
0.30645782 6.8186865 1.7621324
0.15322891 6.9719152 2.0685902
0.19153613 7.163451 2.566584
0.34476504 7.584831 3.3327289
0.4213795 7.776367 3.4093432
0.57460845 7.967903 3.217807
0.8810662 8.350975 3.1411927
1.1875241 8.887277 3.2561142
1.5705962 9.653421 3.5625722
1.877054 10.611102 4.098873
2.1068974 11.492168 4.290409
2.2218192 12.334928 4.1371803
2.0685904 12.679692 3.7158012
1.7238253 12.334928 3.4093432
1.2258313 11.568783 3.6008792
0.6895301 10.611102 4.213795
0.45968673 10.0748005 5.0182467
0.5363012 10.228029 5.554548
0.80445176 10.879252 5.5928555
1.2258313 11.875241 5.363012
1.4939818 12.641385 4.9416323
1.5322891 12.947843 4.55856
1.4556746 12.756307 4.1371803
1.340753 12.373234 4.060566
1.3790601 12.296619 4.1371803
1.4939818 12.449848 4.3670235
1.6089036 12.679691 4.8267107
1.6089036 12.947843 5.324704
1.4173675 12.98615 5.9759274
1.1109096 12.947843 6.512229
0.8044518 12.98615 6.933608
0.68953013 13.101071 6.933608
0.7278373 13.522451 6.6271505
0.88106626 14.058753 6.2823853
1.1109095 14.671668 6.0525417
1.1875241 15.093048 6.167464
1.1109096 15.131355 6.6654572
0.7278373 14.978127 7.354987
-0.19153614 14.09706 8.236053
-0.6895301 13.560759 8.197746
-0.9959879 12.909535 7.8912888
-1.340753 12.411541 7.4316025
-1.5322891 12.028469 7.04853
-1.6472107 11.722012 6.703765
-1.6472107 11.645397 6.4739213
-1.5705963 11.568783 6.320692
-1.4556745 11.453861 6.2440777
-1.3407528 11.33894 6.0142345
-1.2641385 11.070789 5.707777
-1.3024457 10.649409 5.439626
-1.4173675 10.151416 5.0948615
-1.6472108 9.423578 4.9416323
-1.9153614 8.772355 4.7500963
-2.1068974 8.274361 4.6351748
-2.2984335 7.8912888 4.673482
-2.4133554 7.73806 4.6351743
-2.4133554 7.6614456 4.6734815
-2.3750482 7.584831 4.750096
-2.2601264 7.5465236 4.7117887
-2.1452045 7.584831 4.6734815
-2.1068974 7.584831 4.5202527
-1.9919758 7.699753 4.2521024
-1.9153614 7.8912888 4.1371803
-1.8004396 8.159439 4.1371803
-1.7621324 8.465897 4.3287163
-1.8770542 8.619125 4.5585604
-2.0685904 8.695741 4.711789
-2.4133554 8.580819 4.7884035
-2.7964277 8.427589 4.7884035
-3.1794996 8.504204 4.7884035
-3.5242648 8.887277 4.7500963
-3.3327286 9.346964 4.8267107
-2.987964 9.883265 4.865018
-2.6431987 10.419565 4.6351748
-2.3750482 10.687716 4.290409
-2.2601264 10.649408 3.8307226
-2.3367407 10.113108 3.5242648
-2.528277 9.500193 3.715801
-2.719813 8.887277 4.175488
-2.834735 8.389282 4.903325
-2.834735 8.159439 5.707777
-2.7581203 8.0445175 6.435614
-2.5282772 8.00621 6.856993
-2.336741 8.0445175 6.818686
-2.1068976 8.082825 6.397307
-1.7238252 8.159439 5.7077765
-1.340753 8.312668 4.9799395
-0.9959879 8.274361 4.4819455
-0.6512229 8.159439 4.4819455
-0.19153613 7.929596 5.401319
0.15322891 8.0445175 6.129156
0.5363012 8.236053 6.3589993
0.8810662 8.350975 6.0525417
1.0342951 8.197746 5.324704
0.9959879 7.929596 4.290409
0.842759 7.6231384 3.4476504
0.8044518 7.354988 3.1028855
1.0726024 7.4699097 3.026271
1.5705963 7.699753 3.371036
2.183512 8.082825 3.9456444
2.681506 8.389282 4.4819455
2.9113493 8.350975 4.903325
2.873042 8.082825 4.9416323
2.6431985 7.699753 4.596867
2.4133554 7.3932953 4.2904096
2.2601266 7.240066 4.2904096
2.2218192 7.2783732 4.4436383
2.2601264 7.3549876 4.711789
2.3367407 7.431602 4.7884035
2.4516625 7.508217 4.8267107
2.5282772 7.699753 4.9416327
2.6431987 7.8529816 5.0948615
2.7581205 8.00621 5.2480903
2.7964277 8.197746 5.2097826
2.873042 8.236053 5.24809
2.873042 8.274361 5.1714754
2.8347347 8.312668 5.094861
2.7581203 8.197746 4.9416323
2.6431985 8.00621 4.7500963
2.6048913 7.8529816 4.6351748
2.6048913 7.699753 4.8267107
2.6815057 7.699753 5.2097826
2.8347347 7.8529816 5.554548
3.0262709 8.197746 5.861006
3.0645783 8.465897 5.6694694
3.0262709 8.619126 5.363012
2.9113493 8.734048 4.9799395
2.681506 8.6574335 4.6351748
2.6048915 8.734048 4.55856
2.6048915 8.772355 4.5202527
2.6431987 8.887277 4.6351748
2.719813 9.002198 4.903325
2.719813 9.002198 5.094861
2.6048915 8.963891 5.2097826
2.4133554 8.925584 5.2097826
2.183512 8.810662 5.133168
1.9919758 8.810662 5.2097826
1.9153614 8.963891 5.286397
1.9536686 9.193735 5.401319
2.0685902 9.461885 5.4779334
2.183512 9.653421 5.401319
2.2601264 9.80665 5.3247046
2.2984335 9.80665 5.1714754
2.221819 9.730036 5.056554
2.1068974 9.500193 5.0182467
1.9153614 9.117121 4.9799395
1.6089035 8.6574335 4.9416323
1.3024457 8.236053 4.865018
1.0726024 8.0445175 4.8267107
0.9576807 7.929596 4.903325
0.9193735 7.8912888 4.9416323
0.9193735 8.00621 4.9799395
0.8810662 8.0445175 5.0182467

