0.8810662 8.236053 5.056554
1.5322891 9.002198 4.290409
1.6089035 10.266336 4.443638
1.685518 11.760319 4.7117887
1.8004396 13.292608 4.8267107
1.532289 14.480132 4.903325
1.2641385 14.480132 4.6351748
0.91937345 14.288595 4.367024
0.6512229 13.982138 4.2137947
0.4596867 13.790602 4.3287168
0.5746084 13.828909 4.7500963
0.9576807 14.058753 4.9416323
1.340753 14.288596 5.094861
1.685518 14.365211 4.9416323
1.8004397 14.173674 4.520253
1.7238252 13.828909 4.2904096
1.6472107 13.40753 3.8307228
1.4939818 12.947844 3.4476504
1.3790601 12.449848 3.1411927
1.1492168 11.798626 2.719813
0.7661445 11.109096 2.528277
0.4213795 10.496181 2.3367407
0.076614454 9.921572 2.2601264
-0.22984336 9.346963 2.2218192
-0.49799398 8.810662 2.2601264
-0.7278373 8.197746 2.4133554
-0.9576807 7.6614456 2.375048
-1.1109096 7.201759 2.4899697
-1.1492169 6.818686 2.6048915
-0.9576807 6.7037644 2.7964277
-0.61291564 6.933608 3.217807
-0.26815063 7.2783732 3.6391864
0.0 7.6614456 3.9839516
0.0 7.73806 4.098873
-0.22984335 7.393295 3.7541084
-0.4596867 6.8569937 3.2561142
-0.6895301 6.3589997 2.681506
-0.80445176 5.93762 2.1452048
-0.88106626 5.5928555 1.8387468
-1.0342952 5.4013195 1.6089035
-1.1492168 5.1714754 1.4173675
-1.2641385 5.056554 1.2258313
-1.3024457 5.0182467 1.0342952
-1.3024457 4.9416323 0.8044518
-1.340753 4.865018 0.61291564
-1.340753 4.865018 0.61291564
-1.4173673 4.9416323 0.842759
-1.3024457 5.209783 1.1492169
-1.0726024 5.66947 1.532289
-0.842759 6.1291566 1.6089036
-0.45968673 6.5888433 1.3790603
-0.22984336 6.9719157 1.1109096
-0.038307227 7.1251445 0.61291564
0.076614454 7.1634517 0.15322891
0.15322891 7.086837 -0.22984335
0.22984336 6.9719152 -0.6512228
0.26815057 6.933608 -0.9193735
0.26815057 6.933608 -1.0342952
0.26815057 6.933608 -0.9576807
0.34476504 6.856993 -0.7278374
0.42137948 6.818686 -0.5363012
0.57460845 6.7420716 -0.19153613
0.7278373 6.6654572 0.0
0.7661445 6.588843 0.076614454
0.80445176 6.3206925 0.11492168
0.80445176 6.0142345 -0.11492168
0.7661445 5.66947 -0.22984335
0.8810662 5.286398 -0.344765
0.9959879 5.0182467 -0.344765
1.1109096 4.7884035 -0.4213795
1.2641385 4.711789 -0.49799395
1.340753 4.903325 -0.7278373
1.4173673 5.133168 -1.1492169
1.4939818 5.2863975 -1.3024457
1.6472107 5.2863975 -1.532289
1.8004396 5.1714754 -1.6089035
1.9536686 4.9799395 -1.3024457
2.0685902 4.865018 -0.95768064
1.9919758 4.8267107 -0.42137948
1.8387469 4.7500963 0.07661446
1.6472107 4.865018 0.34476504
1.4939818 5.0182467 0.4213795
1.4556745 5.1714754 0.19153613
1.532289 5.3247046 0.038307227
1.685518 5.401319 -0.076614454
1.8770541 5.5545483 0.07661445
1.9536686 5.8226986 0.45968673
1.8004396 6.2823853 0.80445176
1.4939818 6.895301 1.1109096
0.9959879 7.393295 1.2641385
0.53630114 7.699753 1.1875241
0.19153613 7.8912888 0.95768064
0.0 7.8529816 0.5746084
0.038307227 7.8146744 0.19153613
0.22984335 7.967903 0.076614454
0.6895301 8.925584 0.842759
0.7661445 9.615114 1.4556746
0.6895301 10.151415 1.8770542
0.5746084 10.266336 2.1452048
0.5363012 10.0748005 2.183512
0.61291564 9.653421 2.1452048
0.842759 8.848969 2.183512
0.80445176 8.810662 2.3750482
0.7661445 8.963891 2.528277
0.8044517 9.2703495 2.9113493
0.9576807 9.768343 3.524265
1.3024457 10.381259 4.060566
1.6089035 11.109097 4.7884035
1.685518 11.722012 5.5162406
1.5705963 11.990162 6.0525417
1.2641385 11.951855 6.6654572
0.80445176 11.798626 6.8569937
0.45968673 11.683704 6.742072
0.3064578 11.87524 6.435614
0.19153613 12.220006 6.129156
0.2681506 12.5264635 5.9759274
0.4213795 12.717999 6.0525417
0.45968673 12.756307 6.397307
0.49799395 12.756307 6.933608
0.57460845 13.024457 7.6997523
0.5363012 13.484144 8.236053
0.5746084 13.9438305 8.542511
0.6512228 14.326903 8.389282
0.5363012 14.365211 7.8529816
0.30645782 14.020445 7.3166804
-0.19153613 13.292607 6.62715
-0.842759 12.220005 6.052542
-1.5322891 10.955867 5.66947
-2.030283 9.844957 5.286398
-2.2984338 9.040505 5.056554
-2.336741 8.772355 4.9799395
-2.0685902 8.963891 4.865018
-1.7621324 9.5385 4.865018
-1.3407528 10.802638 4.711789
-1.37906 10.994175 4.6351748
-1.685518 10.49618 4.367024
-1.8004396 10.151415 4.5202527
-1.9536686 10.0748005 4.8267107
-2.1068974 10.113108 5.3247046
-2.1452045 10.266336 5.93762
-2.183512 10.457873 6.397307
-2.1452048 10.649409 6.7420716
-2.0685902 10.955867 6.895301
-2.030283 11.377247 6.9719152
-1.9919758 11.683704 6.933608
-2.1068974 11.722012 6.588843
-2.2984335 11.18571 6.2057705
-2.528277 10.649409 5.9759274
-2.7964275 9.998186 5.8226986
-3.0262709 9.576807 5.93762
-3.064578 9.5385 6.129156
-3.0262709 9.653421 6.129156
-2.8347347 9.921572 6.0142345
-2.681506 10.228029 5.66947
-2.566584 10.342951 5.4013195
-2.6048915 10.151415 5.1714754
-2.719813 9.730036 4.9799395
-2.8347347 9.11712 5.133168
-2.9113493 8.465898 5.3247046
-2.8347347 8.00621 5.631162
-2.681506 7.8146744 5.93762
-2.4516625 7.6614456 5.861006
-2.2601264 7.6231384 5.631162
-2.0685902 7.584831 5.3247046
-1.8770542 7.5082164 5.094861
-1.6472108 7.5465236 4.9416323
-1.37906 7.6231384 4.865018
-1.1109096 7.699753 4.7884035
-0.88106626 7.699753 4.673482
-0.7278373 7.546524 4.6351743
-0.5746084 7.4699097 4.6734815
-0.38307226 7.4316025 4.82671
-0.19153613 7.508217 4.788403
0.15322891 7.699753 4.82671
0.26815057 7.699753 4.750096
0.38307226 7.6614456 4.865018
0.49799395 7.699753 4.865018
0.68953 7.699753 4.8267107
0.7278373 7.6614456 4.865018
0.80445176 7.508217 5.0182467
0.8810662 7.3166804 5.133168
0.9576807 7.1634517 5.2480903
1.0726024 6.9719152 5.2480903
1.1875241 6.933608 5.3247046
1.340753 6.9719152 5.363012
1.5705963 7.125144 5.5162406
1.8004397 7.3932953 5.6311626
2.0685902 7.6614456 5.5545483
2.2984338 7.8529816 5.477934
2.4899697 8.00621 5.3247046
2.6431985 8.082825 5.2863975
2.681506 8.00621 5.1714754
2.6431987 7.929596 5.0182467
2.5665843 7.699753 4.7884035
2.5665843 7.6231384 4.7884035
2.719813 7.699753 4.9799395
3.064578 7.929596 5.401319
3.4476504 8.389282 5.861006
3.715801 8.6574335 5.975928
3.7924156 8.848969 5.9376206
3.6391864 8.887277 5.5928555
3.2944217 8.69574 5.2480903
2.834735 8.465897 4.903325
2.3750482 8.197746 4.7500963
1.9919758 7.967903 4.6351748
1.8770542 7.967903 4.5968676
1.9919758 8.236053 4.8267107
2.2601264 8.542511 4.9416327
2.528277 8.8489685 5.018247
2.681506 9.040505 5.0565543
2.719813 8.925584 4.9416323
2.681506 8.848969 5.056554
2.6048915 8.619125 5.2480903
2.566584 8.389282 5.4396267
2.528277 8.236053 5.66947
2.681506 8.121132 5.9759274
3.026271 8.389282 6.244078
3.5625722 8.8489685 6.2823853
4.1371803 9.346963 6.0908494
4.5968676 9.768343 5.5545483
4.8267107 9.80665 4.7500963
4.8267107 9.576807 4.0222588
4.6351743 9.193734 3.4859576
4.367024 8.6574335 3.2944214
4.098873 8.197746 3.409343
3.86903 7.8146744 3.7541082
3.7924156 7.546524 4.1371803
3.7541084 7.508217 4.3670235
3.7924156 7.584831 4.4053307
3.7924156 7.8529816 4.252102
3.7541084 8.159439 3.9456444
3.7158012 8.427589 3.562572
3.6008794 8.6574335 3.2561145
3.4476504 8.772355 3.1795
3.2944214 8.772355 3.026271
3.0262709 8.810662 3.0645783
2.8347347 8.810662 3.2944214
2.681506 8.810662 3.524265
2.528277 8.887277 3.86903
2.4133554 8.925584 4.3287168
2.2601264 9.040505 4.6351743
2.1452045 9.11712 4.865018
1.9919758 9.193735 5.0182467
1.8770542 9.346964 4.9416323
1.8387469 9.5385 4.7500963
1.8004397 9.653421 4.5585604
1.7621324 9.768343 4.405331
1.7621324 9.80665 4.3287168
1.7621324 9.80665 4.4436383

