1.1109096 8.848969 4.520253
1.3024458 9.691729 4.6351748
1.6472108 10.994174 4.903325
1.8770542 12.105083 5.363012
2.1452048 13.369222 5.899313
2.1068976 13.790602 6.397307
2.2218194 14.211982 6.742072
2.2984338 14.5567465 6.9719157
2.4133554 14.78659 7.240066
2.528277 14.824897 7.393295
2.6048915 14.748282 7.5465236
2.681506 14.748282 7.699753
2.719813 14.633361 7.6231384
2.681506 14.441825 7.2783732
2.528277 14.250288 7.0485296
2.336741 13.790602 6.742072
2.1068976 13.369223 6.3973064
1.9153614 12.909536 6.3973064
1.8770542 12.449849 6.090849
1.8770542 12.181698 5.592855
1.8004396 11.798626 4.9416323
1.5705962 11.377247 3.9839518
1.0726023 10.611102 3.1411927
0.3064578 9.576807 2.6048913
-0.4596867 8.580819 2.528277
-1.1492168 7.6231384 2.75812
-1.6472107 7.04853 3.1028852
-1.9153614 6.7037644 3.4859576
-2.183512 6.3589997 3.7158012
-2.336741 6.129156 3.86903
-2.4516625 5.8226986 4.098873
-2.2601266 5.8226986 4.367024
-1.8387469 6.244078 4.55856
-1.2641385 6.9336085 4.6734815
-0.6895301 7.73806 4.6351743
-0.49799392 8.0445175 4.1754875
-0.49799392 7.929596 3.4859576
-0.7661446 7.3932943 2.6431985
-1.1109096 6.7037644 1.6855179
-1.5705963 5.6694694 0.8810662
-1.6472107 5.24809 0.9193734
-1.5705962 4.9799395 1.2258313
-1.3790603 4.9799395 1.5705963
-1.0726023 5.171476 1.9153614
-0.7661445 5.477934 1.9919758
-0.5363012 5.7843914 1.8004396
-0.4213795 5.899313 1.4556746
-0.45968676 5.93762 1.1492168
-0.5363012 5.7843914 0.9193734
-0.6512228 5.516241 0.95768064
-0.80445176 5.1714754 1.0342951
-0.8810662 4.9416323 1.1492168
-0.8810662 4.903325 1.37906
-0.80445176 5.0565543 1.4939818
-0.5746084 5.401319 1.532289
-0.34476504 5.746084 1.3790601
-0.15322891 6.090849 1.1109095
0.0 6.473921 0.8427589
0.076614454 6.703765 0.61291564
0.15322891 6.8569937 0.45968673
0.19153613 6.8569937 0.2681506
0.22984336 6.7420716 0.22984336
0.30645782 6.62715 0.34476507
0.38307226 6.5505357 0.5363012
0.4213795 6.588843 0.842759
0.4213795 6.4739213 1.0726024
0.4213795 6.435614 1.1492169
0.38307226 6.3206925 1.1875241
0.4596867 6.090849 1.2258313
0.5746084 6.0142345 1.1109096
0.61291564 5.8226986 0.9193735
0.6895301 5.5162406 0.6512229
0.80445176 5.24809 0.34476504
0.9959879 5.0182467 0.15322891
1.3790601 4.9799395 0.22984335
1.8004397 5.133168 0.6895301
2.1452048 5.286397 1.2258313
2.2601266 5.439626 1.685518
2.2218192 5.516241 1.9919758
2.030283 5.477934 1.8387469
1.8004396 5.4396267 1.4173675
1.7621324 5.4396267 1.0342951
1.8004397 5.477934 0.6895301
1.9919759 5.707777 0.49799398
2.2601266 6.0525417 0.3830723
2.4516628 6.4739213 0.30645782
2.5665843 6.9719152 0.22984335
2.48997 7.431602 0.22984335
2.2601266 7.776367 0.45968673
1.9153614 7.929596 0.8810662
1.6089034 7.8529816 1.2258313
1.4173675 7.699753 1.3790603
1.2641385 7.469909 1.2258313
1.1492169 7.3549876 0.8044518
0.95768064 7.2783732 0.42137948
0.7278373 7.0485296 0.34476504
0.5363012 6.9719152 0.42137948
0.3830723 6.9719152 0.6895301
0.34476504 7.086837 0.95768064
0.42137948 7.508217 1.2258313
0.6129157 8.121132 1.685518
0.842759 8.734047 2.1452045
0.9959879 9.385271 2.719813
1.1109096 9.998186 3.1411927
1.0726024 10.534487 3.6008794
1.0342952 10.994174 3.9073372
0.9576807 11.492168 4.252102
0.6895301 11.798626 4.55856
0.38307226 11.836933 4.596867
-1.4901161E-8 11.645397 4.596867
-0.45968673 11.185711 4.55856
-0.7278373 10.802638 4.4819455
-0.68953013 10.802638 4.5585604
-0.4213795 11.262324 4.7884035
0.076614454 12.066776 4.903325
0.5363012 12.756307 4.9799395
0.7661445 13.2543 5.056554
0.80445176 13.40753 4.9799395
0.80445176 13.484144 5.209783
0.80445176 13.484144 5.324705
0.7278373 13.3309145 5.5545483
0.5363012 13.139379 5.8226986
0.19153613 12.717999 6.0142345
-0.15322891 12.143391 6.205771
-0.45968673 11.9135475 6.4356146
-0.5746084 11.87524 6.512229
-0.45968673 12.29662 6.550536
-0.26815057 13.177687 6.5888433
0.0 13.943831 6.3589997
0.19153613 14.518439 6.090849
0.19153613 14.633361 5.861006
0.038307227 14.211981 5.746084
-0.2681506 13.445836 5.8226986
-0.61291564 12.679692 6.1291566
-1.0342952 11.760319 6.5122285
-0.99598795 11.798626 6.742072
-0.88106626 11.9135475 6.8186865
-0.7661446 11.990162 7.0485296
-0.61291564 11.990162 7.163451
-0.57460845 11.722012 7.0485296
-0.61291564 11.415554 6.895301
-0.7278373 10.994174 6.5505357
-0.9576807 10.381258 6.1674633
-1.1875241 9.883264 5.899313
-1.4173675 9.423577 5.707777
-1.532289 9.193734 5.6311626
-1.5705963 9.346964 5.707777
-1.5705963 9.5385 5.707777
-1.6472107 9.691729 5.6311626
-1.7621324 9.80665 5.363012
-1.9153614 9.730036 5.171476
-2.1452048 9.5385 4.865018
-2.3750482 9.040505 4.6351748
-2.6431985 8.504204 4.5585604
-2.8730419 8.082825 4.5202527
-3.0262709 7.8912888 4.5202527
-3.064578 7.967903 4.5202527
-3.0262709 8.236053 4.55856
-2.9879637 8.619125 4.673482
-2.834735 8.8489685 4.7884035
-2.719813 9.078813 4.9416323
-2.6048913 9.232041 4.9799395
-2.4516625 9.308657 4.865018
-2.3750482 9.308657 4.6734815
-2.4516625 9.040505 4.4819455
-2.566584 8.389282 4.3670235
-2.719813 7.5465236 4.481945
-2.873042 6.7420716 4.7500963
-2.834735 6.244078 5.056554
-2.5282772 6.244078 5.24809
-2.0685904 6.5888433 5.363012
-1.4173675 7.125144 5.477934
-0.68953013 7.776367 5.477934
-0.11492169 8.197746 5.401319
0.38307226 8.427589 5.24809
0.7278373 8.542512 4.9416323
0.9576807 8.504205 4.596867
1.1492169 8.542512 4.443638
1.2641386 8.580819 4.2137947
1.4556746 8.504204 4.1754875
1.5322891 8.312668 4.2904096
1.6089035 8.082825 4.55856
1.685518 7.8146744 4.9799395
1.7238252 7.6231384 5.363012
1.7621324 7.584831 5.094861
1.8387469 7.6614456 4.5202527
2.030283 7.73806 3.86903
2.2984338 7.8912888 3.2561145
2.7581203 8.197746 2.834735
3.371036 8.504204 2.9879637
3.9073372 8.772354 3.6008794
4.2904096 9.002198 4.443639
4.2137947 8.963891 5.4396267
3.9073372 8.772354 5.1714754
3.5242648 8.465897 4.5968676
3.1794999 8.0445175 4.098873
2.9496565 7.73806 3.86903
2.834735 7.546524 3.8307228
2.9113493 7.393295 3.86903
3.0645783 7.508217 4.060566
3.371036 7.6614456 4.3287163
3.7924156 7.8912888 4.6351748
4.2521024 8.389283 5.2097826
4.673482 8.810663 5.7843914
4.865018 9.078814 6.2440786
4.711789 9.040505 6.5888433
4.2137947 8.734048 6.550536
3.6008794 8.312668 6.2440777
3.0645783 7.967903 5.899313
2.7581205 7.8912888 5.6311626
2.7198133 7.8912888 5.439626
2.7964277 7.929596 5.171476
2.7964277 8.082825 4.865018
2.7964277 8.0445175 4.6351743
2.7581203 8.0445175 4.596867
2.7581203 8.159439 4.7500963
2.7964275 8.121132 4.903325
2.681506 8.159439 4.903325
2.4899697 8.197746 4.7884035
2.4133554 8.619125 4.9416323
2.7581203 9.38527 5.439626
3.4093432 10.266336 5.9759274
4.060566 10.955867 6.1674633
4.2904096 10.91756 5.8226986
3.9839518 10.49618 4.903325
3.4476502 9.998186 3.9839513
3.0645783 9.615114 3.6391866
2.9113493 9.461885 3.4859576
2.834735 9.232042 3.5242648
2.6431987 8.887277 3.4859576
2.2601264 8.619126 3.2178073
1.8770542 8.236053 3.0262709
1.532289 8.0445175 2.9496565
1.2641385 7.967903 3.1411927
1.0726023 7.967903 3.371036
0.91937345 8.159439 3.6774938
0.80445176 8.350975 4.0222588
0.72783726 8.6574335 4.098873
0.72783726 8.887277 4.2137947
0.7661445 9.117121 4.3287163
0.80445176 9.423578 4.4053307
0.88106626 9.5385 4.673482
0.91937345 9.653421 4.9799395
0.91937345 9.768343 5.24809
0.9959879 9.691729 5.4779334
1.0342951 9.80665 5.592855
1.0342951 9.768343 5.6311626
1.1109096 9.691729 5.6311626

