1.2258313 9.691729 5.66947
1.3024457 9.500193 5.5162406
1.685518 8.887277 3.7541084
2.0685902 9.65342 4.1754875
2.4899697 10.49618 4.367024
2.7964275 11.338939 4.673482
3.1794999 12.411541 4.9416323
3.1794999 12.794614 4.8267107
3.1794999 13.101071 4.673482
3.1411927 13.292608 4.5968676
3.064578 13.330915 4.5968676
3.0262709 13.254301 4.711789
2.9879637 13.177687 5.094861
3.1411924 13.292608 5.401319
3.4093432 13.637373 5.7077765
3.754108 14.058752 5.861006
4.1754875 14.556746 5.9759274
4.5202527 14.978126 5.9759274
4.7500963 15.169662 5.899313
4.865018 15.399506 5.8226986
4.865018 15.47612 5.439626
4.7884035 15.284584 5.094861
4.596867 15.016434 4.6734815
4.2904096 14.480132 4.290409
3.86903 13.867216 4.1371803
3.371036 13.2543 4.1754875
2.9496565 12.717999 4.481946
2.6048915 12.373234 4.865018
2.3750482 12.143391 5.24809
2.2218192 12.028469 5.439626
1.7238252 11.492168 5.209783
1.340753 11.032481 5.0182467
0.80445176 10.49618 4.711789
0.34476507 9.998186 4.405331
-0.34476504 9.308657 3.7158012
-0.49799395 9.040505 3.4859576
-0.6512228 8.69574 3.4093432
-0.84275895 8.159439 3.2178068
-1.340753 7.0485296 2.9113493
-1.6472108 6.397307 2.6431985
-1.8770541 5.8993125 2.566584
-1.9919758 5.324704 2.4133554
-1.9919758 4.8650174 2.4899697
-1.8770542 4.55856 2.6048915
-1.6472108 4.5202527 2.528277
-1.4173675 4.5585604 2.2218192
-1.1109096 4.5968676 0.91937345
-1.1109096 4.252102 0.2681506
-1.2258313 3.86903 -0.07661444
-1.340753 3.3327289 -0.11492166
-1.6089035 2.6431987 0.68953013
-1.6472107 2.4516625 1.1109096
-1.6472107 2.4899697 1.2258313
-1.4556745 2.681506 1.187524
-1.2258313 3.1411927 0.9576807
-0.80445176 3.6774938 0.7661445
-0.30645782 4.367024 0.6895301
0.19153613 4.9799395 0.61291564
0.61291564 5.439626 0.53630114
0.9959879 5.7843914 0.38307226
1.0342952 5.746084 0.38307226
0.842759 4.9416323 0.6512228
0.6512229 4.405331 0.68953
0.45968673 3.8307228 0.61291564
0.34476504 3.562572 0.7278373
0.45968673 3.7158012 0.8810662
0.68953013 4.098873 1.0342951
0.9576807 4.5585604 1.0726023
1.2641385 4.903325 0.80445176
1.4556746 5.0182467 0.38307226
1.5705963 4.9799395 0.0
1.6472107 4.903325 -0.076614454
1.5705963 4.8267107 -0.038307227
1.4173673 4.9416323 0.26815057
1.2641385 5.1331687 0.6895301
1.0726024 5.439626 0.9959879
0.9959879 5.7843914 1.2258313
1.0726024 6.0525417 1.187524
1.1875241 6.282385 0.9959879
1.3024458 6.5505357 0.57460845
1.3790601 6.856993 0.19153613
1.4173673 7.2400656 -0.22984335
1.4173673 7.699753 -0.5746084
1.4173673 8.082825 -0.7661446
1.4173673 8.350976 -0.99598795
1.4173673 8.542512 -0.91937345
1.4173673 8.580819 -0.80445176
1.4556746 8.580819 -0.49799395
1.4939818 8.619126 -0.15322891
1.3790601 8.542512 0.19153611
1.0342951 8.236053 0.45968673
0.61291564 7.967903 0.5746084
0.57460845 8.159439 0.6512228
0.68953013 8.504204 0.88106614
0.842759 8.810662 1.1109095
0.91937345 9.155427 1.6472108
0.7661446 9.232041 2.336741
0.49799395 9.346964 3.1411924
0.19153613 9.5385 4.1371803
0.038307227 9.844957 4.865018
0.076614454 10.457873 5.439626
0.11492168 11.109096 5.746084
0.038307227 11.568783 5.554548
-0.57460845 11.377247 5.286397
-0.9193735 10.917561 5.1714754
-0.9959879 10.802638 5.3630123
-0.842759 11.109097 5.5545483
-0.4596867 11.9135475 5.899313
0.1149217 12.871229 6.2057705
0.49799395 13.599066 6.3589997
0.5746084 13.9438305 6.62715
-0.11492169 13.637373 7.73806
-0.61291564 13.254301 8.580819
-0.95768064 12.756308 9.078813
-1.3024458 11.760319 9.002198
-1.2258313 11.568783 8.542511
-1.0342951 11.722012 8.121132
-0.6895301 12.105083 7.6614456
-0.42137948 12.603078 7.31668
-0.076614454 13.139379 7.125144
0.22984338 13.52245 6.933608
0.4213795 13.713987 6.780379
0.49799395 13.790602 6.6654572
0.34476504 13.445837 6.62715
0.076614454 12.909536 6.742072
-0.30645782 12.334928 6.9719157
-0.6512229 11.568783 7.1634517
-0.88106626 11.070788 7.2783732
-1.0342952 10.726024 7.0868373
-1.0726024 10.572795 6.7803793
-0.9959879 10.6877165 6.5122285
-0.9576807 10.764331 6.1674633
-0.9576807 10.91756 6.129156
-0.99598795 10.994174 6.2440777
-1.1875241 10.879252 6.435614
-1.3790603 10.572795 6.62715
-1.6472108 10.113108 6.780379
-1.9536686 9.4618845 6.780379
-2.2601266 8.734048 6.4739213
-2.6431985 8.121132 6.0525417
-2.9496565 7.546524 5.439626
-3.2178073 7.04853 4.903325
-3.4859576 6.7037644 4.5202527
-3.6008797 6.397307 4.3287163
-3.6391869 6.397307 4.290409
-3.4859579 6.703765 4.3287163
-3.1794999 7.240066 4.4436383
-2.8730419 8.00621 4.3670235
-2.528277 8.504205 4.3287163
-2.2984335 8.772355 4.1371803
-2.1068976 8.848969 3.9839516
-1.9919758 8.772355 3.9073372
-1.9153614 8.772355 3.8307228
-1.8004397 8.772355 3.9456444
-1.685518 8.772355 4.060566
-1.532289 8.734048 4.3287168
-1.3790601 8.542512 4.5202527
-1.340753 8.236053 4.711789
-1.3024457 7.8529816 4.9416323
-1.1492168 7.6231384 5.133168
-0.9959879 7.546524 5.477933
-0.6895301 7.6231384 5.631162
-0.4596867 7.776367 5.554548
-0.30645782 7.776367 5.2480903
-0.15322891 7.776367 4.711789
-0.076614454 7.73806 4.2904096
0.11492168 7.776367 4.0222588
0.38307226 7.929596 4.2521024
0.80445176 8.159439 4.711789
1.2641385 8.427589 5.2863975
1.6472108 8.69574 5.746084
1.9153614 8.734048 5.8226986
1.8770541 8.504205 5.6694694
1.685518 8.197746 5.2097826
1.4173675 7.6614456 4.865018
1.1492169 7.2783732 4.55856
1.1109096 7.086837 4.4819455
1.2641385 7.0485296 4.5968676
1.6089035 7.2017584 4.711789
2.0685902 7.508217 4.903325
2.566584 7.8146744 4.9799395
3.0262709 8.121132 4.9416323
3.4476504 8.389282 4.8267107
3.7541084 8.504205 4.711789
3.9456444 8.619126 4.4819455
4.0222588 8.619126 4.3287163
4.0222588 8.580819 4.2137947
4.060566 8.580819 4.060566
4.1371803 8.580819 3.9839516
4.290409 8.580819 3.8307228
4.4819455 8.734048 3.7541084
4.6351743 8.848969 3.7158012
4.711789 8.925584 3.7541084
4.7884035 9.078813 4.060566
4.7500963 9.078813 4.443639
4.711789 9.078813 4.8267107
4.55856 8.963891 5.133168
4.3287163 8.734048 5.094861
4.098873 8.504204 4.8267107
3.8307226 8.121132 4.5202527
3.6391864 7.8912888 4.1371803
3.4476502 7.776367 3.9456444
3.409343 7.73806 4.0222588
3.3710358 7.967903 4.098873
3.3710358 8.197746 4.3287168
3.3710358 8.465897 4.5202527
3.1028855 8.619125 4.443638
2.8347347 8.465897 4.290409
2.528277 8.236053 4.1371803
2.2984335 8.082825 4.1754875
2.413355 8.274361 4.4436383
2.7198129 8.69574 4.8267107
3.256114 9.193734 5.056554
3.7158008 9.730036 4.9799395
3.9839516 9.959879 4.5585604
4.098873 10.0748005 3.9456444
4.0222588 9.998186 3.4859576
3.86903 9.768343 3.1028852
3.6391866 9.461885 3.064578
3.4093432 9.117121 3.064578
2.9113493 8.734048 3.2944214
2.7964275 8.848969 3.2561142
2.566584 9.078813 3.4476504
2.4899697 9.11712 3.562572
2.336741 9.040505 3.7158012
2.2218192 8.963891 3.7924156
2.0685902 8.925584 3.7924156
1.9153614 8.925584 3.6774938
1.7238252 8.963891 3.524265
1.6089035 8.963891 3.3327289
1.4939818 9.002198 3.2561145
1.3790601 9.040505 3.2178073

