2.1068974 8.734047 4.4436383
1.8770541 9.538499 4.8267107
1.9919759 10.6877165 5.5162406
2.0685902 11.9135475 6.090849
2.5282772 13.982139 7.3549876
2.6431987 14.480132 7.6231384
2.5665843 14.671668 7.776367
2.2984338 14.5567465 7.584831
1.9919759 14.288595 7.04853
1.7621325 14.211981 6.3206925
1.7238252 14.288595 5.5162406
1.8387469 14.480131 5.0182467
1.9536686 14.633361 4.903325
1.7621324 14.135367 4.903325
1.4173675 13.445837 5.0182467
0.9959879 12.832921 5.3247046
0.842759 12.334927 5.707777
0.9193734 12.373234 6.473922
0.80445176 12.028469 6.4356146
-0.19153614 10.649408 5.861006
-0.84275895 9.461885 5.401319
-1.3024458 8.580819 5.0182467
-1.6089035 7.9295964 4.6351743
-1.5705963 7.508217 4.1754875
-1.3024457 7.6614456 3.9456444
-1.1109096 7.73806 3.8307228
-1.340753 7.3549876 3.6391864
-1.8387469 6.6654577 3.6008792
-2.2218192 5.9759274 3.371036
-2.6048915 5.0182467 2.834735
-2.336741 5.056554 2.2218192
-1.6855179 5.592855 1.4556746
-1.2641385 5.6694694 1.0726023
-1.2641385 5.3247046 0.7661445
-1.5705963 4.4819455 0.22984335
-1.7621324 3.9456444 0.61291564
-1.7621324 3.9073372 1.0726024
-1.532289 4.098873 1.3024458
-1.2258313 4.2904096 1.2641385
-0.84275895 4.673482 0.842759
-0.4596867 4.865018 0.1532289
-0.15322891 4.9799395 -0.2681506
0.114921674 5.2480903 -0.2681506
0.4213795 5.4396267 0.19153611
0.68953013 5.6311626 0.8044517
0.9576807 5.8226986 1.3407528
1.1492168 5.707777 1.7238252
1.1492168 5.401319 1.5322891
0.95768064 5.056554 1.1109097
0.6895301 4.6734815 0.30645782
0.4213795 4.55856 -0.61291564
0.34476507 4.6351748 -1.2258313
0.57460845 4.8267107 -1.4939818
1.0726023 5.2480903 -1.1492169
1.685518 5.554548 -0.45968673
2.1452048 5.8226986 0.30645782
2.183512 5.861006 0.80445176
1.8387469 5.439626 0.6895301
1.2641385 5.056554 -0.03830722
0.7661445 4.7500963 -0.99598795
0.7278373 4.673482 -1.6472108
1.1492169 5.133168 -1.6472108
1.8770542 5.861006 -1.0342951
2.6431987 6.6654577 0.03830722
3.2178073 7.508217 1.0726023
3.2944217 8.00621 1.685518
2.9496565 8.121132 1.9919758
1.7238252 7.546524 1.685518
1.2258313 7.0102224 1.4939818
1.1109095 6.8569937 1.685518
1.3024457 7.163452 2.2984338
1.7621324 7.891289 2.873042
2.0685904 8.963892 3.2561145
2.1068976 10.419565 2.681506
1.8004397 10.649409 2.0685902
1.4556746 10.457873 1.7238252
1.1492168 10.074801 1.685518
0.9193734 9.730036 2.030283
0.7278373 9.308657 2.4899697
0.5746084 9.002199 2.911349
0.42137948 8.887277 3.1028852
0.34476504 9.11712 2.911349
0.34476504 9.921572 2.7581203
0.4213795 11.032481 2.719813
0.57460845 12.028469 2.834735
0.49799395 12.5264635 3.217807
0.26815057 12.373235 3.7541082
0.076614454 11.87524 4.3287168
-0.22984336 11.492168 4.711789
-0.4596867 11.224018 4.865018
-0.6895301 11.224018 4.750096
-0.95768064 11.492168 4.252102
-1.1875241 11.683704 3.7924151
-1.4173675 11.87524 3.562572
-1.6089035 11.87524 3.6774938
-1.7238252 11.722012 4.2904096
-1.8004396 11.492168 5.094861
-1.7621324 11.415554 5.8226986
-1.5705962 11.60709 6.2440777
-1.3790603 11.836933 6.2440777
-1.2258313 12.258312 6.090849
-1.0726024 12.756307 5.93762
-0.9193735 13.330915 5.8226986
-0.842759 13.828909 5.93762
-0.842759 14.135366 6.0525417
-0.9576807 14.058752 6.129156
-1.2258313 13.52245 6.320692
-1.5705965 12.871228 6.3973064
-1.9153614 12.181699 6.3973064
-2.1452048 11.645397 6.320692
-2.183512 11.415554 6.090849
-1.9536686 11.60709 5.8226986
-1.5705963 11.951855 5.554548
-1.2258313 12.334928 5.439626
-0.99598795 12.488156 5.401319
-0.9576807 12.220005 5.592855
-1.0726024 11.645397 5.9759274
-1.340753 10.419566 6.3973064
-1.4939818 9.883265 6.3589993
-1.5322891 9.576807 6.1674633
-1.4939818 9.346964 6.0142345
-1.4939818 9.308657 5.7843914
-1.340753 9.423578 5.6311626
-1.1875241 9.576807 5.707777
-1.1109096 9.80665 5.7843914
-1.0726023 9.883265 5.93762
-1.1492169 9.921572 6.0525417
-1.3407528 9.844957 5.7843914
-1.5705962 9.691729 5.4779334
-1.8770541 9.576807 5.3247046
-2.2601266 9.461885 5.24809
-2.7198129 9.308657 5.363012
-3.2178068 9.155428 5.707777
-3.562572 9.078813 6.0525417
-3.715801 9.11712 6.282385
-3.7541082 9.308656 6.3589993
-3.6391864 9.423578 6.090849
-3.6008792 9.385271 5.66947
-3.6391866 9.117121 5.24809
-3.6391866 8.695741 5.094861
-3.6391866 8.350975 5.133168
-3.4859576 8.159439 5.2863975
-3.2561142 8.197746 5.516241
-2.9496562 8.580819 5.5928555
-2.566584 9.002199 5.5928555
-2.2218192 9.423578 5.4013195
-1.9153614 9.691729 5.094861
-1.7238252 9.653421 4.711789
-1.6472108 9.385271 4.3287163
-1.685518 8.963891 4.1371803
-1.7238252 8.465898 4.060566
-1.7238252 7.967903 4.252102
-1.685518 7.6231384 4.5202527
-1.5705963 7.2783737 4.7884035
-1.3790601 7.086837 5.0182467
-1.1492168 7.0102224 5.094861
-0.9576807 6.8569937 4.9416323
-0.7661445 6.8186865 4.788403
-0.61291564 6.8569937 4.750096
-0.38307226 7.0102224 4.7117887
-0.038307227 7.3932953 4.7884035
0.3830723 7.8912888 4.9416323
0.7661445 8.274361 4.9799395
1.0342951 8.427589 4.903325
1.1109096 8.312668 4.8267107
0.9959879 7.8529816 4.6351743
0.8044518 7.354987 4.6351743
0.61291564 6.933608 4.788403
0.57460845 6.7803793 5.2097826
0.842759 7.0102224 5.7077765
1.3790603 7.6231384 6.0142345
2.0685904 8.42759 6.2823853
2.7581205 9.117121 6.205771
3.0645783 9.5385 5.7843914
3.1028855 9.5385 5.24809
2.911349 9.155427 4.7884035
2.6048913 8.69574 4.6351748
2.3367407 8.121132 4.8267107
2.1068976 7.584831 5.0948615
1.9536686 7.201759 5.363012
1.9536686 7.010223 5.439626
2.2601264 7.1251445 5.6694694
2.7581203 7.508217 6.0525417
3.409343 8.082825 6.3206925
3.9839513 8.580819 6.2823853
4.252102 8.925584 5.6311626
4.252102 9.040505 4.8267107
4.0222588 8.772354 4.1371803
3.715801 8.465897 3.9073372
3.4859576 8.121132 4.1754875
3.3710358 7.929596 4.5968676
3.3710358 8.0445175 4.9416323
3.409343 8.159439 5.094861
3.562572 8.427589 5.133168
3.6774938 8.695741 5.094861
3.7158012 8.887277 4.9416323
3.677494 9.040505 4.7500963
3.524265 9.078813 4.55856
3.2944214 8.925584 4.290409
3.026271 8.657433 4.2137947
2.7964277 8.542511 4.290409
2.681506 8.657433 4.596867
2.7581203 9.002199 5.3247046
2.987964 9.615114 6.0525417
3.2944217 10.228029 6.5505357
3.524265 10.611102 6.5122285
3.4859576 10.726024 5.93762
3.2561145 10.572795 5.1714754
2.9113493 10.113108 4.4819455
2.4516625 9.615113 4.060566
2.0685902 9.002198 3.86903
1.685518 8.389282 3.7541084
1.340753 8.00621 3.7541084
1.1109096 7.6614456 3.7541084
0.9576807 7.699753 3.7158012
0.9576807 7.8912888 3.7924156
0.91937345 8.082825 3.7541084
0.8810662 8.312668 3.7924156
0.7661446 8.389282 3.8307228
0.5746084 8.389282 3.86903
0.4596867 8.427589 3.9456444
0.344765 8.465897 4.060566
0.30645782 8.580818 4.3287168
0.30645782 8.772355 4.6351743
0.26815057 8.887277 5.056554
0.22984335 9.117121 5.439626
0.22984335 9.232042 5.592855
0.19153613 9.2703495 5.554548
0.19153613 9.2703495 5.3247046
0.15322891 9.155427 4.9799395
-0.038307227 9.078813 4.5585604
-0.076614454 8.963891 4.2521024
-0.11492168 8.887277 4.2137947

