-0.038307227 8.887277 4.3287163
0.15322891 8.887277 4.5968676
0.19153613 8.887277 5.094861
0.45968673 8.772355 5.4013186
0.842759 9.691729 5.4013186
1.1109096 10.649409 5.439626
1.340753 11.87524 5.861006
1.5322891 13.215994 6.2440777
1.5322891 13.828909 6.397307
1.685518 14.51844 6.7420716
1.9536686 15.246277 7.2017584
2.1835117 15.820885 7.623138
2.336741 16.242264 7.929596
2.3750482 16.395493 8.00621
2.2984335 16.203957 7.967903
2.1452045 15.820885 7.8912888
1.9153614 15.284584 7.8146744
1.6089036 14.709975 7.73806
1.1875241 14.058752 7.584831
0.7278373 13.407529 7.240066
0.34476507 12.794614 6.895301
0.038307227 12.334927 6.435614
-0.19153613 11.951855 6.0525417
-0.38307226 11.683704 5.8226986
-0.6512229 11.415554 5.554548
-0.9959879 10.994174 5.401319
-1.340753 10.534487 5.1714754
-1.8004397 9.691729 4.9799395
-1.838747 9.155427 4.7500963
-1.7621324 8.887277 4.4436383
-1.6472108 8.848969 4.367024
-1.4556746 8.772355 4.367024
-1.3024457 8.6574335 4.367024
-1.1109096 8.542511 4.4819455
-0.8810662 8.350975 4.4819455
-0.8044517 8.0445175 4.213795
-0.7661445 7.776367 3.9456444
-0.80445176 7.3549876 3.4476504
-0.91937345 6.7803793 2.873042
-0.9959879 6.205771 2.3750482
-1.0726023 5.6311626 1.8004396
-1.1875241 5.1714754 1.3407528
-1.3407528 4.6351748 0.9193735
-1.532289 4.2137947 0.49799395
-1.7621324 3.7924154 0.22984336
-2.030283 3.2944214 0.22984336
-2.2601264 2.9879634 0.22984336
-2.4516625 2.7581203 0.22984336
-2.528277 2.834735 0.22984336
-2.2218194 3.562572 -0.038307227
-1.9536686 4.1754875 -0.15322891
-1.6472108 4.711789 -0.2681506
-1.3407528 5.2097826 -0.4213795
-1.1492169 5.631162 -0.49799398
-0.95768064 5.8226986 -0.49799398
-0.84275895 5.861006 -0.49799398
-0.84275895 5.861006 -0.34476504
-0.80445176 5.8226986 -0.2681506
-0.80445176 5.7843914 -0.30645782
-0.80445176 5.7843914 -0.30645782
-0.7661445 5.861006 -0.5363012
-0.61291564 6.0908494 -0.7661445
-0.42137948 6.397307 -0.842759
-0.1532289 6.6271505 -0.91937345
0.15322891 6.8186865 -0.842759
0.26815057 6.933608 -0.61291564
0.30645782 7.0485296 -0.49799395
0.26815057 7.0102224 -0.57460845
0.11492168 6.7803793 -0.7278373
0.038307227 6.435614 -1.0342951
0.038307227 5.899313 -1.187524
0.038307227 5.4396267 -1.1109095
0.15322891 5.2097826 -0.95768064
0.30645782 5.056554 -0.6512228
0.5363012 5.094861 -0.42137948
0.8810662 5.401319 -0.42137948
1.6089035 6.0142345 -0.6512228
1.9536686 6.282385 -0.91937345
2.2218192 6.3589993 -1.0726024
2.3367407 6.3589993 -1.340753
2.3367407 6.090849 -1.4556746
2.183512 5.8226986 -1.4556746
1.9536686 5.66947 -1.3790601
1.8770542 5.5928555 -1.1109096
1.9536686 5.8226986 -0.8044517
2.1068974 5.93762 -0.68953
2.1835117 5.9759274 -0.4213795
1.9919758 6.0142345 -0.30645782
1.7238252 5.9759274 -0.19153613
1.4173675 6.0142345 -0.038307227
1.2258313 6.244078 0.076614454
1.1492169 6.4739213 0.22984338
1.1492169 6.7803793 0.34476507
1.1109097 7.0485296 0.30645782
0.91937345 7.1634517 0.22984336
0.6895301 7.1634517 -0.038307227
0.38307226 7.1634517 -0.15322891
0.19153613 7.3932953 0.11492168
0.4213795 7.73806 0.8810662
0.8044518 8.6574335 2.0685902
0.7278373 9.155427 2.2601264
0.45968673 9.5385 2.1452045
0.114921674 9.80665 2.0685902
-0.11492168 10.036493 2.030283
-0.11492168 10.342951 2.183512
0.038307227 10.955866 2.4516625
0.3830723 11.87524 2.9113493
0.8044517 12.947844 3.6008794
0.9576806 13.828909 4.4436383
0.842759 14.288595 5.401319
0.4596867 14.326902 6.3206925
-0.076614454 14.058752 7.0485296
-0.5746084 13.713987 7.4316025
-0.8810662 13.254301 7.3932953
-0.9959879 12.98615 7.010223
-0.9959879 12.679692 6.4739213
-0.7661445 12.334927 6.014235
-0.53630114 12.411541 5.9759274
-0.26815057 12.488155 6.2057705
-0.038307227 12.756307 6.6271505
0.038307227 12.98615 6.9719152
0.038307227 12.871228 7.125144
-0.15322891 12.411542 7.125144
-0.49799395 11.645397 7.0485296
-0.9576807 10.6877165 6.8186865
-1.4173673 9.80665 6.3973064
-1.685518 9.308656 5.9759274
-1.7238252 9.155427 5.5162406
-1.4556746 9.4618845 5.2480903
-0.95768064 10.0748005 5.209783
-0.42137945 10.802638 5.133168
0.07661446 11.568783 5.056554
0.3830723 12.143391 4.865018
0.3830723 12.373235 4.5968676
0.11492169 12.181699 4.5585604
-0.38307226 11.60709 4.8267107
-0.9193734 10.91756 5.286397
-1.3790601 10.342951 6.0142345
-1.532289 10.113108 6.8186865
-1.3790603 10.189722 7.393295
-1.0726023 10.611102 7.8912888
-0.61291564 11.224018 8.00621
-0.2681506 11.760319 7.8146744
-0.076614454 12.220005 7.584831
-0.038307227 12.258312 7.240066
-0.19153613 12.028469 7.0485296
-0.49799395 11.568783 7.0102224
-0.842759 11.032482 7.0485296
-1.2641385 10.572795 7.240066
-1.7238252 10.036493 7.4316025
-2.0685902 9.615113 7.546524
-2.336741 9.270349 7.584831
-2.4516625 9.078813 7.431602
-2.4899697 9.040505 7.0485296
-2.5282772 9.002198 6.3973064
-2.681506 8.810661 5.746084
-2.873042 8.504204 5.24809
-3.2944214 7.73806 5.209783
-3.4093432 7.4316025 5.5928555
-3.371036 7.31668 5.861006
-3.2561142 7.31668 6.0142345
-2.911349 7.5465236 5.9759274
-2.6048913 7.8912888 5.631162
-2.2984335 8.312668 5.3247046
-1.9919758 8.772355 4.9799395
-1.7621324 9.232042 4.7884035
-1.4556746 9.500193 4.7884035
-1.2641385 9.615114 4.903325
-1.2641385 9.308657 5.133168
-1.4939818 8.695741 5.209783
-1.9153614 7.8529816 5.2863975
-2.3750482 6.895301 5.363012
-2.6431987 6.205771 5.439626
-2.5665843 5.861006 5.631162
-2.1452048 6.014235 5.746084
-1.5322891 6.5122285 5.899313
-0.80445176 7.240066 6.090849
-0.15322891 7.967903 6.090849
0.2681506 8.389282 5.93762
0.53630114 8.542511 5.707777
0.6512228 8.504204 5.401319
0.6895301 8.236053 5.056554
0.6895301 8.082825 4.903325
0.72783726 8.082825 4.7117887
0.7661445 8.0445175 4.6734815
0.8810662 8.159439 4.9416323
1.0726023 8.350975 5.363012
1.2641385 8.427589 5.899313
1.3790603 8.465898 6.1291566
1.3790603 8.389283 5.93762
1.3407528 8.082825 5.477933
1.3024457 7.73806 4.9799395
1.3407528 7.469909 4.7500963
1.4939818 7.2783732 4.865018
1.7238252 7.3932953 5.133168
1.9919759 7.546524 5.3247046
2.2984338 7.8146744 5.2480903
2.6815062 8.121132 4.903325
3.1028852 8.427589 4.405331
3.4476504 8.734048 3.9073372
3.6391869 8.848969 3.4476504
3.677494 8.848969 3.371036
3.4859576 8.657433 3.371036
3.2178073 8.350975 3.371036
3.064578 8.0445175 3.6391866
3.0262709 7.8529816 3.8307228
3.2561145 7.8146744 4.1371803
3.6391864 7.967903 4.55856
3.9839516 8.0445175 4.865018
4.1371803 8.121132 4.865018
4.060566 8.121132 4.6734815
3.9073372 8.121132 4.2904096
3.8307228 8.312668 3.86903
3.8307228 8.619125 3.6008792
3.9073372 8.848969 3.4476504
3.9839516 9.040505 3.5242648
3.9456444 9.040505 3.6008797
3.8307228 8.734048 3.86903
3.677494 8.504204 4.2521024
3.4859576 8.274361 4.55856
3.371036 8.274361 4.9799395
3.5242648 8.69574 5.2480903
3.9456444 9.308657 5.439626
4.4819455 9.959879 5.171476
4.865018 10.419565 4.5202527
4.9416323 10.49618 3.7541084
4.6351748 10.228029 2.9496565
3.8307228 9.308657 2.6048913
3.524265 8.925584 2.873042
3.3327286 8.580818 3.2944217
3.1028855 8.236053 3.6391864
2.8347347 8.0445175 3.86903
2.566584 7.8912888 3.9456444
2.2984335 7.8146744 3.7924156
2.030283 7.8146744 3.6774938
1.8770542 7.967903 3.5242648
1.8387469 8.159439 3.3710358
1.8770542 8.465897 3.3710358
1.9536686 8.848969 3.4476504
1.9919758 9.078814 3.6008794
1.9536686 9.2703495 3.7924156
1.8004397 9.385271 3.9073372
1.6089035 9.385271 3.86903
1.4556746 9.346964 3.8307228
1.3024457 9.308656 3.8307228
1.2258313 9.232041 3.86903
1.2641385 9.232041 4.0222588
1.37906 9.308657 4.1754875
1.532289 9.423578 4.2137947
1.7238252 9.615114 4.2137947
1.9153614 9.691729 4.1371803
1.9536686 9.730036 4.060566
1.9153614 9.653421 4.060566
1.838747 9.461885 3.9456444
1.7621324 9.308657 3.9456444
1.7621324 9.155428 3.86903
1.8004397 9.040505 3.8307228
1.9153614 9.002198 3.9073372
1.9153614 8.963891 3.9073372
1.9919758 8.848969 4.060566
1.9536686 8.810662 4.098873

