2.030283 8.772355 4.060566
2.1068974 8.848969 4.060566
1.9536686 9.155427 4.060566
2.030283 10.572795 4.903325
2.336741 12.220005 5.899313
2.7964277 13.982138 6.7803793
3.2944217 15.935806 7.584831
3.7541084 16.625336 7.240066
4.1371803 17.085022 6.5888433
4.2521024 17.238253 5.7843914
4.1754875 16.931795 5.2480903
3.3327286 15.514427 4.8267107
2.911349 14.633361 4.7500963
2.4516625 13.713987 4.6351748
2.030283 12.832921 4.6351748
1.6089035 11.990162 4.673482
1.2641385 11.224017 4.711789
1.0342951 10.687716 4.6351748
0.8810662 10.113108 4.4436383
0.6895301 9.691729 4.2137947
0.49799395 9.308657 3.8307228
0.30645782 8.772355 3.4859576
0.076614454 8.274362 3.2944214
-0.15322891 7.6614456 3.1794999
-0.49799395 7.04853 3.1411927
-0.91937345 6.5888433 3.1411927
-1.4556746 6.244078 3.026271
-2.1452048 5.861006 2.7581203
-2.7581203 5.439626 2.6431987
-3.2944214 5.0182467 2.4516625
-3.7924156 4.55856 2.1068974
-3.6774938 4.596867 1.7621324
-3.371036 4.6734815 1.4556746
-2.9879637 4.7500963 1.0726023
-2.566584 4.865018 0.8044518
-2.183512 5.056554 0.7278373
-1.8387468 5.324704 0.7661445
-1.6089035 5.592855 0.8810662
-1.4173673 5.707777 1.0726024
-1.4173673 5.6311626 1.1492169
-1.6089035 5.4396267 1.0726024
-1.7621324 5.0948615 0.8427591
-2.030283 4.711789 0.45968673
-2.2601264 4.3287168 0.07661446
-2.4133554 4.060566 -0.2681506
-2.4899697 3.9456444 -0.4213795
-2.3750482 4.1371803 -0.4213795
-2.1068974 4.55856 -0.2681506
-1.7621324 5.094861 0.038307227
-1.4939818 5.592855 0.2681506
-1.2258313 5.899313 0.45968673
-1.1109096 6.0525417 0.45968673
-1.0726023 6.0525417 0.15322891
-1.0726023 5.93762 -0.038307227
-1.1492169 5.8226986 -0.30645782
-1.1492169 5.746084 -0.4213795
-1.1492169 5.7843914 -0.4596867
-1.0342951 5.899313 -0.7661445
-0.80445176 6.129156 -0.8810662
-0.57460845 6.435614 -1.1492168
-0.34476504 6.588843 -1.3790601
-0.19153613 6.6654572 -1.4173675
-0.11492168 6.5122285 -1.4939818
-0.11492168 6.205771 -1.5705962
-0.076614454 5.861006 -1.4173675
0.038307227 5.6311626 -1.1492168
0.22984336 5.5545483 -0.7661445
0.5363012 5.5928555 -0.34476504
0.80445176 5.66947 -0.22984336
1.0342951 5.66947 -0.19153613
1.1875241 5.5928555 -0.3830723
1.2641385 5.439626 -0.45968673
1.4556746 5.3247046 -0.3830723
1.8004397 5.0948615 -0.19153613
1.8770541 5.0565543 -0.038307227
1.8387469 5.0565543 0.076614454
1.7238252 5.0565543 0.19153613
1.5705963 5.171476 0.30645782
1.4556745 5.1331687 0.38307226
1.3407528 5.094861 0.4213795
1.2258313 5.133168 0.30645782
1.0726024 5.3247046 0.19153613
0.9193734 5.7077765 -0.076614454
0.7278373 6.090849 -0.38307226
0.5746084 6.4356136 -0.61291564
0.49799398 6.5888433 -0.8810662
0.49799398 6.742072 -0.9959879
0.61291564 6.895301 -1.0342952
0.7278373 6.9719152 -0.9576807
0.9576807 7.4316025 -0.038307235
0.91937345 7.776367 0.6512229
0.8810662 8.197746 1.4173675
0.80445176 8.389282 1.8387468
0.72783726 8.504204 1.9153614
0.80445176 8.465897 1.7621324
0.91937345 8.504204 1.6089036
0.88106626 8.848969 1.7621324
0.7661445 9.193734 2.336741
0.4213795 9.5385 3.2561145
-0.15322892 9.653421 4.137181
-0.49799395 9.80665 4.865018
-0.61291564 10.189722 5.2863975
-0.5746084 10.726023 5.209783
-0.344765 11.262324 4.903325
-0.344765 11.453861 4.7117887
-0.57460845 11.262324 4.7117887
-0.7661446 10.802638 4.9799395
-0.7661446 10.6877165 5.363012
-0.3064578 11.18571 5.4779334
0.6512229 12.449849 5.2863975
1.7621325 14.326903 5.056554
2.681506 16.127342 4.9799395
2.9879637 17.12333 4.9799395
2.336741 16.931793 5.209783
1.0726023 15.667656 5.554548
-0.61291564 13.790602 5.822698
-2.183512 11.87524 6.2057705
-3.1794999 10.304645 6.4739213
-3.4859576 9.346964 6.8569937
-2.9496565 9.117121 7.3932953
-1.8004396 9.730036 8.00621
-0.53630114 11.185711 8.350975
0.22984335 12.986151 8.389282
-0.114921674 14.633361 7.8146744
-1.9919758 12.411541 7.086837
-3.2944217 10.0748005 6.3589997
-3.3327289 9.768343 6.244078
-2.873042 10.228029 6.3589997
-2.2984338 10.994174 6.5122285
-1.8004397 11.990162 6.5505357
-1.4939818 12.871228 6.7420716
-1.3024457 13.445836 6.818686
-1.340753 13.484143 6.818686
-1.5705965 13.024457 6.7420716
-1.8770542 12.105084 6.2823853
-2.2601266 11.032482 5.9759274
-2.5665843 9.998187 6.0142345
-2.719813 9.155428 6.320693
-2.6048915 8.350975 7.354988
-2.336741 8.427589 7.584831
-2.030283 8.657433 7.5082164
-1.4939818 9.232042 6.742072
-1.3407528 9.423578 6.2823853
-1.2258313 9.461885 5.93762
-1.1875241 9.385271 5.6311626
-1.1492169 9.2703495 5.5545483
-1.1109096 9.232042 5.477934
-1.3024457 9.117121 5.516241
-1.6089035 9.040506 5.746084
-1.9536686 8.887278 5.93762
-2.3750482 8.695741 6.1674633
-2.6048913 8.734048 6.2440777
-2.6048913 8.810662 6.282385
-2.528277 9.11712 6.282385
-2.3367407 9.346964 6.090849
-2.1452048 9.385271 5.8226986
-1.9153614 9.078814 4.7884035
-1.8770542 8.848969 4.2904096
-1.8004397 8.619125 4.0222588
-1.7621325 8.427589 3.86903
-1.6089036 8.350975 4.060566
-1.493982 8.197746 4.3287163
-1.340753 8.121132 4.711789
-1.1492168 8.0445175 4.9799395
-1.0342951 7.8146744 5.094861
-0.8810662 7.73806 5.094861
-0.80445176 7.584831 4.903325
-0.6895301 7.393295 4.6351748
-0.53630114 7.393295 4.367024
-0.34476504 7.431602 3.9839516
-0.076614454 7.508217 3.5242648
0.22984335 7.6614456 3.3710358
0.49799395 7.73806 3.2561142
0.7278373 7.6614456 3.4476504
0.91937345 7.6231384 3.9839516
1.0342952 7.508217 4.55856
1.1492169 7.508217 5.1714754
1.3407531 7.4699097 5.554548
1.532289 7.4699097 5.5162406
1.7238252 7.4699097 5.1331687
1.9153614 7.431602 4.5968676
2.0685902 7.5082164 4.0988736
2.2218192 7.5082164 3.7924156
2.3367407 7.584831 3.677494
2.4133554 7.6231384 3.7924156
2.4133554 7.6614456 3.9839516
2.4133554 7.8146744 4.1754875
2.4133554 7.967903 4.252102
2.4133554 8.082825 4.2137947
2.4899697 8.121132 4.252102
2.4516625 8.0445175 4.1754875
2.3750482 7.8912888 4.252102
2.2218192 7.776367 4.290409
1.9919758 7.776367 4.290409
1.9919758 7.967903 4.4819455
2.1068976 8.389283 4.7117887
2.4133554 8.887278 5.056554
2.7964275 9.308657 5.3247046
3.0262709 9.461885 5.3247046
3.1028852 9.385271 5.1331687
3.0262709 9.155428 4.865018
2.834735 8.810662 4.5202527
2.6048913 8.580818 4.4436383
2.3750482 8.312668 4.4819455
2.1452045 8.0445175 4.6351748
2.030283 7.8912888 4.9799395
2.0685902 7.8912888 5.439626
2.336741 8.0445175 5.975928
2.719813 8.427589 6.3589997
3.1411927 8.69574 6.435614
3.3327289 8.69574 6.0142345
3.2178073 8.504204 5.363012
3.0645783 8.197746 4.865018
3.0262709 8.197746 4.7500963
3.2944217 8.504205 5.056554
3.8307228 8.963891 5.439626
4.175488 9.232041 5.5928555
4.175488 9.078813 5.401319
3.9073372 8.695741 5.0182467
3.4859576 8.197746 4.7500963
3.1411924 7.929596 4.596867
2.9879637 7.8146744 4.673482
2.9879637 7.8912888 4.865018
3.1411927 8.389282 5.133168
3.371036 8.925584 5.4013195
3.5242648 9.5385 5.4396267
3.5242648 9.959879 5.324704
3.2561145 9.883265 4.9416323
2.4516625 9.308656 4.405331
2.0685904 8.925584 4.3287168
1.8004397 8.695741 4.4819455
1.5705963 8.542512 4.7884035
1.3790601 8.42759 4.9416327
1.3790601 8.542512 5.209783
1.532289 8.848969 5.4013195

