1.8387469 9.193735 5.516241
0.72783726 8.925584 4.4436383
0.7661446 8.963891 4.405331
0.80445176 9.002198 4.3287163
0.84275895 9.078813 4.290409
0.9193734 9.11712 4.3287163
0.9959879 9.308656 4.4436383
1.1109096 9.500192 4.6351743
1.3024457 9.80665 4.6734815
1.4939818 10.0748005 4.6351743
1.6089035 10.266336 4.596867
1.685518 10.534487 4.4053307
1.685518 10.76433 4.252102
1.5705963 11.070788 4.098873
1.4939818 11.33894 3.9839516
1.4939818 11.645397 4.060566
1.5322891 12.028469 4.290409
1.6472108 12.449848 4.6351743
1.8004397 12.7179985 5.0182467
1.8770542 12.909535 5.2863975
2.030283 13.139379 5.5545483
2.1835117 13.330915 5.707777
2.2984338 13.560759 5.746084
2.3750482 13.713987 5.861006
2.336741 13.637373 5.899313
2.2218192 13.407529 5.8226986
2.0685902 13.177686 5.66947
1.9919758 12.909535 5.363012
1.9536686 12.679692 4.9799395
1.9536686 12.449849 4.6351743
1.9536686 12.258312 4.4436383
1.8770541 11.990162 4.367024
1.685518 11.683704 4.3287168
1.5322891 11.300632 4.405331
1.3790601 10.879252 4.3287163
1.1492168 10.496181 4.3287163
1.0342951 10.151415 4.252102
0.842759 9.959879 4.098873
0.7278373 9.844957 4.0222588
0.6512228 9.691729 3.8307228
0.53630114 9.5385 3.6008794
0.4596867 9.346963 3.4859576
0.30645782 9.155427 3.4093432
0.30645782 9.11712 3.4093432
0.34476507 9.155427 3.6774936
0.34476507 9.232042 3.7541082
0.34476507 9.2703495 3.9456444
0.26815057 9.232042 4.1371803
0.19153613 9.078814 4.1371803
0.11492168 8.925584 4.1754875
0.038307227 8.69574 4.060566
0.0 8.542511 3.86903
-0.038307227 8.542511 3.677494
-0.038307227 8.542511 3.3327289
0.0 8.695741 2.873042
0.0 8.810662 2.4899697
0.0 8.887277 2.2601264
-0.038307227 8.848969 2.2984335
-0.11492168 8.657433 2.4516625
-0.22984335 8.427589 2.4899697
-0.42137948 7.967903 2.4516625
-0.6512228 7.546524 2.2218192
-0.842759 7.163451 1.9153614
-0.9576807 6.895301 1.5705962
-0.9576807 6.895301 1.1875241
-0.8810662 6.895301 0.9193734
-0.72783726 7.0102224 0.6512228
-0.6512228 7.0102224 0.53630114
-0.6895301 6.895301 0.42137948
-0.7278373 6.8569937 0.38307226
-0.91937345 6.6271505 0.38307226
-1.0726024 6.473922 0.15322891
-1.1109096 6.320692 -0.11492167
-1.1492168 6.282385 -0.4596867
-1.0342951 6.4739213 -0.5363012
-0.8044517 6.62715 -0.4596867
-0.38307223 7.1251445 0.038307227
-0.19153613 7.2783732 0.22984336
-0.11492168 7.3549876 0.4213795
-0.038307227 7.3549876 0.38307226
-0.038307227 7.2783732 0.11492169
0.0 7.201759 -0.26815057
0.038307227 7.240066 -0.5746084
0.076614454 7.2783732 -0.6512228
0.15322891 7.3549876 -0.5363012
0.22984335 7.431602 -0.4213795
0.30645782 7.469909 -0.15322891
0.38307226 7.469909 0.22984336
0.45968673 7.431602 0.842759
0.4213795 7.240066 1.3407531
0.3830723 6.9336085 1.3790603
0.34476504 6.550536 1.1875241
0.38307226 6.052542 0.7661446
0.38307226 5.5928555 0.38307226
0.42137948 5.209783 0.30645782
0.45968673 4.903325 0.19153613
0.4213795 4.7884035 0.038307227
0.45968673 4.9416323 -0.15322891
0.5363012 5.1714754 -0.42137948
0.7278373 5.477934 -0.45968673
1.0342951 5.66947 -0.5363012
1.4173675 5.66947 -0.4596867
1.685518 5.66947 -0.30645782
1.7621324 5.5928555 -0.2681506
1.6472108 5.5928555 -0.15322891
1.37906 5.6311626 -0.076614454
1.1492169 5.707777 -0.11492168
0.9959879 5.746084 -0.19153613
1.0342951 5.746084 -0.26815057
1.2258313 5.8226986 -0.34476507
1.3790601 5.93762 -0.26815057
1.5322891 6.1674633 -0.038307227
1.4939818 6.473921 0.30645782
1.3407528 6.6654577 0.68953013
1.1875241 6.6654577 0.8810662
1.1109096 6.6271505 0.842759
1.1492168 6.5122285 0.6512228
1.2641385 6.588843 0.49799395
1.493982 6.9719152 0.4596867
1.6472108 7.5848308 0.61291564
1.7238252 8.312668 0.7278373
1.8004396 8.963892 0.7278373
1.8004396 9.385271 0.7278373
1.7621324 9.653421 0.80445176
1.7238252 9.844957 1.0726024
1.6089035 9.883265 1.4939818
1.4939818 9.80665 2.0685902
1.3790601 9.615114 2.6431985
1.2641385 9.346963 2.9496562
1.1875241 9.078813 3.217807
1.1492169 9.040505 3.409343
1.1109096 9.155427 3.4476504
1.1109096 9.423578 3.6008794
1.1492168 9.768343 3.524265
1.1109096 10.113108 3.524265
1.1109096 10.381258 3.6008794
0.9576807 10.457873 3.7924156
0.7278373 10.496181 4.098873
0.49799398 10.342952 4.2904096
0.34476504 10.189722 4.596867
0.5363012 10.840945 5.2480903
0.7661445 11.415553 5.707777
0.8810662 12.105083 5.8226986
0.9576807 12.526463 5.6311626
0.91937345 12.98615 5.324704
0.9576807 13.675679 4.9799395
1.1109096 14.288595 4.7884035
1.1875241 14.709975 4.9416323
1.1875241 14.748282 5.2863975
0.9959879 14.288596 5.631162
0.61291564 13.713987 5.8226986
0.30645782 13.2543 5.631162
0.076614454 13.139379 5.363012
-0.038307227 13.292607 4.903325
-0.038307227 13.52245 4.55856
-0.11492168 13.982138 4.55856
-0.15322891 14.288595 4.4436383
-0.30645782 14.326902 4.405331
-0.5746084 14.173674 4.2904096
-0.842759 13.713986 4.098873
-1.1109096 13.101071 3.9073372
-1.340753 12.449849 3.8307228
-1.5322891 11.836933 3.9839516
-1.6472108 11.109097 4.252102
-1.685518 10.49618 5.1714754
-1.4556746 10.649408 5.516241
-1.2258313 10.994174 5.6311626
-1.0726024 11.262324 5.5162406
-1.1875241 11.18571 5.209783
-1.4556746 10.879252 4.7884035
-1.7621324 10.534487 4.4436383
-1.9919758 10.228029 4.098873
-2.1452048 10.036493 3.8307226
-2.2218192 9.921572 3.7924154
-2.2601264 9.883265 3.9839516
-2.3367407 9.80665 4.4436383
-2.375048 9.80665 4.7884035
-2.4133554 9.883265 4.9416323
-2.4516625 9.921572 4.82671
-2.4899697 9.80665 4.405331
-2.566584 9.500193 3.9839516
-2.6048913 9.078814 3.562572
-2.566584 8.6574335 3.2561142
-2.375048 8.427589 3.1411927
-1.9919758 8.427589 3.2561142
-1.5705962 8.542511 3.409343
-1.1492168 8.69574 3.6391864
-0.8044518 8.810662 3.8307228
-0.61291564 8.69574 3.9073372
-0.45968673 8.465897 3.9839516
-0.34476504 8.236053 4.0222588
-0.22984335 7.967903 4.0222588
0.0 7.8912888 4.098873
0.6512228 8.274361 4.0222588
0.9959879 8.772355 3.7541084
1.3024457 9.193734 3.3327289
1.4939818 9.385271 2.9496565
1.5705963 9.2703495 3.026271
1.5322891 8.887277 3.4093432
1.3790603 8.465898 3.9073374
1.2641385 8.00621 4.520253
1.1492169 7.699753 4.7884035
1.1875241 7.546524 4.711789
1.5705962 7.8146744 4.443638
2.528277 8.887277 4.2904096
3.4859579 9.768343 4.098873
3.7541084 9.80665 3.9456444
3.6774938 9.423578 3.7541084
3.4859576 8.6574335 3.562572
3.2561145 7.929596 3.6008792
3.1794999 7.125144 3.9839516
3.3710358 7.240066 4.098873
3.6391864 7.3932953 4.098873
4.0222588 7.73806 4.0222588
4.405331 8.121132 3.9839516
4.7500963 8.42759 4.0222588
4.9799395 8.6574335 4.0222588
4.9799395 8.695741 3.7924154
4.865018 8.580818 3.4859576
4.7500963 8.580818 3.1794999
4.6351748 8.69574 2.9879637
4.596867 8.772354 2.9879637
4.5202527 8.887277 3.217807
4.3670235 8.887277 3.5242648
4.098873 8.848969 3.8690298
3.7924156 8.887277 4.1754875
3.562572 9.002198 4.1754875
3.4093432 9.11712 4.0222588
3.3327289 9.155427 3.86903
3.3327289 9.193735 3.7158012
3.3327289 9.232042 3.7541084
3.2944217 9.232042 3.86903
3.2944217 9.308657 3.86903
3.2561142 9.423578 3.7924156
3.217807 9.423578 3.8307228
3.1794999 9.308657 3.86903
3.1028855 9.11712 3.7924156
2.9879637 8.925584 3.7924156
2.9496565 8.887277 3.562572
2.9496565 8.963891 3.2944217
2.9879637 9.002198 3.1411927
3.0262709 9.040505 2.9113493
3.064578 9.002198 2.834735
3.0262709 9.002198 2.873042
2.9879637 8.963891 2.9113493
2.9113493 8.963891 2.9879637
2.7964275 8.963891 3.064578
2.719813 8.925584 3.064578
2.566584 9.040506 3.064578
2.4516625 9.117121 3.064578
2.2984335 9.155428 3.1028855
2.1452045 9.155428 3.1411927
1.9153613 9.040505 3.2178073
1.685518 8.887277 3.4093432
1.4939818 8.848969 3.562572
1.2258313 8.810662 3.7158012
1.0726023 8.925585 3.86903
0.9576807 9.155428 3.9839516
0.8810662 9.346964 4.1371803
0.8810662 9.615114 4.4053307
0.8810662 9.730036 4.7117887
0.8810662 9.768343 5.0182467
0.80445176 9.768343 5.094861
0.5746084 9.615114 4.865018
0.34476504 9.423578 4.405331
0.076614454 9.2703495 3.9073372
-0.076614454 9.11712 3.4859576

