-0.076614454 8.963891 3.3327289
0.0 9.040506 3.371036
0.7278373 9.002198 4.3287168
0.68953013 9.232041 4.1754875
0.842759 9.500192 3.9456444
0.88106626 9.653421 3.6391866
1.0726024 9.883265 3.4859576
1.1492169 9.883265 3.371036
1.2641385 9.883265 3.4476504
1.4939818 9.998186 3.5242648
1.685518 10.151415 3.6774936
1.9153613 10.381258 3.8307228
2.1068974 10.726024 3.9073372
2.2601264 11.147404 4.060566
2.3367407 11.60709 3.9456444
2.3750482 12.066776 3.9456444
2.4133554 12.564771 3.9456444
2.375048 12.98615 3.9456444
2.4133554 13.292608 4.1371803
2.3750482 13.484144 4.405331
2.2984338 13.599066 4.8267107
2.2984338 13.752295 5.7077765
2.4516625 13.982138 6.167464
2.7581205 14.326902 6.588843
3.1028852 14.748283 7.086837
3.562572 15.246277 7.393295
3.9839516 15.591042 7.431602
4.367024 15.705963 7.1634517
4.673482 15.667656 6.6271505
4.7884035 15.322891 5.9759274
4.7500963 14.786591 5.3630114
4.5202527 14.09706 4.903325
4.1371803 13.254301 4.5968676
3.6774938 12.564771 4.4819455
3.1411927 11.9135475 4.405331
2.6048913 11.3006315 4.367024
2.030283 10.764331 4.2904096
1.4173673 10.342951 4.098873
0.9193735 10.113108 3.8307228
0.5363012 10.0748005 3.6008794
0.3830723 10.266336 3.4476504
0.4213795 10.496181 3.1794999
0.49799395 10.649409 3.026271
0.5363012 10.649409 2.681506
0.4213795 10.49618 2.2218192
0.15322891 10.189722 2.030283
-0.19153613 9.730036 1.8770541
-0.5746084 9.346964 2.030283
-0.91937345 8.848969 2.3750482
-1.2641385 8.274361 2.7581205
-1.6089036 7.584831 3.1411924
-1.9536686 6.052542 3.6774936
-1.6089035 5.7843914 3.7541082
-1.0726024 5.9759274 3.9456444
-0.5746084 6.4739213 3.9839516
-0.22984336 6.8953004 3.7541082
-0.22984336 6.9336076 3.3327286
-0.4213795 6.6654572 2.528277
-0.61291564 6.0908494 1.8004396
-0.8810662 5.4779334 1.3024457
-1.1875241 4.7500963 0.9959879
-1.6089036 4.0988736 1.0342952
-2.030283 3.6391869 1.0726024
-2.336741 3.2944217 1.1492169
-2.6048915 3.1794999 1.3024458
-2.5665843 3.1794999 1.340753
-2.0685902 3.5625722 1.6855179
-1.685518 3.9839518 1.7238252
-1.3790603 4.481946 1.838747
-1.1492169 5.0182467 1.7621324
-0.9959879 5.324705 1.5705962
-0.91937345 5.5545483 1.4173673
-0.8810662 5.5928555 1.187524
-0.8810662 5.554548 0.9193734
-0.8810662 5.554548 0.5363012
-0.8810662 5.554548 0.19153614
-0.7661445 5.707777 -0.15322891
-0.6512229 5.93762 -0.26815057
-0.49799395 6.205771 -0.26815057
-0.30645782 6.550536 -0.114921674
-0.19153613 6.8186865 0.11492168
-0.038307227 7.0102224 0.38307226
0.076614454 7.086837 0.6512228
0.22984336 6.971915 0.7278373
0.34476504 6.7420716 0.7661445
0.38307226 6.435614 0.6512228
0.38307226 6.129156 0.49799398
0.344765 5.899313 0.4213795
0.42137945 5.8226986 0.22984336
0.5746084 5.861006 0.076614454
0.91937345 5.899313 0.0
1.340753 5.9759274 -0.11492168
1.7238252 6.0525417 0.0
1.9153614 6.0525417 0.22984335
1.9153614 6.0525417 0.5746084
1.838747 6.129156 0.9959879
1.685518 6.1674633 1.1875241
1.7238252 6.3206925 1.2258313
1.8770542 6.5505357 0.91937345
2.0685902 6.742072 0.45968676
2.2984338 6.933608 0.038307227
2.4516625 7.0102224 -0.34476507
2.4899697 7.0485296 -0.5363012
2.4899697 7.2400656 -0.45968673
2.4899697 7.5082164 -0.22984336
2.4899697 7.8912888 0.11492166
2.528277 8.312668 0.61291564
2.4516625 8.504204 0.9576807
2.2984335 8.734048 1.1875241
2.1068976 8.810662 1.2641386
1.8387468 8.887277 1.1109096
1.6855179 8.848969 0.9193735
1.6089035 8.657433 0.7278373
1.7238252 8.465897 0.7278373
2.1068974 8.580818 1.4939818
2.336741 8.963891 2.183512
2.3750482 9.38527 2.719813
2.0685902 9.730036 2.7964277
1.5322891 9.921572 2.4899697
0.8810662 9.844957 2.1068974
0.22984336 9.768343 1.9919759
-0.11492168 9.691729 2.834735
-0.11492168 9.921572 3.371036
-0.038307227 10.342951 3.715801
-0.038307227 10.994175 3.9456444
-0.19153613 11.683704 4.098873
-0.4213795 12.296619 4.2137947
-0.7661445 12.641385 4.2521024
-1.2258312 12.488156 4.213795
-1.4939818 12.105084 4.213795
-1.6472108 11.760319 4.213795
-1.685518 11.530476 4.098873
-1.5705962 11.645397 4.060566
-1.532289 11.990162 4.0222588
-1.5705963 12.258312 4.1754875
-1.6472107 12.488156 4.5202527
-1.7238252 12.564771 5.0182467
-1.8004397 12.679692 5.592855
-1.8770542 12.641385 5.9759274
-1.9536686 12.449848 6.1674633
-2.0685902 12.105083 6.090849
-2.221819 11.415554 5.7843914
-2.3750482 10.802637 5.3247046
-2.2601266 10.572794 4.9416323
-1.9536686 10.8792515 4.711789
-1.4939818 11.722012 4.55856
-0.9959879 12.756306 4.55856
-0.842759 13.484144 4.596867
-0.9959879 13.637373 4.7117887
-1.3790603 13.215993 4.903325
-1.8004396 12.449848 5.094861
-2.3750482 11.070788 5.439626
-2.4133554 10.611101 5.6694694
-2.183512 10.228029 6.167464
-1.877054 10.304644 6.2823853
-1.2641385 10.764331 6.090849
-1.0342951 10.994175 5.9759274
-1.0342951 10.91756 5.899313
-1.0726024 10.726023 5.746084
-1.3024457 10.266336 5.7843914
-1.8004397 9.461885 5.6311626
-2.0685902 9.155427 5.5928555
-2.2218194 8.887277 5.2863975
-2.4133554 8.887277 5.018247
-2.3750482 9.193735 4.7884035
-2.183512 9.730036 4.8267107
-1.9919758 10.113108 4.7884035
-1.8387469 10.342951 4.6351748
-1.8387469 10.228029 4.137181
-2.030283 9.691729 3.6774938
-2.1452048 9.040505 3.4859576
-2.2601264 8.504204 3.6391866
-2.2218192 8.236053 4.137181
-1.9536686 8.312668 4.711789
-1.5705962 8.619126 5.056554
-1.0726023 9.078814 5.1714754
-0.6129156 9.423578 4.903325
-0.22984336 9.691729 4.4819455
0.15322891 9.615114 3.4859576
0.19153613 9.423578 3.1411927
0.15322891 9.117121 2.9113493
0.076614454 8.734048 2.9113493
0.038307227 8.542511 3.2561142
0.076614454 8.580818 3.86903
0.26815057 8.887277 4.5585604
0.49799395 9.346963 5.0948615
0.6895301 9.615114 5.171476
0.842759 9.691729 4.8267107
0.842759 9.500193 4.2521024
0.88106626 9.2703495 3.8307228
0.9576807 9.117121 3.7541084
1.1109096 8.963891 4.0988736
1.2641385 8.887277 4.6351748
1.4173673 8.772355 5.0948615
1.4939818 8.542512 5.2480903
1.4173675 8.312668 5.1714754
1.37906 8.082825 4.865018
1.3024457 7.8912888 4.4819455
1.2641385 7.6614456 4.2137947
1.340753 7.4316025 4.098873
1.4173673 7.2017584 4.1371803
1.532289 7.0485296 4.367024
1.6472107 7.0485296 4.55856
1.8770541 7.1634517 4.596867
2.2218194 7.469909 4.6734815
2.6815057 8.0445175 4.3287163
3.2178068 8.734048 3.9456444
3.6008792 9.308657 3.1794996
3.8307228 9.615114 2.2984335
3.8307228 9.385271 1.7238252
3.6008792 8.925585 1.493982
3.3710358 8.350976 1.9919759
3.1411927 7.8146744 2.9879637
2.9113493 7.546524 3.9839516
2.873042 7.4316025 4.7500963
2.9879637 7.584831 5.094861
3.2178073 7.8146744 4.903325
3.562572 8.121132 4.520253
3.8307228 8.350975 4.0222588
3.9073372 8.504204 3.5242648
3.8307228 8.504204 3.217807
3.715801 8.389282 3.1411927
3.6774938 8.312668 3.3710358
3.7924156 8.312668 4.0222588
4.0222588 8.504204 4.711789
4.2521024 8.734048 5.2480903
4.367024 8.925584 5.439626
4.2521024 9.002198 4.9799395
4.098873 9.002198 4.367024
3.9073372 8.963891 3.9839516
3.7158012 8.887277 3.6774938
3.6008797 8.734048 3.8307228
3.4476504 8.619126 4.098873
3.3327289 8.504205 4.2904096
3.2944217 8.465898 4.5968676
3.2561142 8.580819 4.7884035
3.1794999 8.734048 4.903325
3.0645783 8.887277 4.8267107
2.873042 8.887277 4.5968676
2.6431987 8.810662 4.3287168
2.4516625 8.619125 4.0222588
2.2218192 8.427589 3.9073372
2.030283 8.427589 4.0222588
1.9153614 8.580818 4.252102
1.8770542 8.925584 4.5585604
1.9919758 9.308656 4.903325
2.183512 9.730036 5.094861

