2.336741 9.998186 5.171476
0.45968673 8.887277 4.5202527
0.8810662 9.346963 4.6734815
1.3790601 10.381258 4.9416323
1.7238252 11.377246 5.2480903
2.1068974 12.5264635 5.363012
2.2218192 13.2543 5.24809
2.1452045 13.215993 5.1714754
2.030283 13.215993 5.324704
2.030283 13.369222 5.6311626
2.1452048 13.637373 6.090849
2.4133554 14.097059 6.5888433
2.7964277 14.518438 6.9719152
3.2561142 14.901512 7.3932943
3.7924154 15.437813 7.7380595
4.252102 15.7825775 8.00621
4.673482 15.974113 7.967903
4.903325 15.897499 7.5848308
4.903325 15.552734 7.0485296
4.711789 15.093048 6.397307
4.367024 14.595054 5.899313
3.9839518 14.097059 5.554548
3.524265 13.560758 5.2097826
3.1411927 12.98615 4.9799395
2.7964275 12.220005 4.7884035
2.1068974 10.840946 4.290409
1.7238253 10.0748005 4.0222588
1.2641386 9.500193 3.6391864
0.7278373 8.848969 3.1794999
0.34476507 8.312668 2.7581203
-0.038307227 7.8529816 2.4516623
-0.22984335 7.508217 2.1835117
-0.45968673 7.1634517 2.1452045
-0.45968673 7.2783737 2.2601264
-0.49799395 7.2783737 2.4899697
-0.45968673 7.3932953 2.681506
-0.45968673 7.4316025 2.7581205
-0.49799398 7.2783732 2.6048913
-0.57460845 7.201759 2.2984338
-0.7661445 6.9719152 1.8770541
-0.8810662 6.62715 1.4556746
-0.9959879 6.2823853 1.0726024
-1.0726024 5.93762 0.95768064
-1.0726024 5.6311626 1.1109096
-1.0342952 5.516241 1.4556746
-0.9959879 5.5545483 1.8770542
-0.9959879 5.6311626 2.183512
-1.0726024 5.707777 2.3750482
-1.1875241 5.707777 2.3750482
-1.340753 5.5928555 2.2984335
-1.4556746 5.3247046 2.030283
-1.4556746 5.133168 1.6472108
-1.3790601 5.0182467 1.4173675
-1.187524 5.094861 1.3024457
-0.9576807 5.4396257 1.4556746
-0.7278373 5.8226986 1.6089034
-0.5363012 6.2057705 1.6855179
-0.45968676 6.320692 1.5705963
-0.34476507 6.3973064 1.3790603
-0.34476507 6.3589993 1.0726024
-0.3830723 6.320692 0.6129157
-0.30645782 6.435614 -0.4213795
-0.15322891 6.588843 -0.80445176
0.0 6.6654577 -0.8810662
0.11492168 6.6654577 -0.68953013
0.19153613 6.6654577 -0.4213795
0.19153613 6.397307 0.19153613
0.15322891 6.0142345 0.38307226
0.19153613 5.7843914 0.38307226
0.2681506 5.6311626 0.26815057
0.38307226 5.439626 0.038307227
0.5363012 5.363012 -0.15322891
0.7278373 5.209783 -0.45968673
0.9576807 5.1331687 -0.61291564
1.1492168 5.094861 -0.57460845
1.4173675 5.056554 -0.49799395
1.6472107 5.2863975 -0.30645782
1.8004396 5.5162406 -0.15322891
1.9153614 5.784391 -0.076614454
1.9153614 5.93762 -0.038307227
1.8770541 5.7843914 0.15322891
1.8387469 5.4396267 0.38307226
1.8770542 5.133168 0.7661445
1.9536686 4.9799395 1.3024458
1.9536686 5.056554 1.6472108
2.030283 5.401319 1.838747
2.0685904 5.7077765 1.8004396
2.1068976 6.090849 1.4173675
2.2601264 6.282385 0.9959879
2.4133554 6.2440777 0.5746084
2.6048913 6.5122285 0.22984336
2.7581203 6.7803793 0.19153613
2.834735 7.2783732 0.15322891
2.7581205 7.8529816 0.11492168
2.566584 8.00621 0.11492168
2.2601266 7.8912888 0.15322891
1.7621325 7.508217 0.22984338
1.1875241 7.04853 0.57460845
0.6512229 6.780379 1.0342951
0.19153613 6.818686 1.4556746
0.0 7.0485296 1.9919758
0.038307227 7.431602 2.336741
0.19153613 7.8912888 2.4516625
0.5363012 8.42759 2.5665843
0.95768064 9.155428 2.7581203
1.5705965 10.764331 3.3327289
1.4939818 11.836933 3.4476504
1.340753 12.105083 3.2561142
1.1109096 12.181698 2.9879637
0.9193734 12.105083 2.6431987
0.842759 11.990162 2.4516625
0.7661445 11.87524 2.5665843
0.6512228 11.568783 2.8730419
0.4596867 11.453861 3.409343
0.19153613 11.453861 4.0222588
-0.22984336 12.143391 4.711789
-0.38307226 12.564771 4.8267107
-0.61291564 12.794614 4.5585604
-0.9959879 12.641385 4.3287168
-1.7238252 11.492168 3.9073372
-1.7238252 11.18571 4.060566
-1.4556746 11.492167 4.4436383
-1.0342951 12.411542 5.056554
-0.53630114 13.522451 5.861006
-0.22984335 14.518439 6.6271505
-0.19153613 15.016434 7.04853
-0.49799395 14.748283 7.240066
-0.9576807 14.020446 7.201759
-1.532289 12.986151 6.8569937
-2.030283 11.875241 6.320692
-2.336741 10.994175 5.746084
-2.3750482 10.381259 5.24809
-2.1452048 10.189723 5.056554
-1.7238253 10.342952 5.2480903
-1.2258313 10.955868 5.66947
-0.80445176 11.760319 6.1291566
-0.49799395 12.449849 6.397307
-0.4213795 12.832921 6.2823853
-0.4213795 12.679691 6.0142345
-0.61291564 12.181698 5.554548
-0.9193734 11.530476 5.0182467
-1.1492168 10.840946 4.903325
-1.4173675 10.381258 4.7884035
-1.532289 10.113108 4.9799395
-1.532289 10.113108 5.4013186
-1.4556746 10.381259 5.7077765
-1.3024457 10.764331 6.0142345
-1.3407531 10.994175 6.090849
-1.4939818 11.032482 6.0525417
-1.8770542 10.955868 5.93762
-2.528277 10.457873 5.861006
-3.217807 9.95988 5.861006
-3.9456444 9.346964 5.93762
-4.5202527 8.6574335 6.0525417
-4.8267107 8.236053 6.0525417
-4.7884035 8.0445175 6.1674633
-4.443639 8.197746 6.2057705
-3.9073374 8.657433 6.2440777
-3.2561142 9.232042 6.3206925
-2.6431985 9.730036 6.129156
-2.1068974 10.0748005 5.7460837
-1.685518 10.228029 5.133168
-1.3790603 10.151415 4.367024
-1.2258313 9.844957 3.8307228
-1.3024458 9.423578 3.7158012
-1.4173675 8.810662 4.0605664
-1.4939818 8.236053 4.7500963
-1.532289 8.00621 5.2480903
-1.3024457 8.082825 5.439626
-0.95768064 8.427589 5.286397
-0.6129156 8.925584 4.903325
-0.26815057 9.270349 4.4819455
-0.11492168 9.346963 4.098873
0.0 9.270349 4.1371803
0.11492168 9.078813 4.290409
0.22984335 8.810662 4.7500963
0.34476504 8.42759 5.2097826
0.34476504 8.121132 5.2097826
0.3064578 7.699753 5.0182467
0.3064578 7.393295 4.7500963
0.34476504 7.2017584 4.5968676
0.57460845 7.2017584 4.8267107
0.9576807 7.584831 5.286397
1.4939818 8.082825 5.784391
2.1068976 8.695741 6.1674633
2.6048913 9.002198 6.282385
2.9113493 9.002198 6.0142345
2.9496565 8.695741 5.439626
2.681506 7.776367 4.175488
2.4899697 7.2400656 3.7158012
2.375048 6.7803793 3.562572
2.4516625 6.550536 3.7541084
2.7581203 6.703765 4.2521024
3.1411924 7.125144 4.6351748
3.562572 7.6614456 4.7884035
3.9456444 8.0445175 4.405331
4.2137947 8.236053 3.7541084
4.5202527 8.427589 3.2561142
4.7117887 8.504204 2.873042
4.750096 8.504204 2.873042
4.6351743 8.465897 2.873042
4.3287168 8.082825 2.873042
4.0222588 7.73806 3.1028855
3.7541082 7.393295 3.3327286
3.6774938 7.125144 3.9456444
3.6008792 7.125144 4.673482
3.6391864 7.316681 4.9799395
3.6774938 7.776367 5.0565543
3.6391866 8.236053 4.673482
3.5625722 8.619125 4.060566
3.371036 8.810662 3.7158012
3.1028855 8.695741 3.6391866
2.528277 8.197746 4.405331
2.3367407 7.8912888 5.0182467
2.2601264 7.8146744 5.401319
2.2984338 7.8912888 5.66947
2.4516625 8.159439 5.66947
2.7964277 8.734048 5.3247046
3.1794996 9.308657 4.865018
3.4859576 9.691729 4.405331
3.4476504 9.730036 3.86903
3.1411927 9.2703495 3.9073372
2.7964275 8.925584 4.060566
2.566584 8.6574335 4.3287168
2.4899697 8.580819 4.4819455
2.528277 8.772355 4.7884035
2.6048915 8.925584 4.9416323
2.6431987 9.040505 4.9799395
2.5665843 9.11712 5.0182467
2.3750482 9.002198 4.8267107
2.2601264 8.887277 4.6351743
2.0685902 8.887277 4.5202527

