0.8427591 8.810662 4.5968676
1.0726024 9.730036 4.443639
1.7621325 10.994174 4.2137947
2.336741 12.220005 3.9839516
2.681506 13.254301 3.8307228
2.5665843 13.292608 4.137181
2.2601266 13.101072 4.6351748
1.9153615 12.909535 5.171476
1.685518 12.947843 5.899313
1.6472107 13.139379 6.703765
1.8004397 13.637373 7.2783732
2.1452048 14.326903 7.8146744
2.566584 15.016433 8.00621
2.9879637 15.591042 7.8912888
3.2944214 15.859192 7.8146744
3.5242648 15.820885 7.6231384
3.4093432 15.169662 7.3549876
3.2561145 14.633361 7.2783732
3.026271 14.058752 7.163451
2.7964275 13.445836 6.933608
2.6431987 12.832921 6.5888433
2.528277 12.334927 6.0142345
2.3750482 11.9135475 5.4396257
2.2601264 11.492168 4.7884035
2.183512 11.147403 4.3287168
1.9919758 10.457872 3.6391869
1.9919758 10.0748005 3.5242648
1.8770542 9.730036 3.4093432
1.7238252 9.346964 3.6391869
1.532289 8.925584 3.86903
1.2641385 8.580818 4.098873
1.187524 8.465897 4.367024
1.0342951 8.350975 4.367024
0.95768064 8.312668 4.175488
0.38307226 7.8529816 3.562572
-0.22984338 7.2400656 3.0262709
-0.91937345 6.473921 2.4516625
-1.6089035 5.6311626 1.8004396
-2.1452048 4.9416323 1.3407528
-2.3750482 4.4819455 0.842759
-2.4516625 4.1371803 0.61291564
-2.3750482 3.86903 0.61291564
-2.1452048 3.6774938 0.7661446
-1.8387468 3.7924156 1.0726024
-1.5705962 4.098873 1.3790601
-1.3790603 4.3287163 1.4939818
-1.3407528 4.443638 1.3024457
-1.37906 4.1754875 1.0342951
-1.4556745 3.7924156 0.8044517
-1.4939818 3.5242648 0.6512228
-1.4556745 3.371036 0.68953013
-1.340753 3.4859576 0.9959879
-1.1109096 3.8307228 1.340753
-0.8044517 4.252102 1.532289
-0.5363012 4.865018 1.3790601
-0.22984336 5.4013186 0.842759
0.0 5.93762 0.26815057
0.34476507 6.0525417 0.038307235
0.6512229 5.93762 -0.19153613
1.0342951 5.401319 -0.5363012
1.0726024 5.5928555 -0.45968673
1.1492169 5.707777 -0.038307227
1.1109096 5.861006 -0.076614454
1.0726024 5.7843914 -0.30645782
1.0726024 5.554548 -0.4596867
1.0342952 5.324704 -0.42137948
0.99598795 4.9416323 -0.26815057
0.91937345 4.711789 -0.11492168
0.842759 4.673482 -0.2681506
0.91937345 4.8267107 -0.5363012
1.1492168 5.3247046 -0.842759
1.5705963 5.899313 -1.0726023
2.0685902 6.4739213 -0.99598795
2.4516625 6.818686 -0.80445176
2.528277 6.818686 -0.4213795
2.375048 6.6654572 0.19153613
2.0685902 6.397307 0.80445176
1.6089036 6.1674633 1.2258313
1.2641385 6.0142345 1.3790601
1.0726023 5.899313 1.1109096
1.3407528 5.9759274 0.30645782
1.7621324 6.3206925 0.11492168
2.1452045 6.8186865 0.11492168
2.2984338 7.431602 0.22984335
2.183512 7.8912888 0.61291564
1.8387469 8.0445175 0.9959879
1.2641385 7.967903 1.4173675
0.842759 7.661445 1.685518
0.61291564 7.31668 1.7621324
0.61291564 7.163451 1.6472108
0.8810662 7.2783732 1.685518
1.0342951 7.699753 1.685518
0.9959879 8.734047 1.7621325
0.91937345 9.155428 1.6472107
0.8810662 9.346964 1.5322891
0.8810662 9.461885 1.340753
0.8810662 9.346964 1.3790603
0.84275895 9.078814 1.3790603
0.80445176 8.848969 1.532289
0.80445176 8.6574335 1.7621324
0.91937345 8.734048 2.1452048
1.2258313 9.232041 2.9879637
1.8004396 10.113108 3.9456444
2.4516623 11.453861 4.9416323
2.911349 12.794615 5.4779334
2.911349 13.790602 5.0948615
2.2601264 14.058752 4.175488
1.3790601 13.599066 3.1411924
0.38307226 12.794614 2.1452045
-0.38307226 11.990162 1.5705963
-0.5746084 11.60709 1.7621325
-0.5363012 11.60709 2.2601264
-0.34476504 11.836933 3.1411927
-0.22984335 12.105083 4.405331
-0.30645782 12.373235 5.5545483
-0.4213795 12.794614 6.3589993
-0.34476507 13.522451 6.7037644
-0.15322891 14.441824 6.588843
0.114921674 15.399506 5.9759274
0.22984335 15.820885 5.5162406
-0.15322891 15.514427 5.5162406
-0.8810662 14.595053 5.9759274
-1.7621325 13.40753 6.9336076
-2.528277 12.488155 7.7763667
-2.9113493 12.181698 8.0445175
-2.7964275 12.334927 7.699753
-2.3750482 12.909535 6.9719152
-1.187524 14.250289 5.707777
-0.91937345 14.709975 5.516241
-1.0726023 14.709975 5.5545483
-1.4939818 14.173674 5.707777
-2.1452045 13.215993 5.93762
-2.719813 12.105083 6.1674633
-3.1028855 11.070788 6.244078
-3.2944214 10.381258 6.205771
-3.2944214 9.998186 6.014235
-3.1028852 9.844957 5.746084
-2.7581203 9.921572 5.4779334
-2.4133554 10.0748005 5.2480903
-2.030283 10.304645 5.056554
-1.7621324 10.457873 4.865018
-1.6472107 10.381259 4.711789
-1.7621324 10.113108 4.711789
-2.0685902 9.653421 4.6734815
-2.4899697 9.155428 4.711789
-2.9879637 8.695741 4.865018
-3.4093432 8.465897 5.0182467
-3.6008792 8.312668 5.2480903
-3.6391864 8.312668 5.3247046
-3.5242648 8.504205 5.2863975
-3.2561145 8.734048 5.1714754
-3.0645783 9.040506 4.903325
-2.834735 9.308657 4.596867
-2.6431987 9.500193 4.405331
-2.4899697 9.576807 4.1371803
-2.375048 9.461885 4.060566
-2.2984335 9.346964 4.1371803
-2.1452045 9.078813 4.060566
-1.9919758 8.734048 3.9839516
-1.8770542 8.504204 3.7924156
-1.7621324 8.197746 3.5242648
-1.6472108 8.0445175 3.4859576
-1.4173673 8.121132 3.6391869
-1.0342951 8.389282 3.86903
-0.15322891 9.040505 4.596867
0.15322891 9.078813 4.8267107
0.2681506 8.848969 5.0948615
0.2681506 8.427589 5.171476
0.076614454 7.8912888 5.0565543
-0.15322891 7.3932943 4.9799395
-0.26815057 6.8953004 4.9799395
-0.26815057 6.7037644 5.2863975
-0.15322891 6.8569937 5.592855
0.114921674 7.201759 5.861006
0.49799395 7.8146744 5.899313
0.95768064 8.427589 5.707777
1.4556746 8.925584 5.4779334
1.9153614 9.308657 5.1714754
2.183512 9.385271 4.8267107
2.2601264 9.308657 4.4819455
2.183512 9.078813 4.252102
2.030283 8.810662 4.098873
1.9919758 8.6574335 4.2137947
2.0685904 8.504204 4.5202527
2.2601264 8.350975 4.7884035
2.4899697 8.159439 4.903325
2.7581203 8.00621 4.865018
3.0262709 7.967903 4.596867
3.2944214 7.929596 4.290409
3.4859574 7.967903 4.0222588
3.6008792 8.00621 3.7924156
3.677494 7.967903 3.4859576
3.7541084 8.00621 3.064578
3.9073372 8.00621 2.834735
4.1371803 7.929596 2.7581205
4.1754875 7.8912888 3.1028855
4.1371803 7.929596 3.371036
3.9839516 8.121132 3.4093432
3.86903 8.236053 3.2944217
3.8307228 8.389283 3.1028855
3.86903 8.580819 3.0645783
4.0222588 8.734048 3.3327289
4.1754875 9.040505 3.6774938
4.2521024 9.270349 4.0222588
4.213795 9.461885 4.060566
3.9839516 9.576807 3.9839518
3.677494 9.461885 3.6774938
3.3327289 9.423578 3.4093432
3.0262709 9.346964 3.4859576
2.834735 9.232042 3.8307226
2.7581205 9.193735 4.405331
2.6431987 9.155427 4.8267107
2.4899697 9.11712 4.9799395
2.2984335 9.002198 4.6734815
2.0685904 9.040505 4.2904096
1.9153614 9.002198 4.0222588
1.9153614 9.040505 3.86903
1.9536686 9.2703495 3.9456444
2.1068976 9.423578 4.1754875
2.336741 9.959879 4.55856
2.48997 10.151415 4.6351743
2.5665843 10.381258 4.4436383
2.6431987 10.49618 4.290409
2.5665843 10.381258 3.9839516
2.4516625 10.189722 3.7541084
2.2218192 9.844957 3.7158012
1.9536686 9.461885 3.677494
1.7621324 9.155428 3.86903
1.4173675 8.925584 4.098873
1.1109095 8.657433 4.252102

