0.91937345 8.542511 4.367024
0.72783726 8.542511 4.55856
0.38307226 8.734048 4.4819455
0.8044518 10.189722 4.4819455
1.2258313 11.722012 4.596867
1.8387468 13.330915 4.9799395
2.3750482 15.016434 5.4779334
2.3367407 15.361198 5.8226986
2.4516625 15.74427 6.2440777
2.681506 16.127342 6.6654577
3.0645783 16.587029 7.2017584
3.6774938 17.085024 7.6231384
4.252102 17.583017 7.8529816
4.7500963 17.96609 7.8529816
5.133168 18.157625 7.5848308
5.1714754 17.927782 7.31668
5.0182467 17.27656 6.8953004
4.6351748 16.203957 6.5505357
4.060566 14.901512 6.244078
3.4476504 13.637373 5.899313
2.987964 12.564771 5.5545483
2.4516625 11.453861 4.673482
2.4516625 11.185711 4.098873
2.4133554 10.917561 3.5242648
2.4899697 10.572794 3.026271
2.4899697 9.768343 2.5282772
2.2984335 9.155427 2.3750482
1.4556746 7.73806 2.1452048
0.7661445 6.62715 1.9919759
0.34476504 6.129156 1.7621325
-7.4505806E-9 5.899313 1.5322891
-0.3830723 5.707777 1.2258313
-0.72783726 5.6311626 0.7661445
-0.7661445 5.66947 0.57460845
-0.7661445 5.66947 0.57460845
-0.80445176 5.66947 0.4213795
-0.99598795 5.363012 0.42137948
-1.1109096 5.2480903 0.53630114
-1.1109096 5.2863975 0.9193734
-1.0342951 5.4779334 1.4556746
-0.91937345 5.707777 1.8387469
-0.80445176 5.899313 1.9536686
-0.842759 6.0142345 1.7238252
-1.0342951 5.899313 1.1109096
-1.3024457 5.631162 0.42137948
-1.6089035 5.24809 -0.11492169
-1.8004397 4.6734815 -0.34476507
-1.8770542 4.1754875 -0.22984336
-1.8387469 3.86903 0.038307235
-1.7621324 3.7924154 0.19153614
-1.7238252 3.9073372 0.30645782
-1.685518 4.1371803 0.076614454
-1.6089036 4.405331 -0.19153613
-1.4939818 4.6351748 -0.3830723
-1.3407528 4.865018 -0.61291564
-1.0726024 5.171476 -0.80445176
-0.842759 5.439626 -1.0342951
-0.61291564 5.707777 -1.2258313
-0.3830723 5.9759274 -1.532289
-0.22984335 6.1674633 -1.7238252
-0.076614454 6.3589997 -1.8770541
0.038307227 6.4739213 -1.9536686
0.15322891 6.4739213 -1.7621324
0.19153613 6.282385 -1.3790603
0.22984336 5.899313 -0.8810662
0.26815057 5.554548 -0.38307226
0.34476504 5.401319 -0.19153613
0.45968673 5.363012 -0.30645782
0.61291564 5.516241 -0.6512228
0.842759 5.516241 -1.0726023
1.1109096 5.4013195 -1.4556746
1.4173675 5.209783 -1.685518
1.6472108 4.8650184 -1.6472107
1.685518 4.673482 -1.4939818
1.5705962 4.5585604 -1.1109096
1.4173675 4.5968676 -0.80445176
1.3024457 4.8267107 -0.5746084
1.37906 5.0182467 -0.4213795
1.7238252 5.171476 -0.38307226
2.1068976 5.3247046 -0.26815057
2.4133554 5.5545483 -0.26815057
2.6431987 5.9376206 -0.34476507
2.6431987 6.4356146 -0.61291564
2.6431987 6.895301 -0.9959879
2.7198133 7.201759 -1.3024458
2.7198133 7.393295 -1.3790601
2.6431987 7.3549876 -1.0342951
2.3367407 7.3549876 -0.22984336
1.4173675 7.1634517 1.3024457
0.91937345 7.086837 1.8387468
0.5363012 6.9719152 1.9153614
0.26815057 6.895301 1.685518
0.038307227 7.125144 0.7661445
-0.11492168 7.3166804 0.45968673
-0.38307226 7.508217 0.49799395
-0.6512229 7.8146744 0.9959879
-0.6512228 8.6574335 3.2561145
-0.26815057 9.38527 4.2137947
0.30645782 10.534488 4.6351743
0.11492169 10.611102 4.2521024
-0.15322891 10.419566 3.9839516
-0.34476504 10.381259 3.6391866
-0.34476504 10.611102 3.4476504
0.0 11.377247 3.409343
0.49799392 12.564771 3.4859576
1.0342951 13.828909 3.7924154
1.532289 14.633361 4.1754875
1.7621324 14.901512 4.4053307
1.532289 14.403518 4.5585604
1.0726023 13.445837 4.5968676
0.53630114 12.794614 4.405331
0.038307227 12.411542 4.060566
-0.38307226 12.717999 3.1794999
-0.49799395 12.717999 2.9113493
-0.68953013 12.296619 3.1794999
-0.9959879 11.836933 3.9456444
-1.2258313 11.568782 5.24809
-1.1875241 12.488155 7.2400656
-0.8810662 13.2543 7.125144
-0.5363012 13.790601 6.3206925
-0.30645782 14.020445 5.363012
-0.15322891 13.982138 4.8267107
0.11492168 15.322891 4.788403
0.91937345 16.663643 5.4779334
1.8770542 18.08101 6.244078
2.4899697 17.54471 7.240066
1.6089035 15.05474 7.8912888
-0.9576807 11.760319 7.3549876
-3.5242648 8.695741 6.7803793
-5.1714754 8.159439 6.282385
-5.363012 8.695741 5.93762
-4.4436383 10.22803 6.2440777
-3.6008794 11.530476 6.2440777
-3.217807 12.143391 5.516241
-2.911349 12.143391 4.520253
-2.6815057 11.798626 3.6391866
-2.528277 11.224018 3.2561145
-2.4899697 10.534487 3.371036
-2.566584 9.80665 3.86903
-2.6431985 9.193735 4.443639
-2.7581203 8.887277 4.8267107
-2.873042 8.810662 4.903325
-2.9113493 9.002198 4.7500963
-3.0262709 9.2703495 4.5585594
-3.217807 9.308657 4.3670235
-3.4476504 9.232042 4.405331
-3.6774938 9.040505 4.6734815
-3.7541084 8.887277 4.9416323
-3.6391866 8.963892 5.2480903
-3.5242648 9.155428 5.363012
-3.562572 9.155428 5.209783
-3.7924154 8.84897 4.8267107
-4.2137947 8.197747 4.405331
-4.5968676 7.354988 4.0222588
-4.7884035 6.703765 3.9839516
-4.673482 6.3973064 3.9839516
-4.367024 6.473921 3.9839516
-3.9456444 6.742072 3.9456444
-3.5242648 7.163451 3.8307228
-3.2561145 7.508217 3.9839516
-2.9113493 7.8146744 4.2137947
-2.528277 8.274361 4.481945
-1.7621324 8.810662 4.1754875
-1.4173675 8.887277 3.8307228
-1.1492168 8.69574 3.562572
-0.80445176 8.465897 3.677494
-0.49799395 8.427589 4.137181
-0.076614454 8.465897 4.673482
-0.038307227 8.427589 4.5585604
-0.11492168 8.00621 4.290409
-0.11492168 7.967903 4.7884035
0.038307227 8.082825 5.516241
0.2681506 8.350975 6.1674633
0.61291564 8.8489685 6.588843
0.95768064 9.308657 6.3589997
1.1875241 9.691729 5.7077765
1.3024457 9.768343 5.171476
1.1109096 9.346963 4.7884035
0.7661445 8.542511 4.9416323
0.30645782 7.6614456 5.4396257
-0.11492168 6.933608 5.899313
-0.19153613 6.5888433 6.2440777
-7.4505806E-9 6.6654577 6.3589993
0.42137948 6.9719152 6.2057705
1.0342951 7.3932953 5.899313
1.5705962 7.73806 5.6311626
2.030283 8.00621 5.516241
2.528277 8.236053 5.5928555
2.9113493 8.465897 5.66947
3.2944217 8.772354 5.5928555
3.7541084 9.117121 5.1714754
4.137181 9.346964 4.673482
4.405331 9.423578 4.252102
4.5202527 9.155427 4.1754875
4.405331 8.6574335 4.405331
4.1371803 8.274361 4.7884035
3.86903 7.8912888 5.094861
3.7541084 7.8529816 5.209783
3.8307228 8.159439 5.2863975
4.0222588 8.389282 5.1331687
4.1371803 8.619126 4.865018
4.060566 8.6574335 4.4819455
3.8307228 8.580819 3.9839516
3.5242648 8.504205 3.715801
3.2944217 8.580819 3.9839516
3.217807 8.695741 4.4436383
3.064578 8.734048 5.018247
2.9496562 8.695741 5.516241
2.8347347 8.504205 5.8993134
2.566584 8.350975 6.167464
2.3367407 8.121132 6.3206925
2.0685902 8.00621 6.244078
1.8770542 8.00621 5.822698
1.8004397 8.0445175 5.4013186
1.8387469 8.236053 4.9799395
1.9919758 8.504204 4.596867
2.1452045 8.887277 4.3670235
2.3367407 9.2703495 4.1371803
2.4516625 9.461885 4.060566
2.4133554 9.461885 4.252102
2.2218194 9.2703495 4.405331
1.9153615 8.963891 4.5968676
1.6089035 8.772355 4.7884035
1.3024458 8.542511 4.8267107
1.0726024 8.389282 4.7884035
0.8810662 8.427589 4.7117887
0.842759 8.542511 4.6351743
0.9576807 8.925584 4.6351743
1.1492168 9.346964 4.673482
1.3790601 9.653421 4.6351748
1.4939818 9.921572 4.367024
1.3790601 9.959879 4.060566
1.1492168 9.844957 3.86903
0.8810662 9.615114 3.86903
0.5363012 9.2703495 4.098873
0.34476504 9.002198 4.405331

