0.19153613 8.887277 4.711789
0.038307227 8.734048 5.0948615
0.45968673 9.002198 5.1331687
0.80445176 9.385271 4.9799395
1.1492168 9.653421 4.9799395
1.4556746 9.921572 4.7884035
1.4556746 9.883265 4.520253
1.5705963 9.883265 4.2521024
1.8004397 9.959879 4.2904096
2.1068976 10.304644 4.4819455
2.4899697 10.76433 4.7500963
2.873042 11.45386 5.0948615
3.1411924 12.066776 5.2480903
3.2561145 12.488156 5.363012
3.1411924 12.947843 5.554548
3.0262709 13.369223 5.9759274
2.9879637 13.9438305 6.6271505
3.064578 14.633362 7.3932943
3.3327286 15.322891 7.929596
3.9839516 16.395493 8.197746
4.252102 16.816872 8.0445175
4.596867 17.085024 7.73806
4.5202527 16.855179 7.4699097
4.3287168 16.357185 7.0868373
3.9839516 15.667656 6.8186865
3.5625722 14.786591 6.5505357
3.217807 13.905523 6.3589993
2.8347347 12.986151 6.282385
2.4516625 12.028469 6.0525417
2.1068974 11.185711 5.861006
1.4556746 9.730036 5.209783
1.2258313 9.2703495 4.7884035
0.9576807 8.772355 4.1754875
0.68953013 8.236053 3.4476504
0.45968673 7.699753 2.719813
0.15322891 7.163451 2.1068974
-0.15322891 6.7037644 1.7621324
-0.4596867 6.435614 1.6472108
-0.7278373 6.2057705 1.685518
-0.84275895 6.0525417 1.7621324
-0.84275895 5.9759274 1.6472108
-0.84275895 5.7843914 1.4556746
-0.8810662 5.707777 1.2258313
-0.95768064 5.707777 0.9959879
-0.95768064 5.707777 1.0726023
-0.95768064 5.8226986 1.2641385
-0.99598795 5.861006 1.340753
-1.0342951 5.746084 1.3024457
-1.2258313 5.5545483 0.9959879
-1.4556745 5.3630123 0.6512228
-1.6472107 5.1714754 0.61291564
-1.8004397 5.0182467 0.6895301
-1.8770542 5.0182467 0.91937345
-1.8387469 4.9799395 0.99598795
-1.7621325 5.094861 0.842759
-1.6472108 5.3630114 0.7661445
-1.4939818 5.5162406 0.6895301
-1.3407531 5.7843914 0.842759
-1.0726023 6.0142345 0.9576807
-0.91937345 6.2057705 0.9576807
-0.7661445 6.4356136 0.842759
-0.6512228 6.5122285 0.4213795
-0.6512228 6.5505357 0.038307212
-0.57460845 6.435614 -0.4213795
-0.5363012 6.244078 -0.7661446
-0.5363012 6.090849 -0.9193735
-0.49799398 5.899313 -0.88106626
-0.45968676 5.746084 -0.7278373
-0.3830723 5.7843914 -0.5363012
-0.19153613 5.9759274 -0.2681506
-0.038307227 6.2823853 -0.11492168
0.11492168 6.62715 0.0
0.2681506 6.8186865 0.0
0.38307226 6.7803793 -0.076614454
0.49799395 6.512229 -0.15322891
0.5363012 6.129156 -0.2681506
0.49799395 5.6311626 -0.34476504
0.4213795 5.094861 -0.3830723
0.4596867 4.5968676 -0.5363012
0.5746084 4.3287163 -0.6512229
0.8810662 4.3287163 -0.91937345
1.2641385 4.481946 -1.1109096
1.6089035 4.7500963 -1.2258313
1.9536685 5.056554 -1.3024457
2.1452045 5.2863975 -1.1492168
2.2218192 5.401319 -0.9959879
2.1835117 5.3247046 -0.8044518
1.9536686 4.865018 -0.6512229
1.6472107 4.2904096 -0.3830723
1.2641385 3.86903 -0.22984338
0.9193734 3.6391869 -0.11492168
0.842759 3.9073372 -0.038307227
0.88106626 4.405331 -0.34476507
1.1875241 4.9799395 -0.7661445
1.685518 5.7843914 -1.1875241
2.2218192 6.62715 -1.2641385
2.834735 7.508216 -0.95768064
3.1794999 8.350975 -0.2681506
3.0645783 8.848969 0.4213795
2.6431987 8.848969 0.9576807
1.9536686 8.504205 1.2258313
1.3024458 7.967903 1.0726023
0.91937345 7.584831 0.7278373
0.7661446 7.431602 0.30645782
0.8810662 7.5082164 0.19153613
1.0726024 7.8529816 0.53630114
1.1492168 8.236053 1.3024457
1.1875241 8.848969 2.2984335
1.0726024 9.500193 3.2944214
0.9193735 9.883265 3.9456444
0.842759 10.151415 4.252102
0.7661445 10.0748005 4.1754875
0.72783726 9.844957 3.7924154
0.7661445 9.730036 3.4859574
0.7661445 9.691729 3.5242646
0.7661445 9.883265 3.6774936
0.80445176 10.496181 3.9839516
0.9959879 11.185711 3.9456444
1.4939818 12.56477 4.098873
1.7238252 13.292608 4.596867
1.6472107 13.292608 5.133168
1.4173673 13.254301 5.592855
1.0726024 13.215994 5.93762
0.7278373 13.215994 5.8226986
0.34476507 13.292608 5.363012
0.0 13.177686 4.7884035
-0.26815057 12.794614 4.1754875
-0.61291564 12.105084 3.715801
-0.9959879 11.032481 3.5242648
-1.2641385 9.883265 3.8307228
-1.3790601 9.308656 4.367024
-1.3024458 9.346963 5.0948615
-1.0726024 10.0748005 5.746084
-0.842759 11.3006315 6.129156
-0.7661445 12.296619 6.3973064
-0.84275895 12.909535 6.512229
-1.1492168 12.909535 6.4356146
-1.5705962 12.334928 6.2823853
-1.9536686 11.568783 6.244078
-2.2218192 10.879252 6.205771
-2.183512 10.611102 6.435614
-1.8004397 12.756307 7.240066
-0.26815057 13.752295 7.201759
1.7238253 14.058753 8.504204
1.4556748 14.020446 8.887278
0.11492181 11.530476 7.699753
-4.1371803 9.5385 6.2057705
-4.2137947 9.117121 5.6694694
-3.6008792 8.887277 6.090849
-3.371036 8.427589 6.5505357
-3.4093432 8.082825 6.8569937
-3.2561142 7.8912888 7.0485296
-3.026271 7.8146744 7.0102224
-2.7581203 7.8912888 6.6271505
-2.3750482 8.00621 5.93762
-2.0685904 8.121132 5.324704
-1.9153614 8.159439 4.865018
-1.838747 8.082825 4.7500963
-1.8770542 8.00621 4.9416323
-1.9919758 7.967903 5.2480903
-2.1068974 7.929596 5.401319
-2.183512 8.0445175 5.5545483
-2.2984335 8.197746 5.516241
-2.3750482 8.504204 5.3630123
-2.4899697 8.734047 5.3247046
-2.6431985 8.963892 4.97994
-2.873042 9.002199 4.6351748
-3.2561145 8.695741 4.2521024
-3.6008792 8.350975 3.9839516
-3.9456444 7.776367 4.060566
-4.1754875 7.163451 5.056554
-4.098873 7.2783732 5.746084
-3.7924156 7.73806 6.090849
-3.4476504 8.274361 6.090849
-3.064578 8.925583 5.7843914
-2.7198129 9.232042 5.2097826
-2.4899697 9.193735 4.673482
-2.2984338 8.963891 4.4053307
-2.030283 8.580818 4.3670235
-1.6855181 8.389282 4.711789
-1.3024458 8.465897 5.477934
-0.842759 8.619126 6.0525417
-0.5746084 8.734048 6.3589997
-0.4213795 8.734048 6.3589997
-0.38307226 8.389282 5.9759274
-0.5363012 7.8146744 5.6311626
-0.6895301 7.2400656 5.5545483
-0.7278373 6.780379 5.899313
-0.61291564 6.7037644 6.6271505
-0.2681506 7.086837 7.3549876
0.19153613 7.73806 7.8146744
0.61291564 8.42759 7.661445
0.9959879 8.925584 7.163451
1.2258313 9.040505 6.6654577
1.1875241 8.6574335 6.0908494
1.0342951 8.0445175 5.899313
0.7661445 7.508217 6.014235
0.49799395 7.125144 6.167464
0.49799395 7.125144 6.6271505
0.61291564 7.393295 7.0102224
0.7661445 7.584831 7.086837
1.1109096 7.8146744 7.0102224
1.3790601 7.8529816 6.856993
1.6472108 7.8146744 6.588843
1.8770542 7.776367 6.282385
1.9536686 7.6231384 5.9759274
1.9919758 7.508217 5.5928555
2.030283 7.4699097 5.133168
2.1452048 7.546524 4.8267107
2.2984338 7.776367 4.711789
2.5665843 8.082825 4.673482
2.873042 8.236053 4.7884035
3.0262709 8.197746 4.9416323
3.064578 8.00621 5.0182467
2.9496565 7.73806 5.0182467
2.7581205 7.4699097 4.903325
2.681506 7.393295 4.6351743
2.7581203 7.546524 4.481945
2.911349 7.8146744 4.443638
3.1028852 8.236053 4.5968676
3.2561142 8.580819 4.865018
3.2944214 8.695741 5.056554
3.217807 8.695741 5.2480903
3.064578 8.619126 5.363012
2.873042 8.580819 5.516241
2.7581203 8.542512 5.8226986
2.7581203 8.6574335 6.244078
2.873042 8.887277 6.703765
3.0645783 9.11712 6.8569937
3.2944217 9.461885 6.742072
3.4476504 9.691729 6.1674633
3.4093432 9.691729 5.4013186
3.2944217 9.615114 4.7884035
3.1028852 9.461885 4.3287163
2.873042 9.308656 4.1754875
2.681506 9.11712 4.1371803
2.4133554 8.8489685 4.1371803
1.9919758 8.542511 4.098873
1.3407528 8.121132 4.060566
1.0726023 8.0445175 4.1371803
0.8810662 8.0445175 4.1754875
0.49799395 7.929596 4.2904096
0.38307226 7.929596 4.405331
0.344765 8.0445175 4.5585604
0.344765 8.236053 4.7500963
0.344765 8.504204 4.865018
0.38307226 8.887277 5.094861
0.4213795 9.193735 5.24809
0.45968673 9.385271 5.3247046
0.49799398 9.500193 5.5928555
0.5363012 9.500193 5.5545483
0.49799395 9.346964 5.6311626

