0.5746084 9.040505 5.056554
1.6855179 10.764331 5.3630114
2.719813 12.258312 5.554548
3.562572 13.752295 5.631162
4.060566 14.78659 5.7843914
3.6774938 14.211981 5.2863975
3.3327286 13.67568 4.8267107
3.026271 13.1393795 4.4819455
2.7581205 12.56477 4.060566
2.5282772 12.028469 3.86903
2.2984338 11.530476 3.8307228
2.0685902 11.147403 3.9073372
1.8387468 10.840945 3.9839516
1.532289 10.457872 3.9073372
1.1492168 10.036493 3.6391864
0.7661445 9.615114 3.3327289
0.30645782 9.117121 3.0262709
-0.15322891 8.734048 2.7581205
-0.7278373 8.312668 2.6815062
-1.2641386 7.8146744 2.834735
-1.7621324 7.2400656 3.1028852
-2.1068974 6.588843 3.6774938
-2.1452045 6.090849 4.3287168
-1.9919758 5.746084 4.711789
-1.6089034 5.5928555 4.903325
-0.95768064 5.8226986 4.5202527
-0.30645782 6.3589997 3.8307226
0.22984336 6.895301 3.0645783
0.6129156 7.3549876 2.2601264
0.6512228 7.508217 1.4556746
0.5746084 7.1634517 0.49799395
0.4213795 6.473922 -0.38307226
0.15322891 5.66947 -1.0726023
-0.15322891 4.5968676 -1.1492168
-0.7661445 3.064578 -0.076614425
-1.0342951 2.566584 0.7661446
-1.1492169 2.4899697 1.2258313
-1.2258313 2.681506 1.685518
-1.1109097 2.987964 1.4939818
-0.99598795 3.2944217 1.1492168
-0.7661445 3.677494 0.34476504
-0.61291564 3.9456444 0.15322891
-0.45968673 4.1371803 0.11492168
-0.22984335 4.4819455 0.038307227
0.0 4.9033246 -0.038307227
0.19153613 5.1714754 -0.22984336
0.34476507 5.66947 -0.61291564
0.4596867 5.7843914 -0.7278373
0.6512228 6.2057705 -0.6512228
0.842759 6.2440777 0.07661447
0.9959879 6.090849 0.2681506
1.1109096 5.7843914 0.11492169
1.1492168 5.6311626 -0.30645782
1.1875241 5.6311626 -0.9576807
1.1875241 6.1674633 -1.877054
1.4173673 6.2440777 -2.0685902
1.9153613 5.861006 -1.4939818
1.9919758 5.4396267 -0.8810662
1.838747 5.209783 0.42137948
1.685518 5.2480903 0.5363012
1.7621324 5.3247046 0.30645782
1.9536686 5.6311626 -0.34476504
2.2218192 6.014235 -1.2641385
2.7581203 7.0102224 -2.5665843
2.9113493 7.5082164 -2.4899697
2.9496565 7.776367 -1.9919758
2.911349 7.776367 -1.1109096
2.4899695 7.3166804 -0.22984333
1.685518 6.62715 0.34476504
0.80445176 5.8993125 0.5746084
0.03830722 5.4013186 0.49799395
-0.2681506 5.24809 0.11492166
0.11492167 5.7077765 -0.26815057
1.532289 7.5082164 -0.7661445
2.0685902 8.580818 -0.842759
1.9153614 9.232042 -0.7661446
1.3790601 9.2703495 -0.61291564
0.07661445 8.580819 0.2681506
-0.11492168 8.0445175 0.842759
0.0 7.8912888 1.3790601
0.34476507 7.8529816 1.7621324
0.61291564 7.929596 2.1452048
0.6895301 8.312668 2.4516625
0.7278373 8.848969 2.719813
0.38307226 9.959879 2.7964275
0.30645782 10.189722 2.6048913
0.22984336 10.036493 2.2984335
0.19153613 9.615114 2.2984335
0.15322891 9.270349 3.86903
0.15322891 11.070789 7.1634517
0.15322891 13.867216 8.695741
0.0 14.901512 8.159439
-0.30645782 15.169662 7.278373
-0.7661445 14.863205 6.435614
-1.1875241 14.173674 6.1291566
-1.4173673 13.522451 6.5122285
-1.4556745 13.177687 7.1634517
-1.3024457 13.330915 7.8912888
-0.9576807 13.752295 8.465897
-0.7278373 14.135366 8.427589
-0.61291564 14.403517 8.0445175
-0.7278373 14.173674 7.3549876
-1.1492168 13.292607 6.5505357
-1.6089035 12.028469 5.9376206
-2.0685902 10.726023 5.5545483
-2.1452048 9.691728 5.477934
-1.9536686 9.270349 5.477934
-1.4556746 9.500192 5.707777
-0.7278373 10.0748005 5.9759274
-0.076614454 10.879252 6.2440777
0.45968673 11.760319 6.3589993
0.7278373 12.29662 6.2440777
0.61291564 12.411542 6.0142345
-0.2681506 11.262325 5.66947
-0.76614463 10.381259 5.899313
-1.0726024 9.768343 6.2823853
-1.1875241 9.461885 6.5888433
-1.1109096 9.576807 6.895301
-0.9959879 9.921572 6.895301
-0.7661445 10.228029 6.742072
-0.5746084 10.496181 6.6654577
-0.4596867 10.649409 6.5888433
-0.38307226 10.649409 6.550536
-0.4213795 10.457873 6.550536
-0.5746084 10.228029 6.3206925
-0.842759 9.768343 6.1674633
-1.1875241 9.308657 6.0142345
-1.5705963 8.963892 5.93762
-1.9919758 8.6574335 5.9759274
-2.336741 8.312668 6.0142345
-2.6431987 8.082825 6.090849
-2.873042 7.8146744 6.129156
-2.9879637 7.699753 6.2057705
-3.1411927 7.8146744 6.2057705
-3.217807 7.967903 6.129156
-3.3327286 8.312668 6.090849
-3.4476504 8.465897 6.0525417
-3.4476504 8.542512 6.0142345
-3.4476504 8.542512 6.129156
-3.371036 8.465898 6.1674633
-3.2561142 8.312669 6.282385
-3.1411927 8.159439 6.320692
-2.9496565 8.0445175 6.2057705
-2.719813 8.00621 6.0525417
-2.4516625 8.082825 5.7843914
-2.0685902 8.236053 5.5545483
-1.7238252 8.427589 5.439626
-1.3790601 8.580819 5.3247046
-1.0726023 8.772355 5.1714754
-0.8810662 8.810662 5.056554
-0.7278373 8.810662 4.9799395
-0.61291564 8.6574335 5.094861
-0.4213795 8.427589 5.2863975
-0.22984336 8.312668 5.631162
-0.038307227 8.0445175 5.9759274
0.11492168 7.8529816 6.0525417
0.22984336 7.6614456 6.129156
0.34476504 7.4699097 6.090849
0.53630114 7.3549876 6.0142345
0.7661445 7.240066 6.0142345
0.9193734 7.240066 6.0142345
1.1492168 7.316681 5.9759274
1.3024457 7.546524 5.746084
1.4173673 7.8912888 5.477934
1.4939818 8.121132 5.209783
1.4173673 8.274361 4.9416323
1.340753 8.274361 4.9799395
1.2641385 8.197746 5.24809
1.1875241 8.082825 5.4779334
1.1492169 7.8529816 5.861006
1.1875241 7.5848308 6.0525417
1.2641385 7.278373 5.93762
1.3790601 7.086837 5.8226986
1.6472107 7.0102224 5.4779334
1.9153614 7.125144 5.0948615
2.1835122 7.31668 4.9416323
2.4516628 7.5465236 4.711789
2.6431987 7.699753 4.596867
2.834735 7.8146744 4.4436383
3.1411927 7.967903 4.290409
3.4859576 8.00621 4.2137947
3.715801 8.00621 4.060566
3.8307228 7.8912888 3.9839516
3.7541084 7.699753 3.9456444
3.6391869 7.584831 3.9456444
3.7158012 7.699753 4.1754875
3.9456444 8.00621 4.4436383
4.290409 8.389282 4.55856
4.6351743 8.69574 4.596867
4.7884035 8.810662 4.4436383
4.711789 8.69574 4.252102
4.520253 8.427589 4.060566
4.2904096 8.159439 4.060566
3.9456444 8.082825 4.4436383
3.8307228 8.197746 4.7884035
3.6774938 8.312668 5.2480903
3.4859576 8.121132 5.4013195
3.3327289 7.967903 5.4396267
3.1794999 7.929596 5.516241
3.217807 8.082825 5.5545483
3.3710358 8.504205 5.5928555
3.9073372 9.500193 5.6311626
4.1371803 9.844957 5.5928555
4.1754875 9.959879 5.363012
4.098873 9.844957 5.2480903
3.9073372 9.653421 5.094861
3.6774938 9.423578 4.903325
3.4093432 9.193735 4.9799395
2.9879637 8.848969 5.133168
2.375048 8.465897 5.2480903
1.7238252 8.0445175 5.2863975
1.2258313 7.6614456 5.3247046
0.91937345 7.5465236 5.209783
0.842759 7.469909 5.171476

