0.80445176 7.6614456 5.0948615
0.80445176 7.8912888 5.1331687
1.187524 8.925584 5.2863975
1.9153613 10.0748005 5.5162406
2.6048913 11.224017 5.861006
3.1028855 12.143391 6.3589993
2.9113493 12.296619 6.6271505
2.030283 11.645397 6.3206925
1.6089035 11.262325 6.0142345
1.1492168 10.764331 5.784391
0.61291564 10.189722 5.4779334
0.11492166 9.653421 5.1714754
-0.42137948 9.232042 4.7884035
-1.0342951 8.925584 4.2137947
-1.6472107 8.465898 3.6391866
-2.336741 7.8912888 3.0262709
-2.9113493 7.2783737 2.566584
-3.2944217 6.5888433 2.3367407
-3.4093432 6.090849 2.3367407
-3.2561142 5.8226986 2.3367407
-2.9879637 5.5928555 2.2984335
-2.7581203 5.401319 2.1068974
-2.528277 4.9416323 1.4556746
-2.528277 4.711789 1.2258313
-2.2601266 4.6351748 1.4556746
-1.9153614 4.7500963 1.9919758
-1.685518 4.8267107 2.566584
-1.4939818 4.7884035 3.1028855
-1.4939818 4.7500963 3.2944214
-1.6472108 4.6351748 3.1794999
-1.7621324 4.5202527 2.9496565
-1.8770542 4.367024 2.5282772
-1.9536686 4.2137947 2.1068976
-1.9919758 4.1754875 1.685518
-1.9153614 4.2904096 1.4173675
-1.7621324 4.6351743 1.340753
-1.6089035 4.9799395 1.340753
-1.4556746 5.209783 1.4556746
-1.3790601 5.2480903 1.4173673
-1.4173675 5.0948615 1.340753
-1.5322891 4.7884035 1.2258313
-1.685518 4.4436383 1.0342951
-1.8004397 4.175488 0.8044517
-1.7238252 4.0222588 0.5363012
-1.4556746 4.1754875 0.34476504
-1.0726023 4.55856 0.19153613
-0.61291564 5.056554 0.15322891
0.11492168 5.7843914 0.11492168
0.4213795 5.899313 0.15322891
0.61291564 5.6694694 0.22984335
0.6512228 5.401319 0.26815057
0.6512228 4.903325 0.22984335
0.5363012 4.4436383 0.0
0.34476507 4.3287168 -0.38307226
0.19153613 4.2137947 -0.7278373
0.15322891 4.2521024 -0.99598795
0.6512229 4.5202527 -0.19153616
1.1109096 4.55856 0.6895301
1.4556746 4.711789 1.685518
1.5705963 4.9416323 2.2984338
1.5705963 5.24809 2.5282772
1.5322891 5.7077765 2.2601264
1.6089035 6.090849 1.6472108
1.8004396 6.3973064 1.0342951
2.0685902 6.6271505 0.49799395
2.2218192 6.8569937 0.076614454
2.2601264 7.163451 -0.11492168
2.2601264 7.3549876 -0.11492168
2.2218192 7.584831 0.11492168
2.2218192 7.929596 0.57460845
2.2601264 8.121132 1.0342951
2.2984335 8.389282 1.2641385
2.221819 8.389282 1.1109096
1.9919758 8.159439 0.7278373
1.7238252 8.00621 0.3830723
1.493982 7.776367 0.11492168
1.3790601 7.776367 0.076614454
1.5322891 8.00621 0.15322891
1.8387469 8.274361 0.34476504
2.1452048 8.734047 0.80445176
2.2218192 9.232042 1.340753
2.030283 9.5385 1.9536686
1.5705962 9.730036 2.3367407
1.0726023 9.768343 2.4516625
0.842759 9.80665 2.3367407
0.842759 10.036493 2.3367407
1.1109096 10.457872 2.6815057
1.340753 10.840945 3.256114
1.4173673 11.185711 4.4436383
1.3790603 11.492168 5.861006
1.1492169 11.836933 7.2017584
0.88106626 12.449848 8.427589
0.61291564 13.215994 8.963892
0.38307226 14.020445 8.925583
0.15322891 14.671669 8.312668
-0.2681506 14.671669 7.0102224
-0.91937345 13.905523 5.631162
-1.7238252 12.641386 4.4819455
-2.4899697 11.262325 3.7924156
-2.9113493 10.419565 3.8307228
-2.8730419 10.228029 4.2521024
-2.4133554 10.76433 4.7500963
-1.6472108 11.645397 5.1714754
-0.91937345 12.526464 5.5162406
-0.38307226 13.292608 5.66947
-0.38307226 13.522451 5.4779334
-0.842759 13.177687 5.056554
-1.532289 12.449849 4.3287163
-2.3750482 11.568783 3.5625722
-2.9879637 10.764331 2.9496565
-3.4093432 10.266336 2.8347347
-3.6008794 10.189722 3.562572
-3.4093432 10.534487 4.2521024
-3.0645783 11.070789 4.8267107
-2.5665843 11.760319 5.5928555
-2.0685904 12.334927 6.320693
-1.6089036 12.679692 6.8569937
-1.340753 12.641385 7.4699097
-1.2641385 12.258313 7.8912888
-1.3024457 11.60709 8.312668
-1.3790601 10.994174 8.772355
-1.3790601 10.534487 8.963891
-1.3024457 10.266336 8.848969
-1.1492168 10.228029 8.465897
-0.9959879 10.228029 8.0445175
-0.8810662 10.228029 7.5082164
-0.7661445 10.113108 7.0485296
-0.68953 9.998186 6.7037644
-0.68953 9.768343 6.205771
-0.68953 9.500193 5.7843914
-0.7661445 9.270349 5.477934
-0.95768064 9.040505 5.24809
-1.187524 8.810662 5.24809
-1.4556746 8.619126 5.286397
-1.7621324 8.350975 5.3247046
-2.030283 8.121132 5.3247046
-2.2218192 8.082825 5.2480903
-2.3750482 8.236053 5.2480903
-2.4899697 8.580818 5.3247046
-2.566584 8.810661 5.516241
-2.6048915 8.887277 5.5928555
-2.681506 8.695741 5.5162406
-2.719813 8.504205 5.439626
-2.6431987 8.504205 5.2480903
-2.5665843 8.772355 5.133168
-2.4133554 9.2703495 5.056554
-2.2601264 9.653421 4.9416323
-2.2218192 9.921572 4.7884035
-2.183512 9.883265 4.5968676
-2.1452048 9.653421 4.481946
-2.0685902 9.346963 4.4436383
-1.9153614 9.002198 4.405331
-1.7621324 8.69574 4.4436383
-1.685518 8.350975 4.4819455
-1.6089035 8.082825 4.4819455
-1.4556745 7.8912888 4.4436383
-1.2258313 7.8529816 4.4436383
-0.842759 8.0445175 4.4436383
-0.34476504 8.312668 4.405331
0.038307227 8.427589 4.4436383
0.2681506 8.350975 4.290409
0.34476504 8.0445175 4.290409
0.30645782 7.546524 4.290409
0.30645782 7.163451 4.4436383
0.5363012 7.0485296 4.9416323
1.4173675 7.431602 5.554548
1.9153614 7.967903 5.4779334
2.2601264 8.312668 4.9799395
2.4516625 8.619126 4.2904096
2.5665843 8.734048 3.715801
2.5282772 8.580818 3.3327286
2.4133554 8.350975 3.2561142
2.336741 8.121132 3.6391866
2.2601264 8.00621 4.098873
2.2984335 7.929596 4.6351748
2.375048 7.967903 5.094861
2.3367407 7.8912888 5.2097826
2.2984335 7.8146744 5.1714754
2.2984335 7.6231384 4.9799395
2.4899697 7.6231384 4.865018
2.7964277 7.8912888 5.0565543
3.0262709 8.312668 5.2480903
3.2178073 8.6574335 5.439626
3.2178073 8.6574335 5.592855
3.1411927 8.580819 5.631162
3.0262709 8.427589 5.7843914
2.9496565 8.197746 5.899313
2.9496565 8.0445175 5.861006
2.9496565 7.73806 5.746084
3.0262709 7.508217 5.5928555
3.1028855 7.3932953 5.363012
3.1794999 7.3932953 5.1714754
3.3327289 7.546524 5.056554
3.5242648 7.8529816 4.9799395
3.7541082 8.159439 4.9416323
3.9839516 8.389283 4.903325
4.0222588 8.542512 4.7884035
3.9073372 8.504205 4.673482
3.715801 8.312668 4.596867
3.4859576 8.236053 4.55856
3.371036 8.197746 4.7500963
3.3327289 8.274361 4.9799395
3.3327289 8.542511 5.1331687
3.3327289 8.772355 5.209783
3.2944214 9.040506 5.0182467
3.217807 9.232042 4.865018
3.1411924 9.423578 4.9416323
3.064578 9.615114 5.1714754
2.9879637 9.768343 5.592855
2.8347347 9.883265 5.8226986
2.6048915 9.959879 5.7843914
2.4516625 9.883265 5.7843914
2.2601264 9.80665 5.746084

