1.2258313 9.2703495 5.5162406
1.1875241 10.572795 5.24809
1.1109096 11.722012 4.903325
1.3790601 13.101072 5.1714754
1.4939818 14.135366 5.4396267
1.1875241 13.790602 5.7843914
0.95768064 13.522451 6.090849
0.7661446 13.215994 6.129156
0.45968673 12.794615 5.93762
0.19153614 12.334928 5.707777
-0.076614454 11.798626 5.5545483
-0.38307226 11.3006315 5.439626
-0.5746084 10.955867 5.171476
-0.6895301 10.572794 4.9416323
-0.72783726 10.381258 4.750096
-0.6512228 10.228029 4.55856
-0.57460845 10.036493 4.4819455
-0.49799398 9.959879 4.367024
-0.4213795 9.80665 4.367024
-0.4213795 9.691729 4.2904096
-0.38307226 9.5385 4.3287168
-0.3064578 9.308656 4.2521024
-0.19153613 9.155427 4.1371803
0.038307227 9.155427 4.098873
0.15322891 9.232042 3.9073372
0.15322891 9.2703495 3.8307228
-0.11492168 8.887277 3.4093432
-0.2681506 8.580818 3.2561145
-0.49799395 8.274361 3.1028855
-0.842759 8.0445175 2.7964275
-1.2258313 7.8529816 2.3750482
-1.6089035 7.431602 1.8004396
-1.8770542 7.0102224 1.1875241
-1.9919758 6.5122285 0.6895301
-1.9919758 5.93762 0.30645782
-1.9536686 5.439626 0.15322891
-1.9153614 4.9416323 0.0
-1.9153614 4.2904096 -0.11492168
-2.030283 3.7158008 -0.15322891
-2.1068974 3.217807 -0.038307227
-2.1835117 2.7964277 0.30645782
-2.2218192 2.566584 0.842759
-2.2218192 2.2984338 1.3024457
-2.2218192 2.1452045 1.6089035
-2.2601266 1.9536686 1.6089035
-2.2601266 1.9536686 1.340753
-2.1835117 2.1452048 0.9193734
-2.030283 2.4516625 0.4213795
-1.6855179 3.0262709 0.0
-1.3024457 3.5242648 -0.30645782
-0.842759 4.098873 -0.30645782
-0.4213795 4.5968676 -0.15322891
-0.038307227 4.97994 0.15322891
0.19153613 5.2480903 0.5363012
0.3830723 5.4396267 0.7278373
0.5363012 5.4396267 0.7661445
0.6512229 5.2480907 0.6512229
0.842759 5.056554 0.3064578
1.0342951 4.7884035 -0.07661443
1.1875241 4.7500963 -0.45968673
1.3024458 4.865018 -0.7278373
1.4556746 5.094861 -0.88106626
1.6089035 5.439626 -0.9576807
1.7238252 5.5928555 -0.8810662
1.8004396 5.5545483 -0.6512228
1.6472108 5.2097826 -0.30645782
1.3790603 4.711789 -0.038307227
1.1492169 4.4819455 0.038307227
1.0342951 4.4819455 -0.076614454
1.1875241 4.865018 -0.30645782
1.532289 5.5928555 -0.4213795
1.9536686 6.2057705 -0.4213795
2.2984338 6.8186865 -0.4213795
2.5282772 7.3166804 -0.34476504
2.48997 7.4316025 -0.19153613
2.2218192 7.316681 -0.076614454
1.8387469 7.0868373 0.22984335
1.3790601 6.7037644 0.42137948
1.0726024 6.5122285 0.30645782
0.9193735 6.62715 -0.34476507
1.1109096 7.0102224 -0.842759
1.4173673 7.469909 -0.9959879
1.7238252 8.0445175 -0.9576807
1.8770542 8.504204 -0.5746084
1.9153614 8.734048 -0.07661445
1.685518 8.619125 0.49799395
1.2641385 8.274361 0.91937345
0.80445176 7.8146744 1.0342951
0.19153616 7.3549876 0.91937345
-0.38307226 7.0868373 0.7278373
-0.6512229 7.1251445 0.7278373
-0.61291564 7.4699097 0.9576807
-0.2681506 8.197746 1.3790601
0.38307223 9.308657 1.8004396
1.0342951 10.534488 2.183512
1.4939818 11.530476 2.4133554
1.6472108 12.220005 2.873042
1.2258313 12.449848 3.4859579
0.57460845 12.334927 3.9456446
-0.07661444 12.258312 4.443639
-0.49799395 12.373234 4.5968676
-0.45968673 12.679692 4.5585604
-0.30645782 13.139379 4.5585604
-0.22984336 13.560759 4.711789
-0.30645782 13.67568 5.094861
-0.61291564 13.484144 5.746084
-0.9959879 13.024458 6.473922
-1.3790601 12.449849 6.742072
-1.7238252 11.683704 6.397307
-1.9536686 10.840945 5.4779334
-2.2218192 9.576807 3.2944214
-2.1835117 9.500193 2.8730419
-1.9536686 10.151415 3.2561142
-1.532289 10.994175 4.1754875
-1.0726024 12.028469 5.554548
-0.6512228 13.101072 6.895301
-0.49799395 13.560759 7.469909
-0.61291564 13.599066 7.546524
-1.0726023 12.832921 6.9719157
-2.0685902 10.840945 5.7077765
-2.0685902 10.381259 5.631162
-0.45968676 13.177686 9.155427
1.532289 13.292607 9.959879
0.15322888 12.7179985 9.576806
-1.6472107 9.653421 6.2823853
-3.9456441 9.615114 6.435614
-4.596867 8.159439 5.439626
-3.9456444 7.8529816 5.631162
-3.4093432 8.350975 6.4739213
-3.1411924 8.848969 7.125144
-2.6431985 9.423578 7.5848308
-2.2218192 9.883265 7.699753
-1.9919758 10.189722 7.163452
-1.9919758 10.381259 6.2057705
-2.2218192 10.266337 5.324704
-2.566584 9.844957 4.750096
-3.0262709 9.2703495 4.596867
-3.4859576 8.542512 4.82671
-3.7541082 8.00621 5.2097826
-3.86903 7.776367 5.554548
-3.7541082 7.8912888 5.746084
-3.4476504 8.312668 5.8226986
-3.1028855 8.810662 5.631162
-2.9113493 9.232042 5.4013186
-2.873042 9.346964 4.9416323
-2.9879637 9.232042 4.3670235
-3.1411927 8.887277 3.9839516
-3.1411927 8.465897 3.7541082
-3.0262709 8.312668 3.9073372
-2.7581203 8.236053 4.1754875
-2.4516625 8.274361 4.4436383
-2.183512 8.274361 4.596867
-1.9919758 8.197746 4.55856
-1.8004397 8.082825 4.4053307
-1.5322891 7.929596 4.2137947
-1.4939818 7.776367 4.060566
-1.6089035 7.5082164 4.1371803
-1.9536686 7.0485296 4.711789
-1.9153614 6.8569937 5.4396267
-1.7238252 6.8569937 6.167464
-1.340753 6.895301 6.8186865
-0.9959879 7.0102224 7.0485296
-0.7278373 7.163451 6.933608
-0.53630114 7.240066 6.473922
-0.53630114 7.2783732 5.93762
-0.49799395 7.240066 5.5928555
-0.45968673 7.240066 5.516241
-0.4213795 7.201759 5.707777
-0.19153613 7.163451 6.0525417
0.076614454 7.278373 6.4356136
0.38307226 7.469909 6.6271505
0.6512228 7.73806 6.6271505
0.842759 8.00621 6.473922
1.1492169 8.121132 5.861006
1.3407528 8.0445175 5.8226986
1.532289 7.8912888 5.746084
1.7621324 7.776367 5.746084
1.9919758 7.8146744 5.861006
2.4133554 8.159439 5.861006
2.7581203 8.657433 5.6694694
3.0262709 9.11712 5.324704
3.217807 9.346964 4.7500963
3.2561142 9.2703495 4.2521024
3.2944214 9.117121 4.060566
3.2944214 8.925584 4.1754875
3.2944214 8.619125 4.3670235
3.1411927 8.312668 4.4819455
2.911349 7.967903 4.5585604
2.7964275 7.699753 4.5968676
2.7581203 7.699753 4.7884035
2.9496565 7.929596 5.2097826
3.217807 8.274361 5.6311626
3.4859576 8.619125 5.746084
3.6391864 8.848969 5.554548
3.6008792 9.002198 5.133168
3.4093432 8.963891 4.711789
3.064578 8.772355 4.405331
2.7581205 8.619125 4.4819455
2.528277 8.504204 4.750096
2.4133554 8.504204 5.056554
2.183512 8.695741 5.707777
1.9536686 8.734048 5.6311626
1.8004396 8.695741 5.477934
1.6089035 8.619126 5.171476
1.493982 8.6574335 4.9416323
1.4173673 8.580819 4.903325
1.3024457 8.695741 4.903325
1.2641385 8.848969 5.133168
1.1875241 8.963891 5.401319
1.1109096 9.078813 5.592855
0.95768064 9.040505 5.746084
0.72783726 8.925584 5.7843914
0.5746084 8.69574 5.707777
0.4213795 8.580818 5.592855
0.38307226 8.465897 5.554548
0.4213795 8.427589 5.401319
0.4213795 8.542512 5.2863975
0.45968673 8.465897 5.1331687
0.45968673 8.619125 4.9799395
0.45968673 8.810661 5.056554

