0.49799398 8.8489685 5.094861
0.4213795 8.734048 5.209783
1.1109096 10.266336 5.2480903
1.8387469 11.951855 5.4396267
2.7964275 13.637373 5.363012
3.6391866 14.978127 5.286397
3.6774938 14.824898 5.094861
3.6391866 14.518439 4.7500963
3.4476504 14.135366 4.4819455
3.064578 13.713986 4.252102
2.6431985 13.062764 4.098873
2.183512 12.334928 3.9073372
1.7238252 11.683704 3.7541082
1.493982 11.147404 3.562572
1.4173673 10.879252 3.2944217
1.4556746 10.726024 3.0645785
1.5322891 10.6877165 2.9879637
1.4939818 10.534487 2.873042
1.2641385 10.151415 2.9113493
0.8810662 9.576807 2.9496565
0.45968673 8.772354 2.873042
0.038307227 7.8912883 2.873042
-0.34476504 7.125144 2.7581203
-0.68953013 6.397307 2.6048915
-0.9576807 5.8226986 2.4133554
-1.1109096 5.516241 2.183512
-0.9959879 5.477934 1.8770541
-0.68953013 5.8226986 1.685518
-0.34476507 6.435614 1.532289
-0.038307227 6.9719152 1.2641385
0.11492168 7.3549876 1.0726024
0.15322891 7.546524 0.7661445
0.076614454 7.3549876 0.5746084
-0.038307227 7.0485296 0.53630114
-0.22984336 6.588843 0.6512228
-0.49799395 5.93762 0.95768064
-0.95768064 4.9799395 1.0342951
-1.1492169 4.711789 0.9576806
-1.1875241 4.711789 0.8044517
-1.0726023 4.8267107 0.61291564
-0.49799395 5.401319 0.6895301
-0.22984336 5.6311626 0.6895301
-0.076614454 5.7843914 0.7278373
0.038307227 5.7843914 0.5746084
0.11492168 5.7843914 0.30645782
0.19153613 5.746084 0.11492168
0.2681506 5.707777 0.0
0.2681506 5.5928555 0.0
0.22984335 5.516241 0.11492168
0.22984335 5.439626 0.22984336
0.22984335 5.2863975 0.26815057
0.30645782 5.3247046 0.30645782
0.4213795 5.3247046 0.2681506
0.5746084 5.3247046 0.11492168
0.7661445 5.401319 -0.11492167
1.0342951 5.554548 -0.53630114
1.2641385 5.707777 -0.7278373
1.4173673 5.8226986 -0.84275895
1.4939818 5.861006 -0.80445176
1.4556746 5.5928555 -0.61291564
1.3790601 5.3630114 -0.5363012
1.340753 5.133168 -0.5746084
1.4173673 5.0182467 -0.61291564
1.6089034 5.0182467 -0.8810662
1.8004396 5.0182467 -1.0726023
1.9536686 5.094861 -1.1109096
1.9919758 5.1714754 -0.91937345
1.9153614 5.363012 -0.49799398
1.9153614 5.5545483 0.07661446
1.9153614 5.861006 0.7278374
1.9536686 6.0142345 1.0726024
2.030283 5.9759274 1.2258313
2.0685902 5.93762 1.1875241
2.030283 5.861006 0.91937345
1.9919758 6.0142345 0.61291564
1.9919758 6.320692 0.3064578
2.030283 6.742072 -0.22984336
2.2218192 7.125144 -0.72783726
2.4899697 7.6231384 -1.0342951
2.566584 8.236053 -0.99598783
2.4899697 8.465897 -0.72783726
1.5705963 7.393295 0.0
0.99598795 6.282385 0.19153613
0.5363012 5.477934 0.3830723
0.45968673 5.324704 0.45968673
0.6895301 5.6311626 0.68953013
1.1109096 6.244078 0.8044518
1.3790601 7.0102224 0.7661446
1.2641385 7.6231384 0.6512229
0.842759 7.776367 0.4213795
0.2681506 7.5848308 0.4213795
0.1149217 7.3549876 0.9193735
0.4213795 7.469909 1.6472107
1.0342952 8.159439 2.3367407
1.838747 9.11712 2.911349
2.4133554 10.0748005 3.0262709
2.6431987 10.91756 2.9113493
2.681506 11.453861 2.719813
2.4899697 11.760319 2.4899697
2.2218192 11.760319 2.4516625
2.030283 11.530475 2.6815057
1.9153614 11.3006315 3.4476504
1.9919758 11.760319 4.865018
1.8387468 12.603079 5.93762
1.4939818 13.40753 6.588843
1.0342951 14.097059 6.7803793
0.34476504 14.097059 6.205771
-0.11492168 13.67568 5.8226986
-0.3830723 13.101072 5.7843914
-0.61291564 12.603077 5.93762
-0.6512228 12.449848 6.435614
-0.57460845 12.641385 7.1634517
-0.45968673 13.2543 7.8529816
-0.30645782 13.982138 8.350976
-0.19153613 14.518439 8.6574335
-0.15322891 14.748282 8.580818
-0.3064578 14.441825 8.236053
-0.5746084 13.637373 7.73806
-0.95768064 12.603078 6.9719152
-1.340753 11.453861 6.2823853
-1.532289 10.534488 5.7843914
-1.5705962 9.998186 5.439626
-1.3790601 9.730036 5.2097826
-1.0342951 9.883265 5.2097826
-0.61291564 10.266336 5.24809
-0.19153613 10.802637 5.3630114
0.076614454 11.3006315 5.4779334
0.076614454 11.415553 5.5162406
-0.11492168 11.109096 5.4779334
-0.45968673 10.572794 5.439626
-0.80445176 9.883265 5.592855
-1.1109095 9.423578 5.746084
-1.3790603 9.11712 6.0525417
-1.532289 8.963891 6.282385
-1.685518 8.925584 6.3589993
-1.8004397 8.963891 6.397307
-1.9153614 9.11712 6.5122285
-2.0685902 9.2703495 6.703765
-2.1452045 9.5385 7.04853
-2.2601264 9.653421 7.431602
-2.3367407 9.615114 7.508217
-2.4516625 9.346964 7.546524
-2.6431987 8.963891 7.316681
-2.7581203 8.619125 7.086837
-2.873042 8.504204 6.895301
-2.834735 8.657433 6.742072
-2.681506 9.002197 6.742072
-2.566584 9.461885 6.7803793
-2.4516625 9.730036 6.895301
-2.4516625 9.768343 6.895301
-2.5282772 9.423578 6.780379
-2.6048915 8.887277 6.62715
-2.681506 8.350976 6.3206925
-2.681506 7.8529816 6.1674633
-2.566584 7.6231384 6.1674633
-2.2218192 7.6231384 6.129156
-1.8004396 7.776367 6.129156
-1.3790603 8.0445175 5.9759274
-1.0726024 8.236053 5.7843914
-0.842759 8.236053 5.516241
-0.6895301 8.082825 5.363012
-0.5746084 7.73806 5.2480903
-0.45968673 7.3932953 5.171476
-0.3830723 7.125144 5.2480903
-0.30645782 6.895301 5.363012
-0.15322891 6.742072 5.66947
0.076614454 6.7803793 5.899313
0.30645782 6.8569937 6.0142345
0.6512229 6.9719152 5.899313
0.9576807 7.163451 5.746084
1.1875241 7.201759 5.66947
1.340753 7.201759 5.6311626
1.4173675 7.201759 5.746084
1.5705963 7.201759 5.746084
1.8387469 7.3166804 5.7843914
2.2601264 7.508217 5.707777
2.6815057 7.776367 5.554548
2.9496565 8.00621 5.324704
3.1411924 8.159439 5.056554
3.1411924 8.159439 5.0182467
3.1794999 8.121132 5.171476
3.3327286 8.236053 5.324705
3.4859576 8.427589 5.5545483
3.6774938 8.69574 5.5545483
3.8307228 9.002198 5.363012
3.9073372 9.11712 5.1714754
3.9073372 9.078813 4.8650174
3.86903 9.002198 4.6351743
3.7924156 8.887277 4.5202527
3.7541084 8.887277 4.4819455
3.7158012 8.772355 4.367024
3.6391866 8.619125 4.4436383
3.677494 8.542511 4.596867
3.7158012 8.465897 4.7500963
3.8307228 8.580818 4.865018
3.9839516 8.734048 4.7117887
4.0222588 8.734048 4.4819455
3.9839516 8.580819 4.1371803
3.8307228 8.312668 3.9073372
3.7158012 8.0445175 3.9456444
3.6008792 7.8912888 4.0988736
3.5242648 7.967903 4.405331
3.5242648 8.159439 4.7500963
3.4859576 8.389282 4.9799395
3.4093432 8.542512 5.1714754
3.3327289 8.542512 5.3630114
3.217807 8.542512 5.592855
3.064578 8.504205 5.746084
2.8730419 8.427589 5.66947
2.6048913 8.427589 5.5162406
2.3367407 8.389282 5.1714754
2.183512 8.427589 4.865018
2.030283 8.542512 4.6734815
1.9536686 8.619126 4.4819455
1.9153614 8.695741 4.4436383
1.8387469 8.734048 4.5202527
1.8004397 8.772355 4.750096
1.7238252 8.810662 5.2097826
1.532289 8.810662 5.7077765
1.3024457 8.772355 6.0525417
1.1109096 8.695741 6.2057705

