0.9959879 8.580819 6.0525417
0.88106626 8.542511 5.5928555
0.99598795 9.768343 5.899313
1.2258313 11.18571 6.435614
1.5705963 12.717999 7.0102224
2.2601264 14.518439 7.6231384
2.7581203 15.093048 7.699753
3.1794999 15.552734 7.6231384
3.4859576 15.705963 7.3932953
3.5625722 15.591042 7.086837
3.524265 15.284584 6.742072
3.3327289 14.748282 6.512228
2.9879637 13.905523 6.6654577
2.9496565 13.599066 6.933608
2.9113493 13.445837 7.125144
2.873042 13.177686 7.2783732
2.681506 12.794614 7.04853
2.336741 12.334927 6.6271505
1.8770542 11.760319 6.090849
1.2641385 11.300632 5.4396257
0.57460845 10.879253 4.903325
-0.45968673 10.419565 4.405331
-0.8810662 10.342951 4.252102
-1.1492168 10.189722 4.252102
-1.4556746 10.151415 4.367024
-1.8004397 9.998186 4.4436383
-2.1068976 9.768343 4.5202527
-2.4899697 9.346964 4.55856
-3.217807 8.197746 4.55856
-3.4476504 7.546524 4.4819455
-3.4859576 7.163451 4.3287163
-3.2178073 7.2017584 4.060566
-2.719813 7.584831 3.8307228
-2.2601264 7.8912888 3.524265
-1.9536686 7.967903 3.2561142
-1.9536686 7.4699097 3.026271
-1.9919758 6.742072 2.681506
-2.0685902 6.1291566 2.4133554
-2.1452048 5.5928555 2.030283
-2.2601264 5.1331687 1.5705963
-2.4133554 4.7500963 1.1492168
-2.4516625 4.4436383 0.8810662
-2.4133554 4.2137947 0.72783726
-2.2218192 4.2137947 0.6512228
-1.9536686 4.405331 0.84275895
-1.685518 4.6734815 0.84275895
-1.4173675 4.9799395 0.80445176
-1.1875241 5.2863975 0.80445176
-0.95768064 5.5545483 0.49799395
-0.8044517 5.7843914 0.5363012
-0.68953 6.0142345 0.61291564
-0.6512228 6.0525417 0.5746084
-0.7661445 5.822698 0.53630114
-0.9576807 5.4013186 0.344765
-1.1492168 4.9799395 0.19153613
-1.2641385 4.596867 0.26815057
-1.2258313 4.596867 0.45968673
-1.0726023 4.673482 0.68953013
-0.842759 4.903325 0.8044518
-0.53630114 5.133168 0.7661445
-0.22984335 5.286397 0.7278373
0.038307227 5.554548 0.5746084
0.22984336 5.6311626 0.49799395
0.344765 5.707777 0.45968673
0.38307226 5.554548 0.34476504
0.4213795 5.1714754 0.38307226
0.49799398 4.711789 0.53630114
0.5363012 4.2904096 0.61291564
0.6512229 4.098873 0.8044517
0.8810662 4.098873 0.72783726
1.1492169 4.405331 0.61291564
1.4939818 4.750096 0.45968676
1.8387469 4.9799395 0.076614454
2.1452048 5.3247046 -0.15322891
2.2984335 5.66947 -0.30645782
2.4133554 6.0142345 -0.07661446
2.4133554 6.1291566 0.30645782
2.2601264 5.93762 0.7278373
2.1068974 5.3630114 0.9576807
1.9153614 4.7500963 0.9576807
1.7238252 4.3287163 0.9959879
1.4939818 4.3287168 1.2258313
1.4173673 4.865018 1.4939818
1.4556746 5.4779334 1.4173673
1.532289 6.1674633 1.1492168
1.7238252 6.6271505 0.6895301
1.9153614 6.895301 0.2681506
2.0685904 7.125144 0.0
2.183512 7.3166804 0.038307227
1.8770542 7.4699097 0.038307227
1.2258313 7.4699097 -0.11492168
0.49799398 7.3932953 -0.34476507
-0.038307227 7.2783737 -0.45968676
-0.15322891 7.163451 -0.34476507
0.11492169 7.316681 0.076614454
0.49799395 7.8529816 0.88106626
0.80445176 8.772355 1.6472108
1.0726023 10.0748005 2.2984338
1.3407528 11.33894 2.4133554
1.3790603 12.143392 2.0685904
1.2641385 12.373235 1.493982
0.99598795 12.028469 0.91937345
0.6895301 11.492168 0.99598795
0.61291564 11.45386 1.7238253
0.6512229 12.028469 2.9113493
0.842759 13.062765 4.367024
0.91937345 14.250288 5.4779334
0.6512229 14.901512 6.167464
0.07661447 14.748283 6.6271505
-0.5746084 14.135366 7.2017584
-1.187524 13.445837 7.699753
-1.5322891 13.101072 8.0445175
-1.5705963 13.215994 8.121132
-1.5705963 13.599066 7.6231384
-1.4939818 13.982138 6.895301
-1.340753 14.173674 6.244078
-0.9576807 14.441825 5.9759274
-0.45968673 14.671668 5.899313
0.11492166 14.824897 6.0525417
0.61291564 14.78659 6.397307
0.6895301 14.403517 6.3206925
0.4596867 13.637373 6.0142345
0.03830725 12.526464 5.554548
-0.4596867 11.415554 4.8267107
-0.84275895 10.304644 4.213795
-1.0342951 9.500193 3.8307228
-1.0342951 9.2703495 3.7924156
-0.80445176 9.461885 4.060566
-0.49799395 10.036494 4.5202527
-0.15322891 10.764331 4.903325
0.038307227 11.300632 5.094861
-0.076614454 11.492168 4.9799395
-0.34476507 11.377247 4.7117887
-0.8044517 10.91756 4.596867
-1.2258313 10.496181 4.6734815
-1.4939818 10.151415 4.9799395
-1.5705963 9.998186 5.554548
-1.493982 10.0748005 6.090849
-1.2641385 10.189722 6.5122285
-1.0342951 10.49618 6.9719152
-0.842759 10.726024 7.086837
-0.7278373 10.994175 7.0102224
-0.8044517 11.147404 6.895301
-0.9576807 10.955867 6.6654577
-1.3024457 10.611101 6.5888433
-1.7238252 9.959879 6.550536
-2.1452045 9.155427 6.512229
-2.528277 8.580818 6.550536
-2.8347347 8.197746 6.435614
-2.7581203 8.465897 6.3589993
-2.566584 8.925584 6.1674633
-2.3367407 9.346964 5.9759274
-2.2218192 9.691729 5.707777
-2.2984335 9.691729 5.554548
-2.7964275 8.887277 5.24809
-3.1028852 8.312668 5.1714754
-3.3327286 7.8146744 4.9799395
-3.4476502 7.3549876 4.9799395
-3.4476502 7.125144 5.0565543
-3.2944214 7.125144 5.171476
-2.9496562 7.4316025 5.171476
-2.4133554 7.967903 4.9799395
-1.9153613 8.542511 4.596867
-1.3790601 8.963892 4.1371803
-0.9959879 9.193735 3.7541084
-0.842759 9.193735 3.2561145
-0.80445176 8.848969 3.1411927
-0.80445176 8.274361 3.2944214
-0.80445176 7.6614456 3.86903
-0.842759 7.086837 4.865018
-0.7278373 6.8186865 5.899313
-0.5363012 7.0102224 6.6654577
-0.22984336 7.508216 7.0485296
0.11492168 8.159439 6.8186865
0.4213795 8.69574 6.2057705
0.6512228 9.11712 5.746084
0.842759 9.308656 5.5545483
1.0726023 9.270349 5.899313
1.2258313 9.346964 6.473922
1.2258313 9.2703495 6.8186865
1.1492168 9.155428 6.8186865
0.9576807 9.155428 6.550536
0.80445176 9.040505 6.3206925
0.7661446 9.002198 6.3589997
0.7661446 8.925584 6.588843
0.80445176 8.810662 6.895301
0.80445176 8.6574335 7.0485296
0.7661445 8.00621 6.7803793
0.7661445 7.6614456 6.4356146
0.842759 7.2783737 6.014235
0.9959879 7.0485296 5.5545483
1.3407528 7.0485296 5.2480903
1.7621324 7.163451 4.903325
2.2601264 7.469909 4.7117887
2.719813 7.776367 4.55856
3.1411927 8.082825 4.4819455
3.4859576 8.236053 4.405331
3.6391866 8.197746 4.175488
3.6391866 7.8912888 3.9456444
3.5625722 7.5465236 3.6774936
3.4476504 7.2400656 3.6774936
3.4476504 7.125144 3.9073372
3.6391866 7.393295 4.1754875
3.9073372 7.8529816 4.405331
4.252102 8.427589 4.405331
4.5202527 8.925584 4.1371803
4.5968676 9.193735 3.9073372
4.5585604 9.193735 3.6008792
4.405331 9.040506 3.4476504
4.1371803 8.925584 3.4859576
3.9073372 8.810662 3.6008792
3.6391866 8.734048 3.86903
3.4093432 8.810662 4.0222588
3.2561142 8.925585 4.3287163
3.1028852 9.078814 4.5968676
2.681506 9.155428 4.9799395
2.336741 8.848969 4.9416323
1.9153614 8.542511 4.9799395
1.5705965 8.350975 5.0182467
1.3790603 8.274361 5.094861
1.3024458 8.427589 5.056554
1.3024458 8.619125 4.7884035
1.2641386 8.772355 4.4819455
1.1492169 8.925584 4.290409
0.9576807 9.040505 4.3670235
0.7661445 9.11712 4.520253
0.57460845 9.078813 4.8267107
0.42137948 8.963891 5.056554
0.344765 8.848969 5.2480903
0.22984336 8.734048 5.477934
0.22984336 8.734048 5.6311626
0.22984336 8.810662 5.8226986
0.22984336 8.848969 5.899313
0.30645782 8.925584 5.7843914
0.30645782 9.078813 5.4779334
0.30645782 9.155428 5.0182467
0.34476504 9.2703495 4.6351743
0.34476504 9.2703495 4.4819455
0.34476504 9.078814 4.55856
0.34476504 9.040506 4.8267107
0.38307226 8.963891 5.0565543
0.34476504 8.848969 5.2863975

