0.2681506 8.848969 5.4396267
0.19153613 8.542512 5.3247046
0.038307227 8.350975 5.1714754
0.0 8.274361 4.903325
0.0 8.197746 4.55856
0.038307227 8.236053 4.5202527
0.11492168 8.274361 4.5585604
0.30645782 8.619126 4.7500963
1.493982 10.764331 5.2097826
2.6048915 12.603078 5.4779334
3.6008794 14.135366 5.5162406
4.4436383 15.322891 5.592855
4.060566 14.441824 5.1714754
3.6008794 13.599065 4.865018
3.0645783 12.756307 4.7500963
2.1068974 11.453861 4.290409
1.6472107 10.917561 4.060566
1.3024457 10.457872 3.715801
0.9576807 9.998186 3.371036
0.6512228 9.576807 2.7964277
0.42137948 9.078813 2.183512
0.19153613 8.6574335 1.6472108
-0.076614454 8.159439 1.2258313
-0.15322891 7.776367 1.1492169
-0.15322891 7.6231384 1.4173675
0.34476504 7.8529816 2.183512
0.7278373 8.236053 2.4899697
1.0342951 8.542511 2.6048915
1.2641385 8.619125 2.5665843
1.0726024 8.350975 2.030283
0.6895301 7.8146744 1.3790601
0.22984335 7.1251445 0.61291564
-0.30645782 6.588843 0.0
-0.45968673 6.3589997 0.076614454
-0.5363012 6.3589997 0.5363012
-0.57460845 6.397307 1.0342951
-0.57460845 6.3206925 1.4939818
-0.7278373 6.052542 1.6089036
-0.9959879 5.592855 1.3790603
-1.3024458 5.1714754 1.1492169
-1.6089035 4.7500963 0.9576807
-1.8770541 4.367024 0.842759
-2.0685902 3.9456444 0.80445176
-2.1835117 3.6774936 0.8810662
-2.1452045 3.6391864 0.9576807
-2.030283 3.7158008 1.0342952
-1.7238252 4.060566 1.2641386
-1.4173673 4.4819455 1.4556746
-1.2258313 4.7884035 1.5705965
-1.0726024 5.0948615 1.6472108
-1.0342952 5.3247046 1.4556746
-0.9576807 5.439626 1.0726024
-0.842759 5.5545483 0.5746084
-0.7278373 5.66947 0.11492169
-0.61291564 5.746084 -0.076614454
-0.49799395 5.8226986 -0.19153613
-0.38307226 5.899313 -0.19153613
-0.19153613 6.0142345 -0.038307227
-0.076614454 6.1674633 -0.038307227
0.038307227 6.3589993 0.038307227
0.15322891 6.473922 0.11492168
0.22984335 6.3973064 -0.038307227
0.34476504 6.2057705 -0.22984338
0.4213795 5.93762 -0.34476507
0.4213795 5.7843914 -0.38307226
0.45968673 5.7843914 -0.34476507
0.5363012 5.93762 -0.30645782
0.68953013 6.1674633 -0.30645782
0.9576807 6.320692 -0.26815057
1.2641385 6.3589993 -0.11492168
1.4556746 6.2057705 0.19153611
1.4556746 5.9759274 0.4596867
1.3024457 5.66947 0.6512228
1.0342951 5.401319 0.61291564
0.9576807 5.363012 0.26815057
1.4939818 5.899313 -0.15322891
2.030283 6.5122285 -0.038307235
2.566584 7.0485296 0.4213795
2.8730419 7.5082164 0.8810662
2.8730419 7.6614456 1.3024457
2.528277 7.5465236 1.6089035
1.9153613 7.163451 1.6472107
1.3407528 6.588843 1.4173673
0.8810662 6.1291566 0.9959879
0.6512228 5.746084 0.57460845
0.49799398 5.7843914 0.2681506
0.45968676 6.090849 0.15322891
0.45968676 6.6271505 0.42137948
0.49799395 7.31668 0.7661446
0.6512228 8.236053 1.37906
0.61291564 8.274361 1.3024457
0.45968673 8.159439 1.1875241
0.22984336 7.967903 1.2258313
0.038307227 7.8912888 1.4173675
-0.076614454 8.00621 1.838747
-0.076614454 8.42759 2.1452048
0.19153613 9.193735 2.4516625
0.6512229 10.113109 2.681506
1.2641385 11.109097 2.9496565
1.9536686 12.066777 3.4093432
2.4133554 12.794614 3.6391866
2.719813 13.292608 3.8307228
2.7964277 13.67568 3.9456444
2.6048913 13.9438305 4.2137947
2.3750482 13.905523 4.443638
2.1068974 13.637373 4.55856
1.8004396 13.101072 4.6734815
1.340753 12.449848 4.903325
0.9959879 11.760319 5.2480903
0.7661445 11.300632 5.8226986
0.68953 11.147404 6.3206925
0.9576807 11.530476 6.780379
1.0726024 11.722012 6.5505357
1.0726024 11.836933 6.1291566
0.9193734 11.683704 5.631162
0.6512228 11.185711 4.8267107
0.57460845 10.955867 4.8267107
0.6512228 11.109096 5.24809
0.842759 11.415553 5.93762
1.0342951 11.836933 6.6654577
1.1109096 12.181698 7.240066
1.0342952 12.105083 7.1634517
0.68953013 11.87524 6.7803793
0.30645782 11.453861 6.167464
-0.03830722 11.070788 5.4779334
-0.34476504 10.840945 5.133168
-0.45968673 10.726024 5.133168
-0.45968673 10.6877165 5.3247046
-0.4213795 10.726024 5.784391
-0.30645782 10.840945 6.1674633
-0.26815057 10.879252 6.2440777
-0.30645782 10.840945 6.3589997
-0.38307226 10.764331 6.2823853
-0.5746084 10.496181 6.2823853
-0.842759 10.228029 6.397307
-1.1109096 9.883265 6.320692
-1.340753 9.500193 6.1674633
-1.4939818 9.232042 5.9759274
-1.532289 9.040505 5.8226986
-1.4939818 9.040505 5.861006
-1.4556745 9.193734 6.1291566
-1.4173673 9.346964 6.4739213
-1.3790601 9.5385 6.62715
-1.3790601 9.691729 6.4739213
-1.4173675 9.653421 6.205771
-1.493982 9.615114 5.7843914
-1.6472108 9.423578 5.516241
-1.8387469 9.232042 5.4013195
-1.9919758 9.078813 5.3247046
-2.1452048 8.963891 5.209783
-2.2601266 9.002198 5.171476
-2.4516625 9.002198 5.209783
-2.6431985 9.155427 5.2863975
-2.7581205 9.385271 5.477934
-2.834735 9.5385 5.516241
-2.834735 9.691729 5.477934
-2.834735 9.653421 5.401319
-2.9496565 9.423578 5.3247046
-3.064578 9.002198 5.2863975
-3.1411924 8.580819 5.2480903
-3.1028852 8.197746 5.171476
-2.8730419 8.121132 5.1331687
-2.528277 8.236053 5.1331687
-2.0685902 8.427589 5.1331687
-1.6089035 8.6574335 5.171476
-1.1875241 8.695741 5.171476
-0.842759 8.6574335 5.209783
-0.61291564 8.619126 5.171476
-0.4213795 8.580819 5.0948615
-0.30645782 8.504205 4.903325
-0.19153613 8.465898 4.7117887
-0.038307227 8.389282 4.6734815
0.15322891 8.350975 4.865018
0.49799395 8.465897 5.24809
0.8810662 8.772354 5.5162406
1.2641385 9.078814 5.6311626
1.5705963 9.346964 5.439626
1.7621324 9.346964 5.1714754
1.8387469 9.11712 4.9799395
1.8004397 8.695741 4.9799395
1.685518 8.197746 5.056554
1.5705963 7.8146744 5.094861
1.4939818 7.546524 5.171476
1.5705963 7.546524 5.3247046
1.8004396 7.699753 5.554548
2.030283 7.929596 5.746084
2.2601264 8.121132 5.8226986
2.336741 8.159439 5.5162406
2.2984338 8.121132 5.094861
2.2601266 7.967903 4.6734815
2.2218192 7.776367 4.2137947
2.2984335 7.699753 4.1754875
2.413355 7.699753 4.367024
2.6431985 7.8529816 4.8267107
2.9113493 8.121132 5.401319
3.064578 8.274361 5.6694694
3.1794996 8.312668 5.6694694
3.1794996 8.236053 5.401319
3.1028852 7.967903 5.094861
3.1028852 7.8529816 4.903325
3.1411924 7.776367 4.8267107
3.1028852 7.73806 4.8267107
3.064578 7.8146744 4.865018
3.1028855 7.8146744 4.865018
3.0262709 7.8146744 4.9416323
3.064578 7.929596 5.0182467
3.064578 8.0445175 5.056554
2.9496565 8.082825 5.094861
2.8347347 8.00621 4.9799395
2.6048913 7.8912888 4.9416323
2.375048 7.776367 5.056554
2.183512 7.73806 5.133168
1.9919758 7.8529816 5.2480903
1.8387469 7.8529816 5.2863975
1.7621324 8.0445175 5.3247046
1.685518 8.350975 5.3247046
1.6472108 8.619126 5.401319
1.6472108 8.848969 5.554548
1.532289 8.887277 5.554548
1.37906 8.848969 5.66947
1.2258313 8.810662 5.66947
1.0342951 8.887277 5.5928555
0.91937345 8.925584 5.3247046
0.842759 8.925584 5.133168
0.842759 9.002198 5.0182467
0.842759 9.002198 4.9416323
0.9193735 9.155428 5.171476
0.9576807 9.308657 5.363012
0.9576807 9.385271 5.363012
0.8810662 9.346964 5.3247046
0.7278373 9.193734 5.1714754
0.5746084 9.040505 4.9416323
0.4213795 8.887277 4.9799395
0.3830723 8.887277 4.903325
0.34476507 8.848969 5.0182467
0.34476507 8.887277 5.2480903
0.34476507 8.887277 5.439626
0.30645782 8.887277 5.7843914
0.2681506 8.887277 5.9759274
0.19153613 8.619125 5.93762
0.038307227 8.389282 5.822698
-0.038307227 8.082825 5.631162

