-0.038307227 7.776367 5.1331687
1.0726024 9.002198 5.209783
3.217807 11.607089 5.4779334
4.1754875 12.603077 5.363012
4.060566 12.449848 5.094861
3.9456444 12.220005 5.094861
3.9073372 12.220005 5.401319
3.9839516 12.411542 5.8226986
4.290409 12.871228 6.205771
4.7117887 13.560759 6.550536
5.2097826 14.326902 6.703765
5.631162 15.016434 6.703765
5.8226986 15.399506 6.6271505
5.861006 15.361198 6.5122285
5.631162 15.054741 6.397307
5.2863975 14.671668 6.397307
4.9799395 14.326902 6.397307
4.6734815 14.097059 6.3206925
4.405331 13.9438305 6.2057705
4.1754875 13.713987 6.129156
3.86903 13.445837 6.0525417
3.5625722 13.024457 5.861006
3.2561142 12.603077 5.7843914
2.8730419 12.066776 5.707777
2.4516625 11.338939 5.746084
1.9919758 10.726023 5.9759274
1.4939818 9.998186 6.0525417
0.9959879 9.461885 6.090849
0.6512228 9.078814 5.93762
0.344765 8.848969 5.5162406
0.038307227 8.810662 4.9416323
-0.15322891 8.619125 4.290409
-0.38307226 8.427589 3.6391864
-0.5746084 8.0445175 3.1411927
-0.7278373 7.699753 2.834735
-0.84275895 7.393295 2.681506
-0.91937345 7.163451 2.566584
-0.9576807 6.971915 2.566584
-0.9576807 6.62715 2.6431987
-0.99598795 6.3589997 2.6048915
-1.1109096 6.0525417 2.6431987
-1.3024457 5.6311626 2.4133554
-1.4939818 5.324704 2.183512
-1.685518 4.9799395 1.9536686
-1.8004396 4.6351748 1.7621324
-1.7621324 4.5202527 1.8387469
-1.685518 4.405331 1.7621324
-1.6089035 4.55856 1.6089035
-1.4173673 4.7500963 1.4173673
-1.3024457 4.9416323 1.0342951
-1.1109096 5.2097826 0.7661446
-0.8810662 5.2863975 0.5363012
-0.8044517 5.209783 0.4213795
-0.72783726 4.9799395 0.5363012
-0.72783726 4.5202527 0.80445176
-0.842759 3.6008792 1.532289
-0.88106626 3.2944214 1.8004396
-0.88106626 3.1794999 1.8770541
-0.842759 3.1794999 1.7621324
-0.80445176 3.2944214 1.3407528
-0.6512228 3.5242648 0.84275895
-0.4596867 3.715801 0.4213795
-0.114921674 3.9456444 0.26815057
0.30645782 4.252102 0.45968673
0.6512228 4.367024 0.842759
1.0342951 4.5202527 1.0726024
1.2258313 4.596867 1.1109096
1.340753 4.5202527 0.95768064
1.340753 4.55856 0.6512228
1.187524 4.596867 0.4596867
1.1109096 4.7117887 0.34476507
1.0726024 4.7884035 0.30645782
1.2641385 4.865018 0.45968673
1.532289 4.9416323 0.5363012
1.7238252 5.0182467 0.7661446
1.9153614 5.286397 1.0726024
1.9536686 5.6694694 1.1109096
1.8770541 6.0525417 1.1492168
1.8004396 6.2823853 0.9959879
1.7238252 6.3206925 0.57460845
1.685518 6.1291566 0.2681506
1.685518 5.93762 0.19153616
1.685518 5.66947 0.19153616
1.6472108 5.5545483 0.45968673
1.5322891 5.5928555 0.7278373
1.4556746 5.66947 0.88106626
1.4556746 5.93762 0.88106626
1.493982 6.090849 0.7661446
1.5705965 6.2440777 0.7278373
1.6472108 6.3589997 0.61291564
1.8004398 6.588843 0.7661445
1.9153614 6.9719152 1.0342951
2.1452048 7.6231384 1.2258313
2.4516625 8.389283 1.4939818
2.6431987 9.270349 1.4939818
2.4133554 9.11712 1.3024457
2.030283 8.772355 1.2641385
1.6472108 8.427589 1.3407528
1.4556746 8.350975 1.9153614
1.532289 8.657433 2.9879637
1.8004396 9.308657 4.1371803
2.2601264 10.304644 5.3630114
2.6048913 11.33894 6.1674633
2.566584 12.028469 6.3206925
2.1452048 12.143391 6.2823853
0.8810662 11.33894 6.0142345
0.4596867 10.955868 6.1674633
0.4596867 11.147404 6.435614
0.6512229 11.798626 6.8569937
1.6472107 13.752295 8.082825
1.9536686 14.518439 8.734048
1.8770541 14.863204 8.963891
1.3790601 14.480132 8.580819
-0.07661445 12.832921 6.3206925
-0.4596867 11.9135475 5.2863975
-0.26815057 11.645397 4.9416323
0.34476507 12.028469 5.133168
1.7621325 13.905523 6.5505357
2.0685904 14.901512 7.3549876
1.3024457 14.863205 8.389282
0.3830723 13.9438305 8.312668
-0.57460845 12.603078 7.8912888
-1.532289 11.18571 7.0868373
-2.336741 9.615114 6.205771
-2.9113493 8.236053 5.7077765
-3.217807 7.31668 5.592855
-3.064578 7.086837 6.129156
-2.6048913 7.699753 6.742072
-1.9153614 8.810662 7.125144
-1.1492169 10.228029 7.086837
-0.6512229 11.377246 6.62715
-0.42137948 11.990162 6.0525417
-0.57460845 12.181698 5.5928555
-1.6089036 10.687716 5.1331687
-2.2601264 9.423578 5.401319
-2.681506 8.274361 5.746084
-2.873042 7.6231384 6.205771
-2.7964275 7.508217 6.5888433
-2.528277 8.0445175 6.512229
-2.2601264 8.619126 6.2057714
-2.030283 9.155428 5.5928555
-1.8770542 9.308657 4.9416323
-1.685518 9.155428 4.4819455
-1.4556746 9.078813 4.405331
-1.2641385 8.963891 4.7117887
-1.1492169 8.963891 5.056554
-1.1109097 9.040505 5.5162406
-1.1492169 8.887277 5.899313
-1.1875241 8.734048 6.244078
-1.0726023 8.772355 6.550536
-0.95768064 8.810662 6.6654577
-0.88106626 8.772354 6.512229
-0.95768064 8.619125 6.1674633
-1.1875241 8.236053 5.899313
-1.4173675 7.8146744 5.899313
-1.5705962 7.584831 6.167464
-1.532289 7.584831 6.6654577
-1.3024457 7.73806 7.04853
-1.1109096 8.0445175 7.2783732
-0.91937345 8.274361 7.393295
-0.80445176 8.236053 7.6231384
-0.80445176 8.159439 7.929596
-0.7661445 7.967903 8.082825
-0.7661445 7.8529816 8.0445175
-0.6895301 7.8529816 7.699753
-0.61291564 7.8146744 7.354988
-0.5746084 7.73806 7.2783737
-0.4213795 7.5465236 7.354988
-0.30645782 7.393295 7.584831
-0.15322891 7.3549876 7.73806
0.15322891 7.5082164 7.73806
0.30645782 7.8146744 7.469909
0.4213795 7.967903 6.9719152
0.45968676 7.8912888 6.588843
0.4213795 7.6231384 6.244078
0.38307226 7.2783732 6.3589997
0.4213795 6.9719152 6.742072
0.5746084 6.8186865 7.1251445
0.842759 6.8186865 7.3549876
1.2258313 6.895301 7.1251445
1.6089036 7.0485296 6.5888433
1.9919759 7.1634517 5.93762
2.2984338 7.240066 5.477934
2.6048913 7.240066 5.324704
2.834735 7.240066 5.324704
3.1411927 7.431602 5.554548
3.371036 7.546524 5.554548
3.4859576 7.6614456 5.5928555
3.562572 7.6614456 5.477934
3.562572 7.508217 5.516241
3.6391869 7.4316025 5.516241
3.86903 7.4316025 5.66947
4.2137947 7.73806 5.861006
4.5968676 8.236053 6.090849
4.9799395 8.734048 6.090849
5.2097826 9.078813 5.746084
4.9799395 8.772355 5.4396267
4.5968676 8.274361 5.363012
4.060566 7.8146744 5.439626
3.6008792 7.508217 5.592855
3.2944214 7.4699097 5.707777
3.1794999 7.73806 5.707777
3.217807 8.159439 5.5928555
3.2944217 8.580818 5.324705
3.2178073 9.002198 4.9416323
2.9496565 8.848969 4.8267107
2.4899697 8.504204 4.865018
1.9919757 8.082825 4.903325
1.4173673 7.73806 4.9416323
1.0342951 7.469909 4.9799395
0.8044517 7.3166804 5.056554
0.6512228 7.3549876 5.24809
0.68953 7.4699097 5.363012
0.68953 7.8912888 5.401319
0.7661445 8.427589 5.401319
0.80445176 8.887278 5.2480903
0.7278373 9.078814 5.0948615
0.5746084 9.002199 4.9799395
0.26815057 8.734048 4.903325
-0.038307227 8.350975 4.9416323
-0.34476507 8.082825 4.903325
-0.6512229 7.776367 4.9799395
-0.8044518 7.584831 5.056554
-0.9193735 7.6231384 5.1714754
-0.9576807 7.73806 5.363012
-0.91937345 8.082825 5.554548
-0.8810662 8.389282 5.477933
-0.8810662 8.580818 5.286397
-0.8810662 8.695741 5.133168
-0.91937345 8.580819 4.903325
-0.9959879 8.465897 4.903325
-1.0342951 8.312668 5.1714754
-1.0726024 8.236053 5.477933
-0.9959879 8.197746 5.746084
-0.8810662 8.312668 5.93762
-0.68953013 8.504204 6.0142345
-0.53630114 8.619126 5.899313
-0.45968673 8.734048 5.746084
-0.45968673 8.580819 5.6311626
-0.5363012 8.274361 5.4013195
-0.61291564 7.8912888 5.2863975

