-0.61291564 8.810662 5.5545483
-0.4596867 8.6574335 5.056554
-0.5363012 8.580819 4.9416323
-0.49799395 8.619126 4.673482
-0.4213795 8.810662 4.6351748
-0.4213795 8.848969 4.673482
-0.34476507 8.963891 4.865018
-0.26815057 9.11712 4.9799395
-0.19153613 9.193734 4.9799395
-0.22984336 9.078813 4.903325
-0.2681506 8.963891 4.8267107
-0.34476504 8.810662 4.7500963
-0.34476504 8.772355 4.7500963
-0.19153613 9.002199 4.865018
-0.038307227 9.2703495 5.0182467
0.15322891 9.5385 5.133168
0.34476504 9.80665 5.24809
0.5363012 9.998186 5.363012
0.6895301 10.151415 5.3247046
0.7661445 10.266336 5.2863975
0.80445176 10.266336 5.2863975
0.7661445 10.228029 5.2863975
0.72783726 10.266336 5.3247046
0.7661445 10.304644 5.363012
0.80445176 10.419565 5.363012
0.91937345 10.534488 5.24809
1.0342951 10.572795 5.1714754
1.1109097 10.611102 5.094861
1.1109097 10.649409 5.094861
1.0342952 10.611102 5.1331687
0.91937345 10.611102 5.1331687
0.88106626 10.611102 5.0948615
0.88106626 10.572795 5.0948615
0.88106626 10.572795 5.0182467
0.88106626 10.572795 4.903325
0.842759 10.572795 4.903325
0.7661445 10.649409 4.8267107
0.68953 10.649409 4.8267107
0.61291564 10.649409 4.903325
0.45968673 10.611102 4.903325
0.34476504 10.534488 4.7884035
0.22984335 10.572795 4.8267107
0.19153613 10.649409 4.865018
0.26815057 10.764331 4.865018
0.38307226 10.91756 4.903325
0.45968673 10.994174 4.7117887
0.5746084 11.032481 4.7117887
0.68953013 11.147404 4.7117887
0.7278373 11.147404 4.8267107
0.842759 11.185711 5.0182467
0.8810662 11.262325 4.9799395
0.8810662 11.224018 4.9799395
0.91937345 11.147404 4.8267107
0.8810662 10.917561 4.7117887
0.7661445 10.572794 4.55856
0.6512228 10.228029 4.290409
0.4213795 9.959879 4.1754875
0.30645782 9.883265 4.2137947
0.22984336 9.691729 4.3287163
0.26815057 9.615114 4.252102
0.19153613 9.461885 3.9839516
0.19153613 9.461885 3.86903
0.19153613 9.500193 3.9839516
0.30645782 9.5385 4.1754875
0.5363012 9.730036 4.290409
0.7661445 9.844957 4.1754875
0.9959879 9.80665 3.8307228
1.0726024 9.730036 3.371036
0.9576807 9.385271 2.9496565
0.6895301 9.002199 2.528277
0.4213795 8.695741 2.3750482
0.19153613 8.465897 2.528277
0.076614454 8.465897 2.834735
0.0 8.542511 3.2944217
-0.11492168 8.619126 3.6391866
-0.2681506 8.465898 3.7158012
-0.49799395 8.197746 3.6008794
-0.7278373 7.8146744 3.2561142
-0.9959879 7.3166804 2.681506
-1.1875241 7.0102224 2.1068974
-1.2641385 6.8569937 1.6855179
-1.3024457 6.895301 1.5322891
-1.2641385 7.125144 1.8387469
-1.2641385 7.31668 2.2984335
-1.2641385 7.393295 2.6815057
-1.1875241 7.3549876 3.0262709
-1.1492169 7.3932953 3.217807
-1.0726023 7.3932953 3.217807
-1.0342951 7.316681 3.064578
-1.1109096 7.2017584 2.834735
-1.1492168 6.895301 2.4133554
-1.2641385 6.703765 2.1068974
-1.340753 6.5122285 2.1068974
-1.340753 6.4739213 2.2601266
-1.340753 6.5122285 2.528277
-1.2258313 6.62715 2.7198133
-1.1492168 6.742072 2.7964277
-1.0726024 6.6654577 2.7964277
-0.9959879 6.703765 2.7198133
-0.9576807 6.512229 2.5282772
-0.91937345 6.397307 2.1452048
-0.9576807 6.2057705 1.7238252
-0.91937345 5.861006 1.4173675
-0.7661446 5.6694694 1.4556746
-0.5363012 5.5162406 1.8004396
-0.15322891 5.5162406 2.0685902
0.22984336 5.746084 2.183512
0.8810662 6.2440777 1.7621324
1.1875241 6.512229 1.4173673
1.4556746 6.550536 1.1492168
1.6089035 6.512229 0.91937345
1.6089035 6.3206925 0.68953013
1.5322891 6.090849 0.6512228
1.4173673 5.899313 0.7661445
1.4173673 5.7843914 1.0342951
1.4556745 5.8226986 1.340753
1.532289 6.0525417 1.685518
1.6472107 6.3589997 1.7238252
1.7621324 6.62715 1.5705963
1.8770541 6.8186865 1.3024457
2.0685902 6.8186865 0.9959879
2.183512 6.7803793 0.91937345
2.2218192 6.703765 0.95768064
2.183512 6.5505357 1.0342951
1.9536686 6.588843 1.1492168
1.7621324 6.7037644 1.3024457
1.6472108 6.9719152 1.3024457
1.5705963 7.393295 1.3790601
1.6472107 7.6614456 1.3790601
1.6855179 7.8529816 1.340753
1.6089035 7.8529816 1.5322891
1.4556746 7.776367 1.6472108
1.2258313 7.8529816 1.7621325
0.9959879 7.967903 1.685518
0.88106626 8.236053 1.4939818
0.9193735 8.657433 1.2258313
1.0342951 9.002199 0.88106626
1.2258313 9.346964 0.80445176
1.4173675 9.615114 0.7661445
1.493982 9.730036 0.8810662
1.4556746 9.844957 1.3024458
1.3790601 9.959879 1.6472108
1.3024458 10.0748005 1.9919758
1.3790603 10.151415 2.183512
1.4939818 10.151415 2.2601264
1.6089036 9.998186 2.2218192
1.6089036 9.768343 2.030283
1.4173675 9.615114 1.9536686
1.1492169 9.576807 1.7621324
0.9576807 9.576807 1.7238252
0.9576807 9.615114 1.838747
1.0726024 9.615114 2.030283
1.2258313 9.576807 2.2218192
1.3024458 9.576807 2.4516625
1.1492168 9.615114 2.6431985
0.9576807 9.653421 2.7581203
0.7661445 9.768343 2.7964277
0.61291564 9.883265 2.834735
0.68953013 10.036493 2.873042
0.8044518 10.228029 2.9113493
0.9576807 10.304644 3.1028855
0.9959879 10.304644 3.3327286
0.68953013 10.113108 3.8307226
0.15322891 9.844957 4.252102
-0.57460845 9.576807 4.711789
-1.6472107 9.615114 5.0182467
-1.7621324 9.921572 5.056554
-1.6089035 10.381258 4.903325
-1.4173675 10.6877165 4.7500963
-1.2641385 10.840945 4.711789
-1.3024458 10.879252 4.7500963
-1.4939818 10.764331 4.9416323
-1.7621324 10.726024 5.133168
-2.030283 10.726024 5.4013186
-2.1835117 10.764331 5.6694694
-2.1835117 10.955867 6.0525417
-2.1835117 10.955867 6.0525417
-2.221819 10.76433 5.8226986
-2.336741 10.457872 5.554548
-2.566584 10.151415 5.2863975
-2.643199 10.113108 5.1331687
-2.6815062 10.304645 5.363012
-2.6431987 10.611102 5.707777
-2.5665843 10.91756 6.0525417
-2.6431987 10.91756 6.205771
-2.7581203 10.802638 6.167464
-2.9113493 10.649409 6.129156
-2.9879637 10.534488 6.090849
-2.9879637 10.496181 6.1674633
-2.9113493 10.457872 6.2440777
-2.873042 10.381258 6.2440777
-2.873042 10.0748005 6.129156
-2.9113493 9.80665 5.93762
-3.0262709 9.576807 5.7843914
-3.1028852 9.308657 5.6311626
-3.1794999 9.193735 5.6311626
-3.217807 9.040505 5.899313
-3.217807 9.040505 6.0525417
-3.2561142 9.002198 6.090849
-3.217807 9.040505 6.1674633
-3.2561142 9.078813 6.1674633
-3.217807 9.155427 6.129156
-3.1028852 9.308656 6.0142345
-3.064578 9.155427 5.707777
-3.1028852 8.887277 5.3630123
-3.2178073 8.504205 5.056554
-3.4859576 8.0445175 4.865018
-3.7541084 7.8146744 4.8267107
-3.9073372 7.73806 4.9799395
-3.9839516 7.8146744 5.2863975
-3.9073372 8.121132 5.6694694
-3.6774938 8.542511 5.93762
-3.4859576 8.887277 5.93762
-3.3710358 9.11712 5.746084
-3.4093432 9.002198 5.363012
-3.6008794 8.542512 5.0182467
-3.7541084 8.121132 5.0182467
-3.8307228 7.73806 5.094861
-3.715801 7.699753 5.439626
-3.5242648 7.8912888 5.66947
-3.2944214 8.159439 5.6311626
-3.1028855 8.465897 5.5928555
-2.9496565 8.542512 5.363012
-2.834735 8.504205 5.2863975
-2.681506 8.504205 5.363012
-2.413355 8.619126 5.401319
-2.1068974 8.772355 5.516241
-1.7238252 9.11712 5.5545483
-1.4173675 9.346964 5.477934
-1.2641385 9.385271 5.363012
-1.2641385 9.308657 5.2480903
-1.4173673 8.925585 5.3247046
-1.9153614 8.121132 5.7843914
-1.9919758 7.8529816 5.9759274
-1.8004396 8.082825 6.090849
-1.4173673 8.427589 6.0142345
-0.61291564 9.308657 5.4779334
-0.34476504 9.385271 5.094861
-0.22984335 9.270349 4.8267107
-0.11492168 9.155427 4.7884035
-0.038307227 9.002198 5.056554
0.0 8.963891 5.324704
0.076614454 9.078814 5.554548
0.076614454 9.078814 5.631162
0.076614454 9.078814 5.592855
0.076614454 9.040506 5.592855
0.11492168 8.925584 5.592855
0.22984336 9.002198 5.554548
0.4213795 9.270349 5.401319
0.6512229 9.576807 5.0182467
0.842759 9.883265 4.6351743
0.9959879 10.036493 4.2904096
1.0342951 9.921572 4.1371803
0.9576807 9.691729 4.2137947
0.8810662 9.38527 4.443638
0.7661445 9.11712 4.711789
0.6512228 8.887277 4.9799395
0.61291564 8.695741 5.094861
0.6512229 8.84897 5.133168
0.842759 9.078814 5.094861
1.1492168 9.423578 4.9799395
1.4556746 9.768343 4.903325
1.6472108 9.768343 4.7500963
1.685518 9.653421 4.5202527
1.532289 9.385271 4.367024
1.3024457 9.078814 4.2137947
1.1492168 8.810662 4.1371803
1.0726024 8.619126 4.367024
1.1109096 8.580819 4.7117887
1.2258313 8.695741 5.1714754
1.3790603 8.963892 5.401319
1.6472108 9.346964 5.209783
1.7621324 9.2703495 4.711789
1.7621324 9.040505 4.367024
1.7621324 8.848969 3.9839516
1.7621324 8.695741 3.6774938
1.8004396 8.772355 3.6774938
1.9153614 9.040506 3.6391866
2.030283 9.232042 3.7541084
2.1452048 9.308657 3.9073372
2.1452048 9.2703495 3.9839516
1.9919758 8.963891 4.1371803
1.8387469 8.734048 4.2137947
1.6089035 8.580819 4.098873
1.4173673 8.504205 3.9839516
1.4173673 8.619126 3.7924156
1.4556745 8.810662 3.6391864
1.4939818 9.040505 3.5242648
1.532289 9.193734 3.2944217
1.3790601 9.232041 3.2944217
1.1492168 9.002198 3.5242648
0.9576807 8.925584 3.7924156
0.80445176 8.925584 4.060566
0.6512228 9.002199 4.1371803
0.53630114 9.2703495 4.0222588
0.4213795 9.346964 3.9839516

