0.30645782 9.346964 4.0222588
0.2681506 9.232041 4.1754875
-0.49799395 8.657433 4.290409
-0.45968673 9.002198 4.4819455
-0.2681506 9.423577 4.711789
0.0 9.768343 4.711789
0.19153613 10.113108 4.8267107
0.30645782 10.266336 4.7500963
0.4213795 10.457872 4.673482
0.5363012 10.687716 4.7500963
0.6512228 10.994174 4.903325
0.6895301 11.224018 5.056554
0.6895301 11.415554 5.209783
0.6512228 11.492168 5.1331687
0.5746084 11.530476 5.094861
0.5363012 11.492168 5.0182467
0.5746084 11.645397 5.056554
0.7661445 11.760319 5.209783
0.95768064 11.951855 5.5162406
1.1109096 12.028469 5.746084
1.2258313 11.951855 5.899313
1.2258313 11.836933 6.0142345
1.2258313 11.60709 5.899313
1.1875241 11.377246 5.7843914
1.1875241 11.109096 5.516241
1.1492169 10.840945 5.0948615
1.1492169 10.764331 4.711789
1.1492169 10.764331 4.367024
1.1492169 10.879252 4.1371803
1.1875241 10.955867 4.1371803
1.1109096 10.994174 4.367024
0.9959879 10.955867 4.6351743
0.80445176 10.91756 4.865018
0.6512228 10.91756 4.8267107
0.5363012 10.840945 4.4819455
0.45968673 10.802638 4.060566
0.38307226 10.764331 3.7158008
0.30645782 10.649409 3.6008792
0.19153613 10.534488 3.7541084
0.076614454 10.419566 3.9839516
0.0 10.342952 4.2904096
-0.11492168 10.342952 4.520253
-0.3064578 10.22803 4.6351748
-0.5363012 10.113109 4.6351748
-0.842759 9.844957 4.481946
-1.1492168 9.576807 4.2904096
-1.2258313 9.576807 4.252102
-1.1109096 9.576807 4.2137947
-0.842759 9.730036 4.2137947
-0.45968673 10.036493 4.2137947
-0.11492168 10.113108 4.060566
0.076614454 10.189722 3.9839516
0.19153613 10.189722 4.060566
0.19153613 9.959879 4.1754875
0.15322891 9.768343 4.1371803
0.15322891 9.5385 4.060566
0.11492168 9.308657 3.7541084
0.038307227 9.11712 3.4859576
-0.076614454 8.963891 3.2178068
-0.19153613 8.925584 3.064578
-0.19153613 8.963891 3.1795
-0.076614454 9.002198 3.2178073
0.11492168 9.040505 3.4476504
0.22984336 8.963891 3.6391864
0.22984336 8.772355 3.6008792
0.0 8.42759 3.5242648
-0.3830723 8.00621 3.6774938
-0.7661445 7.546524 3.7924154
-1.0726024 7.240066 4.060566
-1.1875241 7.1634517 4.252102
-1.1492168 7.240066 4.060566
-0.9959879 7.4316025 3.6008792
-0.8044518 7.546524 2.9879637
-0.57460845 7.73806 2.6048913
-0.38307226 7.8529816 2.3750482
-0.34476504 7.929596 2.528277
-0.45968673 7.8529816 2.7198133
-0.80445176 7.546524 2.7581205
-1.2258313 7.2400656 2.719813
-1.532289 6.933608 2.681506
-1.6089035 6.7803793 2.7964275
-1.4556746 6.742072 2.8730419
-1.1492168 6.8569937 2.9113493
-0.8044518 7.0102224 2.8347347
-0.6895301 7.316681 2.4899697
-0.61291564 7.354988 2.2984335
-0.57460845 7.125144 1.8770542
-0.57460845 6.8569937 1.3790603
-0.57460845 6.4356146 1.0342951
-0.6512229 6.244078 0.91937345
-0.7278373 6.244078 1.1875241
-0.7661445 6.2823853 1.6472106
-0.7278373 6.3589997 2.1452048
-0.6512228 6.4739213 2.4133554
-0.57460845 6.5122285 2.6431987
-0.45968673 6.5505357 2.7198133
-0.30645782 6.4739213 2.4516625
-0.15322891 6.435614 1.9153614
0.0 6.4739213 1.3024458
0.15322891 6.5122285 0.842759
0.4213795 6.6654572 0.68953013
0.7661445 6.8569937 0.9576807
1.1109096 7.0102224 1.4556746
1.4556746 7.0485296 1.9536686
1.685518 7.0102224 2.4899697
1.8387469 6.780379 2.7581203
1.8387469 6.5122285 2.7581203
1.7621324 6.2823853 2.6431987
1.6089035 6.0142345 2.336741
1.532289 5.7843914 1.9919759
1.5705962 5.5928555 1.8387469
1.6089036 5.401319 1.8387469
1.685518 5.363012 1.9919758
1.685518 5.5162406 2.2218192
1.7621324 5.8226986 2.3367407
1.8770542 6.3589997 2.2984335
2.1068976 6.933608 2.183512
2.4516625 7.431602 1.9536686
2.834735 7.73806 1.6089035
3.1794999 7.8146744 1.3024458
3.2944214 7.776367 1.0342951
3.2561142 7.6614456 0.9576807
2.9879637 7.584831 0.8044518
2.6431987 7.584831 0.6512228
2.3750482 7.584831 0.5363012
2.0685904 7.584831 0.4213795
1.9153614 7.546524 0.53630114
1.8770542 7.546524 0.57460845
1.8770542 7.6614456 0.6512228
1.9536686 8.0445175 0.61291564
1.9536686 8.504204 0.5746084
1.9536686 8.925584 0.6512228
1.9153614 9.193734 0.8810662
1.8770542 9.232041 1.1875241
1.8387469 9.193734 1.4556746
1.685518 9.040505 1.685518
1.4939818 8.925584 1.685518
1.3024457 8.848969 1.685518
1.1109096 8.925584 1.6472108
0.9576807 9.11712 1.5705965
0.9193735 9.308657 1.4556746
0.842759 9.461885 1.3407528
0.91937345 9.461885 1.3024457
1.1492169 9.500193 1.4173675
1.2641385 9.500193 1.6472108
1.340753 9.5385 1.8770542
1.1875241 9.576807 1.9919758
0.9193734 9.615114 2.183512
0.7278373 9.730036 2.3750482
0.6895301 9.921572 2.566584
0.8810662 10.036493 2.7581203
1.1109096 10.151415 2.6431987
1.3024458 10.228029 2.4516625
1.2641385 10.113108 2.1068974
1.0342951 9.998186 1.9536685
0.80445176 9.883265 2.030283
0.57460845 9.844957 2.1068974
0.57460845 9.883265 2.566584
0.6512228 10.0748005 2.9879637
0.61291564 10.189722 3.371036
0.53630114 10.151415 3.7924156
0.22984335 10.036493 4.098873
-0.15322891 9.883265 4.405331
-0.45968673 9.730036 4.7117887
-0.6512228 9.844957 4.865018
-0.68953 10.074801 4.9416323
-0.5746084 10.381259 4.8267107
-0.45968673 10.6877165 4.5968676
-0.4213795 10.764331 4.4436383
-0.49799395 10.764331 4.3287168
-0.7661446 10.6877165 4.4436383
-0.9959879 10.534488 4.865018
-1.187524 10.457873 5.324704
-1.2258313 10.419566 5.631162
-1.1875241 10.381259 5.707777
-1.2258313 10.381259 5.4779334
-1.3024457 10.266336 5.24809
-1.4939818 10.113108 5.094861
-1.685518 9.921572 5.0182467
-1.8387469 9.691729 5.0182467
-1.8770542 9.615114 4.9799395
-1.8770542 9.576807 4.9799395
-1.8004397 9.615114 5.056554
-1.685518 9.768343 5.0182467
-1.6472108 9.883265 5.094861
-1.6089036 9.998186 5.209783
-1.6089036 10.0748005 5.3247046
-1.7238252 10.0748005 5.6311626
-1.838747 9.959879 5.7843914
-1.9919758 9.80665 5.7843914
-2.1452045 9.653421 5.66947
-2.2218192 9.500193 5.439626
-2.2601264 9.423578 5.2480903
-2.1452048 9.576807 5.133168
-1.9536686 9.80665 5.2097826
-1.7238252 10.266336 5.286397
-1.5322891 10.802637 5.477933
-1.4556746 11.032481 5.7460837
-1.5705963 11.109096 6.090849
-1.8387469 10.91756 6.3589997
-2.2218192 10.534488 6.5505357
-2.566584 10.266336 6.6654572
-2.8347347 9.959879 6.5122285
-2.873042 9.80665 6.62715
-2.719813 9.80665 6.7037644
-2.566584 9.921572 6.7803793
-2.413355 10.151415 7.0102224
-2.3367407 10.342952 6.9719152
-2.3367407 10.419566 6.933608
-2.4133554 10.304644 6.856993
-2.4516625 10.113108 6.62715
-2.4899697 9.883265 6.3589997
-2.528277 9.730036 6.090849
-2.528277 9.576807 5.8226986
-2.566584 9.423578 5.707777
-2.681506 9.155428 5.6311626
-2.7581205 8.887278 5.5545483
-2.7581205 8.6574335 5.516241
-2.7581205 8.542512 5.401319
-2.719813 8.542512 5.3247046
-2.7581203 8.465898 5.2480903
-2.8730419 8.427589 5.209783
-3.064578 8.159439 5.133168
-3.2561142 7.8529816 5.094861
-3.409343 7.5848308 5.2480903
-3.4859576 7.5082164 5.4779334
-3.3327289 7.73806 5.861006
-3.1028857 8.159439 6.205771
-2.7581205 8.6574335 6.205771
-2.4133554 9.002199 5.899313
-2.0685902 9.232042 5.3630114
-1.8004396 9.308657 4.865018
-1.6472107 9.346964 4.5968676
-1.6089035 9.385271 4.4436383
-1.7238252 9.423578 4.5202527
-1.8770541 9.346964 4.7117887
-2.0685902 9.155428 4.865018
-2.1835117 8.887277 5.0948615
-2.1835117 8.695741 5.2480903
-2.0685902 8.619126 5.3630123
-1.877054 8.848969 5.477934
-1.6855179 9.193735 5.516241
-1.532289 9.385271 5.477934
-1.4556745 9.5385 5.363012
-1.3024457 9.615114 5.171476
-1.1492168 9.576807 5.094861
-0.9959879 9.5385 5.133168
-0.88106626 9.500193 5.286397
-0.88106626 9.232042 5.477934
-0.842759 9.002198 5.5928555
-0.842759 8.848969 5.5928555
-0.7278373 8.734048 5.401319
-0.5746084 8.848969 5.2863975
-0.30645782 9.117121 5.2480903
0.038307227 9.461885 5.2480903
0.38307226 9.921572 5.4396267
0.72783726 10.342951 5.516241
0.9193734 10.534488 5.516241
0.9576807 10.534488 5.3247046
0.8044517 10.151416 5.0182467
0.53630114 9.500193 4.7884035
0.26815057 8.810662 4.55856
0.11492168 8.274361 4.6351743
0.19153613 8.082825 4.6734815
0.49799395 8.236053 4.55856
0.842759 8.69574 4.2521024
1.187524 9.117121 3.715801
1.4173673 9.385271 3.1794999
1.4173673 9.385271 2.719813
1.3407528 9.002198 2.4899697
1.1875241 8.580819 2.4899697
1.0726024 8.274361 2.528277
1.1109096 8.159439 2.6815057
1.2258313 8.350975 2.6815057
1.340753 8.619125 2.4899697
1.3790601 8.848969 2.2984335
1.3024457 9.002198 2.2218192
1.0726023 9.002198 2.5665843
0.8044517 8.925584 3.371036
0.57460845 8.925584 4.1371803
0.38307226 8.925584 4.7884035
0.30645782 9.002198 4.9416323
0.26815057 9.193734 4.6351743
0.19153613 9.193734 4.367024
0.038307227 9.193734 3.9839516
-0.11492168 9.040505 3.7924156
-0.22984336 8.772355 3.7924156
-0.19153613 8.810662 3.86903
-0.038307227 8.772355 3.9456444
0.22984335 8.887277 4.0222588
0.49799395 9.040505 3.9073372
0.7278373 9.078813 3.7541082
0.9959879 9.2703495 3.562572
1.2258313 9.385271 3.3327286
1.5705965 9.500193 3.217807
1.8770542 9.500193 2.8730419
2.0685904 9.308657 2.528277
2.1452048 9.11712 2.3367407
2.1068974 8.925584 2.2218192
2.0685902 8.810662 2.3750482
2.1068974 8.810662 2.6431987
2.2601264 9.002199 2.9113493
2.4133554 9.193735 3.064578
2.5665843 9.423578 3.0262709
2.681506 9.691729 3.0262709
2.681506 9.768343 2.834735
2.6048915 9.844957 2.6048913
2.4133554 9.730036 2.6431985
2.1068974 9.500193 2.6431985
1.8387468 9.270349 2.9113493
1.6855179 9.11712 3.3327289
1.5705963 9.155427 3.6391864
1.6472107 9.308657 3.9839516
1.6472107 9.500193 4.1754875
1.6089035 9.691729 4.2137947
1.4939818 9.768343 4.1754875
1.3407528 9.691729 3.9839516
1.1109096 9.5385 3.6008794
0.8044518 9.346964 3.3710358
0.61291564 9.155427 3.2944214

