0.45968673 9.11712 3.524265
-0.03830722 9.002198 4.673482
0.0 9.155428 4.7500963
0.80445176 10.0748005 4.711789
1.6089036 11.070789 4.520252
2.336741 11.87524 4.3287163
2.7964277 12.449849 4.060566
2.681506 12.181698 3.9073372
2.5282772 11.836933 3.86903
2.3750482 11.568783 3.9456444
2.2601264 11.300632 3.9456444
2.1452045 11.109097 4.0222588
2.0685902 10.879252 4.0222588
1.9536686 10.649409 4.0222588
1.8004397 10.419565 3.9456444
1.4556745 10.113108 3.8307228
1.3790601 10.189722 3.7158012
1.340753 10.304645 3.7158012
1.4173675 10.496181 3.6391866
1.4556746 10.726024 3.4476504
1.3790601 10.802638 3.4859576
1.1492168 10.726024 3.6391866
0.8810662 10.6877165 3.8307228
0.61291564 10.419565 4.2137947
0.6512228 10.419565 4.2137947
0.842759 10.342951 4.1754875
0.91937345 10.189722 3.9839516
0.7278373 9.615114 3.6008792
0.5746084 9.193735 3.4859576
0.5363012 8.925585 3.562572
0.61291564 8.848969 3.6391866
0.6895301 8.848969 3.6774938
0.72783726 8.887277 3.7541084
0.72783726 8.772355 3.6391869
0.6129156 8.542512 3.4093435
0.4213795 8.312668 3.1028855
0.0 8.00621 2.681506
-0.076614454 7.967903 2.7964275
-0.11492168 8.0445175 2.8730419
-0.076614454 8.197746 2.8347347
0.076614454 8.580818 2.6431987
0.15322891 8.619126 2.7198133
0.19153613 8.427589 2.9113493
0.038307227 8.197746 3.1411927
-0.45968673 7.776367 3.2944217
-0.8810662 7.5465236 3.1411924
-1.187524 7.354987 2.873042
-1.4939818 7.2017584 2.6048913
-1.6089036 7.163451 2.6815057
-1.4939818 7.240066 2.834735
-1.2641385 7.3549876 3.064578
-1.0726023 7.431602 2.9496567
-1.4173675 7.3166804 2.0685902
-1.5705963 7.163451 1.7238252
-1.5322891 7.086837 1.6089035
-1.4556746 6.933608 1.7238252
-1.4556746 6.818686 1.9153614
-1.340753 6.7420716 2.0685902
-1.1875241 6.7420716 2.2984335
-0.9959879 6.7420716 2.6815057
-0.7278373 6.7037644 2.9879637
-0.61291564 6.62715 3.2178073
-0.6512228 6.856993 3.6008797
-0.7661445 6.4739213 3.9073372
-0.6895301 6.0525417 3.409343
-0.5363012 5.7843914 2.6048913
-0.3830723 5.286398 1.6089035
-0.15322891 5.286398 0.9959879
0.038307227 5.477934 1.4173675
0.22984335 5.5545483 2.183512
0.49799395 5.5545483 2.7581203
0.842759 5.746084 2.9113493
1.1875241 6.0142345 2.719813
1.5705962 6.2823853 2.566584
1.9919758 6.2823853 2.528277
2.2601264 6.090849 2.528277
2.2601264 5.6311626 2.4516625
2.1452048 5.133168 2.183512
1.9919758 4.865018 1.8004396
1.9153614 4.9416323 1.340753
1.9536686 5.2480903 1.2258313
2.1452048 5.66947 1.2641385
2.4516625 6.244078 1.5705962
2.719813 6.7803793 2.0685902
3.0262709 7.3166804 2.4133554
3.2178073 7.73806 2.681506
3.1795 7.699753 2.528277
3.141193 7.431602 1.9153614
2.9113493 6.895301 1.1492169
2.6431985 6.3206925 0.42137954
2.4899697 6.2823853 -0.038307227
2.3750482 6.5122285 -0.038307227
2.4516625 7.2017584 0.2681506
2.681506 8.159439 0.7278373
2.9496567 8.963891 1.3407528
3.1028855 9.500193 1.8387468
3.0645783 9.576807 2.0685902
2.719813 9.346964 1.9536686
2.183512 8.925584 1.4556746
1.7238252 8.542511 0.842759
1.37906 8.274361 0.30645785
1.2258313 8.121132 0.11492168
1.1875241 8.082825 0.11492168
1.0726024 8.121132 0.22984338
0.9193735 8.350975 0.57460845
0.7278373 8.619125 0.842759
0.6512228 9.040505 1.1875241
0.6512228 9.423578 1.5705962
0.6895301 9.768343 1.8387468
0.6512228 9.883265 2.1068974
0.4596867 9.653421 2.2984335
0.19153613 9.308657 2.3367407
-0.076614454 8.848969 2.1452045
-0.30645782 8.580819 1.7238252
-0.49799395 8.580819 1.340753
-0.4596867 8.887277 1.2258313
-0.38307226 9.346964 1.340753
-0.19153613 9.80665 1.8387469
0.038307227 10.113108 2.4516625
0.076614454 10.266336 2.7964275
-0.038307227 10.304644 3.0262709
-0.2681506 10.228029 3.1794999
-0.61291564 10.342951 3.2561142
-0.9576807 10.457873 3.3710358
-1.1875241 10.496181 3.5242648
-1.3790601 10.572795 3.4476504
-1.4556746 10.496181 3.371036
-1.4556746 10.419566 3.5242648
-1.4556746 10.381259 3.8690298
-1.4173675 10.457873 4.3287163
-1.4556746 10.611102 4.7500963
-1.6089035 10.6877165 4.9416323
-1.8004396 10.840945 4.9416323
-1.9536686 10.91756 4.865018
-1.9919758 10.91756 4.55856
-1.9153614 10.840945 4.290409
-1.7238253 10.726024 4.098873
-1.5705963 10.534488 3.9456444
-1.5705963 10.381259 4.0222588
-1.6472107 10.381259 4.098873
-1.877054 10.342952 4.2137947
-2.1452048 10.381259 4.3287163
-2.375048 10.342952 4.5202527
-2.6048913 10.228029 4.673482
-2.8347347 10.228029 4.7884035
-2.9879637 10.342951 4.9799395
-3.0262709 10.6877165 5.133168
-3.0262709 11.147404 5.3630114
-3.0262709 11.492168 5.592855
-3.1028855 11.645397 5.7843914
-3.2561142 11.683704 6.0142345
-3.409343 11.568783 6.3589997
-3.4476504 11.60709 6.742072
-3.5242648 11.87524 7.2400656
-3.6391869 12.066777 7.508217
-3.8307228 12.258313 7.584831
-4.098873 12.181699 7.584831
-4.3287163 11.87524 7.508217
-4.5202527 11.530476 7.584831
-4.6351748 11.147404 7.73806
-4.7500963 10.687717 7.776367
-4.903325 10.189722 7.6231384
-5.056554 9.768343 7.5082164
-5.094861 9.500193 7.3166804
-5.094861 9.346964 7.163451
-5.0182467 9.232042 7.0102224
-4.903325 8.963891 6.8186865
-4.9416323 8.504204 6.512229
-5.0182467 7.929596 6.0908494
-5.094861 7.278373 5.66947
-5.094861 6.7803793 5.209783
-4.9799395 6.4356146 4.8267107
-4.7117887 6.512229 4.6351743
-4.1754875 7.0868373 4.750096
-3.6774936 7.776367 4.788403
-3.2944214 8.465898 4.903325
-3.0262709 8.810662 5.056554
-3.0262709 8.69574 5.0182467
-3.1028852 8.312668 5.133168
-3.0262709 7.8912888 5.2480903
-2.9113493 7.699753 5.2863975
-2.7581205 7.73806 5.2863975
-2.48997 8.0445175 5.2863975
-2.4133554 8.504204 5.2480903
-2.3750482 8.8489685 5.209783
-2.4516625 8.925584 5.3247046
-2.6048913 8.772354 5.4396267
-2.6431985 8.389282 5.746084
-2.528277 8.00621 6.0525417
-2.2218192 7.929596 6.2440777
-1.8004396 8.121132 6.320692
-1.3790601 8.69574 6.282385
-1.1875241 9.308656 6.2057705
-1.0726024 9.80665 6.282385
-1.0726024 10.036493 6.397307
-1.1109097 9.921572 6.4739213
-1.0726024 9.691729 6.5122285
-0.9576807 9.308657 6.3973064
-0.7661445 9.11712 6.2057705
-0.57460845 9.040505 5.9759274
-0.38307226 8.848969 5.861006
-0.22984336 8.772355 5.592855
0.22984336 8.580819 5.3630114
0.6895301 8.925584 5.094861
1.1492169 9.308657 4.865018
1.5705963 9.730036 4.290409
1.7621325 9.730036 3.8690298
1.685518 9.385271 3.9456441
1.37906 8.695741 4.481946
1.0342951 8.197747 5.516241
0.842759 7.8912888 6.3589993
0.8044518 7.8912888 6.6654572
0.9576807 8.236053 6.5505357
1.1109096 8.504205 6.052542
1.1875241 8.734048 5.707777
1.340753 8.925584 5.477934
1.4939818 9.11712 5.401319
1.6089036 9.232041 5.363012
1.685518 9.232041 5.2863975
1.5705962 9.11712 5.056554
1.3790603 8.963891 4.865018
1.1875241 8.848969 4.903325
1.0342951 8.810662 4.9799395
1.0342951 8.887277 5.3247046
1.0726024 8.963891 5.439626
1.2641385 9.002198 5.209783
1.4173675 9.11712 4.8267107
1.532289 9.193735 4.2521024
1.6089036 9.193735 3.7924156
1.5705962 9.193735 3.677494
1.532289 9.117121 3.86903
1.4173675 9.002198 4.2904096
1.3407528 8.925584 4.7500963
1.2641385 8.810662 5.1331687
1.2641385 8.695741 5.209783
1.3024458 8.734048 5.133168
1.3790601 8.772355 5.0182467
1.4173675 8.925584 4.7884035
1.3790601 9.11712 4.865018
1.2641385 9.078813 4.9416327
1.1109096 8.963891 5.018247
0.9959879 8.810662 5.1331687
0.91937345 8.619126 5.0182467
0.9576807 8.619126 4.8267107
0.9576807 8.734048 4.6351748
0.9193735 8.848969 4.5202527
0.8044518 8.887277 4.55856
0.68953013 8.848969 4.7500963
0.57460845 8.772355 5.094861
0.49799395 8.6574335 5.3247046
0.45968673 8.619126 5.5545483
0.38307226 8.542512 5.6311626
0.344765 8.465897 5.6311626
0.26815057 8.312668 5.5162406
0.19153613 8.236053 5.3247046
0.038307227 8.197746 5.1714754
-0.076614454 8.121132 4.9416323
-0.22984336 8.236053 4.8267107
-0.4213795 8.274361 4.711789
-0.45968673 8.312668 4.673482
-0.49799395 8.42759 4.7500963

