-0.4213795 8.42759 4.9799395
-0.5746084 9.002198 5.477934
-0.30645782 9.691729 5.401319
0.03830722 10.419566 5.3630114
0.57460845 11.185711 5.24809
0.57460845 11.530476 4.903325
0.53630114 11.722012 4.865018
0.53630114 11.87524 4.7500963
0.61291564 12.028469 4.7500963
0.68953 12.066776 4.865018
0.7278373 12.066776 4.9799395
0.7278373 11.990162 5.056554
0.7278373 11.836933 5.1714754
0.7278373 11.683704 5.1714754
0.68953 11.453861 5.094861
0.6512228 11.147404 5.133168
0.49799395 10.840945 5.0182467
0.30645782 10.496181 4.8267107
0.11492168 10.151415 4.673482
-0.038307227 9.959879 4.4436383
-0.038307227 9.883265 4.3287168
0.11492168 9.998186 4.2904096
0.34476504 10.0748005 4.2521024
0.5746084 10.151415 4.3287168
0.61291564 10.036493 4.367024
0.34476504 9.691729 4.290409
-0.03830722 9.308657 4.3287163
-0.42137948 8.848969 4.3670235
-0.7661446 8.465897 4.4436383
-0.84275895 8.121132 4.4819455
-0.7661445 7.967903 4.1754875
-0.6512228 7.967903 3.6008792
-0.49799395 8.159439 2.9879634
-0.34476507 8.389282 2.6815057
-0.19153613 8.542512 2.6431985
-0.22984336 8.542512 2.9113493
-0.30645782 8.236053 3.2561145
-0.5746084 7.8529816 3.4859576
-0.842759 7.4316015 3.677494
-0.9576807 7.010222 3.677494
-0.99598795 6.7420716 3.4093432
-0.9576807 6.5122285 3.0262709
-0.9959879 6.3589993 2.566584
-1.0342951 6.2440777 2.2984335
-0.9959879 6.3206925 2.375048
-0.8810662 6.4739213 2.528277
-0.842759 6.5505357 2.7581203
-0.8810662 6.6654572 2.7964277
-1.0726023 6.5505357 2.4516625
-1.3024457 6.3973064 1.9536686
-1.4939818 6.282385 1.4173675
-1.6089036 6.2440777 1.1492168
-1.5705965 6.320692 1.2258313
-1.532289 6.4739213 1.6855179
-1.4556746 6.62715 2.1835117
-1.3790601 6.703765 2.6048913
-1.4173675 6.7803793 2.7964275
-1.4173675 6.8186865 2.6048915
-1.4173675 6.7803793 2.3750482
-1.4939818 6.7420716 2.0302832
-1.4939818 6.6654572 1.8004396
-1.532289 6.5122285 1.7238252
-1.5705962 6.397307 1.5705965
-1.532289 6.3206925 1.6089036
-1.4939818 6.244078 1.532289
-1.4556745 6.244078 1.4939818
-1.4556745 6.2823853 1.4939818
-1.37906 6.2823853 1.3407528
-1.3024457 6.2440777 1.2641385
-1.2258313 6.2057705 1.0726023
-1.0342951 6.2057705 0.842759
-0.842759 6.1674633 0.61291564
-0.6512229 6.2057705 0.5746084
-0.4213795 6.244078 0.72783726
-0.22984336 6.205771 0.99598783
-0.076614454 6.205771 1.2641385
0.11492168 6.129156 1.2641385
0.30645782 5.9759274 1.1492168
0.5363012 5.93762 0.8810662
0.7661445 5.9759274 0.61291564
0.9193735 6.129156 0.344765
1.0726024 6.3206925 0.076614454
1.1492169 6.4739213 0.038307227
1.1492169 6.435614 0.22984338
0.9959879 6.1674633 0.7661445
0.7661445 5.9759274 1.3407528
0.6512228 5.899313 1.8387468
0.7661445 6.167464 1.9153613
1.0726023 6.6654577 1.6089035
1.4556745 7.1634517 1.1109096
1.7621324 7.4699097 0.4596867
1.9153614 7.508217 0.038307212
1.9536686 7.4316025 0.114921674
1.7621324 7.163451 1.2258312
1.6089035 7.2400656 1.8387468
1.4939818 7.584831 1.9919758
1.3790601 7.929596 1.685518
1.1492168 8.312669 0.68953013
1.0342952 8.121132 0.3064578
0.9576807 7.929596 0.3830723
0.8810662 7.776367 0.6895301
0.61291564 7.929596 1.2641385
0.45968673 8.197746 1.2258313
0.3830723 8.504205 1.1109096
0.3830723 8.6574335 1.1109096
0.4213795 8.6574335 1.1875241
0.4213795 8.619126 1.340753
0.30645782 8.542512 1.3790601
0.07661445 8.6574335 1.3407528
-0.11492168 8.772355 1.2641385
-0.2681506 8.887277 1.1492169
-0.30645782 9.002198 0.9576807
-0.19153613 9.002198 0.7661446
-0.11492168 8.963891 0.7278373
-0.076614454 8.887277 0.9193735
-0.11492168 8.810662 1.3790601
-0.22984336 9.040506 1.8770541
-0.34476504 9.500193 2.1835117
-0.30645782 10.0748005 2.260126
-0.15322891 10.572794 2.1835117
0.076614454 10.840945 2.030283
0.2681506 10.91756 2.1452048
0.2681506 10.6877165 2.4899697
7.4505806E-9 10.304644 2.9879637
-0.5363012 9.959879 3.6774936
-1.1875241 9.576807 4.060566
-1.7621324 9.500193 4.3287168
-1.9919758 9.844957 4.367024
-1.9153613 10.304645 4.2904096
-1.6089035 10.764331 4.2137947
-1.3024458 11.032481 4.0222588
-1.1875241 11.032481 3.9839516
-1.2258313 10.76433 3.9073372
-1.3790603 10.457872 4.0222588
-1.5705963 10.304644 4.367024
-1.7621324 10.228029 4.6351748
-1.9153614 10.342952 4.8267107
-1.9919758 10.419566 4.7500963
-2.0685902 10.381259 4.5202527
-2.1452045 10.342951 4.252102
-2.221819 10.266336 4.1371803
-2.3750482 10.381258 4.1371803
-2.4899697 10.572795 4.1371803
-2.566584 10.726024 4.2137947
-2.6048915 10.955867 4.4053307
-2.5665843 11.185711 4.6351748
-2.5665843 11.453861 4.9799395
-2.5665843 11.798626 5.477933
-2.6048915 12.066776 5.784391
-2.7964277 12.066776 6.0525417
-2.9113493 11.951855 6.0525417
-3.0262709 11.645397 5.7843914
-3.064578 11.377247 5.477934
-3.0262709 11.300632 5.2097826
-2.9496565 11.33894 5.094861
-2.9113493 11.530476 5.1714754
-2.9496565 11.683704 5.3247046
-2.9113493 11.836933 5.554548
-3.0262709 11.9135475 5.746084
-3.1411927 11.9135475 5.93762
-3.2561145 11.760319 6.090849
-3.4476504 11.530476 6.129156
-3.6008797 11.109096 6.2057705
-3.7924156 10.764331 6.129156
-3.9456444 10.381258 6.0525417
-4.098873 10.036493 6.090849
-4.2137947 9.921572 6.167464
-4.2137947 9.730036 6.1291566
-4.2904096 9.500193 5.861006
-4.367024 9.155428 5.439626
-4.55856 8.6574335 5.2097826
-4.7884035 8.159439 5.0182467
-4.9416323 7.776367 4.9799395
-4.9416323 7.776367 5.209783
-4.7500963 8.121132 5.3630123
-4.4819455 8.542511 5.516241
-4.1371803 9.078813 5.4779334
-3.9839516 9.270349 5.2863975
-4.060566 9.270349 4.9416323
-4.1754875 9.040505 4.711789
-4.3670235 8.580818 4.5585604
-4.5202527 8.082825 4.520253
-4.4436383 7.776367 4.5585604
-4.367024 7.699753 4.4436383
-4.252102 7.776367 4.4436383
-4.0222588 8.121132 4.405331
-3.8307228 8.504204 4.4436383
-3.6008797 8.887277 4.367024
-3.4476504 9.308657 4.2137947
-3.2944217 9.576807 3.9073372
-3.2178073 9.423578 3.7541084
-3.1411927 9.193734 3.86903
-3.064578 8.810662 4.060566
-3.0262709 8.580818 4.4819455
-2.8730419 8.772355 4.711789
-2.6048913 9.193734 4.7884035
-2.183512 9.959879 4.7500963
-1.8004396 10.534488 4.4819455
-1.5705962 10.687716 4.3287163
-1.5705962 10.49618 4.1754875
-1.7621324 9.844957 4.290409
-1.8004396 9.193735 4.5202527
-1.685518 9.002199 4.596867
-1.3790603 9.002199 4.5202527
-0.84275895 9.232042 4.213795
-0.4213795 9.500193 3.9839516
-0.19153613 9.5385 3.7924156
-0.11492168 9.653421 3.9456444
-0.076614454 9.80665 4.2904096
0.07661445 9.921572 4.4436383
0.3064578 10.036493 4.367024
0.61291564 9.883265 3.9456446
0.6895301 9.385271 3.1794999
0.61291564 8.963891 2.4899697
0.53630114 8.657433 2.336741
0.5746084 8.657433 2.4516625
0.7661446 9.040506 2.719813
0.9193735 9.423578 3.2561142
0.88106626 9.423578 3.6391866
0.49799398 8.963891 3.86903
-0.076614454 8.274361 4.1754875
-0.57460845 7.584831 4.4436383
-0.6512228 7.469909 4.673482
-0.26815057 7.967903 4.9416327
0.4213795 8.810662 5.0948615
1.1109096 9.768343 4.8267107
1.4939818 10.419565 4.405331
1.4556746 10.49618 4.060566
1.1492168 10.189722 3.9456444
0.7661445 9.691729 4.213795
0.53630114 9.308657 4.673482
0.61291564 9.2703495 5.1331687
0.9193734 9.5385 5.2480903
1.3024457 9.80665 4.9799395
1.5705962 9.959879 4.5968676
1.7238252 9.998186 3.9456444
1.685518 9.80665 3.4093432
1.6089036 9.576807 3.0262709
1.532289 9.2703495 2.7964275
1.4173675 8.963891 2.9496565
1.3024457 8.772355 3.3327289
1.2641385 8.734048 3.7541082
1.3024457 8.887277 3.8307226
1.4556746 9.078814 3.7158008
1.7238252 9.2703495 3.2561142
1.8770541 9.461885 2.8347347
1.9536686 9.5385 2.719813
1.9919758 9.576807 2.6048915
1.8387469 9.576807 2.873042
1.7238252 9.461885 3.1794999
1.6089035 9.461885 3.4476504
1.532289 9.5385 3.7541082
1.5705962 9.615114 3.7924156
1.5705962 9.730036 3.8307228
1.532289 9.691729 3.8307228
1.4173675 9.615114 3.7158012
1.2641385 9.5385 3.6391869
1.1109096 9.500193 3.6391869
1.1109096 9.500193 3.677494
1.1875241 9.500193 3.9073372
1.1492168 9.500193 3.9073372
1.0342951 9.500193 3.8307228
0.842759 9.423578 3.7158008

