0.6512228 9.385271 3.4859576
-0.49799395 9.615114 3.2561142
0.07661447 10.687716 3.8690298
0.68953013 11.683704 4.1754875
1.2258313 12.679693 4.6351743
1.5705963 13.330915 5.094861
1.4556745 13.062765 4.903325
1.3024457 12.679693 4.711789
1.187524 12.334928 4.4436383
1.0726024 12.066776 4.367024
0.9576807 11.990162 4.4436383
0.9576807 11.990162 4.5968676
0.99598795 11.990162 4.8267107
1.1492169 11.9135475 4.711789
1.2641385 11.645397 4.4436383
1.2641385 11.415554 4.1371803
1.1492169 11.032482 3.7541084
0.88106626 10.649409 3.6008792
0.61291564 10.457873 3.371036
0.38307226 10.266336 3.2178073
0.26815057 10.266336 3.0645783
0.30645782 10.419565 2.834735
0.49799395 10.572795 2.7964275
0.6895301 10.6877165 2.719813
0.7661445 10.6877165 2.7964275
0.7278373 10.496181 3.1028855
0.57460845 10.074801 3.371036
0.45968673 9.653421 3.524265
0.4213795 9.346963 3.524265
0.45968673 9.040505 3.2561142
0.5746084 8.848969 2.8347347
0.61291564 8.772355 2.4133554
0.6512228 8.772355 1.9536686
0.6512228 8.810662 1.4556746
0.61291564 8.69574 1.1109096
0.57460845 8.542511 0.80445176
0.4213795 8.121132 0.6895301
0.22984336 7.699753 0.6895301
-0.038307227 7.469909 0.6895301
-0.30645782 7.125144 0.7661445
-0.5363012 6.9719152 0.842759
-0.6895301 6.895301 0.842759
-0.7278373 6.8186865 0.9193734
-0.5746084 6.895301 0.9193734
-0.38307226 6.8569937 0.8044517
-0.2681506 6.8569937 0.8044517
-0.2681506 6.8569937 0.6512228
-0.42137948 6.703765 0.49799395
-0.49799395 6.5505357 0.30645782
-0.49799395 6.4739213 0.076614454
-0.34476504 6.5505357 0.076614454
-0.19153613 6.7803793 0.22984335
-0.076614454 7.0102224 0.344765
-0.076614454 7.0485296 0.4213795
-0.22984336 6.933608 0.4213795
-0.38307226 6.742072 0.30645782
-0.5746084 6.62715 0.2681506
-0.6512228 6.62715 0.3064578
-0.6512228 6.7420716 0.15322891
-0.5746084 6.818686 0.11492168
-0.34476504 6.933608 0.038307227
-0.19153613 7.0102224 -0.076614454
-0.076614454 6.895301 -0.038307227
-0.038307227 6.8186865 -0.038307227
-0.11492168 6.7803793 0.076614454
-0.15322891 6.703765 0.30645782
-0.11492168 6.6271505 0.49799395
0.038307227 6.512229 0.53630114
0.22984336 6.397307 0.38307226
0.45968673 6.3206925 0.0
0.6512228 6.3589997 -0.49799395
0.7661445 6.3589997 -0.7661445
0.842759 6.167464 -0.80445176
0.91937345 6.0142345 -0.6512228
1.0726024 5.93762 -0.11492168
1.2641385 5.9759274 0.34476504
1.4939818 6.2057705 0.6895301
1.6089036 6.282385 0.8810662
1.5705963 6.129156 0.6895301
1.4173675 5.822698 0.26815057
1.2258313 5.4396257 -0.22984338
1.187524 5.1714754 -0.5363012
1.3024457 5.2097826 -0.57460845
1.685518 5.5545483 -0.34476507
2.1452048 6.0525417 0.038307227
2.5282772 6.6271505 0.2681506
2.834735 6.9719152 0.30645782
2.873042 6.895301 0.3830723
2.7581205 6.588843 0.45968673
2.4899697 6.090849 0.61291564
2.1068974 5.631162 0.7661446
1.8387469 5.439626 0.7661446
1.7621324 5.66947 0.57460845
1.9536686 6.320693 0.22984335
2.336741 7.125144 -0.22984338
2.6048915 7.776367 -0.7278373
2.6815062 8.0445175 -0.9576807
2.4899697 7.929596 -0.9576807
2.1068974 7.73806 -0.61291564
1.7238252 7.584831 -0.15322891
1.4939818 7.6231384 0.076614454
1.3790601 7.776367 0.11492168
1.3407528 8.00621 -0.19153613
1.3407528 8.312668 -0.6512228
1.3024457 8.504204 -0.9959879
1.3790601 8.695741 -1.340753
1.493982 8.848969 -1.5705963
1.6472108 9.002198 -1.4556746
1.7238252 9.040505 -1.1875241
1.6472108 9.002198 -0.7278373
1.5705962 8.772354 -0.34476507
1.3790603 8.580818 -0.26815057
1.1492169 8.465897 -0.49799395
0.99598783 8.312668 -1.0726023
0.88106626 8.274361 -1.6472108
0.842759 8.236053 -2.1068976
0.9959879 8.121132 -2.183512
1.0726024 8.082825 -1.7621325
1.1109096 8.082825 -0.95768064
1.0342952 7.967903 -0.19153613
0.8044518 8.121132 0.26815057
0.68953013 8.350975 0.30645782
0.61291564 8.619126 0.11492168
0.8810662 9.040505 -0.038307227
1.2641385 9.2703495 0.0
1.5705962 9.385271 0.19153613
1.8004396 9.346964 0.45968673
1.7621324 9.308657 0.7661445
1.4556746 9.2703495 1.0342951
1.1875241 9.346964 1.2641385
0.91937345 9.615114 1.4939818
0.7661445 9.844957 1.6855179
0.7278373 9.959879 1.6855179
0.6512228 9.959879 1.8770541
0.61291564 9.80665 1.9919758
0.49799395 9.80665 2.1835117
0.61291564 10.91756 2.7581203
0.7661445 11.760318 2.9496565
0.8810662 12.449848 3.064578
0.91937345 12.7179985 2.9879637
0.91937345 12.832921 2.6815057
0.9576807 12.832921 2.4516625
1.1492169 12.98615 2.221819
1.4173675 13.292608 2.2601264
1.4556746 13.522451 2.5665843
1.2258313 13.599066 2.873042
0.7278373 13.177687 3.0645783
2.9802322E-8 12.449849 3.0645783
-0.68953013 11.60709 2.9113493
-1.1492168 10.840945 2.681506
-1.3024457 10.6877165 2.5665843
-1.2258313 11.147403 2.719813
-0.95768064 11.990162 2.9113493
-0.7278373 12.832921 3.2944214
-0.7278373 13.292607 3.7924154
-0.91937345 13.215993 4.1371803
-1.3024458 12.794614 4.3670235
-1.685518 12.258312 4.3287163
-1.9919759 11.87524 4.1754875
-2.0685904 11.645397 4.0222588
-1.9153614 11.60709 4.060566
-1.7621324 11.798626 4.3287168
-1.5705963 11.990162 4.4436383
-1.4173675 12.258312 4.596867
-1.3024457 12.56477 4.55856
-1.1492169 12.756307 4.3670235
-1.0726023 12.909535 4.3287163
-1.1109096 12.947843 4.1754875
-1.3024458 12.794614 4.252102
-1.6089035 12.526463 4.405331
-1.9919759 12.143391 4.5585604
-2.336741 11.722012 4.865018
-2.5665843 11.33894 4.9416323
-2.7581205 11.147403 5.056554
-2.7964277 10.955867 5.1331687
-2.7198133 10.879252 5.0182467
-2.6431985 10.91756 4.903325
-2.4516625 10.840945 4.6351748
-2.336741 10.879252 4.290409
-2.336741 10.726023 4.0222588
-2.3750482 10.419565 3.9073372
-2.4899697 10.151415 3.8307228
-2.566584 9.844957 3.7924156
-2.566584 9.691729 3.7924156
-2.566584 9.691729 3.7541084
-2.6048913 9.615114 3.7541084
-2.6431985 9.5385 3.8307228
-2.681506 9.385271 3.86903
-2.6048915 9.346964 3.9839516
-2.336741 9.500193 4.0222588
-1.9919758 9.768343 3.9839516
-1.685518 10.0748005 3.86903
-1.4556746 10.228029 3.5242648
-1.4173675 10.151415 3.2561145
-1.493982 9.883265 3.0262709
-1.5705965 9.576807 3.0262709
-1.5705965 9.308657 3.2178073
-1.4556746 9.2703495 3.371036
-1.2641385 9.423578 3.4859576
-1.0726024 9.730036 3.562572
-0.88106626 9.959879 3.5242648
-0.7278373 10.0748005 3.4859576
-0.6512229 9.998186 3.4476504
-0.57460845 9.730036 3.3327286
-0.53630114 9.461885 3.3327286
-0.57460845 9.155427 3.3710358
-0.49799398 8.963891 3.5242648
-0.3830723 9.002199 3.6774938
-0.15322891 9.155428 3.6391866
0.11492168 9.423578 3.5625722
0.30645782 9.615114 3.2944217
0.45968673 9.615114 3.1028855
0.45968673 9.5385 2.9879637
0.49799398 9.385271 2.9879637
0.5363012 9.346964 3.1411927
0.6512229 9.385271 3.026271
0.8810662 9.500193 2.987964
1.1109096 9.691729 2.9113495
1.3024458 9.691729 2.9113495
1.4556746 9.691729 3.141193
1.4939818 9.576807 3.1028857
1.532289 9.423578 2.9879637
1.7621324 9.5385 2.528277
1.9919758 9.730036 1.9536686
2.221819 9.921572 1.4556746
2.4133554 10.0748005 0.91937345
2.2984338 9.921572 0.91937345
1.9153614 9.423578 1.3024457
1.4556746 8.925584 2.1452048
0.9959879 8.465897 3.026271
0.8044518 8.236053 3.6008794
0.99598795 8.312668 3.6774938
1.3407528 8.427589 3.3327289
1.7621324 8.580819 2.873042
2.030283 8.695741 2.336741
2.0685902 8.810662 2.0685904
1.9919758 8.963891 2.030283
1.8770542 9.11712 2.3750482
1.8387469 9.2703495 2.834735
1.8770541 9.461885 3.026271
1.9536686 9.615114 3.1794999
1.9153614 9.730036 2.987964
1.9153614 9.80665 2.873042
1.8770542 9.844957 2.873042
1.9536686 9.998186 2.873042
2.1068974 10.113108 2.9496565
2.183512 10.151415 2.7964275
2.2984335 10.036493 2.6815057
2.2984335 9.80665 2.5665843
2.2984335 9.615114 2.4899697
2.2984335 9.500193 2.681506
2.2984335 9.500193 2.9496565
2.375048 9.5385 3.1411924
2.4899697 9.5385 3.2944217
2.6048913 9.653421 3.2944217
2.719813 9.768343 3.2944217
2.6431987 9.80665 3.2561145
2.528277 9.844957 3.3327289
2.3367407 9.730036 3.371036
2.0685902 9.5385 3.3327286
1.9536686 9.385271 3.2944214
1.8004396 9.346964 3.3327286
1.7238252 9.346964 3.3327286
1.6472107 9.461885 3.371036
1.493982 9.5385 3.4859576
1.3024458 9.576807 3.4093432
1.0342952 9.576807 3.4093432

