0.8044518 9.576807 3.4859576
0.6512228 9.576807 3.6008794
-0.2681506 9.500193 3.3710358
-0.15322891 10.228029 3.5242648
0.2681506 11.109097 3.907337
0.68953013 11.990162 4.290409
1.0726024 12.832921 4.673482
1.0342951 12.98615 4.673482
0.9576807 13.024457 4.673482
0.80445176 12.947843 4.596867
0.6512228 12.871228 4.4819455
0.5363012 12.794614 4.405331
0.49799395 12.832921 4.2904096
0.57460845 13.062764 4.1754875
0.61291564 13.215993 4.1754875
0.61291564 13.177686 4.2137947
0.6512228 13.024457 4.252102
0.80445176 12.717999 4.1371803
0.84275895 12.679692 3.9839516
0.8044517 12.679692 3.7541084
0.8044517 12.641385 3.7158012
0.68953 12.258312 3.9073372
0.6512228 11.87524 4.060566
0.49799395 11.530476 3.9839516
0.3830723 11.18571 3.7924154
0.2681506 10.879252 3.6008792
0.30645782 10.726024 3.562572
0.3830723 10.6877165 3.6774938
0.3830723 10.611102 3.7924156
0.22984338 10.49618 3.86903
0.11492168 10.228029 3.9456444
0.0 9.959879 3.6774938
0.0 9.768343 3.4476504
0.038307227 9.691729 3.2561145
-0.038307227 9.615114 3.1028852
-0.15322891 9.423578 3.1411924
-0.38307226 9.117121 3.064578
-0.6512228 8.772355 2.7581203
-0.8810662 8.504204 2.4899697
-1.0342952 8.274361 2.2218192
-1.0726024 8.082825 1.9536686
-0.9576807 7.967903 1.7238252
-0.7278373 8.082825 1.532289
-0.38307226 8.312668 1.4939818
-0.076614454 8.619126 1.4939818
0.15322891 8.772355 1.4939818
0.26815057 8.734048 1.4173675
0.15322891 8.504204 1.2258313
-0.076614454 8.236053 1.1109096
-0.38307226 8.0445175 1.2258313
-0.7278373 7.776367 1.340753
-1.0726024 7.5465236 1.3790601
-1.3790601 7.31668 1.1492168
-1.6089035 7.163451 0.68953
-1.685518 7.125144 0.3830723
-1.4939818 7.2783737 0.3064578
-1.1875241 7.4316025 0.42137948
-0.842759 7.6614456 0.7278373
-0.53630114 7.8529816 1.0726024
-0.3830723 7.8529816 1.3790601
-0.22984336 7.8529816 1.5705962
-0.11492168 7.776367 1.4173673
-0.11492168 7.6231384 0.9576807
-0.15322891 7.393295 0.30645782
-0.30645782 7.125144 -0.19153613
-0.49799395 6.780379 -0.34476504
-0.53630114 6.6654572 -0.30645782
-0.45968673 6.7037644 -0.076614454
-0.22984335 6.8569937 0.0
0.038307227 7.0868373 0.038307227
0.19153613 7.1251445 0.038307227
0.22984336 7.04853 -0.076614454
0.11492168 6.8569937 -0.11492168
0.0 6.588843 -0.2681506
-0.076614454 6.4739213 -0.45968673
-0.15322891 6.435614 -0.57460845
-0.15322891 6.397307 -0.45968673
-0.076614454 6.512229 -0.34476504
0.038307227 6.512229 -0.076614454
0.11492168 6.512229 0.15322891
0.22984335 6.473922 0.22984338
0.26815057 6.3589997 0.45968673
0.26815057 6.2440777 0.53630114
0.344765 6.1674633 0.49799395
0.4596867 6.090849 0.49799395
0.61291564 6.0142345 0.38307226
0.7661445 5.93762 0.4213795
0.842759 5.746084 0.6895301
0.7661446 5.707777 0.84275895
0.68953013 5.707777 1.1492168
0.61291564 5.746084 1.340753
0.61291564 5.899313 1.2641385
0.68953 5.9759274 0.9959879
0.7661445 6.0142345 0.49799395
0.91937345 6.1674633 -0.11492168
1.1109096 6.397307 -0.5746084
1.3024457 6.742072 -0.7661445
1.4556745 6.9719152 -0.84275895
1.4939818 6.9719152 -0.7661445
1.4173673 6.933608 -0.53630114
1.2641385 6.703765 -0.114921674
1.1109096 6.5505357 0.26815057
1.0342952 6.5505357 0.61291564
1.0342952 6.588843 0.7278373
1.1875241 6.7803793 0.49799395
1.340753 7.010223 0.15322891
1.4556745 7.2783732 -0.15322891
1.4939818 7.546524 -0.45968673
1.4173673 7.73806 -0.57460845
1.3790601 7.776367 -0.45968673
1.2641385 7.73806 -0.42137948
1.1492168 7.699753 -0.30645782
1.0726024 7.699753 -0.38307226
0.8810662 7.776367 -0.49799395
0.8044518 7.776367 -0.53630114
0.68953013 7.6614456 -0.45968673
0.6512228 7.5082164 -0.22984336
0.7661445 7.393295 0.076614454
0.8810662 7.584831 0.30645782
1.0726024 8.00621 0.38307226
1.2258313 8.580818 0.38307226
1.2258313 9.002198 0.22984335
1.1875241 9.11712 0.22984335
1.1109096 8.925584 0.34476504
0.9959879 8.580818 0.57460845
1.0342951 8.504204 0.842759
1.1109096 8.6574335 0.9576807
1.2258313 9.078813 0.9193734
1.37906 9.576807 0.57460845
1.37906 9.80665 0.19153613
1.3024457 9.883265 -0.11492168
1.3407528 9.5385 0.22984335
1.4173673 9.691729 0.9193734
1.4939818 9.921572 1.6089034
1.4173673 10.419566 2.1452048
1.1875241 10.726025 2.2984335
0.9959879 10.840946 2.336741
0.80445176 10.917561 2.336741
0.72783726 10.764331 2.3750482
0.80445176 10.6877165 2.4133554
0.842759 10.572794 2.4516625
0.842759 10.304644 2.4516625
0.6895301 10.113108 2.6431987
0.4213795 10.0748005 2.9496567
0.15322891 10.151415 3.1795
0.038307227 10.342951 3.562572
0.19153613 10.611102 3.7158012
0.6129156 10.955867 3.7158012
1.1875241 11.338939 3.7158012
1.7238252 11.798626 3.562572
1.9919758 12.181699 3.4093432
1.877054 12.29662 3.4093432
1.37906 12.02847 3.4476504
0.57460845 11.453861 3.562572
-0.22984335 10.649409 3.7541084
-0.84275895 10.036493 3.9073372
-1.0342951 9.921572 3.9073372
-0.842759 10.419566 3.9073372
-0.4213795 11.377246 3.86903
0.03830722 12.449849 3.6008794
0.30645782 13.215994 3.2944217
0.34476504 13.560759 2.9879637
0.15322891 13.484144 2.9113493
-0.2681506 13.1393795 3.1411924
-0.7661445 12.947843 3.7924154
-1.1875241 12.947843 4.5585604
-1.4939818 13.215993 5.133168
-1.6472107 13.560758 5.477934
-1.7238252 13.790602 5.4396267
-1.8004397 13.713987 5.133168
-1.8770542 13.369223 4.711789
-2.0685902 12.947844 4.481945
-2.2601264 12.449849 4.443638
-2.4133554 12.105083 4.5968676
-2.4899697 11.990162 4.9416323
-2.4516625 12.066776 5.24809
-2.375048 12.220005 5.401319
-2.3367407 12.373234 5.4779334
-2.413355 12.258312 5.363012
-2.566584 11.836933 4.9799395
-2.834735 11.300632 4.55856
-3.064578 10.649408 3.9839516
-3.2178073 10.151415 3.5242648
-3.2178073 9.921572 3.371036
-3.026271 9.921572 3.562572
-2.719813 10.113108 3.9073372
-2.5282772 10.304644 4.2137947
-2.48997 10.304644 4.2137947
-2.5665843 10.151415 3.907337
-2.7581203 9.80665 3.562572
-2.873042 9.423578 3.217807
-2.9113493 9.232042 3.1411924
-2.873042 9.193735 3.1794996
-2.7964277 9.346964 3.4476504
-2.719813 9.576807 3.7924151
-2.6048915 9.80665 4.1371803
-2.4899697 9.959879 4.3670235
-2.4516625 9.921572 4.290409
-2.4133554 9.80665 4.060566
-2.4133554 9.5385 3.7924156
-2.3750482 9.346964 3.562572
-2.2601264 9.2703495 3.4859576
-2.1452048 9.346964 3.4476504
-2.030283 9.5385 3.4476504
-1.8770541 9.691729 3.409343
-1.8004397 9.844957 3.5242648
-1.8004397 9.844957 3.7924154
-1.8004397 9.691729 4.098873
-1.838747 9.500192 4.5202527
-1.8004396 9.38527 4.711789
-1.5705962 9.38527 4.5968676
-1.2258313 9.615114 4.2137947
-0.88106614 9.921572 3.6774938
-0.49799395 10.189722 3.2561142
-0.26815057 10.381259 2.9879637
-0.11492168 10.381259 2.9113493
-0.076614454 10.189722 3.0262709
-0.15322891 9.883265 3.2944214
-0.15322891 9.653421 3.6008792
-0.19153613 9.461885 3.907337
-0.19153613 9.385271 4.1371803
-0.15322891 9.385271 4.098873
-0.11492168 9.232042 4.0222588
-0.076614454 9.117121 3.7924154
0.0 8.963891 3.715801
0.15322891 8.810662 3.6391866
0.38307226 8.925584 3.6391866
0.7278373 9.117121 3.6008794
1.0726023 9.385271 3.4093432
1.4556746 9.691729 3.064578
1.7621324 9.80665 2.6048913
1.8387469 9.730036 2.4899697
1.8004397 9.500193 2.4516625
1.6472107 9.155428 2.6431987
1.493982 8.810662 3.0262709
1.4556746 8.6574335 3.217807
1.5705963 8.695741 3.217807
1.8004396 8.848969 3.1794999
2.030283 9.11712 2.8730419
2.2984338 9.308657 2.566584
2.5665843 9.500193 2.1835117
2.719813 9.576807 1.8387469
2.834735 9.500193 1.685518
2.834735 9.346964 1.6089035
2.7581205 9.11712 1.7238252
2.6431987 8.925584 1.8770542
2.48997 8.848969 2.030283
2.4133554 8.887277 2.2601264
2.3367407 9.002199 2.6431985
2.2984335 9.155428 2.9879637
2.3367407 9.308657 3.2561145
2.4133554 9.423578 3.3327289
2.4516625 9.461885 3.217807
2.566584 9.461885 2.9879637
2.6431985 9.423578 2.7964275
2.6815057 9.385271 2.4899697
2.719813 9.385271 2.2984338
2.719813 9.500193 2.2601264
2.681506 9.576807 2.3750482
2.6048915 9.691729 2.719813
2.528277 9.768343 2.9879637
2.4133554 9.691729 3.2944214
2.3367407 9.730036 3.409343
2.3367407 9.768343 3.409343
2.3750482 9.921572 3.3327286
2.3750482 10.036493 3.064578
2.336741 10.036493 2.9113493
2.183512 9.998186 2.834735
1.9536686 9.80665 2.7198133
1.7238252 9.615114 2.7581205
1.4556746 9.5385 2.6815057
1.1492168 9.423578 2.6048913

