0.8810662 9.2703495 2.719813
0.6512229 9.193735 2.834735
-0.2681506 9.2703495 3.6008792
0.34476504 10.266336 3.7924154
0.80445176 10.955867 3.7924154
1.1875241 11.683704 4.0222588
1.3790601 12.411541 4.060566
1.3790601 12.373234 4.1371803
1.3407528 12.449848 4.1371803
1.3790603 12.488156 3.9456444
1.4173675 12.564771 3.7158012
1.4939818 12.641385 3.4093432
1.6472108 12.679692 3.2561142
1.685518 12.756307 3.1028852
1.685518 12.603077 3.064578
1.5705963 12.449848 3.1411927
1.1875241 12.105083 3.3327289
1.0342951 11.990162 3.4859576
0.9576807 11.9135475 3.4093432
0.9959879 11.87524 3.4476504
1.1875241 11.645397 3.3327289
1.2641385 11.492168 3.141193
1.3024457 11.33894 2.7964277
1.2641385 11.147404 2.6048913
1.1875241 10.840945 2.4133554
1.0342951 10.611101 2.5282772
0.88106626 10.304644 2.48997
0.61291564 9.844957 2.5665843
0.34476504 9.500193 2.528277
0.15322891 9.193734 2.528277
0.038307227 9.002198 2.6048915
-0.076614454 8.925584 2.6431987
-0.34476507 8.810662 2.681506
-0.9959879 8.6574335 2.528277
-1.2258313 8.580819 2.2984338
-1.2258313 8.504205 1.9153613
-0.8810662 8.619126 1.6472107
-0.5363012 8.810662 1.4173675
-0.11492169 9.11712 1.4173675
0.19153613 9.461885 1.6472107
0.114921674 9.385271 1.8387468
-0.114921674 9.078813 2.1068976
-0.7661446 8.236053 2.4133554
-0.9576807 8.00621 2.3750482
-1.0342951 7.776367 2.0685902
-1.1109096 7.584831 1.532289
-1.1492169 7.546524 0.9959879
-1.1875241 7.6231384 0.6895301
-1.2641385 7.8146744 0.6512229
-1.3024457 8.0445175 0.91937345
-1.2641385 8.197746 1.4173675
-1.2258313 8.274361 1.8770542
-1.187524 8.236053 2.2601264
-1.2258313 7.967903 2.528277
-1.3790601 7.584831 2.336741
-1.685518 7.1251445 1.8387469
-2.0685902 6.62715 1.4556745
-2.3367407 6.397307 1.1109096
-2.528277 6.3589993 0.9959879
-2.4516625 6.4356136 1.1875241
-2.183512 6.8186865 1.1875241
-1.8770541 7.2400656 1.2641385
-1.5705962 7.584831 1.2258313
-1.3790601 7.5082164 0.7661445
-1.4556746 7.125144 0.3830723
-1.685518 6.6654577 0.076614454
-1.9153614 6.3206925 0.0
-2.1068974 6.2057705 0.0
-2.2601264 6.0525417 0.11492168
-2.2984335 6.090849 0.30645782
-2.183512 6.2440777 0.49799395
-1.9536686 6.512229 0.6895301
-1.685518 6.7803793 0.842759
-1.4173673 6.895301 0.6895301
-1.3407528 6.856993 0.4213795
-1.3790601 6.588843 0.15322891
-1.4939818 6.397307 -0.22984335
-1.532289 6.282385 -0.3064578
-1.3790601 6.2440777 -0.22984335
-1.1492169 6.320692 -0.076614454
-0.80445176 6.5122285 0.34476504
-0.5363012 6.6654572 0.6129157
-0.34476504 6.895301 0.8044518
-0.19153613 7.086837 0.7661446
-0.076614454 7.086837 0.61291564
0.0 6.895301 0.5746084
0.0 6.397307 0.34476504
-0.038307227 5.861006 0.15322891
-0.19153613 5.5162406 -0.076614454
-0.30645782 5.363012 -0.2681506
-0.22984338 5.5162406 -0.19153614
-0.038307227 5.861006 0.0
0.3064578 6.129156 0.22984336
0.6895301 6.3589997 0.344765
0.9959879 6.4739213 0.4596867
1.2641386 6.3973064 0.49799395
1.4939818 6.282385 0.5746084
1.5705963 6.1674633 0.4213795
1.5705963 6.090849 -0.1532289
1.5322891 6.1674633 -0.8810662
1.4939818 6.3206925 -1.685518
1.6089035 6.5505357 -2.030283
1.9153614 6.742072 -1.7621325
2.183512 6.895301 -1.1492168
2.336741 7.0102224 -0.5363012
2.3750482 7.2017584 -0.19153613
2.183512 7.469909 -0.30645782
1.9919758 7.508217 -0.57460845
1.9153614 7.393295 -1.1109096
1.8770542 7.086837 -1.4556746
1.7621325 6.7803793 -1.7238252
1.4939818 6.7803793 -1.8770542
1.2641385 7.0102224 -1.7621324
1.0726024 7.4699097 -1.5705963
1.1492169 7.967903 -1.1875241
1.4939818 8.350975 -0.80445176
1.8004396 8.465897 -0.45968673
2.0685904 8.389282 -0.2681506
2.1068976 8.121132 -0.2681506
1.8770542 7.967903 -0.30645782
1.5322891 7.967903 -0.30645782
1.2641386 8.0445175 -0.34476504
1.1875241 8.312668 -0.30645782
1.3024458 8.427589 -0.19153613
1.6472107 8.427589 -0.076614454
2.030283 8.350975 0.0
2.183512 8.236053 0.038307227
2.1068974 8.236053 0.15322891
1.8004396 8.504204 0.30645782
1.4556746 8.925584 0.53630114
1.3790601 9.2703495 0.7661445
1.532289 9.576807 0.7661445
1.8387468 9.576807 0.7278373
2.0685902 9.423578 0.7661446
2.0685902 9.270349 0.9576807
1.8770542 9.193734 1.3024457
1.6089036 9.500192 1.7238251
1.4173675 9.998186 2.0685902
1.3790603 10.726024 2.4133554
1.4939818 11.415554 2.6815057
1.685518 11.951855 3.1411927
1.8004396 12.220005 3.6008794
1.6472107 12.258312 3.86903
1.2641385 12.105083 4.098873
0.7278373 11.722012 3.9839516
0.22984338 11.568783 4.0222588
-0.15322891 11.453861 4.1371803
-0.22984336 11.645397 4.2137947
-0.15322891 12.143392 4.405331
-0.038307227 12.717999 4.3287168
0.076614454 13.215994 4.3287168
0.038307227 13.40753 4.3287168
-0.30645782 13.254301 4.3287168
-0.80445176 12.794615 4.4436383
-1.3790601 12.181699 4.520253
-1.9153614 11.722012 4.711789
-2.183512 11.530476 4.9416323
-2.2984335 11.60709 5.24809
-2.2218192 11.990162 5.554548
-2.1452048 12.449848 5.6694694
-2.1452048 12.679692 5.7077765
-2.2218192 12.679692 5.554548
-2.336741 12.411542 5.324704
-2.3750482 11.9135475 5.1714754
-2.3750482 11.530475 5.0182467
-2.336741 11.338939 5.056554
-2.2601264 11.377246 5.0948615
-2.1452045 11.568783 5.2480903
-1.9919758 11.798626 5.3247046
-1.9536686 11.87524 5.2863975
-1.9536686 11.798626 5.401319
-2.0685902 11.645397 5.363012
-2.3367407 11.300632 5.401319
-2.528277 10.994175 5.363012
-2.7581203 10.64941 5.2863975
-2.9496565 10.419565 5.2863975
-2.9496565 10.381258 5.2097826
-2.9113493 10.419565 5.3247046
-2.834735 10.572795 5.2863975
-2.7581203 10.611102 5.3247046
-2.7964277 10.649409 5.439626
-2.834735 10.534488 5.401319
-2.873042 10.342951 5.401319
-2.9879637 10.189722 5.2480903
-3.0262709 9.959879 5.171476
-3.0262709 9.768343 5.171476
-3.0262709 9.691729 5.094861
-2.873042 9.615114 5.133168
-2.7581203 9.615114 5.094861
-2.6431987 9.730036 5.0182467
-2.4899697 9.730036 5.0182467
-2.4516625 9.691729 5.0182467
-2.3750482 9.576807 4.9416323
-2.3367407 9.308657 4.8267107
-2.3367407 9.11712 4.7884035
-2.221819 9.002198 4.6351748
-2.0685902 9.040505 4.6351748
-1.8004396 9.2703495 4.7884035
-1.4939818 9.500193 4.865018
-1.3024457 9.653421 4.9416323
-1.2258313 9.576807 4.903325
-1.2641385 9.346964 4.8267107
-1.2641385 9.193734 4.865018
-1.1492168 9.155427 5.056554
-0.9193734 9.38527 5.3247046
-0.68953013 9.653421 5.516241
-0.57460845 9.653421 5.707777
-0.61291564 9.461885 5.7843914
-0.68953013 9.11712 5.861006
-0.7278373 8.772355 5.861006
-0.6129157 8.695741 5.707777
-0.34476504 8.887277 5.5928555
-0.038307227 9.11712 5.2480903
0.2681506 9.232041 4.9799395
0.5363012 9.308656 4.8267107
0.8044518 9.232041 4.711789
0.9959879 9.11712 4.5968676
1.1492168 9.155427 4.5585604
1.2641385 9.193735 4.2904096
1.340753 9.117121 4.060566
1.3790601 9.078814 4.0222588
1.3790601 9.002199 3.86903
1.3024457 8.925584 3.9839516
1.2258313 9.002198 4.1754875
1.2258313 9.11712 4.405331
1.2258313 9.232042 4.673482
1.3024457 9.385271 4.7500963
1.2641385 9.423578 4.6351748
1.3024457 9.461885 4.5202527
1.3790601 9.500193 4.213795
1.4173673 9.423578 4.060566
1.532289 9.2703495 3.9456444
1.532289 9.078814 3.7924156
1.5705963 8.925585 3.7541084
1.685518 8.887277 3.6391869
1.8770541 9.002198 3.4476504
2.1452048 9.193734 3.3327289
2.4133554 9.308657 3.2178073
2.5665843 9.385271 3.1028855
2.6048915 9.346964 3.1411927
2.5665843 9.232042 3.1794999
2.4899697 9.155428 3.217807
2.3750482 9.002198 3.2561142
2.336741 8.925584 3.2561142
2.2984335 8.810662 3.064578
2.2984335 8.695741 2.8347347
2.3750482 8.6574335 2.7581203
2.4516625 8.734048 2.8347347
2.6431985 8.848969 3.1028855
2.873042 8.963891 3.6391866
3.141193 9.040505 4.098873
3.4476504 9.11712 4.2137947
3.6391869 9.270349 4.290409
3.7924156 9.500193 4.0222588
3.7924156 9.730036 3.6391866
3.562572 9.844957 3.3710358
3.2561145 9.730036 3.1794999
2.9496565 9.500193 3.2561142
2.6431987 9.232041 3.4093432
2.4133554 8.925584 3.6391866

