2.2601264 8.810662 3.8307228
2.030283 8.810662 3.9456444
0.34476504 9.385271 3.7924156
0.8810662 10.304644 4.137181
1.5705965 11.03248 4.481946
2.2601264 11.836933 4.711789
2.528277 12.181698 4.903325
2.2984335 11.87524 4.4819455
1.9919758 11.568783 4.1754875
1.685518 11.262325 4.060566
1.3790601 11.109097 4.0222588
1.2641385 11.070788 4.060566
1.340753 11.109096 4.2137947
1.4173675 11.032481 4.4436383
1.5322891 10.91756 4.55856
1.6089035 10.764331 4.55856
1.6089035 10.726024 4.405331
1.6855179 10.726024 4.060566
1.9153614 10.840945 3.4476502
1.8770541 10.611102 3.2944214
1.6089035 10.342951 3.3327286
1.3024457 10.0748005 3.371036
0.95768064 9.844957 3.5242648
0.7661445 9.768343 3.6391869
0.7661445 9.80665 3.7541084
0.61291564 9.5385 3.9456444
0.34476504 9.346964 3.9456444
-0.038307235 9.040506 3.9073372
-0.38307226 8.810662 3.8307228
-0.4213795 8.734048 3.3327289
-0.2681506 8.925584 3.0262709
-0.15322891 9.193735 2.834735
-0.076614454 9.423578 2.7581205
-0.26815057 9.308657 2.834735
-0.53630114 8.925584 2.873042
-0.84275895 8.465897 2.834735
-1.0342951 8.197746 2.6048915
-0.9576807 8.159439 2.2218192
-0.80445176 8.312668 1.9919758
-0.7278373 8.465898 1.9919758
-0.61291564 8.389283 2.030283
-0.49799398 8.082825 2.183512
-0.49799398 7.8529816 2.183512
-0.5746084 7.776367 1.9153614
-0.61291564 7.699753 1.6472107
-0.68953 7.584831 1.4173673
-0.7661445 7.393295 1.1875241
-0.842759 7.2783732 1.2641386
-0.99598795 7.163451 1.685518
-1.1109097 7.0485296 2.2601264
-1.2641385 7.0102224 3.1028855
-1.2641385 6.780379 2.6431987
-1.2641385 6.6654572 1.6089036
-1.1875241 6.588843 0.30645782
-0.99598795 6.62715 -0.68953013
-0.842759 6.933608 -0.99598795
-0.7661445 7.163451 -0.49799395
-0.842759 7.2783732 0.6895301
-1.1492168 7.2783732 1.9536685
-1.532289 7.086837 2.9113493
-1.8770542 6.856993 3.1411924
-2.1068976 6.588843 2.6431985
-2.1452048 6.397307 1.7238252
-1.9919758 6.2823853 0.88106626
-1.685518 6.3206925 0.3830723
-1.3790601 6.4739213 0.3830723
-1.0726023 6.742072 0.88106626
-0.80445176 7.010223 1.4556746
-0.6895301 7.1251445 1.8387469
-0.49799395 7.1634517 2.1068974
-0.38307226 7.0485296 1.9919758
-0.38307226 6.7420716 1.6089035
-0.34476504 6.397307 1.340753
-0.4213795 5.975928 0.91937345
-0.4213795 5.5928555 0.61291564
-0.34476504 5.4396267 0.53630114
-0.19153613 5.363012 0.6512228
0.2681506 5.592855 1.2258312
0.61291564 5.822698 1.532289
0.95768064 6.129156 1.532289
1.3024457 6.4739213 1.2641385
1.6089035 6.588843 -0.038307235
1.5322891 6.435614 -0.61291564
1.340753 6.1674633 -0.91937345
1.1492169 6.129156 -0.7661446
1.1492169 6.2057705 -0.34476507
1.2641386 6.473922 0.15322891
1.5705963 6.8569937 0.68953013
1.8387469 7.163451 0.91937345
1.9919758 7.3549876 0.6895301
2.030283 7.469909 0.22984335
1.9153614 7.431602 -0.3830723
1.7621324 7.2783732 -0.9576807
1.685518 7.240066 -1.0726024
1.685518 7.3932953 -0.7278373
1.8004398 8.236053 0.49799392
1.7621325 8.542511 0.84275895
1.5322891 8.6574335 0.8810662
1.1109096 8.465897 0.6895301
0.4213795 8.159439 0.19153613
0.34476507 8.00621 0.0
0.4596867 8.00621 -0.11492168
0.72783726 8.159439 -0.11492168
1.0342951 8.848969 0.038307227
1.1109096 9.193734 0.19153613
1.0726024 9.461885 0.34476504
1.0726024 9.653421 0.57460845
1.1492168 9.691729 0.8044517
1.2258313 9.691729 1.1109096
1.2641385 9.615114 1.3407528
1.2258313 9.576807 1.37906
0.9959879 9.5385 1.4556746
0.6895301 9.461885 1.4939818
0.38307226 9.385271 1.4939818
0.19153613 9.346964 1.6089036
0.19153613 9.5385 1.7238252
0.34476504 9.921572 1.8004396
0.5363012 10.189722 2.0685904
0.5363012 10.266336 2.336741
0.3064578 10.113108 2.48997
-0.11492168 9.844957 2.834735
-0.5746084 9.730036 3.1411927
-0.80445176 9.80665 3.4093432
-0.84275895 9.998186 3.6008794
-0.6895301 10.113108 3.5242648
-0.45968673 10.113108 3.1028855
-0.30645782 9.921572 2.7581205
-0.22984335 9.691729 2.6815057
-0.344765 9.576807 2.9113493
-0.5363012 9.5385 3.6774936
-0.7278373 9.691729 4.5202527
-0.842759 10.036493 5.3247046
-0.842759 10.189722 5.7843914
-0.842759 10.228029 5.7843914
-0.8810662 9.883265 5.2863975
-1.0342951 9.232041 4.6351748
-1.2258313 8.6574335 4.137181
-1.340753 8.350975 3.9456444
-1.3024458 8.504204 4.0222588
-1.1109096 9.002199 4.2137947
-0.842759 9.691729 4.5202527
-0.5363012 10.342951 4.903325
-0.38307226 10.879252 5.2863975
-0.30645782 11.185711 5.4779334
-0.30645782 11.262325 5.5162406
-0.49799395 10.91756 5.209783
-0.7278373 10.342951 4.865018
-0.91937345 9.768343 4.711789
-1.0342951 9.423578 4.55856
-0.91937345 9.691729 4.6351743
-0.6895301 10.342952 4.865018
-0.5746084 10.994174 5.056554
-0.49799395 11.33894 5.4779334
-0.5363012 11.18571 5.6311626
-0.6895301 10.76433 5.6311626
-0.7278373 10.419565 5.439626
-0.6895301 10.228029 5.1331687
-0.61291564 10.342951 4.9416323
-0.49799395 10.534488 4.8267107
-0.4213795 10.764331 5.133168
-0.38307226 10.994174 5.5928555
-0.4213795 11.109096 6.090849
-0.45968673 11.18571 6.5888433
-0.49799395 11.18571 6.7803793
-0.57460845 11.147403 6.7803793
-0.6512228 11.070788 6.8186865
-0.6895301 11.070788 6.9719152
-0.7661445 11.185711 7.2017584
-0.84275895 11.300632 7.2783732
-0.95768064 11.492168 7.508217
-1.1109096 11.60709 7.776367
-1.3024458 11.60709 8.121132
-1.5705963 11.645397 8.542512
-1.8004397 11.568783 8.810662
-1.9536686 11.377247 8.810662
-2.0685902 11.185711 8.734048
-2.1452048 10.802638 8.504204
-2.2601264 10.419565 8.197746
-2.4133554 10.0748005 8.00621
-2.48997 9.653421 7.546524
-2.4516628 9.5385 7.3549876
-2.2601266 9.500193 7.125144
-2.1068976 9.500193 6.933608
-2.030283 9.500193 6.933608
-2.0685902 9.308657 6.6271505
-2.1452048 9.078814 6.4356146
-2.1452048 8.887277 6.205771
-2.0685902 8.848969 6.090849
-1.9153614 8.925584 6.090849
-1.7621324 8.963891 5.899313
-1.685518 8.887277 5.5928555
-1.685518 8.657433 5.056554
-1.685518 8.312668 4.5585604
-1.7238252 7.967903 4.2137947
-1.6472107 7.8912888 4.060566
-1.2641385 8.312668 4.290409
-0.9959879 8.772355 4.405331
-0.7661445 9.002198 4.405331
-0.53630114 9.11712 4.1371803
-0.4213795 9.040505 3.7924154
-0.34476504 8.925584 3.3327286
-0.34476504 8.887277 2.9113493
-0.38307226 8.848969 2.7198133
-0.45968676 8.810662 2.7198133
-0.5363012 8.6574335 2.9113493
-0.57460845 8.580819 3.141193
-0.49799395 8.504205 3.141193
-0.34476504 8.504205 2.9879637
-0.15322891 8.734048 2.7964277
0.038307227 8.963892 2.681506
0.038307227 9.232042 2.6431987
-0.076614454 9.461885 2.834735
-0.34476504 9.423578 3.026271
-0.6895301 9.155427 3.2178073
-0.9576807 8.734048 3.4476504
-1.0726024 8.389282 3.562572
-0.99598795 8.274361 3.6391866
-0.8044518 8.465897 3.6774938
-0.5746084 8.848969 3.6774938
-0.4213795 9.193734 3.4476504
-0.30645782 9.385271 3.217807
-0.26815057 9.346964 3.064578
-0.22984336 9.155428 3.1028852
-0.11492168 9.078813 3.4476504
0.038307227 9.232041 3.715801
0.34476504 9.385271 3.715801
0.61291564 9.615114 3.3710358
0.80445176 9.730036 2.7964275
0.9576807 9.576807 2.3367407
0.9576807 9.5385 2.0685902
0.9193735 9.346964 2.3750482
0.8810662 9.078814 2.9496565
0.7278373 8.925585 3.5242648
0.5746084 8.734048 3.9073372
0.5363012 8.6574335 3.9073372
0.61291564 8.772355 3.5242648
0.80445176 8.963891 2.9113493
0.9959879 9.232042 2.4133554
1.0726024 9.5385 2.1068976
0.9193734 9.653421 2.4133554
0.6512228 9.653421 3.1794999
0.38307226 9.576807 4.060566
0.11492168 9.500193 4.7884035
-0.038307227 9.461885 4.9799395
0.0 9.461885 4.7884035
0.11492168 9.5385 4.3287168
0.34476504 9.615114 3.6391864
0.61291564 9.768343 3.1411924
0.8044518 9.959879 2.9496565
0.9193735 10.036493 3.0262709
0.8810662 10.113108 3.4859576
0.7661446 9.998186 3.9456444
0.5363012 9.730036 4.2521024
0.4213795 9.500192 4.4819455
0.45968673 9.270349 4.5202527
0.61291564 9.232041 4.4053307
0.9576807 9.308657 4.0222588
1.3024458 9.500193 3.5242648
1.6089035 9.691729 3.026271
1.8770541 9.691729 2.719813
1.9919758 9.653421 2.7581203
1.9536686 9.461885 3.1028852
1.8770542 9.232042 3.5242648
1.7621324 9.11712 4.0222588
1.7238252 8.925584 4.367024
1.8004397 8.810662 4.367024
1.9153614 8.887277 4.2137947
2.1452048 9.002198 3.7924154
2.3750482 9.2703495 3.371036
2.5665843 9.576807 3.1028855
2.681506 9.691729 3.0645783
2.681506 9.80665 3.217807
2.6431987 9.844957 3.4093432
2.4899697 9.653421 3.6774938
2.2984335 9.461885 3.9456444
2.030283 9.193734 4.098873
1.7621324 9.002198 4.2137947
1.6089035 9.002198 4.2137947
1.5705963 9.11712 3.86903
1.532289 9.270349 3.6008792
1.4939818 9.423578 3.4859576

