1.4939818 9.576807 3.4093432
1.4173673 9.5385 3.6008794
-0.30645782 9.232042 4.098873
0.38307226 9.998186 4.252102
1.0342951 10.840945 4.5585604
1.877054 12.028469 5.3630114
1.6472107 11.798626 5.4779334
1.4939818 11.645397 5.5545483
1.1109096 11.33894 5.5928555
0.9576807 11.032482 5.4396267
0.80445176 10.6877165 5.133168
0.6895301 10.381259 4.6351748
0.61291564 10.304645 3.7541082
0.53630114 10.342952 3.409343
0.4213795 10.381259 3.2561142
0.30645782 10.381259 3.217807
0.19153613 10.381259 3.3327289
0.19153613 10.266337 3.9839516
0.2681506 10.0748005 4.3287168
0.34476504 9.80665 4.596867
0.3830723 9.615114 4.596867
0.15322891 9.385271 3.9073372
0.0 9.308657 3.6008792
-0.11492168 9.308657 3.4859576
-0.15322891 9.2703495 3.6008792
-0.19153613 9.232041 4.1371803
-0.19153613 9.232041 4.1754875
-0.22984335 9.232041 3.9456444
-0.30645782 9.193734 3.5242648
-0.5363012 9.040505 3.1411927
-0.8044517 8.848969 2.9879637
-1.0342951 8.580818 3.1028855
-1.1109096 8.389282 3.371036
-1.0342951 8.312668 3.562572
-0.6895301 8.389282 3.2944217
-0.6512228 8.42759 2.7581205
-0.7278373 8.42759 2.183512
-0.8810662 8.350975 1.7238252
-0.8810662 8.236053 1.685518
-0.61291564 8.427589 1.9919758
-0.2681506 8.69574 2.2984338
0.038307227 9.040505 2.528277
0.15322891 9.2703495 2.6048913
0.076614454 9.155428 2.6431987
-0.15322891 8.887277 2.7581205
-0.38307226 8.42759 2.9113493
-0.5363012 8.0445175 2.9113493
-0.57460845 7.8529816 2.4516625
-0.49799395 7.967903 2.0685902
-0.38307226 8.121132 2.030283
-0.22984335 8.274361 2.1452048
-0.11492168 8.274361 2.3750482
-0.038307227 8.274361 2.681506
0.0 8.274361 2.7964277
-0.15322891 8.00621 2.834735
-0.4213795 7.776367 2.834735
-0.7661445 7.4316025 2.873042
-1.1492168 6.9719152 2.7581203
-1.3024457 6.8569937 2.6431985
-1.1875241 6.895301 2.3750482
-0.91937345 7.2400656 1.9153613
-0.57460845 7.6614456 1.6089035
-0.34476507 7.929596 1.1492168
-0.26815057 8.082825 0.9576807
-0.30645782 7.929596 0.9193734
-0.4213795 7.6231384 1.1109096
-0.53630114 7.3932953 1.4939818
-0.7278373 7.163451 1.9536686
-0.99598795 7.0485296 2.2601264
-1.0342952 7.0102224 2.183512
-0.9576807 7.0485296 1.9153614
-0.842759 7.125144 1.7238252
-0.49799395 7.3166804 1.3790601
-0.34476504 7.2783732 1.3024457
-0.22984335 7.201759 1.1875241
-0.038307227 7.086837 1.2258313
0.34476504 6.895301 1.9919758
0.6895301 6.8569937 2.4516625
0.91937345 6.7803793 2.6048915
1.1109096 6.8186865 2.5282772
1.1492169 6.742072 1.8387469
1.2258313 6.473922 1.1492168
1.532289 5.746084 0.07661445
1.8004396 5.66947 0.0
1.9919758 5.975928 0.38307226
2.1835117 6.4356146 0.8810662
2.3750482 6.9719152 1.3024458
2.4516625 7.508217 1.5705963
2.566584 7.8912888 1.685518
2.6431987 8.0445175 1.6472108
2.719813 8.121132 1.4173675
2.719813 7.8912888 1.1492168
2.5665843 7.73806 0.7278373
2.0685904 7.8146744 0.11492168
1.9536686 8.121132 0.076614454
1.9536686 8.427589 0.22984335
2.1452048 8.69574 0.5746084
2.336741 8.925584 0.9959879
2.336741 9.002198 1.1492168
2.183512 9.002198 0.8810662
1.838747 9.002198 0.26815057
1.4939818 8.887277 -0.49799395
1.2641385 8.810662 -1.1492168
1.2258313 8.734048 -1.3407528
1.2641386 8.580819 -1.1492168
1.1109096 8.580819 -0.68953013
0.8810662 8.695741 -0.2681506
0.53630114 8.810662 0.11492168
0.19153613 9.078814 0.22984336
0.076614454 9.308657 0.19153613
0.2681506 9.385271 0.076614454
0.5363012 9.423578 -0.2681506
0.8044518 9.270349 -0.61291564
0.8810662 9.040505 -1.0726024
0.57460845 9.155427 -1.4173675
0.4213795 9.346964 -1.2641385
0.45968676 9.500193 -0.99598783
0.49799395 9.5385 -0.6895301
0.5746084 9.385271 -0.38307226
0.5363012 9.193734 0.038307235
0.4596867 8.963891 0.45968676
0.30645782 8.734048 0.8044518
0.11492168 8.619126 1.0342952
-0.076614454 8.772356 0.9576807
-0.30645782 9.040506 0.8044518
-0.45968673 9.308657 0.6512228
-0.5746084 9.461885 0.53630114
-0.61291564 9.423578 0.5746084
-0.6512228 9.385271 0.80445176
-0.6512228 9.385271 0.99598783
-0.7661445 9.423578 1.1875241
-0.9576807 9.461885 1.4173675
-1.0726024 9.423578 1.4556746
-1.1875241 9.423578 1.4556746
-1.0726024 9.576807 1.3790603
-0.8810662 9.730036 1.2641385
-0.7278373 9.883265 1.1109097
-0.68953 9.998186 1.0726023
-0.8810662 9.998186 1.1492169
-1.1492169 9.921572 1.1492169
-1.4173675 9.844957 1.3407531
-1.685518 9.730036 1.532289
-1.8004396 9.576807 1.6472108
-1.8004396 9.576807 1.8770542
-1.838747 9.691729 2.030283
-1.9153614 9.80665 2.2601264
-1.9919758 9.921572 2.4516625
-2.1068974 10.036493 2.6048915
-2.0685902 10.266336 2.681506
-1.8770542 10.572794 2.7198133
-1.8004396 10.994173 3.026271
-1.7621324 11.338939 3.2178073
-1.8770541 11.453861 3.562572
-2.030283 11.492168 3.9456444
-2.030283 11.415554 4.098873
-1.9919759 11.415554 4.3287163
-1.8004397 11.60709 4.4436383
-1.6472108 11.87524 4.405331
-1.6089036 12.181698 4.367024
-1.6089036 12.449848 4.443639
-1.7238252 12.449848 4.5585604
-1.838747 12.296619 4.8267107
-1.9536686 12.028469 5.056554
-1.9919758 11.760319 5.2480903
-1.9919758 11.722012 5.401319
-1.9536686 11.722012 5.363012
-1.9153614 11.760319 5.3247046
-1.9153614 11.722012 5.1714754
-1.9153614 11.568783 5.056554
-1.9153614 11.530476 5.056554
-1.8387469 11.568783 5.094861
-1.8004397 11.60709 5.133168
-1.838747 11.60709 5.133168
-2.0685902 11.262325 5.2097826
-2.336741 10.955868 5.363012
-2.6048913 10.726024 5.516241
-2.911349 10.534488 5.6311626
-3.256114 10.304644 5.861006
-3.371036 10.151415 5.899313
-3.4476504 9.998186 5.7843914
-3.562572 9.80665 5.5928555
-3.6391866 9.5385 5.3630123
-3.6774938 9.308657 5.133168
-3.715801 9.155427 5.133168
-3.7541084 9.078813 5.24809
-3.7541084 9.193735 5.2863975
-3.7924156 9.385271 5.439626
-3.86903 9.461885 5.439626
-3.9456444 9.500193 5.363012
-4.0222588 9.346964 5.439626
-4.0222588 9.002198 5.363012
-4.0222588 8.580819 5.2480903
-3.9456444 8.197746 5.056554
-3.7541084 7.8146744 4.6734815
-3.4859576 7.776367 4.367024
-3.1795 8.082825 4.2137947
-2.834735 8.580818 4.0222588
-2.566584 9.193734 4.1371803
-2.528277 9.5385 4.405331
-2.4899697 9.346964 4.367024
-2.528277 8.887277 4.4436383
-2.566584 8.465897 4.252102
-2.4899697 8.197746 3.86903
-2.3750482 8.427589 3.562572
-2.2218192 8.810662 3.2561145
-2.0685902 9.2703495 3.1411927
-1.9536686 9.730036 3.1028855
-1.8387469 9.998186 3.2944214
-1.8004397 10.113108 3.4476502
-1.8387469 9.921572 3.6774936
-1.9536686 9.5385 3.9073372
-2.0685902 9.11712 4.0222588
-2.183512 8.772355 4.098873
-2.183512 8.734048 3.9456444
-1.9919758 9.002198 3.7541084
-1.8004396 9.38527 3.6008792
-1.6089035 9.80665 3.6774936
-1.532289 10.189722 3.9456444
-1.4939818 10.342951 4.3287163
-1.4556746 10.266336 4.750096
-1.4556746 10.151415 4.9416323
-1.3790601 9.768343 4.8267107
-1.3790601 9.423578 4.405331
-1.3790601 9.308657 3.9073372
-1.4173673 9.193735 3.562572
-1.4556745 9.193735 3.6774936
-1.5322891 9.193735 4.1754875
-1.6472107 9.078813 4.6351743
-1.4939818 8.963891 4.9416323
-1.1492168 9.155428 4.865018
-0.57460845 9.461885 4.405331
0.07661443 9.80665 4.060566
0.45968673 10.0748005 3.8307228
0.49799395 9.959879 3.6391864
0.22984336 9.500193 3.5242648
-0.11492168 8.887277 3.4093432
-0.2681506 8.350975 3.4093432
-0.2681506 8.00621 3.4476504
-0.038307227 7.967903 3.524265
0.30645782 8.236053 3.524265
0.6895301 8.580818 3.2178073
1.0726023 8.96389 2.7198133
1.340753 9.117121 2.336741
1.3790601 9.002199 2.1452048
1.2258313 8.810663 2.336741
0.9959879 8.542512 3.0262709
0.7278373 8.465898 3.7158008
0.61291564 8.580819 4.2137947
0.68953013 8.810662 4.405331
0.8044518 9.002198 4.060566
0.9576807 9.232042 3.5242648
1.0726024 9.423578 2.8347347
1.0726024 9.461885 2.2601264
1.0342952 9.5385 2.183512
0.9959879 9.461885 2.5665843
0.9193735 9.346964 3.4476507
0.8044518 9.193735 4.367024
0.6512229 8.925584 5.0948615
0.5746084 8.848969 5.439626
0.6129156 8.734048 5.363012
0.80445176 8.810662 5.056554
1.1109096 8.963891 4.3670235
1.3790601 9.11712 3.6774938
1.6472107 9.308656 3.1794999
1.8770541 9.461885 2.9496567
2.1068974 9.653421 3.1795
2.2984338 9.691729 3.7158012
2.3750482 9.730036 4.2521024
2.336741 9.691729 4.7500963
2.2218192 9.615114 5.0182467
2.1452048 9.576807 4.9416323
2.030283 9.423578 4.5585604
2.030283 9.193735 4.0222588
2.030283 9.002198 3.562572
1.9919758 8.887277 3.217807
2.030283 9.002198 3.1794999

