1.9536686 9.232042 3.4476504
1.8770542 9.423578 3.715801
1.7621324 9.500193 4.2137947
-0.4213795 9.040505 4.252102
-0.114921704 9.883265 4.252102
0.53630114 10.726024 4.367024
1.2258313 11.87524 4.903325
1.685518 12.679692 5.209783
1.7621325 12.641385 5.056554
1.9536686 12.373234 4.7500963
1.9536686 12.296619 4.596867
1.9536686 12.181698 4.55856
1.8770542 12.066776 4.3670235
1.8004397 11.9135475 4.290409
1.7238252 11.722012 4.252102
1.6089035 11.645397 4.1754875
1.4556746 11.568783 4.2137947
1.2641385 11.377247 4.1754875
1.0726024 11.109097 4.290409
0.842759 10.726025 4.520252
0.61291564 10.381258 4.7500963
0.4213795 10.189722 5.056554
0.30645782 10.113108 5.133168
0.34476504 10.113108 4.9416323
0.49799398 10.113108 4.673482
0.68953013 10.0748005 4.2521024
0.8044517 10.036493 3.86903
0.8044517 10.036493 3.5625722
0.7278373 9.998186 3.2944214
0.6512228 9.959879 3.217807
0.53630114 9.883265 3.2944214
0.42137948 9.691729 3.4093432
0.22984335 9.500193 3.5242648
0.0 9.232042 3.5242648
-0.19153613 8.963892 3.4093432
-0.34476504 8.772355 3.2944214
-0.45968673 8.695741 3.1411927
-0.5363012 8.734048 2.9879637
-0.5746084 8.810662 2.873042
-0.5746084 8.887277 2.681506
-0.5746084 8.848969 2.566584
-0.61291564 8.810662 2.528277
-0.7661445 8.734048 2.4516625
-1.0342951 8.465898 2.566584
-1.2258313 8.159439 2.6048915
-1.3024457 7.8912888 2.566584
-1.2258313 7.6614456 2.4516625
-0.9576807 7.73806 2.2218192
-0.7661446 7.776367 2.030283
-0.6895301 7.8146744 1.9536686
-0.6512228 7.8529816 2.0685902
-0.72783726 7.776367 2.2218192
-0.7661445 7.8146744 2.183512
-0.7661445 7.8529816 2.030283
-0.72783726 7.8912888 1.8387469
-0.72783726 7.8529816 1.5705963
-0.72783726 7.8529816 1.3790601
-0.7661446 7.73806 1.2258313
-0.80445176 7.6614456 1.1875241
-0.842759 7.6614456 1.3790603
-0.842759 7.546524 1.8004396
-0.8810662 7.4699097 2.030283
-0.9959879 7.3166804 1.9919758
-1.0726023 7.163451 1.685518
-1.1875241 7.0485296 1.2641385
-1.1875241 7.0102224 0.9959879
-1.0726024 7.0485296 0.6895301
-0.9193735 7.1251445 0.49799395
-0.6512228 7.393295 0.49799395
-0.42137948 7.699753 0.5363012
-0.34476504 7.929596 0.80445176
-0.38307226 8.00621 1.1492168
-0.61291564 7.8529816 1.1492168
-0.95768064 7.431602 1.1109096
-1.2641385 6.933608 1.1875241
-1.4556745 6.62715 1.0726024
-1.4556745 6.4739213 1.0726024
-1.2641385 6.62715 0.9959879
-0.8810662 7.086837 0.68953013
-0.45968673 7.5465236 0.61291564
-0.19153613 7.967903 0.61291564
-0.038307227 8.236053 0.84275895
-0.076614454 8.197746 1.0342951
-0.30645782 7.8912888 1.0342951
-0.5363012 7.4699097 0.99598783
-0.6512228 7.086837 0.72783726
-0.6512228 6.7803793 0.61291564
-0.4596867 6.6654572 0.6895301
-0.15322891 6.6654572 0.7661446
0.076614454 6.818686 0.9959879
0.30645782 7.0102224 1.1875241
0.5363012 7.201759 1.2641386
0.7278373 7.3166804 1.2641386
0.9193735 7.201759 1.1492168
0.99598795 6.895301 1.0726024
0.9576807 6.3589997 0.9959879
0.91937345 5.746084 0.9576807
0.9576807 5.2480903 0.9576807
1.1492169 4.9799395 1.0726024
1.4556746 5.2097826 1.1492168
1.8770542 5.7460837 1.1492168
2.3750482 6.3589997 1.1492168
2.834735 6.9719152 0.9576807
3.1795 7.2783732 0.80445176
3.2944217 7.240066 0.7661445
3.141193 7.04853 0.6512228
2.873042 6.742072 0.49799392
2.6431985 6.397307 0.26815057
2.4133554 6.2823853 0.076614454
2.2601264 6.2823853 0.038307227
2.1452045 6.435614 0.076614454
2.0685902 6.6271505 0.22984336
2.1068974 6.742072 0.2681506
2.2218192 6.933608 0.34476504
2.336741 7.0485296 0.22984336
2.4133554 7.240066 0.076614454
2.4133554 7.431602 0.0
2.2601264 7.546524 -0.11492168
1.9919758 7.6231384 -0.076614454
1.685518 7.73806 -0.076614454
1.4556746 7.776367 0.0
1.3407528 7.73806 0.076614454
1.2641385 7.776367 0.22984338
1.1875241 7.73806 0.34476507
1.0342951 7.8529816 0.38307226
0.8044518 7.929596 0.30645782
0.6895301 8.159439 0.30645782
0.6895301 8.542511 0.45968673
0.842759 9.002199 0.7661445
1.1492168 9.500193 1.1492168
1.4556746 9.921572 1.3790601
1.4939818 9.998186 1.532289
1.1875241 9.691729 1.6089035
0.7278373 9.2703495 1.6089035
0.11492169 8.8489685 1.5322891
-0.2681506 8.69574 1.3407531
-0.30645782 8.848969 1.0726023
-0.19153613 9.346963 0.7661445
0.15322888 9.921572 0.6895301
0.4596867 10.457873 0.80445176
0.61291564 10.91756 1.0726024
0.61291564 11.070788 1.6472108
0.34476504 10.802638 2.183512
-0.11492169 10.457872 2.834735
-0.57460845 10.036493 3.4859576
-1.0726024 9.653421 3.9073372
-1.340753 9.5385 4.1371803
-1.3790603 9.500193 3.9073372
-1.3407531 9.576807 3.2561142
-1.1875241 9.576807 2.681506
-1.0726024 9.5385 2.183512
-0.9193735 9.385271 1.9153614
-0.7661445 9.346964 1.9919758
-0.53630114 9.500193 2.1068976
-0.34476504 9.768343 2.336741
-0.22984335 10.266337 2.681506
-0.3064578 10.649409 3.1794999
-0.6512229 10.840945 3.8307226
-1.1492168 10.879252 4.405331
-1.9153614 10.534487 4.750096
-2.566584 9.921572 4.55856
-3.1028852 9.461885 3.86903
-3.409343 9.040506 2.9879637
-3.3710358 8.963892 2.1452048
-3.2561142 9.346964 1.7238252
-3.026271 9.883265 1.7238252
-2.834735 10.572794 2.2218192
-2.6815062 11.262324 3.0262709
-2.566584 12.066776 3.9073372
-2.528277 12.832921 4.7884035
-2.528277 13.522451 5.439626
-2.681506 13.982138 5.899313
-2.9113493 14.020445 6.0525417
-3.1411927 13.790602 6.2057705
-3.4093432 13.484144 6.282385
-3.5625722 13.369223 6.4356136
-3.6774938 13.369223 6.7803793
-3.7158012 13.599066 7.086837
-3.7158012 13.905523 7.2783737
-3.7158012 14.09706 7.4699097
-3.6774938 14.09706 7.508217
-3.7158012 13.790603 7.431602
-3.7541084 13.292608 7.3166804
-3.8307228 12.679692 7.0485296
-3.86903 12.220005 6.856993
-3.86903 11.798626 6.62715
-3.9073372 11.453861 6.5122285
-3.86903 11.224018 6.3589997
-3.7541084 11.070788 6.090849
-3.6008794 11.109097 5.7843914
-3.3327289 11.109097 5.3247046
-3.1411927 11.147404 5.094861
-3.064578 10.994175 5.0182467
-3.1028855 10.649409 5.056554
-3.2944214 10.266336 5.2097826
-3.5242648 9.768343 5.2097826
-3.7924154 9.2703495 5.2097826
-4.0222588 8.925584 5.1714754
-4.1754875 8.810662 5.24809
-4.1371803 9.002199 5.401319
-4.0222588 9.2703495 5.401319
-3.7541084 9.576807 5.3247046
-3.4859576 9.691729 5.133168
-3.3327286 9.461885 4.865018
-3.2944214 9.155428 4.711789
-3.4476504 8.695741 4.6351743
-3.6008794 8.350975 4.6351743
-3.7541084 8.350975 4.6351743
-3.6774938 8.542511 4.711789
-3.4859576 8.963891 4.673482
-3.217807 9.232041 4.4819455
-2.9113493 9.308656 4.175488
-2.719813 9.155427 3.7158012
-2.5665843 8.848969 3.2944217
-2.4899697 8.6574335 3.064578
-2.4516625 8.465898 2.9113493
-2.4516625 8.580819 2.9879637
-2.4899697 8.887277 3.1794999
-2.6048913 9.078813 3.3327289
-2.7964275 9.155427 3.5625722
-3.0262709 8.925584 3.6008794
-3.217807 8.427589 3.5625722
-3.2944214 8.0445175 3.5242648
-3.1411927 7.929596 3.3327286
-2.7581205 7.967903 3.1411927
-2.336741 8.312668 3.1028855
-1.9153614 8.734047 3.0262709
-1.685518 9.078813 3.0262709
-1.685518 9.500193 3.1794999
-1.7621324 9.691729 3.1794999
-1.9536686 9.730036 3.1411927
-2.1068974 9.423578 3.0262709
-2.1835117 8.848969 2.9113493
-2.2601264 8.197747 2.834735
-2.1452048 7.6231384 3.1028852
-1.9153614 7.73806 3.6774938
-1.4939818 8.350976 4.098873
-0.8810662 9.308656 4.290409
-0.34476504 10.381258 3.9456444
0.076614454 10.840945 3.217807
0.15322891 10.649409 2.2984335
0.038307227 10.074801 1.685518
-0.114921674 9.308657 1.685518
-0.30645782 8.810662 2.1452048
-0.4596867 8.734048 3.0645783
-0.61291564 8.734048 4.098873
-0.8044518 8.772355 4.55856
-1.0342952 8.619126 4.6734815
-1.0342952 8.389282 4.405331
-0.80445176 8.389282 3.9073372
-0.42137948 8.619125 3.4476504
0.15322891 9.040505 3.1028855
0.5746084 9.461885 3.026271
0.80445176 9.80665 2.9113493
0.842759 9.883265 3.0645783
0.6895301 9.80665 3.3327289
0.4596867 9.730036 3.6008794
0.26815057 9.5385 3.9456444
0.22984336 9.500193 4.060566
0.4213795 9.653421 3.9839516
0.7661445 9.883265 3.6008792
1.0726024 10.113108 3.1028852
1.2641385 10.151415 2.7198129
1.1875241 9.998186 2.4899697
0.91937345 9.653421 2.681506
0.61291564 9.308657 3.0645783
0.34476504 9.002199 3.4476507
0.30645782 8.695741 3.7158012
0.49799395 8.542512 3.7158012
0.842759 8.504205 3.5242648
1.2258312 8.619126 3.1794999
1.532289 8.772355 2.8347347
1.7238252 8.925584 2.6048913
1.7238252 9.040505 2.5665843
1.6089036 9.078813 2.7581203
1.4173675 9.155427 3.1028855
1.2258313 9.155427 3.4476504
1.1109096 9.002198 3.7541082
1.0726024 8.887277 3.9073372
1.1109097 8.848969 3.9839516
1.2641385 9.002198 3.9839516
1.4939818 9.346963 3.7924156
1.7238252 9.653421 3.6008792
1.8770542 9.921572 3.3710358
1.8770542 9.959879 3.2944214
1.7621324 9.959879 3.4859576
1.5705963 9.959879 3.8690298
1.4173675 9.883265 4.2137947
1.3407528 9.883265 4.4053307
1.3407528 9.80665 4.4053307
1.4939818 9.80665 4.252102
1.685518 9.959879 4.0222588
1.8770541 10.151415 3.8307228
1.9536686 10.381259 3.86903
1.8770541 10.457873 3.9839516
1.685518 10.304644 4.060566
1.4939818 9.998186 4.1754875
1.3024457 9.691729 4.098873
1.0726023 9.461885 3.7541082
0.9193734 9.423578 3.715801

