0.842759 9.5385 3.7924154
0.842759 9.653421 3.9839518
0.9193735 9.80665 4.405331
-0.38307223 9.232042 4.5585604
-0.03830719 10.0748005 4.673482
0.61291564 10.994174 4.865018
1.4556746 11.836933 5.2863975
1.8004396 12.603078 5.6311626
1.6855179 12.373235 5.746084
1.4173673 11.9135475 6.0142345
1.4173673 11.760319 6.090849
1.4556746 11.722012 5.9759274
1.5705962 11.760319 5.7843914
1.6089036 11.87524 5.439626
1.532289 11.760319 5.133168
1.340753 11.645397 4.9799395
1.1492168 11.453861 4.865018
0.91937345 11.18571 4.7500963
0.6895301 11.032481 4.711789
0.53630114 10.802638 4.6351743
0.344765 10.496181 4.55856
0.22984336 10.266337 4.6351743
0.19153613 10.113108 4.55856
0.11492168 10.036493 4.5202527
0.11492168 10.036493 4.405331
0.076614454 9.998186 4.3287163
0.0 9.883265 4.252102
-0.11492168 9.730036 4.1371803
-0.2681506 9.653421 4.0222588
-0.34476504 9.653421 3.9073372
-0.34476504 9.653421 3.7541084
-0.26815057 9.691729 3.524265
-0.19153613 9.653421 3.3327286
-0.26815057 9.500193 3.1028855
-0.45968673 9.346964 3.1411927
-0.6512229 9.193734 3.2178073
-0.842759 9.11712 3.4476504
-0.88106626 9.193734 3.6391869
-0.7278373 9.308657 3.7541084
-0.49799395 9.308657 3.8307228
-0.30645782 9.232042 3.5625722
-0.19153613 9.078813 3.217807
-0.30645782 8.887277 2.7581203
-0.5363012 8.734048 2.413355
-0.7278373 8.580818 2.375048
-0.80445176 8.465897 2.4516625
-0.6512228 8.504204 2.6815057
-0.42137948 8.657433 2.9496565
-0.22984335 8.810662 3.064578
-0.22984335 8.963891 3.0262709
-0.4213795 8.963891 2.9113493
-0.61291564 8.810662 2.6431987
-0.80445176 8.657433 2.4133554
-0.91937345 8.350975 2.2601264
-0.91937345 8.121132 2.030283
-0.91937345 8.0445175 1.8004397
-0.8810662 8.159439 1.6472107
-0.7661445 8.465897 1.685518
-0.61291564 8.772355 2.1068974
-0.57460845 8.887277 2.719813
-0.68953013 8.69574 3.3327289
-0.9576807 8.274361 3.7541084
-1.340753 7.776367 3.6774938
-1.6472108 7.316681 3.371036
-1.685518 7.0485296 2.719813
-1.5705963 7.0485296 1.9153614
-1.3790601 7.125144 1.1109096
-1.0342951 7.393295 0.45968673
-0.68953013 7.8529816 0.0
-0.3830723 8.159439 -0.076614454
-0.19153613 8.389283 0.19153613
-0.22984336 8.42759 0.49799395
-0.45968673 8.159439 0.9576807
-0.842759 7.73806 1.2641385
-1.187524 7.163451 1.2641385
-1.4173673 6.7037644 1.1109096
-1.5322891 6.3206925 0.8810662
-1.4173673 6.2440777 0.53630114
-1.1492168 6.435614 0.34476504
-0.84275895 6.742072 0.19153613
-0.57460845 7.086837 0.15322891
-0.34476507 7.2783732 0.34476504
-0.30645782 7.3549876 0.57460845
-0.4213795 7.278373 1.0342952
-0.61291564 7.086837 1.493982
-0.88106626 6.8186865 1.8004397
-1.0342951 6.5888433 1.9153614
-1.0726024 6.435614 1.6089035
-0.8810662 6.435614 1.1492168
-0.5363012 6.62715 0.842759
-0.15322891 6.8569937 0.7661445
0.26815057 7.0102224 0.9959879
0.53630114 7.163451 1.4939818
0.61291564 7.2017584 1.7621323
0.6512228 7.2017584 1.8770541
0.5746084 7.086837 1.8770541
0.5363012 6.8186865 1.5322891
0.6512228 6.5505357 1.3024457
0.7661445 6.282385 1.1875241
0.8810662 6.129156 1.1875241
0.9193735 6.0142345 1.2641385
0.8810662 6.0525417 1.3790601
0.842759 6.1674633 1.4556745
0.91937345 6.3589993 1.4173673
1.1109096 6.473922 1.4556746
1.3790603 6.4356136 1.4173673
1.6472108 6.320692 1.3024458
1.9153614 6.2440777 1.2641385
2.1068974 6.397307 1.0342951
2.1452045 6.6654572 0.6512229
2.1452045 6.9719152 0.30645782
2.1835117 7.393295 -0.11492168
2.2984338 7.8146744 -0.38307226
2.528277 8.236053 -0.38307226
2.7198133 8.542512 -0.34476504
2.681506 8.542512 -0.22984335
2.2601264 8.274361 0.0
1.8004396 7.967903 0.038307227
1.4556746 7.73806 0.076614454
1.2258313 7.6231384 0.076614454
1.2258313 7.6231384 0.0
1.1875241 7.546524 0.076614454
0.9576807 7.546524 0.11492168
0.6895301 7.699753 0.2681506
0.45968676 7.929596 0.49799395
0.38307226 8.236053 0.6512228
0.4596867 8.42759 0.7278373
0.61291564 8.465898 0.61291564
0.842759 8.542512 0.4213795
0.8044518 8.580819 0.22984335
0.5363012 8.619126 0.15322891
0.22984336 8.6574335 0.076614454
-0.15322891 8.695741 -0.15322891
-0.30645782 8.887277 -0.4213795
-0.15322891 9.193735 -0.49799395
0.22984336 9.576807 -0.49799395
0.80445176 9.959879 -0.26815057
1.3407531 10.151415 0.0
1.6089036 10.151415 0.038307227
1.3790603 9.998186 0.0
0.8810662 9.691729 -0.19153613
0.344765 9.308657 -0.38307226
0.076614454 9.117121 -0.38307226
0.19153613 9.117121 -0.2681506
0.5363012 9.308657 0.038307227
0.9959879 9.615114 0.45968673
1.2641385 9.80665 0.5363012
1.3024458 9.653421 0.7278373
1.0726024 9.461885 0.80445176
0.61291564 9.308657 0.842759
0.19153613 9.385271 1.1875241
-0.076614454 9.80665 1.4173675
-0.15322891 10.228029 1.8004397
-0.11492168 10.534488 2.2218192
-0.11492168 10.572795 2.6431987
-0.19153613 10.457872 3.217807
-0.34476504 10.304644 3.5242648
-0.49799395 10.228029 3.715801
-0.5363012 10.266336 3.6391864
-0.5363012 10.381259 3.2561142
-0.49799398 10.419566 2.834735
-0.3830723 10.381259 2.3750482
-0.30645782 10.342951 2.1452048
-0.30645782 10.342951 2.0685902
-0.34476504 10.49618 2.1452045
-0.45968673 10.802638 2.3367407
-0.61291564 11.032482 2.4516625
-0.80445176 11.109097 2.6431987
-0.9959879 10.955868 2.9113493
-1.2641385 10.611102 3.217807
-1.4939818 10.266336 3.4859576
-1.5322891 10.113108 3.4859576
-1.493982 10.228029 3.1794999
-1.340753 10.572794 2.6431987
-1.1875241 11.109097 2.0685902
-1.1875241 11.60709 1.9919759
-1.3024457 11.530476 2.4133554
-1.4939818 11.224018 3.0262709
-1.6089036 10.994175 3.5242648
-1.685518 10.994175 3.86903
-1.7621324 11.147404 4.060566
-1.838747 11.415554 4.098873
-1.9919758 11.645397 4.1371803
-2.183512 11.798626 4.1754875
-2.375048 11.836933 4.252102
-2.528277 11.760319 4.3287168
-2.6048915 11.760319 4.5585604
-2.6431987 11.87524 4.9416323
-2.6048915 12.143392 5.3630114
-2.528277 12.603078 5.861006
-2.528277 13.024458 6.090849
-2.528277 13.177687 6.090849
-2.6431987 13.1393795 6.0525417
-2.7964277 12.871229 5.93762
-2.9879637 12.449849 5.899313
-3.1795 12.105083 5.8226986
-3.3327289 11.836933 5.66947
-3.4859576 11.645397 5.6311626
-3.5242648 11.530476 5.6311626
-3.5242648 11.453861 5.7843914
-3.4859576 11.33894 6.014235
-3.371036 11.300632 6.052542
-3.3327289 11.147404 5.8993134
-3.4093432 10.955867 5.5928555
-3.4093432 10.6877165 5.2863975
-3.4859576 10.189722 4.9416323
-3.6391864 9.844957 4.865018
-3.562572 9.461885 4.673482
-3.562572 9.346964 4.711789
-3.4476504 9.423578 4.8267107
-3.1411927 9.576807 4.7884035
-3.026271 9.80665 4.7884035
-2.9113493 9.844957 4.405331
-2.9113493 9.80665 4.060566
-3.0262709 9.5385 3.7158012
-3.1028852 9.193735 3.677494
-3.1411924 8.848969 3.86903
-3.064578 8.6574335 4.1371803
-2.9496565 8.6574335 4.3670235
-2.7964277 8.734048 4.405331
-2.6431987 9.002198 4.290409
-2.566584 9.232042 4.0222588
-2.528277 9.5385 3.86903
-2.4899697 9.883265 3.6774938
-2.566584 9.883265 3.5242648
-2.681506 9.730036 3.4476504
-2.8347347 9.232041 3.371036
-3.0262709 8.504205 3.562572
-3.1411927 8.0445175 3.8307228
-3.1028852 7.8146744 4.0988736
-2.8730419 8.00621 4.2521024
-2.566584 8.619126 4.0222588
-2.183512 9.193734 3.7158012
-1.9919758 9.615114 3.4859576
-1.9536686 9.768343 3.371036
-2.1068976 9.615114 3.6008797
-2.2984335 9.346964 4.0605664
-2.4516625 9.193735 4.4819455
-2.6048915 8.963891 4.865018
-2.681506 8.69574 4.903325
-2.873042 8.350975 4.6351743
-3.0262709 7.8146744 4.443638
-3.0262709 7.508217 4.252102
-2.7964275 7.3932953 4.252102
-2.336741 7.6614456 4.405331
-1.685518 8.236053 4.4436383
-1.0726024 8.887277 4.405331
-0.6512229 9.500193 4.098873
-0.34476507 9.921572 3.7924156
-0.26815057 10.113108 3.4476504
-0.45968673 9.998186 3.1411927
-0.7661445 9.5385 3.0645783
-1.1875241 8.810662 2.8347347
-1.5705963 8.082825 2.681506
-1.6472108 7.546524 2.681506
-1.4556746 7.546524 2.719813
-0.9959879 8.00621 2.8730419
-0.42137948 8.657433 2.8730419
7.4505806E-9 9.38527 2.6815057
0.26815057 9.80665 2.336741
0.30645782 9.844957 1.9919758
0.038307227 9.5385 1.8004396
-0.34476504 9.040505 1.8387468
-0.68953013 8.504205 2.183512
-0.91937345 8.236053 2.681506
-0.91937345 8.350975 3.1411924
-0.6895301 8.619125 3.4859576
-0.38307226 9.078814 3.5242648
-0.11492168 9.461885 3.2561145
0.076614454 9.500193 3.0645783
0.11492168 9.38527 3.0262709
-0.038307227 9.11712 3.3327289
-0.30645782 8.772355 3.8307228
-0.42137948 8.580819 4.213795
-0.30645782 8.619126 4.3287168
0.038307235 8.887277 3.9839516
0.5363012 9.232041 3.5242648
0.88106626 9.500193 2.834735
1.0342952 9.615114 2.2218192
1.0342952 9.615114 1.9919758
0.9193735 9.461885 2.2601264
0.8044518 9.308657 2.9496565
0.68953013 9.11712 3.7924154
0.61291564 8.925584 4.5968676
0.6512228 8.810662 4.903325
0.6895301 8.848969 4.8267107
0.80445176 8.925584 4.5202527
0.91937345 9.002198 3.86903
1.0342951 9.193734 3.1794999
1.2641385 9.308657 2.834735
1.4939818 9.423578 2.719813
1.7621324 9.653421 2.9879637
1.9536686 9.844957 3.6391866
1.9919759 9.998186 4.405331
1.9919759 10.151415 5.0182467
1.9153614 10.189722 5.2863975
1.8770542 10.113108 5.2480903
1.9919758 10.036493 4.711789
2.0685902 10.036493 4.137181
2.1452045 9.998186 3.7541084
2.183512 10.113108 3.4093432
2.0685904 10.189722 3.371036
1.9919759 10.266336 3.3327286
1.9536686 10.419566 3.409343
1.8387469 10.342951 3.6008794
1.8004397 10.304644 3.8307226

