1.7238252 10.228029 4.098873
-0.07661446 9.193735 4.060566
7.4505806E-9 9.730036 3.9456444
0.5746084 10.611101 4.098873
1.2258313 11.33894 4.405331
1.7238252 12.105083 4.7884035
1.8770542 12.296619 5.171476
2.030283 12.449849 5.439626
2.0685902 12.488156 5.707777
1.9919758 12.373235 5.7843914
1.7621324 12.066776 5.66947
1.4939818 11.798626 5.5162406
1.3790601 11.645397 5.2480903
1.3790601 11.683704 4.9416323
1.5705963 11.990162 4.711789
1.8387469 12.411542 4.405331
2.0685902 12.832921 4.252102
2.2601264 13.101071 4.1754875
2.221819 13.139379 4.1371803
2.1068974 12.98615 4.098873
1.9536686 12.641385 4.2137947
1.8004398 12.29662 4.4053307
1.7238252 11.990162 4.481945
1.6472108 11.683704 4.711789
1.4939818 11.415554 4.7500963
1.3024458 11.109097 4.5585604
1.0342951 11.032482 4.6351748
0.8810662 11.147404 4.5585604
0.842759 11.377247 4.5968676
0.842759 11.492168 4.711789
0.91937345 11.33894 4.6351743
0.7661446 10.994174 4.4436383
0.49799395 10.496181 4.1371803
0.15322891 10.189722 3.9456444
-0.19153613 9.921572 3.9073372
-0.34476504 9.653421 3.9073372
-0.34476504 9.5385 3.9073372
-0.30645782 9.308657 3.7541082
-0.22984336 9.155428 3.4093432
-0.19153613 9.11712 3.064578
-0.19153613 9.040505 2.911349
-0.11492168 9.078813 2.8347347
-0.038307227 9.078813 3.1411927
0.15322891 9.11712 3.5242648
0.38307226 9.155427 3.6008794
0.5746084 9.155427 3.6391866
0.6512228 9.155427 3.217807
0.53630114 9.040505 2.681506
0.30645782 8.887277 2.2601264
0.0 8.6574335 1.9919758
-0.2681506 8.312668 2.1068976
-0.4213795 8.00621 2.4899697
-0.49799398 7.776367 2.7581203
-0.4213795 7.699753 2.9879637
-0.2681506 7.776367 2.7964277
-0.11492168 7.929596 2.2218192
0.0 8.082825 1.838747
-0.076614454 8.121132 1.493982
-0.30645782 8.0445175 1.3790603
-0.7661446 7.699753 1.6855179
-1.2641386 7.240066 2.1068974
-1.5705965 6.8569937 2.566584
-1.685518 6.5505357 2.9879637
-1.532289 6.5122285 3.2178073
-1.2258313 6.62715 3.141193
-0.91937345 6.7803793 2.6048915
-0.61291564 7.0102224 1.8004396
-0.38307226 7.086837 0.91937345
-0.22984336 7.125144 0.22984336
-0.22984336 7.0485296 0.114921674
-0.2681506 6.933608 0.42137948
-0.30645782 6.933608 1.0726023
-0.3830723 6.9719152 1.685518
-0.4213795 7.0485296 2.030283
-0.53630114 7.086837 2.2218192
-0.68953013 6.9719152 2.0685902
-0.842759 6.742072 1.7621324
-0.9576807 6.5505357 1.4173675
-1.0726024 6.3589997 1.0726023
-1.1109096 6.435614 0.80445176
-1.0342952 6.6654577 0.80445176
-0.88106626 6.8953013 1.1109096
-0.38307226 7.3932953 1.8770541
-0.19153613 7.508217 2.183512
-0.038307227 7.546524 2.0685902
0.038307227 7.546524 1.8770541
-0.11492168 7.4316025 1.532289
-0.30645782 7.2783732 1.1875241
-0.61291564 7.125144 1.1109096
-0.8044517 6.895301 0.9959879
-0.7278373 6.7803793 1.2258313
-0.49799395 6.8186865 1.6089034
-0.11492167 7.010223 1.877054
0.2681506 7.240066 2.183512
0.49799395 7.431602 2.1452048
0.5746084 7.5082164 1.9153614
0.5363012 7.431602 1.7621324
0.34476507 7.2783732 1.7238252
0.22984336 7.0868373 1.7621324
0.15322891 7.04853 1.8004398
0.15322891 7.0868373 1.6472108
0.26815057 7.1634517 1.4556746
0.4213795 7.3166804 1.1875241
0.6512229 7.4699097 1.0342951
0.99598795 7.6614456 0.9959879
1.3790603 7.8912888 1.0726024
1.6472108 8.00621 1.1492168
1.8004398 7.929596 1.0342951
1.7621325 7.73806 0.84275895
1.6472107 7.4699097 0.3830723
1.5705963 7.3166804 7.4505806E-9
1.6089035 7.2783732 -0.11492168
1.7621324 7.393295 0.0
2.030283 7.6614456 0.30645782
2.2984338 7.8912888 0.7278373
2.4133554 8.0445175 0.8044518
2.4133554 8.0445175 0.45968676
2.2218192 7.8529816 0.0
1.9536686 7.6614456 -0.61291564
1.7238252 7.469909 -0.91937345
1.4939818 7.3166804 -0.7661446
1.3407528 7.2783732 -0.5746084
1.2641385 7.3932953 -0.34476504
1.2641385 7.699753 -0.30645782
1.4556746 8.121132 -0.49799395
1.6472107 8.504204 -0.6512228
1.7621324 8.695741 -0.6895301
1.8387469 8.542512 -0.61291564
1.6089035 8.197746 -0.4596867
1.2258313 7.8529816 -0.4596867
0.8044518 7.584831 -0.5746084
0.3830723 7.546524 -0.61291564
0.15322891 7.6231384 -0.61291564
0.22984335 7.8146744 -0.30645782
0.49799395 8.00621 0.1532289
0.842759 8.312668 0.34476507
1.1109096 8.69574 0.34476507
1.1492169 9.078814 0.038307235
0.95768064 9.423578 -0.53630114
0.6512228 9.461885 -1.0342951
0.34476504 9.270349 -1.1109096
0.15322891 8.963891 -0.9193734
0.22984335 8.580818 -0.57460845
0.34476504 8.350975 -0.19153613
0.30645782 8.274361 -0.11492168
0.15322891 8.236053 -0.26815057
-0.15322891 8.274361 -0.5363012
-0.3830723 8.389282 -0.80445176
-0.3830723 8.580818 -0.91937345
-0.15322891 8.887277 -0.842759
0.22984335 9.308656 -0.4213795
0.6512228 9.653421 0.19153613
0.9576807 10.189722 0.7661445
0.9576807 10.611101 1.3024457
0.68953013 10.879252 1.5705963
0.2681506 11.032481 1.7238252
-0.15322891 10.802637 1.8770542
-0.45968673 10.419565 2.030283
-0.7278373 9.959879 2.1452048
-0.9193734 9.500193 2.2984338
-1.0726023 9.155427 2.4899697
-1.1109097 9.155427 2.681506
-0.99598795 9.423577 2.9496565
-0.7661445 9.959879 2.9879637
-0.34476504 10.611102 2.8347347
0.038307235 11.070788 2.4516625
0.2681506 11.33894 1.9919758
0.30645782 11.185711 1.8004396
0.03830722 10.840946 1.8004396
-0.4213795 10.419565 2.0685902
-0.8044517 9.998186 2.4516625
-1.0342951 9.844957 2.7964275
-1.0342951 9.883265 3.0262709
-0.7661445 10.036493 2.9879637
-0.4213795 10.342951 2.9496565
-0.19153613 10.76433 2.8730419
-0.038307227 11.147403 2.7581203
-0.038307227 11.60709 2.7964275
-0.11492168 11.87524 2.7964275
-0.2681506 11.951855 2.7964275
-0.49799395 11.9135475 2.8347347
-0.7278373 11.645397 2.9496565
-1.0342951 11.3006315 3.0262709
-1.2641385 10.955867 3.1794999
-1.4939818 10.611101 3.371036
-1.685518 10.419565 3.562572
-1.685518 10.534487 3.9456444
-1.6472108 10.726023 4.1371803
-1.4556746 11.070788 4.1754875
-1.187524 11.415554 4.098873
-0.8810662 11.760319 3.7924156
-0.53630114 12.181698 3.6391866
-0.344765 12.526463 3.7924156
-0.26815057 12.832921 4.1371803
-0.34476507 12.98615 4.7500963
-0.5363012 12.98615 5.1714754
-0.61291564 12.947843 5.363012
-0.6512228 12.871228 5.209783
-0.61291564 12.717999 4.7884035
-0.57460845 12.603078 4.4819455
-0.61291564 12.334928 4.290409
-0.6512228 12.143391 4.4436383
-0.6895301 12.028469 4.788403
-0.7661445 11.9135475 5.1714754
-0.80445176 11.951855 5.439626
-0.88106626 11.87524 5.439626
-0.99598795 11.722012 5.2480903
-1.1109096 11.530476 5.056554
-1.1875241 11.185711 4.711789
-1.1875241 10.917561 4.5585604
-1.2258313 10.649409 4.5585604
-1.1875241 10.496181 4.5968676
-1.1875241 10.457873 4.8267107
-1.2258313 10.457873 4.865018
-1.2641385 10.496181 4.9416323
-1.3407528 10.304645 4.8267107
-1.4556746 10.151415 4.7117887
-1.5705962 9.883265 4.6351743
-1.7238252 9.691729 4.4436383
-1.838747 9.653421 4.4819455
-1.8770542 9.653421 4.5585604
-1.9919758 9.80665 4.711789
-1.9919758 9.998186 4.7884035
-2.030283 10.113108 4.711789
-2.2218192 10.036493 4.5202527
-2.3750482 9.768343 4.290409
-2.5282772 9.346964 4.1371803
-2.6431987 8.963892 4.1371803
-2.6431987 8.734048 4.1754875
-2.4516628 8.734048 4.098873
-2.2601266 9.040505 3.9839516
-2.0302832 9.500193 3.7158008
-1.8770542 9.844957 3.4476502
-2.030283 9.844957 3.5242648
-2.2218192 9.5385 3.5625722
-2.4133554 9.078814 3.6774938
-2.4899697 8.734048 3.9073372
-2.4133554 8.6574335 3.86903
-2.2601264 8.772355 3.86903
-2.0685902 9.11712 3.715801
-1.8770541 9.500193 3.4093432
-1.7238252 9.844957 3.2561142
-1.6089035 9.883265 3.064578
-1.7238252 9.730036 3.1411927
-1.8387469 9.423578 3.3327289
-1.8770542 9.155428 3.4859576
-1.9536686 9.078813 3.677494
-1.8770541 9.11712 3.677494
-1.8004396 9.232042 3.6008797
-1.8004396 9.308657 3.4476504
-1.838747 9.346964 3.371036
-1.8770542 9.232042 3.4093432
-1.9919758 9.155427 3.6391869
-2.030283 8.963891 3.9456444
-1.9919758 8.810662 4.2904096
-1.8004396 8.887277 4.405331
-1.532289 9.078814 4.3287168
-1.2258313 9.423578 4.098873
-0.9576807 9.768343 3.7924154
-0.9576807 9.768343 3.562572
-1.0726023 9.500193 3.3327286
-1.2641385 9.155428 3.3710358
-1.3790601 8.695741 3.3710358
-1.2641385 8.504204 3.5242648
-1.0342951 8.504204 3.6008792
-0.7278373 8.695741 3.371036
-0.45968673 9.040505 3.064578
-0.30645782 9.308657 2.6048913
-0.2681506 9.461885 2.183512
-0.38307226 9.385271 2.1068976
-0.5746084 9.117121 2.4133554
-0.7661446 8.810663 2.9113493
-0.842759 8.542512 3.6008792
-0.6895301 8.389283 4.060566
-0.49799395 8.42759 4.060566
-0.30645782 8.542512 3.7158012
-0.11492168 8.695741 3.1794999
-0.11492168 8.810662 2.6431987
-0.19153613 8.925584 2.2984335
-0.30645782 8.925584 2.4133554
-0.45968673 8.887277 2.834735
-0.57460845 8.810662 3.371036
-0.61291564 8.619125 3.9073372
-0.53630114 8.542511 4.2904096
-0.42137948 8.580818 4.3287168
-0.22984335 8.657433 4.1371803
0.07661445 8.887277 3.7924154
0.3830723 9.155427 3.1411924
0.7278373 9.385271 2.528277
1.0726023 9.576807 2.030283
1.2258313 9.653421 1.8004396
1.2641385 9.615114 2.0685902
1.1875241 9.461885 2.4899697
0.9959879 9.2703495 3.1411924
0.8810662 9.193734 3.754108
0.80445176 9.11712 4.060566
0.80445176 9.232042 4.1754875
0.8810662 9.461885 3.9839516
0.9576807 9.5385 3.6008794
1.0726024 9.5385 3.2944217
1.1109096 9.38527 2.987964
1.1492169 9.155427 2.9113493
1.2641385 9.078813 2.873042
1.3790601 9.11712 2.9496567
1.5705963 9.232042 3.141193
1.7238252 9.385271 3.2561145
1.8004397 9.500193 3.5242648
1.7621324 9.653421 3.8307228
1.6472107 9.80665 4.1371803
1.6089035 9.921572 4.4819455
1.5322891 9.959879 4.750096
1.4939818 9.921572 4.7117887
1.4939818 9.768343 4.4436383
1.4556746 9.576807 4.137181
1.4173675 9.461885 3.7541084
1.340753 9.346964 3.6008792
1.2641385 9.385271 3.6391866
1.1492168 9.461885 3.6391866
1.1109096 9.461885 3.6774938
1.1875241 9.500193 3.562572
1.2258313 9.461885 3.562572

