1.2258313 9.461885 3.6391866
1.1875241 9.576807 3.7541084
-0.03830722 9.2703495 3.7541082
0.03830722 9.80665 3.7541082
0.49799395 10.572795 3.9073372
1.0342951 11.224017 3.9839516
1.4939818 12.143391 4.098873
1.532289 12.449848 4.2137947
1.532289 12.794613 4.55856
1.532289 13.062765 4.903325
1.532289 13.177687 5.2863975
1.4939818 13.177687 5.5928555
1.4556746 13.101071 5.861006
1.4173675 13.024457 5.9759274
1.4939818 12.98615 6.129156
1.6089035 13.062764 6.320692
1.7621324 13.062764 6.3973064
1.8387469 12.98615 6.5122285
1.7621324 12.794614 6.320692
1.5705963 12.411541 6.129156
1.3024458 11.990162 5.8226986
1.0342951 11.568783 5.401319
0.842759 11.18571 5.209783
0.80445176 10.955867 4.9799395
0.842759 10.687716 4.711789
0.9193735 10.611101 4.55856
0.9193735 10.572794 4.367024
0.8810662 10.534487 4.1754875
0.80445176 10.49618 4.2137947
0.7661445 10.342951 4.367024
0.7661445 10.0748005 4.4436383
0.6895301 9.691729 4.405331
0.5746084 9.4618845 4.137181
0.49799395 9.38527 3.7924156
0.45968676 9.4618845 3.562572
0.45968676 9.500193 3.4859576
0.45968676 9.500193 3.6008794
0.38307226 9.385271 3.7541082
0.22984336 9.193734 3.9456444
0.11492168 9.040505 3.86903
0.0 8.848969 3.6774938
-0.11492168 8.6574335 3.4093432
-0.19153613 8.542512 3.1411927
-0.2681506 8.542512 3.1028852
-0.34476504 8.504205 3.2944214
-0.38307226 8.542512 3.6008792
-0.4213795 8.465897 3.907337
-0.4213795 8.350975 4.060566
-0.45968673 8.350975 3.9839516
-0.49799398 8.236053 3.6008792
-0.53630114 8.197746 3.0262709
-0.57460845 8.159439 2.4899697
-0.45968673 8.197746 1.8770542
-0.30645782 8.312668 1.4173675
-0.11492168 8.42759 1.1875241
0.076614454 8.580819 1.1109096
0.11492168 8.619126 1.2258313
0.0 8.542511 1.4173673
-0.22984336 8.312668 1.532289
-0.5363012 8.0445175 1.7238252
-0.7278373 7.8912888 1.9919758
-0.80445176 7.929596 2.3750482
-0.7278373 8.197746 2.681506
-0.53630114 8.42759 2.5665843
-0.34476504 8.619126 2.1452048
-0.19153613 8.6574335 1.4173675
-0.15322891 8.580819 0.7278373
-0.2681506 8.504205 0.61291564
-0.3830723 8.465898 0.8810662
-0.4213795 8.389282 1.6089035
-0.49799395 8.312668 2.4516625
-0.5746084 8.274361 3.064578
-0.7661445 8.00621 3.4093432
-1.0342951 7.776367 3.2178073
-1.2258313 7.546524 2.566584
-1.37906 7.3166804 1.8004397
-1.4173673 7.240066 1.1109096
-1.3790601 7.240066 0.6512228
-1.340753 7.240066 0.6512228
-1.2258313 7.201759 0.8810662
-1.1492168 7.163451 1.2641385
-1.1109096 7.125144 1.8387468
-1.0726024 7.125144 2.2218192
-1.0726024 7.125144 2.2601264
-1.0726024 7.1634517 1.8770541
-1.0342951 7.201759 1.2641385
-1.0342951 7.201759 0.61291564
-0.9959879 7.201759 0.2681506
-0.842759 7.163451 0.4213795
-0.4213795 7.2017584 1.3790603
-0.11492168 7.31668 1.8387468
0.11492168 7.3549876 1.9153613
0.22984336 7.3549876 1.7621325
0.2681506 7.201759 1.3790601
0.2681506 6.9719152 1.1492168
0.30645782 6.895301 0.9959879
0.49799398 6.895301 1.0342951
0.7278373 6.9719152 0.9959879
0.9193734 7.163451 0.91937345
0.95768064 7.3549876 0.9576807
0.842759 7.393295 1.0342951
0.61291564 7.3166804 1.3024457
0.38307226 7.2017584 1.6089035
0.26815057 6.9336076 1.9153614
0.30645782 6.7037644 2.2601264
0.5363012 6.7420716 2.4516625
0.84275895 6.8186865 2.3750482
1.1875241 6.9719157 2.1452048
1.4939818 7.2783732 1.7238253
1.7238252 7.508217 1.3024458
1.8770542 7.699753 1.1109096
1.9919758 7.929596 1.0342951
2.030283 8.0445175 1.1492168
1.9919758 8.082825 1.4173673
1.9536686 8.082825 1.4939818
1.8004397 7.967903 1.4556746
1.7238252 7.8146744 1.0726024
1.6472107 7.6614456 0.4596867
1.5705963 7.6231384 0.22984336
1.5705963 7.776367 0.15322891
1.532289 7.929596 0.4213795
1.5705963 8.121132 0.8044518
1.5705963 8.312668 0.8810662
1.5322891 8.350975 0.7278373
1.4556746 8.427589 0.30645782
1.2641385 8.465898 -0.11492169
1.1109096 8.465898 -0.49799395
1.0342952 8.42759 -0.6895301
0.9959879 8.389282 -0.80445176
0.9959879 8.274361 -0.9576807
0.9193734 8.159439 -1.0342951
0.6895301 8.0445175 -0.91937345
0.38307226 7.929596 -0.72783726
7.4505806E-9 7.8146744 -0.49799395
-0.22984335 7.73806 -0.30645782
-0.26815057 7.699753 -0.45968673
-0.19153613 7.8529816 -0.6512229
0.0 8.121132 -0.91937345
0.19153613 8.350976 -1.2641385
0.34476504 8.6574335 -1.4556746
0.4213795 8.810662 -1.5705965
0.49799395 8.963891 -1.4556746
0.49799395 9.078813 -1.1875241
0.38307226 9.11712 -0.8810662
0.22984335 9.078813 -0.45968673
0.076614454 8.963891 -0.038307242
-0.076614454 8.810662 0.26815057
-0.15322891 8.734048 0.53630114
-0.076614454 8.810662 0.53630114
0.038307227 9.078813 0.2681506
0.11492168 9.423578 -0.11492169
0.19153613 9.691729 -0.45968673
0.22984335 9.883265 -0.6512228
0.344765 9.959879 -0.7278373
0.5363012 10.0748005 -0.5746084
0.7278373 10.189722 -0.26815057
0.7661446 10.266336 0.19153613
0.5746084 10.228029 0.6512229
0.22984336 10.0748005 1.0342951
-0.2681506 9.921572 1.1492168
-0.6512229 9.768343 0.9959879
-0.9193735 9.691729 0.8810662
-0.9959879 9.730036 0.8810662
-0.842759 9.730036 0.95768064
-0.6512229 9.691729 1.1492168
-0.49799395 9.691729 1.3024457
-0.45968673 9.653421 1.4173675
-0.49799395 9.768343 1.532289
-0.53630114 9.998186 1.685518
-0.53630114 10.266336 1.7621324
-0.4213795 10.49618 1.7238252
-0.2681506 10.611102 1.7621324
-0.15322891 10.572795 1.685518
-0.11492168 10.304645 1.5705963
-0.26815057 9.959879 1.3790601
-0.4596867 9.576807 1.1875241
-0.6512228 9.308657 1.2258313
-0.72783726 9.346964 1.6089034
-0.6895301 9.576807 2.183512
-0.5746084 9.998186 2.7581203
-0.5363012 10.49618 2.9879637
-0.5746084 10.802638 2.873042
-0.6512228 10.840945 2.4899697
-0.842759 10.649408 2.030283
-0.842759 10.266336 1.6855179
-0.7278373 9.998186 1.5705963
-0.5363012 10.189722 1.7621324
-0.30645782 10.6877165 2.183512
-0.26815057 11.262324 2.7964275
-0.42137948 11.798626 3.4476502
-0.7278373 11.951855 4.098873
-1.0342951 11.87524 4.367024
-1.1875241 11.760319 4.367024
-1.1875241 11.645397 3.9839516
-0.9959879 11.645397 3.5242648
-0.8044517 11.87524 3.371036
-0.68953 12.220005 3.4476504
-0.61291564 12.603078 3.9073372
-0.61291564 12.871228 4.2904096
-0.5746084 12.947843 4.5202527
-0.49799395 12.947843 4.55856
-0.34476504 12.679691 4.252102
-0.22984336 12.334927 3.9456444
-0.30645782 12.143391 4.098873
-0.4596867 12.143391 4.596867
-0.5363012 12.066776 5.0182467
-0.61291564 12.066776 5.2863975
-0.6512228 11.990162 5.2480903
-0.68953 11.87524 4.97994
-0.7278373 11.760319 4.711789
-0.7278373 11.530476 4.5968676
-0.8044517 11.33894 4.520253
-0.8810662 11.18571 4.520253
-0.9576807 11.032481 4.673482
-1.1109097 10.955867 4.711789
-1.1492169 10.91756 4.865018
-1.1492169 10.879252 5.056554
-1.1875241 10.879252 5.056554
-1.2641385 10.879252 5.094861
-1.3407528 10.726024 5.056554
-1.5322891 10.457873 4.903325
-1.685518 10.189722 4.8267107
-1.7621325 9.883265 4.7500963
-1.8004397 9.730036 4.6351748
-1.7621325 9.730036 4.5202527
-1.7238252 9.768343 4.481945
-1.7238252 9.883265 4.3287163
-1.8004397 9.921572 4.2137947
-1.9919758 9.844957 4.1754875
-2.183512 9.730036 4.060566
-2.3750482 9.576807 4.0222588
-2.528277 9.461885 4.060566
-2.5665843 9.461885 4.2137947
-2.5282772 9.461885 4.252102
-2.4133554 9.500193 4.290409
-2.2984335 9.653421 4.1754875
-2.183512 9.691729 3.9073372
-2.1452048 9.80665 3.6774936
-2.1452048 9.80665 3.4859576
-2.1452048 9.730036 3.4093432
-2.1068974 9.691729 3.371036
-2.1068974 9.423578 3.4093432
-2.0685902 9.11712 3.4093432
-2.030283 8.848969 3.3327289
-2.030283 8.619126 3.3327289
-1.9536686 8.580819 3.2944217
-1.8770542 8.772355 3.2944217
-1.7621324 9.155427 3.371036
-1.6089036 9.500192 3.2944217
-1.532289 9.844957 3.1795
-1.4939818 9.921572 3.026271
-1.532289 9.653421 2.834735
-1.6855179 9.2703495 2.719813
-1.8387469 8.734048 2.7964277
-1.9536686 8.389282 2.9496565
-1.9919758 8.159439 3.1411924
-1.8770542 8.197746 3.371036
-1.6472108 8.465897 3.371036
-1.4173675 8.772354 3.3327286
-1.1492168 9.155428 3.409343
-0.9193734 9.461885 3.409343
-0.8044517 9.615114 3.562572
-0.7661445 9.5385 3.715801
-0.7661445 9.308657 3.7924156
-0.6512228 9.155427 3.86903
-0.38307226 9.11712 3.6391866
-0.07661444 9.2703495 3.2561142
0.19153613 9.423578 2.7964275
0.26815057 9.5385 2.4133554
0.26815057 9.615114 2.183512
0.26815057 9.691729 2.183512
0.30645782 9.844957 2.2984335
0.30645782 9.883265 2.6048913
0.22984336 9.844957 3.1794996
0.0 9.653421 3.754108
-0.3830723 9.385271 4.1754875
-1.0726024 8.6574335 4.0222588
-1.2258313 8.350975 3.562572
-1.2258313 8.159439 3.1028855
-1.1109096 8.121132 2.6431987
-0.91937345 8.236053 2.719813
-0.7661445 8.427589 3.1411924
-0.6512228 8.810662 3.7158008
-0.61291564 9.232041 4.4819455
-0.61291564 9.5385 4.7884035
-0.61291564 9.691729 4.7500963
-0.6512228 9.5385 4.520253
-0.68953 9.232042 4.060566
-0.7278373 8.848969 3.677494
-0.6895301 8.542511 3.4093432
-0.45968673 8.350975 3.2561142
-0.15322891 8.427589 3.217807
0.30645782 8.772354 3.2561142
0.7278373 9.193734 3.2944217
0.9576807 9.576807 3.3327289
1.1492169 9.615114 3.3327289
1.2258313 9.500193 3.2178073
1.3407531 9.346963 3.1411927
1.6472108 9.155427 3.0262709
2.030283 9.308656 2.719813
2.4516625 9.5385 2.4516625
2.7964275 9.691729 2.0685902
3.0262709 9.768343 1.8387469
3.1028852 9.615114 2.1068974
2.9879637 9.461885 2.3750482
2.7964275 9.423578 2.681506
2.6048913 9.461885 3.0645783
2.4516625 9.5385 3.1794999
2.4516625 9.576807 3.2561142
2.4516625 9.500193 3.2561142
2.4516625 9.346964 2.9496565
2.4133554 9.155428 2.681506
2.3367407 9.040506 2.6431987
2.3750482 9.002198 2.873042
2.3750482 9.155427 3.371036
2.4899697 9.500192 3.8307228
2.6431985 9.730036 4.098873
2.7581203 9.959879 4.1754875
2.8347347 10.036493 3.9839516
2.7581203 9.844957 3.715801
2.6048913 9.653421 3.4476504
2.3367407 9.385271 3.217807
2.1068976 9.232042 3.1794999
1.9919758 9.232042 3.217807
1.9919758 9.385271 3.4476504
2.1452045 9.730036 3.6774938
2.2984338 9.998186 3.86903
2.336741 10.113108 3.9839516
2.2218194 9.998186 3.8307228
1.8770542 9.730036 3.677494

