1.4556746 9.461885 3.5242648
1.0726024 9.193735 3.4859576
0.842759 9.002199 3.6391864
0.7278373 8.772355 3.9073372
0.53630114 9.040506 4.367024
0.53630114 9.653421 4.405331
0.49799395 10.266336 4.290409
0.61291564 10.534488 4.4819455
0.7661445 10.879252 4.6351743
0.8810662 10.955867 4.8267107
1.0342951 11.147404 5.133168
1.2258313 11.453861 5.2863975
1.4173673 11.836933 5.209783
1.6089035 12.220005 5.0182467
1.7621325 12.488155 4.711789
1.8004397 12.641385 4.5202527
1.7238252 12.717999 4.4436383
1.6472107 12.717999 4.481946
1.532289 12.717999 4.6351748
1.5705963 12.794614 4.865018
1.7238252 12.98615 5.133168
1.9153614 13.215994 5.2863975
2.1068974 13.292608 5.3247046
2.1068974 13.215994 5.0948615
1.9536686 12.947844 4.5968676
1.7238252 12.641385 4.175488
1.5322891 12.449849 3.9839516
1.4173673 12.488156 4.0988736
1.4173673 12.488156 4.5968676
1.4939818 12.411542 5.1331687
1.5705962 12.296619 5.3247046
1.685518 12.143391 5.209783
1.7621324 11.87524 4.7500963
1.8004397 11.645397 3.9073372
1.8387469 11.415554 3.2561145
1.8004397 11.070788 2.7964277
1.7238252 10.840945 2.6431985
1.5705962 10.649409 2.873042
1.3790603 10.419566 3.2178073
1.1875241 10.266337 3.4093432
0.9959879 10.228029 3.4859576
0.91937345 10.228029 3.6008794
0.842759 10.189722 3.4859576
0.7661445 10.0748005 3.4093432
0.61291564 9.80665 3.3327289
0.38307226 9.4618845 3.1028855
0.19153613 9.232041 2.9879637
-0.038307227 8.963891 2.9879637
-0.30645782 8.734048 3.0262709
-0.5363012 8.427589 3.0262709
-0.7278373 8.236053 2.9879637
-0.6512229 8.159439 3.0262709
-0.30645782 8.197746 2.9496565
0.07661446 8.350975 2.9113493
0.30645782 8.350975 2.834735
0.38307226 8.236053 2.6048915
0.22984336 8.121132 2.4516625
0.038307227 8.00621 2.2984335
0.0 7.967903 2.2601264
-0.076614454 8.00621 2.2218192
-0.15322891 7.967903 2.030283
-0.34476504 7.8146744 1.8004396
-0.6895301 7.6614456 1.532289
-0.9959879 7.584831 1.2258313
-1.1492168 7.6231384 1.1875241
-1.0726023 7.8912888 1.340753
-0.9193734 8.082825 1.5322891
-0.7661445 8.159439 1.8770541
-0.68953 8.159439 2.2601264
-0.72783726 8.082825 2.566584
-0.84275895 8.00621 2.7964275
-1.0726023 7.8912888 2.9113493
-1.3024457 7.699753 2.7581203
-1.6089035 7.4316025 2.528277
-1.7621324 7.2400656 2.2601264
-1.7238252 7.2400656 2.030283
-1.4556746 7.584831 1.8770542
-1.1492169 7.8912888 1.8770542
-0.88106614 8.121132 1.9919758
-0.80445176 8.159439 2.030283
-0.8810662 7.8146744 2.1452045
-0.9576807 7.4316025 2.1068974
-1.0726024 7.125144 1.9536686
-1.1492168 6.9719152 1.8387469
-1.3407528 6.9719152 1.7238252
-1.4556745 7.1251445 1.5705963
-1.4556745 7.240066 1.4556746
-1.4173673 7.3932953 1.3790601
-1.2641385 7.4316025 1.2258313
-1.1109096 7.4316025 1.1492168
-1.0342952 7.4316025 1.2258313
-0.9193735 7.3166804 1.4173673
-0.88106626 7.240066 1.685518
-0.842759 7.163451 1.9919758
-0.842759 7.086837 2.1835117
-0.842759 6.9719152 2.1068974
-0.80445176 6.933608 1.8004396
-0.80445176 6.933608 1.3790601
-0.6895301 6.933608 0.9959879
-0.53630114 7.163451 0.8810662
-0.30645782 7.354988 1.0726024
-0.038307227 7.4699097 1.340753
0.11492168 7.508217 1.5705965
0.15322891 7.3166804 1.7238252
0.11492168 7.086837 1.8770542
0.076614454 6.856993 1.9919758
0.076614454 6.7420716 1.9153614
0.19153613 6.856993 1.7238252
0.34476504 7.086837 1.2258313
0.5363012 7.3166804 0.842759
0.7278373 7.4699097 0.61291564
0.842759 7.393295 0.53630114
0.9576807 7.2017584 0.68953013
1.0726024 6.971915 0.68953013
1.2641386 6.818686 0.68953013
1.4556746 6.780379 0.57460845
1.6472108 6.818686 0.34476504
1.8004397 6.933608 0.26815057
1.8770541 7.086837 0.26815057
1.9919758 7.163451 0.38307226
2.030283 7.0485296 0.72783726
2.030283 6.8569937 0.9959879
1.9919758 6.588843 1.1492168
1.8770541 6.435614 1.0342952
1.9153614 6.5505357 0.68953013
2.0685904 6.933608 0.26815063
2.2601266 7.3932943 -0.038307227
2.4133554 7.73806 -0.15322891
2.336741 7.8912888 0.03830722
2.030283 7.6614456 0.26815057
1.5705963 7.2400656 0.45968673
1.1875241 7.0102224 0.61291564
0.9193734 6.9719152 0.3830723
0.842759 7.2783732 0.15322892
0.9193734 7.7380595 -0.15322891
1.0726024 7.967903 -0.34476507
1.2258313 8.082825 -0.34476507
1.3024458 8.0445175 -0.30645782
1.2641385 8.082825 -0.15322891
1.1492168 8.312668 -0.038307227
0.9959879 8.504205 -0.038307227
0.7661445 8.619126 0.0
0.6512228 8.580818 -0.038307227
0.5363012 8.465897 -0.26815057
0.45968673 8.350975 -0.53630114
0.45968673 8.389282 -0.84275895
0.45968673 8.542512 -0.9959879
0.49799398 8.772355 -0.8810662
0.61291564 9.040506 -0.42137948
0.7661445 9.232042 0.19153616
0.9193735 9.346964 0.6895301
0.9576807 9.346964 1.1109095
0.9193734 9.346964 1.1492168
0.8810662 9.385271 1.1492168
0.80445176 9.500193 1.1109096
0.7661445 9.653421 1.1109096
0.61291564 9.691729 1.3407528
0.30645782 9.691729 1.4556746
-0.11492168 9.576807 1.8004398
-0.45968676 9.423578 2.2984338
-0.61291564 9.461885 2.873042
-0.4213795 9.80665 3.7541084
-0.19153613 9.959879 3.86903
-0.076614454 9.959879 3.7924156
0.0 9.921572 3.7541084
-0.038307227 9.921572 3.7158012
-0.15322891 9.998186 3.6008794
-0.19153613 10.151415 3.4476504
-0.26815057 10.342951 3.3327286
-0.19153613 10.49618 3.217807
-0.15322891 10.534488 3.217807
-0.19153613 10.572795 3.3327286
-0.22984336 10.419565 3.4476504
-0.38307226 10.189722 3.6391866
-0.45968676 10.151415 3.6774938
-0.45968676 10.304644 3.715801
-0.4213795 10.611102 3.6774936
-0.38307226 11.032481 3.6391864
-0.4213795 11.377247 3.7924156
-0.5363012 11.492168 4.0222588
-0.7278373 11.645397 4.290409
-0.8810662 11.836933 4.443638
-0.9959879 12.066776 4.3670235
-1.0342952 12.411541 4.098873
-0.9193735 12.603077 3.9073372
-0.7661445 12.717999 3.9456444
-0.57460845 12.717999 4.213795
-0.34476504 12.717999 4.673482
-0.15322891 12.909536 5.0565543
-0.038307227 13.292608 5.209783
0.0 13.713987 5.4013195
-0.19153613 14.020445 5.5928555
-0.5746084 14.020445 5.7843914
-0.9959879 13.637373 5.9759274
-1.4556746 13.101072 6.0142345
-1.7621325 12.449848 5.93762
-1.838747 12.028469 5.899313
-1.7621324 11.9135475 5.861006
-1.532289 12.066776 5.899313
-1.3024457 12.373234 5.7843914
-1.1492168 12.526463 5.707777
-1.1492168 12.526463 5.5545483
-1.2641385 12.258312 5.477934
-1.4173675 11.9135475 5.516241
-1.5705965 11.492168 5.4013195
-1.6472108 10.764331 4.9799395
-1.6089036 10.534488 4.8267107
-1.6089036 10.457873 4.6734815
-1.6472108 10.419566 4.596867
-1.6472108 10.419566 4.6351748
-1.6472108 10.496181 4.4436383
-1.6089035 10.534488 4.405331
-1.6089035 10.572795 4.5202527
-1.7621324 10.419566 4.6351743
-1.8770541 10.342951 4.711789
-1.9919758 10.266336 4.711789
-2.1068974 10.266336 4.6351748
-2.2218192 10.304644 4.5968676
-2.3750482 10.113108 4.5968676
-2.528277 9.844957 4.520253
-2.6048915 9.5385 4.5968676
-2.6431987 9.232042 4.5585604
-2.566584 9.11712 4.3287168
-2.4133554 9.11712 4.060566
-2.2601264 9.040505 3.6391866
-2.1452045 9.040505 3.3327289
-2.1068974 9.117121 3.2178073
-2.1452045 9.117121 3.2178073
-2.2601264 9.2703495 3.4476504
-2.336741 9.346964 3.562572
-2.6048915 8.963892 3.6391866
-2.7964275 8.465898 3.7158012
-2.8730419 7.967903 3.6391866
-2.8730419 7.584831 3.7158012
-2.528277 7.8529816 3.6391869
-2.030283 8.465898 3.5242648
-1.5705963 9.078813 3.2561145
-1.1875241 9.615114 2.873042
-1.1109096 9.80665 2.6431985
-1.3024457 9.615114 2.6431985
-1.6472107 9.193734 3.0262709
-2.0685902 8.657433 3.5242648
-2.2984338 8.197746 4.1371803
-2.4133554 7.8912888 4.673482
-2.336741 7.967903 4.865018
-1.9919757 8.389282 4.903325
-1.5322889 9.002198 4.5202527
-1.0342951 9.730036 3.9456444
-0.61291564 10.228029 3.2561145
-0.53630114 9.998186 2.834735
-0.7278373 9.423578 2.834735
-0.9576807 8.810662 3.064578
-1.1492169 8.197746 3.6774936
-1.0726024 8.197746 3.9456444
-0.842759 8.465897 4.1371803
-0.61291564 8.734047 3.9839516
-0.4213795 8.810662 3.562572
-0.30645782 8.772355 3.3327289
-0.114921674 8.6574335 3.0645783
0.076614454 8.504205 2.9496565
0.34476507 8.504205 2.9879637
0.49799395 8.542512 2.7581203
0.5363012 8.619126 2.6048913
0.5363012 8.695741 2.4516625
0.5363012 8.810662 2.2601264
0.61291564 8.848969 2.528277
0.6895301 8.772355 2.566584
0.7661445 8.772355 2.6048915
0.7661445 8.810662 2.7581203
0.84275895 9.040505 2.7964277
0.95768064 9.308657 2.9879637
1.1492169 9.576807 3.064578
1.4173675 9.730036 3.1028852
1.6089036 9.80665 2.9496565
1.7238252 9.883265 2.7581205
1.7238252 9.844957 2.6048915
1.6472108 9.883265 2.4516628
1.532289 9.768343 2.6048915
1.4556746 9.653421 2.7581203
1.3790601 9.653421 3.2561142
1.340753 9.691729 3.6774936
1.340753 9.768343 3.7541082
1.3790601 9.730036 3.7924156
1.4939818 9.576807 3.4859576
1.6089035 9.346964 3.1795
1.6472107 9.155428 3.1795
1.6472107 9.078813 3.2178073
1.6855179 9.155427 3.4093432
1.7621324 9.38527 3.6391869
1.9919758 9.691729 3.677494
2.2218192 9.883265 3.677494
2.2984338 9.921572 3.371036
2.2601264 9.691729 2.9879637
2.1068974 9.346964 2.7581205
1.9536686 9.040505 2.7581205
1.7238252 8.925584 2.873042
1.5322891 9.11712 3.1794996

