1.5705963 9.385271 3.5242648
1.685518 9.691729 3.6774936
1.9536686 9.80665 3.9456444
0.15322891 9.002198 4.4436383
-0.15322891 9.308656 4.5585604
0.0 9.844957 4.4436383
0.49799395 10.304645 4.596867
0.88106626 10.764331 4.55856
0.842759 10.840945 4.596867
0.80445176 10.91756 4.55856
0.7661445 10.955867 4.4436383
0.7661445 11.109097 4.3287168
0.6895301 11.224018 4.2904096
0.6895301 11.415554 4.4819455
0.7278373 11.722012 4.8267107
0.8810662 11.951855 5.286397
1.1492168 12.220006 5.822698
1.340753 12.488156 6.2057705
1.4939818 12.564771 6.4356136
1.532289 12.526463 6.5122285
1.4939818 12.488155 6.3973064
1.4939818 12.373234 6.282385
1.5705963 12.449848 6.3973064
1.685518 12.488156 6.320692
1.9153613 12.5264635 6.090849
2.030283 12.5264635 5.861006
2.0685902 12.028469 5.2480903
1.9153614 11.760319 5.171476
1.7621324 11.453861 5.171476
1.6472108 11.147404 5.094861
1.6472108 11.070789 4.9799395
1.7238252 10.91756 4.7500963
1.838747 10.840945 4.4819455
1.8770542 10.802638 4.1371803
1.8004397 10.611102 3.8307228
1.6472108 10.381259 3.7924156
1.4556746 10.151415 3.7158012
1.2258313 9.883265 3.7924156
1.0726024 9.80665 3.86903
0.9959879 9.768343 3.8307228
0.9959879 9.730036 3.7158012
1.0342951 9.730036 3.524265
0.9959879 9.615114 3.3327286
1.0342951 9.461885 3.2944214
1.0342951 9.385271 3.4476502
1.0726023 9.385271 3.6008792
1.1875241 9.385271 3.6774938
1.1109097 9.346964 3.562572
1.0726024 9.117121 3.3327289
0.7661446 8.848969 2.9879637
0.4213795 8.734048 2.7198129
0.11492168 8.542511 2.4899697
-0.15322891 8.465897 2.3750482
-0.15322891 8.465897 2.3367407
-0.038307227 8.465897 2.3750482
0.15322891 8.695741 2.3367407
0.38307226 8.772355 1.685518
0.34476507 8.580818 1.1875241
0.26815057 8.274361 0.91937345
0.15322891 8.00621 1.0726024
0.076614454 7.8912888 1.2258313
0.038307227 7.8146744 1.340753
0.0 7.8529816 1.3790601
-0.076614454 7.929596 1.1875241
-0.15322891 8.0445175 1.1109096
-0.11492168 8.197746 1.3024458
-0.076614454 8.389282 1.4173675
0.038307227 8.504205 1.532289
0.19153613 8.580819 1.685518
0.19153613 8.427589 1.4939818
0.15322891 8.159439 1.3024458
0.11492168 7.967903 1.0342952
0.076614454 7.8529816 0.7278373
0.076614454 7.8146744 0.7278373
0.11492168 7.8912888 0.8044517
0.19153613 8.121132 0.9193734
0.22984336 8.274361 1.2641385
0.22984336 8.465897 1.6089035
0.19153613 8.389282 2.0685902
0.11492168 7.929596 2.4899697
-0.076614454 7.508217 2.2218192
-0.30645782 7.163451 1.6472108
-0.49799395 6.933608 0.842759
-0.6895301 6.933608 0.11492168
-0.7278373 6.895301 -0.038307227
-0.7278373 6.8569937 0.22984336
-0.7278373 6.933608 0.7278373
-0.7278373 6.9719152 1.1109097
-0.7661445 7.0485296 1.3790603
-0.84275895 7.0485296 1.4556746
-0.9576807 7.0102224 1.2641385
-1.0342951 6.933608 1.0726024
-1.0342951 6.818686 0.80445176
-0.91937345 6.780379 0.38307226
-0.7278373 6.818686 0.076614454
-0.61291564 6.933608 0.038307227
-0.4213795 7.201759 0.19153613
-0.2681506 7.393295 0.49799395
-0.15322891 7.431602 0.80445176
0.0 7.546524 0.9959879
0.038307227 7.546524 0.95768064
0.15322891 7.4699097 0.91937345
0.2681506 7.393295 0.8810662
0.42137948 7.2400656 0.7661445
0.49799395 7.0485296 0.9959879
0.5746084 6.9719152 1.2641385
0.5746084 6.933608 1.4939818
0.61291564 6.895301 1.5705962
0.7278373 6.780379 1.2258313
0.8810662 6.588843 0.7661446
1.187524 6.4739213 0.38307226
1.4939818 6.3589993 0.34476507
1.7621324 6.512228 0.7661445
1.9153614 6.8186865 1.2641385
1.8770541 6.9719152 1.532289
1.8004396 7.0102224 1.4556746
1.7621324 6.818686 0.9576807
1.8387469 6.5505357 0.34476504
2.0685904 6.397307 -0.11492169
2.183512 6.5505357 -0.4213795
2.2218192 6.8569937 -0.5363012
2.2218192 7.240066 -0.45968673
2.2601264 7.584831 -0.34476504
2.4516625 7.73806 -0.30645782
2.6431987 7.776367 -0.38307226
2.681506 7.776367 -0.49799395
2.4516625 7.6614456 -0.7278373
1.9536686 7.508217 -0.80445176
1.340753 7.316681 -0.7278373
0.7278373 7.0102224 -0.6512229
0.4213795 6.8569937 -0.38307226
0.5746084 6.7803793 -0.22984336
1.0342951 6.933608 -0.15322891
1.6089034 7.3932953 -0.22984335
2.030283 8.082826 -0.76614463
2.0685902 8.6574335 -1.2641385
1.8770541 8.925584 -1.685518
1.6089035 8.772355 -1.685518
1.4173673 8.274361 -1.1109096
1.4173673 7.929596 -0.30645782
1.4939818 8.0445175 0.34476504
1.5705965 8.542512 0.57460845
1.5705965 9.270349 0.45968673
1.532289 9.844957 -0.038307235
1.4173675 9.998186 -0.4213795
1.3407528 9.768343 -0.61291564
1.2641385 9.193734 -0.61291564
0.99598795 8.657433 -0.19153613
0.57460845 8.197746 0.22984336
0.07661448 8.0445175 0.61291564
-0.34476504 8.312668 0.842759
-0.45968673 8.8489685 0.8044518
-0.26815057 9.500192 0.88106626
0.15322891 9.998186 1.0726023
0.5363012 10.113108 1.6472108
0.5363012 9.959879 2.183512
0.2681506 9.615114 2.681506
-0.19153613 9.385271 3.064578
-0.6895301 9.346964 3.1794999
-0.8810662 9.346964 3.3710358
-0.80445176 9.500193 3.2944214
-0.5746084 9.691729 3.217807
-0.2681506 9.959879 3.1794999
0.038307227 10.419565 3.0262709
0.34476504 10.91756 3.1028852
0.53630114 11.300632 3.1794999
0.6512228 11.377247 3.217807
0.6512228 11.109096 3.2561142
0.5746084 10.649408 3.371036
0.45968673 10.0748005 3.4476504
0.34476504 9.576807 3.6008794
0.2681506 9.232042 3.9073372
0.19153613 9.078813 3.9839516
0.26815057 9.155427 3.86903
0.49799395 9.538499 3.7158012
0.80445176 10.151415 3.6391866
1.0726023 10.764331 3.6774938
0.99598795 11.070788 3.86903
0.6895301 11.147403 4.098873
0.15322891 10.91756 4.252102
-0.45968673 10.649409 4.3670235
-0.80445176 10.649409 4.788403
-0.9959879 10.955868 5.056554
-0.91937345 11.60709 5.2097826
-0.91937345 11.87524 5.0182467
-0.8810662 12.028469 5.0182467
-0.842759 12.411542 5.1714754
-0.5363012 13.101072 5.4779334
-0.30645782 13.790602 5.746084
-0.076614454 14.403518 5.93762
0.038307227 14.78659 5.861006
-0.2681506 14.671667 5.707777
-0.5363012 14.36521 5.6311626
-0.91937345 13.905523 5.66947
-1.2641385 13.445837 5.93762
-1.4173673 13.177686 6.1674633
-1.4556745 13.024457 6.282385
-1.4173673 13.024457 6.2440777
-1.3024457 13.062764 6.2057705
-1.2258313 13.101071 6.282385
-1.2258313 13.139379 6.3589993
-1.3024457 12.909534 6.4739213
-1.532289 12.603077 6.5505357
-1.8004396 12.105083 6.4739213
-2.030283 11.453861 6.3589993
-2.2218192 10.994174 6.1674633
-2.2984335 10.534488 5.93762
-2.2984335 10.266336 5.861006
-2.2601264 10.151415 5.631162
-2.1835117 10.0748005 5.439626
-2.1452045 10.036493 5.24809
-2.1068974 9.998186 4.9799395
-2.1452045 9.998186 4.9799395
-2.2218192 9.883265 4.9799395
-2.2601264 9.844957 5.056554
-2.2601264 9.883265 5.1331687
-2.2601264 9.844957 5.171476
-2.2601264 9.80665 5.0565543
-2.3367407 9.730036 4.903325
-2.4516625 9.461885 4.7117887
-2.5282772 9.2703495 4.4819455
-2.5665843 9.232042 4.3670235
-2.4516625 9.232042 4.290409
-2.2984335 9.385271 4.3287163
-2.030283 9.5385 4.3287163
-1.7238252 9.615114 4.290409
-1.4939818 9.653421 4.098873
-1.340753 9.5385 3.7541082
-1.340753 9.2703495 3.6008794
-1.4556746 8.925584 3.4476502
-1.5705963 8.504204 3.562572
-1.6472108 8.274361 3.8307228
-1.6089036 8.350975 3.9073372
-1.4173675 8.619126 4.0222588
-1.1492169 8.963892 3.86903
-0.8810662 9.2703495 3.5625722
-0.6512228 9.423578 3.2944214
-0.57460845 9.2703495 2.9496565
-0.61291564 9.040506 2.7581203
-0.6895301 8.695741 2.7581203
-0.7661445 8.350975 2.873042
-0.80445176 8.312668 3.1794999
-0.7278373 8.350975 3.4859576
-0.61291564 8.427589 3.7541082
-0.49799395 8.465897 3.9456444
-0.34476504 8.504204 3.86903
-0.22984336 8.504204 3.7924154
-0.11492168 8.542511 3.6774938
0.076614454 8.695741 3.4093432
0.2681506 8.810662 3.3327289
0.4213795 8.925584 3.1411927
0.61291564 8.963891 2.9113493
0.61291564 9.040505 2.834735
0.53630114 8.848969 2.7581203
0.42137948 8.695741 2.9113493
0.26815057 8.542512 3.217807
0.19153613 8.312668 3.6008792
0.22984335 8.389282 3.9839516
0.34476504 8.580818 4.1754875
0.5363012 8.96389 4.098873
0.7278373 9.193735 3.715801
0.842759 9.2703495 3.1411927
0.8810662 9.232042 2.7581205
0.84275895 9.002198 2.5665843
0.8810662 8.887277 2.834735
0.8810662 8.887277 3.4093432
0.95768064 8.925584 3.907337
1.0342951 9.155428 4.252102
1.0342951 9.385271 4.252102
1.1109096 9.5385 3.9456444
1.1875241 9.615114 3.371036
1.2641386 9.653421 2.8347347
1.3024458 9.576807 2.4899697
1.2258313 9.461885 2.413355
1.0726024 9.308657 2.6048913
0.91937345 9.078813 2.9879637
0.8810662 9.002198 3.371036
0.9959879 8.963891 3.5242648
1.1875241 9.155427 3.371036
1.3790601 9.346964 2.9496565
1.532289 9.423578 2.2218192
1.5705963 9.5385 1.7238252
1.4939818 9.500193 1.6472108
1.4556746 9.423578 1.8004398
1.3790601 9.5385 2.336741
1.3790601 9.500193 2.9496565
1.4556746 9.385271 3.4093432
1.4173675 9.308656 3.562572
1.3407528 9.232041 3.562572
1.3024457 9.232041 3.2944214
1.2641385 9.346964 3.064578
1.3024458 9.423578 2.9113493
1.340753 9.346964 2.7964275
1.340753 9.461885 2.9496565
1.3790601 9.576807 3.1794999
1.4556746 9.730036 3.4859576
1.6089036 9.883265 3.7541084
1.7238252 9.768343 3.9456444
1.7238252 9.576807 3.8307228
1.5705962 9.308656 3.7541084
1.3407528 9.078813 3.6008792
1.1492168 8.848969 3.562572
1.1109096 8.734048 3.6008792
1.3024458 8.810662 3.562572
1.6089036 8.925584 3.6391864
1.9153614 9.11712 3.371036
2.1068976 9.2703495 3.0262709
2.1452048 9.385271 2.7964277
2.1068974 9.500193 2.6815057
1.9919758 9.576807 2.7964277
1.8770542 9.653421 3.1028852
1.8004398 9.615114 3.4476504
1.7621324 9.5385 3.6391866
1.7621324 9.576807 3.6774938
1.8004396 9.653421 3.715801
1.8770541 9.80665 3.715801
1.8770541 9.883265 3.6774938
1.8004397 9.844957 3.6774938
1.7238252 9.730036 3.7541082
1.532289 9.5385 3.8307226
1.685518 9.615114 4.060566
1.4556746 9.576807 3.9073372
0.95768064 9.461885 3.6391864
0.72783726 9.500193 3.6391864

