0.344765 9.346964 3.6008792
0.22984335 9.2703495 4.098873
0.19153613 9.385271 4.175488
0.15322888 9.691729 4.175488
0.49799395 10.0748005 4.4436383
0.8810662 10.534488 4.673482
0.9576807 10.879253 4.711789
1.0342952 11.109097 4.7500963
1.0726024 11.224018 4.7884035
1.1109097 11.377247 4.7500963
1.1109097 11.530476 4.865018
1.1492169 11.760319 5.2097826
1.1492169 12.028469 5.5545483
1.1109096 12.258312 5.861006
1.1492168 12.373234 6.129156
1.1492168 12.449849 6.3206925
1.3024457 12.5264635 6.5122285
1.4556746 12.603078 6.7803793
1.532289 12.679692 6.8569937
1.6089036 12.56477 6.895301
1.532289 12.411541 6.7803793
1.3790601 12.181698 6.62715
1.2258313 11.951855 6.588843
1.0342951 11.722012 6.435614
0.842759 11.453861 6.2823853
0.7661446 11.33894 6.1291566
0.7661446 11.33894 5.899313
0.88106626 11.530476 5.554548
0.99598795 11.722012 5.363012
1.0342952 11.722012 4.9799395
0.9576807 11.568783 4.711789
0.6895301 11.3006315 4.711789
0.4213795 10.994174 4.596867
0.19153613 10.840945 4.5202527
0.038307227 10.6877165 4.405331
-0.076614454 10.572795 4.1371803
-0.19153613 10.496181 3.8307228
-0.34476504 10.304644 3.524265
-0.53630114 10.151415 3.1794999
-0.6512228 10.0748005 2.9113493
-0.61291564 10.0748005 2.7964275
-0.49799392 10.189722 2.9879637
-0.3064578 10.342951 3.2178073
-0.15322891 10.496181 3.4859576
-0.15322891 10.572795 3.6391869
-0.22984336 10.49618 3.4859579
-0.38307226 10.304644 3.1794999
-0.5363012 10.036493 2.681506
-0.7278373 9.844957 2.4133554
-0.91937345 9.653421 2.4133554
-1.0342951 9.5385 2.566584
-1.0342951 9.385271 2.9496565
-0.9959879 9.2703495 2.9496565
-0.842759 9.193735 2.6431987
-0.68953013 9.155427 2.1452048
-0.61291564 9.2703495 1.5705965
-0.4213795 9.423578 1.2641385
-0.3830723 9.615114 1.3024458
-0.34476504 9.691729 1.5705965
-0.34476504 9.691729 1.9919758
-0.4213795 9.500193 2.336741
-0.4213795 9.270349 2.3750482
-0.45968673 9.11712 2.1452048
-0.45968673 9.040505 1.8387469
-0.4213795 9.040505 1.6472107
-0.34476504 9.078813 1.6472107
-0.34476504 9.155427 1.8387469
-0.45968673 9.040505 1.9536686
-0.61291564 8.772355 1.8387469
-0.80445176 8.465897 1.685518
-0.842759 8.082825 1.5705963
-0.6512229 8.0445175 1.340753
-0.38307226 8.0445175 1.3024457
-0.15322891 8.121132 1.1492168
-0.076614454 8.236053 0.95768064
-0.15322891 8.00621 0.80445176
-0.4213795 7.8146744 0.80445176
-0.57460845 7.6231384 1.1109096
-0.61291564 7.508217 1.4556746
-0.61291564 7.546524 1.6472108
-0.61291564 7.584831 1.4556746
-0.7278373 7.584831 0.91937345
-0.9193735 7.431602 0.3830723
-1.1109096 7.240066 0.19153613
-1.1492168 7.201759 0.19153613
-1.1492168 7.240066 0.30645782
-1.0726024 7.3166804 0.34476507
-0.9959879 7.3549876 0.38307226
-0.9193734 7.2783732 0.38307226
-0.84275895 7.086837 0.38307226
-0.80445176 6.9719152 0.26815057
-0.72783726 6.933608 0.038307227
-0.6512228 7.0102224 -0.038307227
-0.5363012 7.1634517 -0.22984336
-0.45968676 7.240066 -0.19153613
-0.5363012 7.163451 -0.38307226
-0.6895301 7.086837 -0.3064578
-0.7661445 7.125144 -0.22984335
-0.80445176 7.0485296 -0.076614454
-0.80445176 6.895301 -0.038307227
-0.7278373 6.8186865 -0.038307227
-0.5746084 6.703765 0.0
-0.34476504 6.8569937 0.076614454
-0.076614454 7.163451 0.2681506
0.11492168 7.431602 0.38307226
0.19153613 7.6614456 0.38307226
0.15322891 7.6231384 0.26815057
0.038307227 7.4699097 0.11492168
-0.076614454 7.316681 0.038307227
-0.15322891 7.125144 -0.038307227
-0.19153613 7.125144 0.076614454
-0.22984336 7.201759 0.15322891
-0.2681506 7.240066 0.30645782
-0.34476504 7.3166804 0.42137948
-0.34476504 7.4316025 0.38307226
-0.2681506 7.584831 0.2681506
-0.15322891 7.6231384 -0.11492168
-0.038307227 7.508217 -0.5746084
-0.076614454 7.3166804 -0.88106626
-0.11492168 7.240066 -1.1492168
-0.038307227 7.431602 -1.1109096
0.11492168 7.8146744 -0.91937345
0.4213795 8.236053 -0.7278373
0.6512228 8.465898 -0.49799395
0.842759 8.504205 -0.30645782
0.9959879 8.389282 -0.11492168
1.1109096 8.197746 -0.038307227
1.2641385 7.967903 0.076614454
1.340753 7.73806 0.22984336
1.3790601 7.73806 0.30645782
1.4173675 7.8529816 0.38307226
1.4173675 8.082825 0.34476504
1.4556746 8.312668 0.114921674
1.532289 8.389282 -0.11492168
1.7621324 8.465897 -0.26815057
2.1068974 8.427589 -0.30645782
2.3750482 8.389282 -0.22984335
2.48997 8.350975 -0.11492168
2.2984338 8.274361 -0.076614454
1.8770542 8.236053 -0.15322891
1.5705963 8.197746 -0.34476504
1.4939818 8.274361 -0.57460845
1.5705963 8.312668 -0.7278373
1.8004397 8.389283 -0.7661446
1.9536686 8.542512 -0.6512229
1.9536686 8.6574335 -0.4596867
1.8387469 8.734048 -0.38307226
1.6472108 8.734048 -0.22984336
1.4173675 8.504205 -0.15322891
1.1492168 8.082825 -0.11492168
0.8810662 7.546524 0.0
0.6512228 7.125144 0.038307227
0.4596867 7.086837 -0.038307227
0.38307226 7.3932953 0.0
0.49799395 8.00621 -0.11492168
0.6512228 8.542512 -0.19153613
0.80445176 8.772355 -0.19153613
0.80445176 8.69574 -0.4213795
0.61291564 8.274361 -0.5363012
0.34476504 7.8529816 -0.7278373
0.0 7.584831 -0.842759
-0.22984336 7.4699097 -0.7661445
-0.30645782 7.6231384 -0.7278373
-0.2681506 7.8912888 -0.61291564
-0.11492168 8.159439 -0.4213795
0.11492168 8.465897 -0.2681506
0.30645782 8.734048 0.0
0.4213795 8.925584 0.22984336
0.57460845 9.193735 0.38307226
0.57460845 9.346964 0.45968673
0.49799395 9.461885 0.45968673
0.53630114 9.423578 0.45968673
0.45968673 9.232041 0.45968673
0.53630114 9.078813 0.6512228
0.61291564 9.002198 1.0726024
0.61291564 9.193734 1.532289
0.5746084 9.615114 1.9153614
0.38307226 9.921572 2.0685902
0.30645782 10.113108 2.030283
0.38307226 10.228029 1.9536686
0.61291564 10.266336 1.9919758
0.9959879 10.419565 2.1452048
1.2641385 10.49618 2.3367407
1.1492169 10.342951 2.528277
0.842759 9.998186 2.719813
0.4213795 9.730036 2.7964275
0.11492168 9.691729 2.8347347
0.038307227 9.883265 2.7964275
0.11492168 10.189723 2.719813
0.22984336 10.342952 2.6431987
0.30645782 10.304645 2.6431987
0.49799395 10.113108 2.7581203
0.7278373 9.883265 2.8730419
0.9959879 9.80665 2.9496562
1.1875241 9.80665 2.9879637
1.2641385 9.844957 2.8347347
1.1109096 9.883265 2.7964275
0.8810662 9.921572 2.9879637
0.68953013 10.228029 3.5242646
0.45968673 10.726023 4.3287163
0.30645782 11.3006315 5.1714754
0.076614454 11.683704 5.861006
-0.22984336 11.60709 5.93762
-0.57460845 11.147403 5.7077765
-0.842759 10.49618 5.2097826
-0.9193734 10.113108 4.673482
-0.7278373 10.228029 4.4436383
-0.34476504 10.802637 4.3670235
0.038307235 11.798626 4.4053307
0.22984336 12.679693 4.6351743
0.19153613 13.215994 4.82671
0.0 13.292608 5.0182467
-0.34476504 12.947843 5.056554
-0.6895301 12.449849 5.0182467
-0.9959879 12.105083 4.9416323
-1.2258313 12.181698 4.903325
-1.3024457 12.526463 5.094861
-1.2641385 12.986151 5.363012
-1.2641385 13.369223 5.592855
-1.3024457 13.40753 5.7843914
-1.340753 13.215993 5.93762
-1.4173675 12.909535 5.8226986
-1.4556746 12.411541 5.7077765
-1.4556746 12.028469 5.554548
-1.4556746 11.722012 5.1714754
-1.4173675 11.568783 5.094861
-1.340753 11.568783 5.0182467
-1.2641385 11.60709 5.094861
-1.187524 11.60709 5.401319
-1.1109096 11.530476 5.4779334
-1.0726024 11.33894 5.5162406
-1.0726024 11.109097 5.3247046
-1.0726024 10.840946 4.865018
-1.0726024 10.572795 4.443639
-1.0726024 10.342952 4.1371803
-1.0342952 10.151415 3.9839516
-1.0342952 9.998186 4.1371803
-1.0342952 9.80665 4.405331
-1.0342952 9.768343 4.6351743
-1.0726024 9.653421 4.7117887
-1.1109097 9.5385 4.6351743
-1.2258313 9.461885 4.290409
-1.3407528 9.232042 3.9839516
-1.6089034 9.002199 3.8307228
-1.8004396 8.848969 3.9073372
-1.9153614 8.734048 4.1371803
-1.9536686 8.772355 4.4819455
-1.9536686 8.887277 4.3287168
-1.9153614 8.963891 4.2137947
-1.8770541 9.11712 4.1371803
-1.8387469 9.155427 3.9839516
-1.8004397 9.155427 3.9839516
-1.7621325 9.270349 4.0222588
-1.8387469 9.346963 4.098873
-1.8770542 9.385271 4.2137947
-1.9536686 9.423578 4.3287163
-2.030283 9.346964 4.4436383
-1.9536686 9.346964 4.4819455
-1.7621324 9.423578 4.5202527
-1.4939818 9.615114 4.405331
-1.2641386 9.959879 4.2137947
-1.1875241 10.113108 3.9456444
-1.3024457 10.0748005 3.6774938
-1.5705962 9.768343 3.4859576
-1.8004396 9.346964 3.4859576
-1.9153614 9.155428 3.6391866
-1.838747 9.193735 3.8690298
-1.6089036 9.653421 4.098873
-1.3024457 10.0748005 4.1754875
-1.0726023 10.342952 4.098873
-0.99598795 10.457873 3.86903
-1.0342952 10.189722 3.7158012
-1.2258313 9.844957 3.6008797
-1.340753 9.461885 3.562572
-1.4173675 9.155428 3.7158012
-1.3790603 8.887277 3.7924156
-1.2258313 8.810662 3.8307228
-1.0342951 8.925584 3.86903
-0.7661445 9.155428 3.7924156
-0.4596867 9.500193 3.6008794
-0.26815057 9.730036 3.371036
-0.15322891 9.844957 3.0645783
-0.15322891 9.80665 2.987964
-0.2681506 9.615114 2.987964
-0.45968676 9.2703495 3.2944214
-0.7278373 8.695741 3.7541082
-0.9193735 8.159439 4.0222588
-0.99598795 7.776367 4.252102
-0.80445176 7.699753 4.060566
-0.45968673 8.00621 3.6774938
-0.07661445 8.465897 3.1411927
0.19153613 8.848969 2.6431987
0.30645782 9.040505 2.4133554
0.34476507 9.040505 2.4133554
0.30645782 8.848969 2.7581203
0.38307226 8.772355 3.1794999
0.45968673 8.848969 3.6008794
0.61291564 9.040505 3.7541082
0.7661445 9.385271 3.562572
0.80445176 9.615114 3.2178068
0.7661445 9.615114 2.6815057
0.61291564 9.385271 2.2601264
0.4596867 8.963891 2.2218192
0.42137948 8.542511 2.5665843
0.49799392 8.427589 3.0645783
0.6512228 8.542511 3.715801
0.9959879 8.810662 3.9456444
1.4173675 9.232042 3.6391864
1.8387468 9.5385 3.1411924
2.2601264 9.653421 2.4899697
2.413355 9.653421 1.9536686
2.375048 9.461885 1.7621324
2.2601264 9.193735 1.7621324
2.1068974 9.040505 1.9153614
2.0685902 8.963891 2.2984335
2.1068974 9.117121 2.719813
2.2601264 9.346964 2.9879637
2.4133554 9.576807 3.064578
2.528277 9.730036 2.9879637
2.528277 9.691729 2.7964277
2.4516625 9.653421 2.6048915
2.2984335 9.5385 2.6048915
2.1452045 9.423578 2.6431987
1.9919758 9.308656 2.719813
1.8004396 9.11712 2.9879637
1.7238252 9.078813 3.1794999
1.685518 9.193734 3.4476504
1.8004396 9.346964 3.7541082
2.030283 9.5385 3.9456444
2.2218192 9.653421 4.0222588
2.3367407 9.691729 3.9073372
2.375048 9.615114 3.7541084
2.3367407 9.576807 3.6008792
2.2984335 9.5385 3.5242648
2.2984335 9.576807 3.562572
2.2984335 9.691729 3.6774938
2.2601264 9.691729 3.8307226
2.2218192 9.615114 3.9073372
2.1068976 9.385271 3.9456444
1.9919759 9.155427 3.9839516
1.9536686 9.11712 3.9456444
1.9536686 9.155427 4.060566
1.9536686 9.346964 4.0222588
2.030283 9.500193 3.9456444
1.9919758 9.461885 3.86903
1.9153614 9.308657 3.6774938
1.9153614 9.193735 3.6774938
1.7621324 9.155428 3.6008792
1.685518 9.155428 3.6774936

