1.6089035 9.308657 3.86903
1.532289 9.2703495 4.2521024
0.19153613 9.11712 4.1371803
0.6512229 9.538499 4.3670244
1.1109096 10.189722 4.711789
1.6089034 10.802638 4.7500963
2.1068974 11.568783 4.903325
2.2601264 11.722012 4.8267107
2.3750482 11.87524 4.8267107
2.4133554 11.990162 4.8267107
2.4899697 12.143391 4.8267107
2.4899697 12.220005 4.903325
2.4899697 12.296619 4.9799395
2.4899697 12.373234 5.094861
2.4516625 12.373234 5.1714754
2.4516625 12.373234 5.1714754
2.4899697 12.258312 5.094861
2.4899697 12.220005 4.9416323
2.4516625 12.220005 4.903325
2.4133554 12.143391 4.9799395
2.336741 12.066776 5.133168
2.2984335 11.9135475 5.2097826
2.3367407 11.798626 5.056554
2.375048 11.798626 4.865018
2.4516625 11.836933 4.673482
2.5282772 11.836933 4.5968676
2.5282772 11.683704 4.5585604
2.4133554 11.492168 4.3287163
2.1452048 11.224018 4.0222588
1.7621324 10.879253 3.7158012
1.4173673 10.534487 3.562572
1.1875241 10.189722 3.6391869
1.0342952 9.998186 3.7541084
1.0342952 9.921572 3.8307228
0.9959879 9.844957 3.7541084
0.9193735 9.730036 3.4859576
0.8044518 9.500193 3.2561145
0.5363012 9.232041 2.9496567
0.30645782 9.002198 2.834735
0.11492168 8.963891 2.7581205
0.038307227 9.078813 2.7581205
0.076614454 9.193735 2.834735
0.11492168 9.308657 2.7581203
0.11492168 9.308657 2.6431987
-0.038307227 9.155428 2.4899697
-0.19153613 8.963891 2.3367407
-0.34476504 8.772355 2.2218192
-0.4213795 8.734048 2.1835117
-0.30645782 8.810662 2.0685902
-0.07661445 9.040506 1.9536686
0.22984335 9.346964 1.8004397
0.49799395 9.500193 1.5705963
0.5746084 9.5385 1.532289
0.4596867 9.385271 1.4556745
0.22984336 9.078814 1.5322891
0.0 8.734048 1.8770541
-0.15322891 8.389282 2.0685902
-0.19153613 8.197746 2.1068976
-0.11492168 8.159439 1.9153614
-0.076614454 8.236053 1.3790603
0.038307227 8.427589 0.7278373
0.11492168 8.580818 0.2298434
0.19153613 8.619126 -0.076614454
0.30645782 8.695741 -0.15322891
0.2681506 8.6574335 0.038307227
0.11492168 8.42759 0.22984336
-0.19153613 8.274361 0.4213795
-0.49799395 8.0445175 0.61291564
-0.5746084 7.929596 0.6895301
-0.4596867 8.0445175 0.9193734
-0.26815057 8.159439 1.0342951
-0.076614454 8.236053 0.9193735
-0.038307227 8.236053 0.61291564
-0.076614454 8.197746 0.15322894
-0.15322891 8.0445175 -0.22984336
-0.22984335 7.8912888 -0.2681506
-0.22984335 7.73806 0.19153613
-0.19153613 7.546524 0.6895301
-0.076614454 7.546524 1.1492168
0.0 7.4316025 1.4556745
-0.038307227 7.4316025 1.2641385
-0.19153613 7.354988 0.91937345
-0.45968673 7.086837 0.49799392
-0.6512228 7.0102224 0.114921674
-0.68953013 6.8569937 0.038307227
-0.5363012 6.8569937 0.22984336
-0.30645782 7.0485296 0.61291564
-0.19153613 7.163451 0.9576807
-0.19153613 7.2400656 1.1109096
-0.26815057 7.2400656 0.9959879
-0.34476507 7.278373 0.7661445
-0.30645782 7.3932953 0.34476507
-0.15322891 7.584831 0.0
0.038307227 7.8912888 -0.19153613
0.30645782 8.0445175 -0.19153613
0.49799395 8.159439 0.11492166
0.5746084 8.159439 0.4596867
0.49799395 8.082825 0.7661445
0.34476504 7.8529816 0.9193735
0.22984335 7.584831 0.8810662
0.19153613 7.431602 0.7661445
0.22984336 7.2783732 0.6512228
0.344765 7.2783732 0.5746084
0.49799395 7.3166804 0.6512228
0.6129156 7.3932953 0.7661445
0.8044517 7.3932953 1.1109096
0.9576807 7.4316025 1.340753
1.1109096 7.240066 1.3024458
1.2258313 6.895301 1.0342951
1.2258313 6.62715 0.38307226
1.1492168 6.3589997 -0.19153613
1.0726024 6.3206925 -0.4596867
1.1109096 6.435614 -0.344765
1.3024458 6.5888433 0.03830725
1.6089036 6.7803793 0.38307226
1.9536687 6.9719152 0.6512228
2.2218192 7.163451 0.6512228
2.336741 7.163451 0.45968673
2.3750482 6.9719152 0.15322891
2.2984335 6.6654577 -0.26815057
2.1452048 6.282385 -0.49799395
1.9536686 6.090849 -0.61291564
1.7621324 6.129156 -0.49799398
1.6472107 6.3589997 -0.19153613
1.6089035 6.742072 -0.076614454
1.6089035 7.010223 0.0
1.5705963 7.1251445 -0.038307227
1.3407528 6.6654577 -0.11492168
1.2258313 6.5122285 -0.22984336
1.1875241 6.588843 -0.2681506
1.1875241 6.895301 -0.38307226
1.2258313 7.393295 -0.22984336
1.2258313 7.73806 0.0
1.1109096 7.8912888 0.22984336
0.9193734 7.8529816 0.22984336
0.68953013 7.699753 0.11492168
0.61291564 7.6231384 0.038307227
0.68953013 7.73806 0.0
0.99598795 8.082825 0.11492168
1.3024459 8.542511 0.19153613
1.3790603 8.925584 0.114921674
1.2258313 8.963891 -0.11492168
0.8044518 8.810662 -0.38307226
0.4213795 8.427589 -0.6129156
0.2681506 8.197746 -0.6512228
0.4213795 8.312668 -0.45968673
0.80445176 8.542511 -0.19153613
1.187524 8.887277 0.22984335
1.4173673 9.155428 0.45968673
1.340753 9.346964 0.49799395
1.1109096 9.423578 0.5363012
0.842759 9.423578 0.4213795
0.6895301 9.500193 0.49799395
0.84275895 9.5385 0.68953013
1.1875241 9.653421 0.88106626
1.6472108 9.730036 1.1109097
2.030283 9.653421 1.2258313
2.1452048 9.461885 1.1492169
2.030283 9.193735 1.1492169
1.685518 9.117121 1.1109096
1.3024457 9.193735 1.2258313
1.0342951 9.500193 1.7238252
0.88106626 9.959879 2.2601264
0.9959879 10.457872 2.834735
1.1492168 10.955867 3.371036
1.2641385 11.262325 3.715801
1.3024458 11.492168 3.9456444
1.0342952 11.530476 3.9839516
0.7278374 11.377247 3.9839516
0.45968673 11.185711 3.86903
0.2681506 10.994174 3.7924156
0.2681506 10.879252 4.060566
0.4213795 10.955867 4.4436383
0.61291564 11.147404 4.865018
0.80445176 11.300632 5.209783
0.95768064 11.530476 5.3247046
0.95768064 11.60709 5.24809
0.88106626 11.645397 5.3630123
0.7278373 11.645397 5.4013195
0.3830723 11.070789 5.5928555
0.2681506 10.611101 5.401319
0.11492168 10.0748005 5.209783
-0.038307227 9.5385 4.8267107
-0.15322891 9.078813 4.405331
-0.22984336 8.810662 4.098873
-0.22984336 8.848969 3.9456444
-0.15322891 9.346964 4.060566
-0.076614454 10.113109 4.290409
0.0 10.840945 4.481945
0.038307227 11.377247 4.5585604
0.0 11.60709 4.5585604
-0.038307227 11.530476 4.4819455
-0.15322891 11.33894 4.4819455
-0.30645782 11.224017 4.55856
-0.42137948 11.147403 4.7500963
-0.4596867 11.377246 5.0948615
-0.4596867 11.798626 5.363012
-0.34476507 12.258313 5.5545483
-0.26815057 13.1393795 5.6311626
-0.26815057 13.254301 5.592855
-0.38307226 13.1393795 5.4779334
-0.49799395 12.909536 5.286397
-0.7278373 12.564771 5.133168
-0.91937345 12.334927 4.9799395
-1.0726024 12.181698 5.094861
-1.1492169 12.028469 5.24809
-1.1492169 11.9135475 5.554548
-1.1492169 11.836933 5.861006
-1.0726023 11.683704 5.8226986
-1.0342951 11.492168 5.6694694
-0.9959879 11.33894 5.3630114
-0.9576807 10.994175 4.9416323
-0.9959879 10.726024 4.6351743
-1.1492168 10.381258 4.443638
-1.2641385 9.959879 4.1754875
-1.4556746 9.576807 4.098873
-1.6472107 9.232042 4.1371803
-1.7238252 8.963892 4.2137947
-1.8004397 8.887277 4.443638
-1.7238252 9.078813 4.5968676
-1.5705963 9.346963 4.673482
-1.3790601 9.653421 4.520253
-1.2258313 9.921572 4.213795
-1.2641385 9.921572 3.9073372
-1.4556746 9.80665 3.6391864
-1.8387468 9.500193 3.562572
-2.2601264 9.078813 3.86903
-2.681506 8.6574335 4.1754875
-2.9113493 8.350975 4.673482
-2.8730419 8.427589 5.2097826
-2.6431985 8.772354 5.401319
-2.183512 9.346964 5.401319
-1.7238252 9.883265 4.9799395
-1.3790601 10.342951 4.367024
-1.1875241 10.534488 3.6774938
-1.2641385 10.381259 3.1794999
-1.4556746 10.074801 3.1411927
-1.685518 9.461885 3.4859579
-1.8770541 9.002198 4.0222588
-1.9153614 8.772355 4.5968676
-1.7621324 8.887277 4.903325
-1.4939818 9.308657 4.7884035
-1.0726024 9.80665 4.55856
-0.6895301 10.381258 4.060566
-0.5363012 10.611102 3.6008792
-0.5746084 10.266337 3.5242648
-0.7661445 9.576807 3.6774936
-1.0342951 8.848969 4.1754875
-1.1109096 8.312668 4.6734815
-0.9959879 8.389282 4.903325
-0.842759 8.810661 4.865018
-0.5746084 9.078814 4.55856
-0.45968673 9.155428 4.1754875
-0.4213795 9.002199 3.9073372
-0.38307226 8.580819 3.8307228
-0.26815057 8.389283 4.060566
-7.4505806E-9 8.350976 4.367024
0.34476507 8.542512 4.55856
0.68953013 8.963892 4.596867
0.9193735 9.308657 4.3287168
0.9959879 9.423578 4.060566
0.8810662 8.963891 3.4859576
0.84275895 8.389282 3.3710358
0.91937345 8.0445175 3.3710358
1.0342951 7.8529816 3.5242648
1.2258313 7.967903 3.7541082
1.4556745 8.389282 3.9456444
1.6855179 8.848969 3.86903
1.8387469 9.193735 3.6774938
1.9536686 9.346964 3.371036
1.9536686 9.193735 2.9879637
1.8387469 8.925584 2.7581203
1.8387469 8.6574335 2.6048915
1.7621324 8.465898 2.5665843
1.7238252 8.389282 2.6431987
1.685518 8.350975 2.9113493
1.532289 8.236053 3.217807
1.532289 8.274361 3.5242648
1.6089036 8.427589 3.7541082
1.8004396 8.619126 3.5242648
2.1068974 8.925584 2.9113493
2.2601264 9.078813 2.2218192
2.2984335 9.11712 1.7238252
2.2601264 9.11712 1.685518
2.183512 9.232041 2.1068974
2.1452048 9.346964 2.7581203
2.183512 9.615114 3.3327289
2.183512 9.921572 3.6008792
2.183512 10.113108 3.4859576
2.183512 10.151415 2.9496565
2.1452048 9.959879 2.4133554
2.0685902 9.653421 2.0685904
1.9153614 9.232042 2.183512
1.8387469 9.040505 2.7964275
1.8770541 9.155427 3.4093432
2.0685902 9.38527 3.8307226
2.336741 9.730036 3.8690298
2.4899697 9.998186 3.4476504
2.4133554 9.768343 2.7964277
2.2984338 9.5385 2.834735
2.2218192 9.308656 3.1794999
2.2218192 9.193734 3.4476504
2.2984335 9.193734 3.7924156
2.4133554 9.193734 3.9073372
2.4899697 9.193734 3.9456444
2.4899697 9.270349 3.9456444
2.4516625 9.270349 3.9839516
2.3750482 9.232041 4.060566
2.2601264 9.232041 4.1754875
2.1452045 9.155427 4.2137947
2.030283 9.11712 4.098873
1.9153614 9.193734 3.9456444
1.8004397 9.155427 3.86903
1.6472107 9.002198 3.9073372
1.6089035 8.887277 4.0222588
1.6089035 8.963892 3.9839516

