1.6472107 9.155428 4.2137947
1.7621325 9.423578 4.3287168
0.6512228 9.078814 4.098873
0.61291564 9.500193 4.1754875
1.0342952 10.189722 4.1371803
1.4939818 11.032481 4.2904096
1.8004397 11.645397 4.3287168
1.7621324 11.836933 4.367024
1.8004396 11.951855 4.5202527
1.838747 12.028469 4.596867
1.9919758 12.066776 4.6734815
2.183512 12.258312 4.7884035
2.4133554 12.488155 4.903325
2.6815057 12.832921 5.094861
2.7964277 13.177686 5.3630114
2.873042 13.2543 5.554548
2.7964275 13.2543 5.66947
2.5665843 13.024457 5.707777
2.3750482 12.756307 5.554548
2.1452048 12.488156 5.2097826
1.9536686 12.105083 4.6734815
1.8004397 11.87524 4.2137947
1.685518 11.760319 3.9456444
1.6472108 11.760319 3.86903
1.685518 11.760319 4.0222588
1.7621324 11.568783 4.060566
1.8004396 11.300632 3.9073372
1.8387469 10.917561 3.7541084
1.8387469 10.534488 3.562572
1.685518 10.22803 3.2944217
1.4939818 9.883265 3.1411924
1.2641385 9.615114 3.1028852
1.0342952 9.500193 2.9496565
0.8810662 9.500193 3.064578
0.7661445 9.500193 3.1794996
0.72783726 9.461885 2.911349
0.6895301 9.500193 2.6815057
0.6512228 9.5385 2.3367407
0.61291564 9.5385 2.1452048
0.49799395 9.5385 2.2218192
0.30645782 9.232042 2.4133554
0.11492168 8.848969 2.681506
-0.076614454 8.69574 2.873042
-0.076614454 8.8489685 3.1028852
0.076614454 9.155428 3.3327289
0.30645782 9.500193 3.2944217
0.49799395 9.576807 3.064578
0.45968673 9.346963 2.719813
0.30645782 9.11712 2.413355
0.15322891 8.925584 2.4899697
0.15322891 8.925584 2.8347347
0.30645782 9.078814 3.3327286
0.53630114 9.346964 3.5242648
0.842759 9.500193 3.4859576
1.0342951 9.5385 3.1794996
0.9959879 9.423578 2.7964275
0.842759 9.040505 2.719813
0.61291564 8.772355 2.873042
0.45968673 8.734047 3.2561142
0.45968673 8.8489685 3.7158008
0.5746084 9.193735 4.0222588
0.7661445 9.461885 4.098873
0.842759 9.461885 3.8307228
0.7661446 9.11712 2.873042
0.45968673 8.848969 2.4899697
0.114921674 8.542512 2.2601264
-0.11492168 8.159439 2.0685902
-0.19153613 7.967903 1.8770541
-0.19153613 7.929596 1.5705963
-0.038307227 8.082825 1.2258313
0.076614454 8.350975 0.80445176
0.19153613 8.619125 0.7278374
0.30645782 8.734048 0.91937345
0.26815057 8.695741 1.2641385
0.114921674 8.465898 1.8387469
-0.15322891 8.0445175 2.1068974
-0.34476507 7.508217 1.9536686
-0.49799395 6.9719152 1.5705963
-0.57460845 6.8569937 0.91937345
-0.45968673 6.933608 0.34476507
-0.2681506 7.240066 0.076614454
-0.038307227 7.73806 0.19153613
0.22984336 8.00621 0.61291564
0.38307226 8.0445175 1.1875241
0.38307226 7.8912888 1.6472107
0.38307226 7.6231384 1.7621324
0.3064578 7.2400665 1.4939818
0.19153613 7.125144 1.1109096
0.15322891 7.163451 0.91937345
0.11492168 7.2017584 0.91937345
0.11492168 7.3549876 1.1875241
0.15322891 7.431602 1.4556746
0.15322891 7.431602 1.685518
0.15322891 7.431602 1.7621325
0.19153613 7.469909 1.838747
0.22984336 7.469909 1.9153614
0.30645782 7.5082164 1.8770542
0.4213795 7.5465236 1.9536686
0.5746084 7.5082164 1.9919758
0.7278373 7.546524 1.8770541
0.9193735 7.546524 1.7238252
1.0342952 7.546524 1.4556746
1.0726024 7.508217 1.2258313
0.9959879 7.3549876 1.1492168
0.9193734 7.2783732 1.0342952
0.8810662 7.125144 0.9959879
0.80445176 6.8953004 0.91937345
0.91937345 6.588843 0.7661445
0.99598795 6.2823853 0.6512228
1.0726024 6.090849 0.6895301
1.340753 6.0525417 0.6895301
1.5705963 6.2057705 0.7278373
1.8387468 6.3589997 0.8810662
2.1452045 6.5505357 0.95768064
2.3367407 6.62715 0.95768064
2.566584 6.7420716 0.95768064
2.7964275 6.8953004 0.84275895
3.026271 6.9336076 0.72783726
3.1411927 7.0102224 0.6129156
3.1794999 7.0102224 0.49799395
3.1794999 7.086837 0.4213795
3.1794999 7.163451 0.4213795
3.2944217 7.3166804 0.61291564
3.4093432 7.431602 0.9193734
3.1795 7.3166804 1.2641385
2.834735 7.2400656 1.4173673
2.4899697 7.31668 1.3790601
2.183512 7.469909 1.0726024
2.2601264 7.73806 0.61291564
2.4516625 7.967903 0.2681506
2.681506 8.121132 0.11492168
2.873042 8.274361 0.15322891
2.9113493 8.350976 0.4213795
2.681506 8.42759 0.6895301
2.1068976 8.312668 0.9959879
1.532289 8.121132 1.1875241
1.1875241 8.00621 1.2258313
1.1875241 8.00621 1.0342951
1.532289 8.159439 0.6512229
1.838747 8.350975 0.038307235
1.9536686 8.504205 -0.6512229
1.9536686 8.619126 -0.9576807
1.8770542 8.772355 -0.91937345
1.8004397 8.772355 -0.2681506
1.7621325 8.772355 0.6895301
1.6089036 8.734048 1.4939818
1.493982 8.695741 1.8770542
1.4173673 8.963891 1.8770542
1.3790601 9.270349 1.4939818
1.5705963 9.5385 0.842759
1.8770542 9.615114 0.11492169
2.2601264 9.576807 -0.45968673
2.6048915 9.5385 -0.842759
2.7581205 9.653421 -0.80445176
2.7581205 9.730036 -0.26815057
2.6048915 9.576807 0.4213795
2.3750482 9.232041 1.2258312
2.183512 8.772354 1.9536686
1.9536686 8.580818 2.2984335
1.8004396 8.848969 2.2601264
1.8004396 9.38527 2.183512
1.838747 10.036493 2.030283
1.9153614 10.534488 2.030283
1.9153614 10.6877165 2.0685902
1.8004396 10.534488 2.1452045
1.6089035 10.151415 2.375048
1.3790601 9.653421 2.6431985
1.2258313 9.385271 3.1411924
1.2258313 9.5385 3.5242648
1.3024457 9.998186 3.8307228
1.3790601 10.611102 3.9839516
1.4173673 11.147404 3.9073372
1.1875241 11.377247 3.7924156
0.842759 11.185711 3.7924156
0.4213795 10.802639 4.0222588
-0.11492168 10.151415 4.4053307
-0.38307226 9.615114 4.673482
-0.4213795 9.461885 4.5968676
-0.15322891 9.691729 4.3287168
0.34476504 10.342951 3.9839516
0.57460845 10.955867 3.86903
0.49799395 11.377247 4.0222588
0.03830722 11.415554 4.3287163
-0.61291564 11.032481 4.7884035
-1.1875241 10.534488 5.286397
-1.4939818 10.113108 5.6311626
-1.5705963 9.959879 5.707777
-1.3790601 10.113108 5.439626
-1.0726024 10.649408 4.865018
-0.80445176 11.300632 4.1754875
-0.5746084 11.951855 3.6391864
-0.5746084 12.449848 3.6774936
-0.6895301 12.641385 4.0222588
-0.80445176 12.717999 4.405331
-0.9576807 12.564771 4.9416323
-1.0726024 12.5264635 5.209783
-1.1492168 12.488156 5.363012
-1.2641385 12.488156 5.707777
-1.3790601 12.641385 6.0525417
-1.4173673 12.717999 6.2440777
-1.4556746 12.794614 6.3589993
-1.4939818 12.717999 6.3973064
-1.532289 12.488156 6.3589993
-1.6089036 12.181698 6.282385
-1.7238252 11.87524 6.282385
-1.838747 11.60709 6.2057705
-1.9536686 11.377247 5.9759274
-2.0685902 11.262325 5.899313
-2.0685902 11.032481 5.7843914
-2.1452045 10.840945 5.66947
-2.1452045 10.649408 5.6311626
-2.1835117 10.381258 5.477934
-2.1835117 10.151415 5.209783
-2.1068974 9.844957 4.9416323
-1.9919758 9.615114 4.7117887
-1.8004396 9.500193 4.55856
-1.6089036 9.576807 4.443638
-1.4173675 9.768343 4.1754875
-1.3024457 9.921572 3.86903
-1.2641385 9.921572 3.5242648
-1.3024457 9.883265 3.4093432
-1.3407528 9.653421 3.5242648
-1.3790601 9.500193 3.6008794
-1.4173675 9.385271 3.86903
-1.4556746 9.2703495 4.060566
-1.4556746 9.232042 4.213795
-1.4556746 9.155427 4.2521024
-1.4556746 9.155427 4.0222588
-1.4556746 9.11712 3.6391866
-1.4939818 9.11712 3.1411927
-1.4939818 9.155427 2.9496565
-1.4939818 9.193734 2.9879637
-1.5705963 9.232041 3.1794999
-1.6472108 9.270349 3.409343
-1.685518 9.270349 3.409343
-1.6472107 9.308656 3.2561142
-1.5705963 9.346963 2.987964
-1.5322891 9.461885 2.834735
-1.5705965 9.576807 2.7964277
-1.7621324 9.730036 2.9879637
-1.7621324 9.883265 3.1411927
-1.7238252 10.0748005 3.2944217
-1.6089035 10.266336 3.4476504
-1.5322891 10.228029 3.6391864
-1.4556746 10.036493 3.4093432
-1.4939818 9.730036 3.1411924
-1.6089036 9.500193 2.7964272
-1.7238252 9.423578 2.3750482
-1.838747 9.346963 2.336741
-1.9153614 9.270349 2.3750482
-1.8004397 9.193734 2.5665843
-1.5705963 9.078813 2.681506
-1.3024457 9.155427 2.834735
-0.8810662 9.385271 2.9113493
-0.61291564 9.768343 2.7964275
-0.49799395 10.036493 2.566584
-0.49799395 10.113108 2.336741
-0.6512229 9.998186 2.0685902
-0.7661445 9.500193 2.1452048
-0.842759 9.155428 2.4516625
-0.842759 8.84897 2.834735
-0.7661445 8.734048 3.2561145
-0.7661445 8.772355 3.2944217
-0.68953 8.772355 3.371036
-0.57460845 8.848969 3.2944217
-0.4213795 8.887277 3.2944217
-0.076614454 9.040505 3.2944217
0.34476507 9.423577 2.9113493
0.68953013 9.883265 2.6431985
0.9193735 10.304645 2.3750482
0.88106626 10.534488 2.2601266
0.49799395 10.304645 2.336741
-0.038307235 9.615114 2.4516625
-0.57460845 8.772355 2.6431987
-0.91937345 8.121132 2.9496565
-0.842759 7.8912888 3.1411927
-0.49799395 8.274361 3.1794999
-0.038307235 8.963891 2.873042
0.38307226 9.730036 2.183512
0.45968673 10.304644 1.7238252
0.34476504 10.266336 1.4556746
-0.038307235 9.80665 1.7621324
-0.6895301 8.389282 3.1794999
-0.842759 8.082825 3.7541082
-0.7278373 8.197746 3.8307228
-0.5363012 8.542512 3.7158012
-0.19153613 8.963891 3.1028852
0.11492168 9.423578 2.4516625
0.30645782 9.576807 2.2984338
0.34476507 9.461885 2.4133554
0.22984336 9.385271 2.9496565
0.15322891 9.232042 3.6391866
0.15322891 9.232042 3.9456444
0.26815057 9.346964 3.9456444
0.38307226 9.308657 3.6774936
0.45968676 9.308657 3.3327286
0.57460845 9.308657 3.0262709
0.6512228 9.346964 2.9113493
0.80445176 9.461885 3.064578
0.95768064 9.5385 3.217807
1.0342951 9.615114 3.371036
1.0726024 9.691729 3.562572
1.0342951 9.615114 3.677494
0.9959879 9.576807 3.9456444
1.0726024 9.461885 3.9073372
1.2641385 9.385271 3.677494
1.4939818 9.385271 3.2944217
1.7621325 9.346964 2.681506
1.838747 9.346964 2.4516625
1.7621324 9.155428 2.566584
1.685518 9.040505 3.064578
1.6089036 9.040505 3.6391864
1.685518 9.155428 4.1371803
1.8770541 9.385271 4.1371803
2.0685902 9.5385 3.562572
2.183512 9.500193 3.0262709
2.183512 9.38527 2.528277
2.0685902 9.193734 2.4133554
1.9153614 9.040505 2.873042
1.8387469 8.963891 3.4476504
1.8387469 9.002199 3.9839516
1.9153614 9.193735 4.290409
2.030283 9.423578 4.290409
2.1068976 9.730036 4.1371803
2.1452048 9.80665 3.9073372
2.1068974 9.730036 3.7541084
2.030283 9.615114 3.7541084
1.9153614 9.461885 3.7924156
1.8004398 9.385271 3.9073372
1.685518 9.385271 4.1371803
1.6472108 9.461885 4.290409
1.6472108 9.5385 4.4436383
1.685518 9.653421 4.5202527
1.7621324 9.730036 4.4053307
1.7238252 9.80665 4.2137947
1.685518 9.80665 4.0222588
1.6089035 9.768343 3.8307228
1.5705963 9.691729 3.677494
1.5705963 9.461885 3.524265
1.532289 9.346964 3.2944217
1.4939818 9.232042 3.2561142
1.4939818 9.385271 3.4476504
1.5705963 9.576807 3.7541082
1.5705963 9.844957 4.1371803
1.6089035 10.0748005 4.367024
1.6089035 10.151415 4.5202527
1.4556746 9.998186 4.405331
1.3024458 9.576807 4.0988736
1.0726024 9.308657 3.6774936
0.842759 9.155428 3.371036
0.6512229 9.078813 3.3327289

