0.57460845 9.308657 3.5242648
0.53630114 9.423578 3.9456444
-1.4901161E-8 9.002198 4.0988736
0.19153611 9.538499 4.0222588
0.7661446 10.419565 4.405331
1.2258313 11.338939 4.903325
1.6089035 12.105083 5.171476
1.7621325 12.334927 5.171476
1.9153613 12.526463 5.056554
2.0685902 12.526463 4.8267107
2.1452045 12.411541 4.673482
2.0685902 12.105083 4.55856
1.9153614 11.760319 4.55856
1.8004398 11.453861 4.5968676
1.7621324 11.33894 4.711789
1.7238252 11.33894 4.7500963
1.6472108 11.262325 4.5968676
1.4939818 11.109097 4.4436383
1.1492168 10.840945 4.1371803
0.7278373 10.496181 3.9839516
0.4213795 10.228029 4.0222588
0.11492168 10.189722 4.1371803
0.0 10.342951 4.3287163
0.15322891 10.496181 4.4819455
0.34476504 10.726024 4.4819455
0.61291564 10.840945 4.2904096
0.80445176 10.802638 4.1371803
0.88106626 10.802638 3.7541084
0.88106626 10.726024 3.371036
0.8044518 10.726024 3.0645783
0.68953013 10.726024 2.9113493
0.4213795 10.457873 2.987964
0.076614454 10.228029 3.1794999
-0.15322891 9.921572 3.3327286
-0.22984336 9.691729 3.3327286
-0.15322891 9.80665 3.2944214
0.076614454 9.883265 3.217807
0.30645782 9.959879 3.1794999
0.45968673 9.959879 2.9879637
0.57460845 9.844957 2.8347347
0.57460845 9.691729 2.6431985
0.49799395 9.576807 2.4899697
0.34476507 9.500193 2.6815057
0.19153613 9.423578 2.834735
0.11492168 9.346964 3.1028852
0.038307227 9.232041 3.2944214
0.038307227 8.963891 3.2561142
0.038307227 8.772355 3.064578
0.11492168 8.848969 2.6431987
0.22984336 8.925585 2.2984335
0.2681506 9.002199 2.030283
0.22984336 8.963892 1.7621325
0.0 8.6574335 1.5705963
-0.34476504 8.312668 1.4939818
-0.5746084 8.159439 1.5705962
-0.6512229 8.159439 1.8387469
-0.6895301 8.312668 2.2218194
-0.6512228 8.580818 2.4516625
-0.6512228 8.810662 2.528277
-0.72783726 8.925584 2.4133554
-0.72783726 8.963891 2.2218194
-0.72783726 8.810662 1.9153614
-0.6895301 8.580818 1.4556746
-0.6895301 8.312668 1.1109096
-0.7661445 7.967903 0.91937345
-0.842759 7.6231384 0.80445176
-0.9959879 7.4316025 0.99598783
-1.1492168 7.354987 1.3790603
-1.2641385 7.278373 1.7621324
-1.2641385 7.5082164 2.3750482
-1.187524 7.73806 2.9496565
-1.0342951 7.8912888 3.1411927
-0.9576807 8.00621 2.9496565
-1.0342952 7.8529816 2.4133554
-1.1492168 7.4699097 1.5705963
-1.3024458 7.201759 1.1109096
-1.2641385 7.1251445 0.9193735
-1.1492168 7.1634517 1.1109096
-1.0342951 7.393295 1.5322891
-0.91937345 7.4699097 1.5322891
-0.9576807 7.3932953 1.4173675
-1.0342951 7.2400665 1.0342952
-1.1492169 6.933608 0.5363012
-1.1875241 6.7803793 0.4213795
-1.1875241 6.7803793 0.6512228
-1.1492168 6.933608 1.1109096
-0.9959879 7.240066 1.6089036
-0.9193734 7.508217 1.8387468
-0.8044517 7.73806 1.8004396
-0.68953 7.8529816 1.6089035
-0.6512228 7.8529816 1.4173675
-0.61291564 7.8146744 1.4556746
-0.61291564 7.776367 1.6472107
-0.6512228 7.776367 1.7621324
-0.6895301 7.776367 1.8004397
-0.6512228 7.8529816 1.685518
-0.49799395 8.00621 1.340753
-0.19153613 8.159439 1.1875241
0.11492168 8.312668 1.1109096
0.3830723 8.465897 1.1492168
0.61291564 8.350975 1.532289
0.6895301 8.312668 1.685518
0.6895301 8.121132 1.838747
0.6512228 7.776367 1.838747
0.5746084 7.508217 1.9153614
0.49799398 7.2400656 1.9536686
0.49799398 7.0485296 1.685518
0.61291564 7.0485296 1.4556746
0.8810662 7.086837 1.0342951
1.2258313 7.086837 0.61291564
1.6089035 7.0485296 0.49799395
1.9536685 7.1251445 0.30645782
2.4516625 7.3549876 0.34476504
2.6431987 7.584831 0.5746084
2.7198133 7.584831 1.0342951
2.6048915 7.508217 1.6472108
2.1068976 7.0868373 2.0685904
1.4173675 6.550536 2.2218192
0.842759 6.0908494 2.030283
0.45968673 5.9759274 1.4173673
0.61291564 6.359 0.6129157
1.0726024 6.9719152 0.038307257
1.5322891 7.73806 -0.3064578
1.8770542 8.274361 -0.42137945
1.9536686 8.542511 -0.15322891
1.7238252 8.580818 0.30645782
1.3790603 8.504204 0.8810662
0.9576807 8.236053 1.532289
0.61291564 7.929596 1.9919758
0.38307226 7.5848308 1.9919758
0.19153613 7.2400656 1.4939818
0.15322891 7.163451 0.7278373
0.22984335 7.393295 0.0
0.5363012 7.929596 -0.26815057
0.9576807 8.465897 0.19153616
1.3790601 8.734047 1.0342952
1.6472108 8.734047 1.7238252
1.4939818 8.389282 1.8770542
1.0726024 7.967903 1.4556746
0.49799395 7.73806 0.842759
0.11492167 7.6231384 0.5363012
0.22984335 7.8529816 0.61291564
0.7661445 8.350975 0.9959879
1.4556746 8.848969 1.3790601
1.9153614 9.308657 1.5705965
2.030283 9.5385 1.532289
1.877054 9.423578 1.685518
1.7238252 9.232041 1.8004396
1.685518 9.11712 1.877054
1.7621324 9.040505 1.9153614
1.8770542 9.040505 1.4939818
1.8770542 9.040505 1.1492169
1.8004396 9.002198 0.95768064
1.6472108 8.963891 0.99598783
1.4939818 9.193734 1.2641385
1.4556746 9.423578 1.6089034
1.3790601 9.5385 2.030283
1.3024458 9.691729 2.2218192
1.1492169 9.730036 2.4516625
0.9193735 9.730036 2.719813
0.7278373 9.80665 2.873042
0.57460845 9.844957 3.064578
0.57460845 9.80665 3.064578
0.61291564 9.921572 2.681506
0.7661445 10.189722 1.8004398
0.80445176 10.151415 1.685518
0.8810662 9.768343 2.3367407
0.9576807 9.768343 2.9496562
0.9576807 10.036493 3.6008792
0.9576807 10.381259 4.1754875
0.7661446 10.649409 4.55856
0.53630114 10.764331 4.6351748
0.30645782 10.840945 4.673482
0.15322891 10.91756 4.7500963
0.15322891 11.070789 4.865018
0.22984335 11.33894 5.0182467
0.3064578 11.645397 5.056554
0.22984335 12.105083 4.9799395
0.11492168 12.526463 4.8267107
-0.038307227 12.909535 4.7117887
-0.11492168 13.2543 4.6734815
-0.076614454 13.560759 4.865018
-0.038307227 13.828909 5.24809
-0.038307227 14.058752 5.6694694
-0.076614454 14.135366 6.0142345
-0.11492168 13.905523 6.129156
-0.15322891 13.484144 5.899313
-0.26815057 12.832922 5.439626
-0.38307226 12.181698 4.8267107
-0.53630114 11.760319 4.3287168
-0.6895301 11.645397 4.1371803
-0.6895301 11.836933 4.2521024
-0.6512228 12.143391 4.6351748
-0.45968673 12.373234 5.0565543
-0.30645782 12.449848 5.3247046
-0.19153613 12.258312 5.5545483
-0.15322891 11.951855 5.4779334
-0.22984336 11.530476 5.324704
-0.22984336 11.032481 4.9799395
-0.26815057 10.611102 4.4436383
-0.30645782 10.304644 4.1754875
-0.34476504 10.151415 3.9839516
-0.45968673 10.266336 3.9839516
-0.5746084 10.457872 4.3287163
-0.6895301 10.572794 4.6351743
-0.842759 10.611102 5.0182467
-0.9959879 10.534488 5.439626
-1.1492168 10.381259 5.5545483
-1.3407528 10.228029 5.5928555
-1.532289 10.0748005 5.4396267
-1.7238252 9.844957 5.24809
-1.9153614 9.691729 5.133168
-2.030283 9.615114 5.1714754
-2.0685902 9.615114 5.2480903
-1.9919758 9.730036 5.363012
-1.8387469 9.883265 5.4779334
-1.685518 9.998186 5.2863975
-1.6089036 10.0748005 5.056554
-1.7621324 10.0748005 4.596867
-1.9919758 9.883265 4.2904096
-2.2984338 9.653421 4.3287168
-2.6048915 9.423577 4.5202527
-2.681506 9.270349 4.9799395
-2.719813 9.232041 5.2480903
-2.6431987 9.078813 5.171476
-2.4516625 8.925584 4.903325
-2.2984338 8.695741 4.405331
-2.1452048 8.504205 3.7158008
-2.030283 8.465898 3.1794996
-1.9536686 8.504205 2.8347347
-1.9536686 8.695741 2.7581203
-1.9536686 8.887277 3.1794999
-1.7621324 9.155427 3.6008794
-1.1492168 9.423578 4.098873
-0.7278373 9.576807 3.6391864
-0.49799395 9.615114 3.1028852
-0.4596867 9.691729 2.413355
-0.61291564 9.576807 1.8770541
-0.80445176 9.500193 1.8770541
-1.0342951 9.385271 2.2984335
-1.2258313 9.193734 3.1028852
-1.3407528 8.963891 3.8307228
-1.4939818 8.657433 4.1754875
-1.532289 8.427589 4.0222588
-1.4939818 8.274361 3.409343
-1.4173675 8.427589 2.719813
-1.2258313 8.772355 2.528277
-1.0726024 9.308657 2.719813
-0.842759 9.8832655 3.217807
-0.5746084 10.342952 3.9839516
-0.45968673 10.534488 4.2137947
-0.4213795 10.381259 4.0222588
-0.45968673 10.113108 3.6391866
-0.7278373 9.615114 2.834735
-1.0342951 8.963891 2.2218192
-1.3024458 8.389282 1.9919758
-1.493982 8.0445175 1.9919758
-1.340753 8.159439 2.4516625
-0.9576807 8.6574335 3.1794999
-0.49799395 9.423578 3.6774938
-0.11492168 10.036494 3.8307226
0.0 10.151416 3.6008792
-0.076614454 9.8832655 2.911349
-0.19153613 9.232042 2.2218192
-0.30645782 8.619126 1.9153614
-0.30645782 8.350975 1.8004397
-0.22984336 8.465897 2.0685902
-0.15322891 9.078813 2.6048913
0.076614454 10.036493 3.1794996
0.30645782 10.91756 3.6391864
0.38307226 11.300632 3.8307228
0.34476504 10.994174 3.5242648
0.03830722 10.0748005 2.873042
-0.34476504 8.963891 2.2218192
-0.53630114 8.274361 1.6089036
-0.6512228 8.121132 1.4173675
-0.5746084 8.350975 1.4556746
-0.4596867 8.848969 1.8770541
-0.4596867 9.232041 2.719813
-0.61291564 9.346963 3.4476504
-0.8044518 9.232041 4.0222588
-0.8810662 9.040505 4.1754875
-0.8044518 8.887277 3.8307228
-0.57460845 8.925584 3.371036
-0.34476504 9.040505 2.873042
-0.2681506 9.040505 2.6431987
-0.34476504 8.810662 2.9879637
-0.38307226 8.580818 3.6774938
-0.22984336 8.427589 4.2137947
0.0 8.504204 4.5585604
0.45968676 8.810662 4.520253
0.9576807 9.155428 3.9839518
1.5705965 9.2703495 2.9496565
1.6472108 8.963892 2.528277
1.6472108 8.619126 2.528277
1.7238252 8.542511 2.6048915
1.9153614 8.772355 2.873042
2.2218192 9.2703495 3.1794999
2.719813 10.0748005 3.1411927
2.834735 10.266336 2.9496565
2.9113493 10.266336 2.9113493
2.9879637 10.151415 2.9496565
3.064578 9.959879 3.1794996
2.9879637 9.80665 3.2561142
2.873042 9.768343 3.217807
2.7198133 9.883265 3.2561145
2.6815062 10.151415 3.2178073
2.7198133 10.381258 3.371036
2.7198133 10.49618 3.5242648
2.7198133 10.534488 3.6008794
2.6048915 10.419566 3.524265
2.4516625 9.998186 3.2561142
2.2601264 9.691729 3.1411924
2.1068976 9.500193 3.1794996
1.9536686 9.423578 3.2944214
1.9919758 9.423578 3.4093432
2.1068974 9.615114 3.677494
2.221819 9.844957 3.7924156
2.2984335 9.998186 3.7541084
2.2218192 10.113108 3.562572
2.1452045 10.113108 3.217807
2.030283 9.998186 3.026271
1.8770541 9.959879 2.9113493
1.685518 9.80665 2.7581203
1.4939818 9.653421 2.719813
1.37906 9.5385 2.834735
1.1875241 9.232042 2.9879637

