1.2641385 9.193735 3.3327289
1.3024457 9.155428 3.5625722
1.2258313 9.11712 3.6774938
0.22984335 8.810662 4.252102
0.45968673 9.615114 4.4819455
1.0342952 10.49618 4.7500963
1.5322891 11.45386 4.903325
1.8387469 12.334928 4.903325
1.8387469 12.449849 4.6351743
1.9153614 12.717999 4.3287163
2.030283 13.101072 4.060566
2.2218192 13.445837 4.0222588
2.375048 13.752295 4.2521024
2.375048 13.752295 4.55856
2.2601264 13.637373 4.7884035
1.9919758 13.40753 4.8267107
1.8004397 13.024458 4.596867
1.7238252 12.794615 4.3670235
1.685518 12.5264635 4.290409
1.7621324 12.373234 4.252102
1.7621324 12.220005 4.405331
1.6472108 12.066776 4.711789
1.4556746 11.87524 4.97994
1.1492169 11.530476 5.171476
0.91937345 11.224017 5.2480903
0.7661445 10.764331 4.865018
0.7661445 10.496181 4.3287168
0.842759 10.381259 3.907337
0.842759 10.266336 3.6008794
0.7661446 10.151415 3.6008794
0.5363012 9.80665 3.6391869
0.2681506 9.500193 3.6391869
0.11492168 9.346964 3.6008792
0.15322891 9.500193 3.5242648
0.4213795 9.80665 3.6008792
0.7278373 10.036493 3.4476504
0.8044518 9.998186 2.9496565
0.5363012 9.730036 2.719813
0.22984336 9.500193 2.719813
0.076614454 9.346964 2.987964
0.076614454 9.346964 3.371036
0.076614454 9.346964 3.4859576
0.038307227 9.308657 3.4093432
-0.114921674 9.155427 2.9496565
-0.34476504 9.040505 2.3750482
-0.45968673 9.040505 1.9536687
-0.45968673 9.002198 1.7621325
-0.45968673 8.963891 1.6855179
-0.38307226 8.848969 1.6089035
-0.344765 8.810662 1.340753
-0.344765 8.887277 0.9959879
-0.30645782 8.925584 0.6895301
-0.26815057 8.963891 0.6895301
-0.26815057 8.848969 0.8810662
-0.26815057 8.695741 1.1875241
-0.22984336 8.619126 1.3790603
-0.19153613 8.580819 1.3407528
-0.15322891 8.580819 1.3024457
-0.15322891 8.580819 1.1875241
-0.19153613 8.465897 1.2641385
-0.2681506 8.312668 1.3790601
-0.30645782 8.274361 1.4939818
-0.26815057 8.236053 1.5322891
-0.15322891 8.312669 1.4173673
-0.076614454 8.580819 1.1492168
0.0 8.695741 0.8810662
0.038307227 8.772355 0.68953013
-0.11492168 8.69574 0.68953013
-0.22984336 8.465897 0.68953013
-0.2681506 8.274361 0.6512229
-0.30645782 8.121132 0.6512229
-0.2681506 8.082825 0.4213795
-0.30645782 7.967903 0.26815057
-0.4213795 7.8146744 0.4213795
-0.5746084 7.6614456 0.49799395
-0.68953 7.546524 0.6895301
-0.6512228 7.431602 0.7661446
-0.5363012 7.469909 0.4213795
-0.38307226 7.6231384 0.07661445
-0.15322891 7.8912888 -0.19153613
0.038307227 8.159439 -0.038307227
0.076614454 8.236053 0.26815057
0.0 7.776367 0.6512228
-0.15322891 7.546524 0.53630114
-0.2681506 7.3932953 0.4213795
-0.34476504 7.3166804 0.34476507
-0.38307226 7.3166804 0.4213795
-0.38307226 7.3549876 0.4213795
-0.3064578 7.431602 0.34476504
-0.22984335 7.508217 0.19153613
-0.34476504 7.508217 0.11492168
-0.42137948 7.3932953 0.15322891
-0.4596867 7.2783737 0.34476504
-0.4213795 7.201759 0.53630114
-0.19153613 7.354988 0.6895301
0.0 7.546524 0.6895301
0.15322891 7.584831 0.5363012
0.22984336 7.546524 0.26815057
0.22984336 7.3166804 -0.07661446
0.26815057 6.9719152 -0.45968673
0.26815057 6.8186865 -0.5363012
0.26815057 6.703765 -0.22984338
0.38307226 6.6271505 0.22984335
0.5363012 6.550536 0.7661445
0.6512228 6.397307 1.0342951
0.6895301 6.2823853 1.0342951
0.61291564 6.1674633 0.8810662
0.4596867 6.0525417 0.6512229
0.344765 5.899313 0.4213795
0.42137945 5.707777 0.15322891
0.8044517 5.746084 -0.114921674
1.4173673 6.0908494 -0.114921674
2.1452045 6.703765 -0.114921674
2.7964275 7.3932943 -0.038307227
3.1411927 7.8912888 0.076614454
3.1794999 8.00621 0.076614454
2.9496565 7.661445 0.22984336
2.6048913 7.0485296 0.34476504
2.2218192 6.397307 0.45968673
1.8387468 5.93762 0.38307226
1.5705962 5.861006 0.076614454
1.532289 6.0908494 -0.42137948
1.685518 6.5505357 -0.9576807
2.0685902 7.2783732 -1.3790601
2.566584 7.8146744 -1.532289
2.8730419 8.350975 -1.3024458
3.064578 8.542511 -1.0342951
2.911349 8.389282 -0.7661445
2.3367407 7.967903 -0.7661446
1.9919758 7.6614456 -0.88106626
1.7621324 7.393295 -1.0342951
1.532289 7.3166804 -1.1109096
1.3407531 7.584831 -1.0726024
1.2258313 8.121132 -0.9576807
1.3024458 8.772355 -0.7278373
1.4939818 9.11712 -0.61291564
1.8004396 9.11712 -0.61291564
2.0685902 8.848969 -0.8044517
2.1068974 8.465897 -1.187524
1.8387469 8.159439 -1.4173673
1.3790601 8.121132 -1.340753
1.0342951 8.350975 -1.0342951
0.9576807 8.619126 -0.53630114
1.2258313 9.002199 -0.076614454
1.685518 9.193735 0.22984336
1.9919758 9.193735 0.38307226
2.030283 9.155428 0.30645782
1.8387468 9.040505 0.22984338
1.5705962 9.078813 0.076614454
1.4173675 9.308656 0.19153613
1.4556746 9.653421 0.61291564
1.6089035 9.959879 1.1109096
1.7238252 10.189722 1.8004396
1.6472108 10.534487 2.4899697
1.5322891 10.726024 2.3750482
1.4173673 10.840945 1.9153613
1.2258313 10.955867 1.4173673
0.9193734 11.032481 1.0726024
0.53630114 10.955867 1.1492169
0.11492168 10.726024 1.4556746
-0.15322891 10.304645 1.9536686
-0.26815057 10.036493 2.336741
-0.1532289 9.959879 2.7198133
0.15322891 10.189722 2.9113493
0.45968676 10.649408 2.566584
0.6512229 10.994175 2.2984338
0.6512229 11.185711 1.9536686
0.49799395 11.300632 1.9153613
0.26815057 11.185711 2.1835117
0.15322891 10.955868 2.375048
0.15322891 10.802639 2.4516623
0.26815057 10.572795 2.2984335
0.4596867 10.572795 2.2218192
0.6895301 10.802638 2.183512
0.7661445 11.109096 2.183512
0.57460845 11.377247 2.2601264
-0.2681506 11.224018 2.6815057
-0.6512229 10.764332 2.911349
-0.842759 10.266336 3.217807
-0.8810662 9.921572 3.3327286
-0.7661445 9.959879 3.3710358
-0.53630114 10.381259 3.217807
-0.22984336 10.994174 2.9113493
0.03830722 11.568783 2.6048915
0.30645782 11.951855 2.48997
0.34476504 12.066776 2.5665843
0.19153613 11.990162 2.7581203
-0.03830722 11.760319 3.1028855
-0.22984335 11.453861 3.4476504
-0.38307226 11.262325 3.7541082
-0.34476504 11.224018 3.9839516
-0.22984336 11.415554 4.1754875
-0.11492168 11.722012 4.1754875
0.038307227 12.028469 4.1754875
0.11492168 12.373234 4.367024
0.15322891 12.449848 4.5202527
0.11492168 12.526463 4.7884035
0.0 12.526463 5.0565543
-0.076614454 12.449848 5.2480903
-0.22984336 12.5264635 5.3630123
-0.38307226 12.449849 5.4396267
-0.49799395 12.334928 5.4013195
-0.6512228 12.105083 5.24809
-0.72783726 11.951855 5.24809
-0.7661445 11.951855 5.324704
-0.6512228 11.951855 5.439626
-0.6129156 12.028469 5.5162406
-0.5746084 11.951855 5.401319
-0.5363012 11.722012 5.1714754
-0.6895301 11.530476 5.0182467
-0.842759 11.109096 4.8267107
-1.1109096 10.611102 4.8267107
-1.532289 10.036493 4.8267107
-1.877054 9.423577 4.8267107
-2.1068974 9.078813 4.9416323
-2.1835117 9.002198 5.0182467
-2.0685902 9.117121 5.0182467
-1.8770541 9.423578 4.9799395
-1.7621324 9.80665 4.8267107
-1.7621324 9.921572 4.5968676
-1.8387469 9.921572 4.3287168
-2.0685902 9.730036 4.213795
-2.336741 9.232042 4.098873
-2.566584 8.810662 4.1371803
-2.6815062 8.542511 4.2137947
-2.6431987 8.350975 4.2137947
-2.4516625 8.504204 4.252102
-1.877054 8.963891 4.060566
-1.37906 9.423578 3.7158012
-0.9576806 9.844957 3.217807
-0.57460845 10.151415 2.8347347
-0.6512228 10.113108 2.6048913
-0.842759 9.844957 2.6431985
-1.0726023 9.500192 2.8347347
-1.4173673 9.002198 2.8730419
-1.6472107 8.619125 2.7964275
-1.7238252 8.312668 2.719813
-1.7621324 8.274361 2.681506
-1.685518 8.465897 2.7964277
-1.532289 8.772355 2.9113493
-1.3024457 9.308657 2.7964275
-1.0726023 9.615114 2.4899697
-0.91937345 9.691729 2.0685904
-0.9959879 9.500193 1.8770542
-1.3024457 9.078814 2.030283
-1.7621324 8.580819 2.528277
-2.2984338 8.082825 3.6008794
-2.1452048 8.350975 3.7924156
-1.685518 8.925584 3.5625722
-1.1875241 9.653421 3.026271
-0.80445176 10.228029 2.4899697
-0.7278373 10.342951 2.0685902
-1.0342951 10.113108 2.0685902
-1.532289 9.461885 2.5665843
-2.0685902 8.925584 3.2944214
-2.4516625 8.427589 3.9456441
-2.566584 8.0445175 4.252102
-2.4516625 7.967903 4.1754875
-1.9919759 8.082825 3.6391864
-0.91937345 9.193734 2.566584
-0.30645782 10.113108 2.1452048
-0.03830722 10.764331 1.8770542
0.11492168 11.109097 1.9153614
-0.11492168 10.879253 2.4133554
-0.7278373 9.921572 2.9879637
-1.3024457 8.84897 3.6391864
-1.4556746 8.082825 3.6774938
-1.1492168 8.0445175 3.0262709
-0.4213795 8.887277 2.183512
0.4596867 9.998186 1.4939818
0.91937345 10.764332 1.4173675
0.80445176 10.802639 2.030283
0.2681506 10.113108 2.7581203
-0.49799395 9.155428 3.2561142
-1.0726023 8.389282 3.4476504
-1.0726023 8.082825 3.1028852
-0.68953013 8.312668 2.6048913
-0.11492168 8.810662 2.1068974
0.4213795 9.461885 1.8387468
0.61291564 10.113109 1.7621324
0.57460845 10.419566 1.7621324
0.38307226 10.381259 2.183512
-0.11492169 10.036493 2.528277
-0.49799395 9.4618845 3.064578
-0.7278373 9.11712 3.6774938
-0.7661445 9.040505 3.7924156
-0.49799395 9.078813 3.6391866
-0.26815057 9.193734 3.026271
-0.076614454 9.232041 2.2601266
0.11492168 9.346963 1.9536686
0.22984336 9.576807 2.0685904
0.19153613 9.768343 2.681506
0.038307227 9.883265 3.4859576
-0.26815057 9.768343 3.907337
-0.45968673 9.500193 4.060566
-0.4213795 9.270349 3.9456444
-0.22984336 9.155427 3.5625722
0.038307227 9.155427 3.2178073
0.19153613 9.232042 2.719813
0.30645782 9.423578 2.3750482
0.49799395 9.653421 2.528277
0.61291564 9.844957 2.911349
0.7278373 10.0748005 3.4859576
0.7661445 10.113108 3.86903
0.68953 9.998186 3.715801
0.61291564 9.883265 3.2944214
0.5363012 9.653421 2.7581203
0.45968676 9.461885 2.2601264
0.38307226 9.308657 2.0685902
0.4213795 9.346964 2.2601264
0.49799395 9.615114 2.6431985
0.57460845 9.844957 3.1411924
0.6512228 10.113108 3.562572
0.53630114 9.959879 3.7924156
0.38307226 9.730036 3.8307228
0.26815057 9.500193 3.7924156
0.076614454 9.308657 3.8307228
0.038307227 9.385271 3.9073372
0.076614454 9.423578 4.060566
0.15322891 9.691729 4.252102
0.30645782 9.959879 4.3287168
0.4213795 10.228029 4.2137947
0.3830723 10.381258 3.9839516
0.34476507 10.342951 3.7158012
0.34476507 10.266336 3.4476504
0.34476507 10.189722 3.4093432
0.4213795 10.189722 3.4093432
0.38307226 10.189722 3.4859576
0.19153613 10.036493 3.4093432
0.0 9.883265 3.4476504
-0.15322891 9.730036 3.4476504
-0.34476504 9.500193 3.4476504
-0.45968676 9.2703495 3.5242648
-0.45968676 9.040506 3.371036
-0.4213795 8.925584 3.1411927
-0.30645782 8.925584 3.026271
-0.22984336 9.078813 2.9113493
-0.15322891 9.346964 2.9879637
-0.076614454 9.615114 3.1028852
-0.038307227 9.80665 3.1411924
-0.038307227 9.730036 3.1794996
-0.15322891 9.500193 3.064578
-0.22984336 9.270349 3.1028852
-0.38307226 9.155427 3.1028852
-0.49799395 9.232041 2.834735
-0.49799395 9.346964 2.7198129
-0.68953013 9.346964 2.4516623
-0.8044518 9.308657 2.3367407

