-0.8044518 9.2703495 2.528277
-0.7278373 9.2703495 2.9113493
-0.49799395 9.385271 3.4093432
-0.22984335 9.461885 3.9456444
-0.49799395 9.270349 4.060566
-0.30645782 9.65342 4.0222588
-0.07661447 10.0748005 4.0222588
0.38307226 10.726024 4.55856
0.842759 11.415554 5.1714754
0.9576807 11.530476 5.5162406
1.1109096 11.568783 5.592855
1.3024457 11.683704 5.66947
1.3790601 11.87524 5.6311626
1.4556746 12.296619 5.4779334
1.5322891 12.756307 5.439626
1.5322891 12.98615 5.401319
1.6089036 13.062764 5.1714754
1.5705962 13.024457 4.903325
1.4939818 12.871228 4.673482
1.3790603 12.756307 4.5585604
1.2641385 12.717999 4.4819455
1.2258313 12.564771 4.5202527
1.1875241 12.488156 4.4819455
1.1875241 12.449849 4.2521024
1.1492168 12.334928 4.060566
1.0726024 12.296619 3.9456444
0.9959879 12.181698 3.9073372
0.9193734 12.028469 3.9839516
0.84275895 11.951855 4.060566
0.84275895 11.798626 4.060566
0.8810662 11.645397 3.9073372
1.1109096 11.60709 3.8307228
1.3024457 11.60709 3.6008794
1.4556745 11.60709 3.4093432
1.5322891 11.492168 3.2561142
1.3790601 11.262325 3.1028852
1.2258313 10.955868 3.1794996
1.0342951 10.611102 3.371036
0.8810662 10.457873 3.7158008
0.8810662 10.381259 4.0222588
0.9193734 10.304644 4.252102
1.0342951 10.266336 3.9839516
1.0342951 10.228029 3.4859576
0.842759 10.113108 2.873042
0.61291564 9.883265 2.2601264
0.34476504 9.653421 2.1068974
0.22984335 9.461885 2.3750482
0.2681506 9.308657 2.7581205
0.30645782 9.308657 3.1795
0.34476507 9.385271 3.5242648
0.34476507 9.385271 3.4093432
0.30645782 9.385271 3.1028852
0.30645782 9.2703495 2.6431987
0.26815057 9.078814 2.1068976
0.15322891 9.002198 1.7621324
0.076614454 8.887277 1.4939818
-0.038307227 8.887277 1.5705962
-0.11492168 8.963891 1.7238252
-0.15322891 8.963891 1.8004396
-0.19153613 8.925584 1.8387469
-0.19153613 8.925584 1.6089035
-0.11492168 9.002198 1.3024457
-0.038307227 8.925584 1.0726024
-0.076614454 8.925584 1.0726024
-0.19153613 8.772355 1.0726024
-0.38307226 8.542512 1.3790601
-0.57460845 8.542512 1.7621325
-0.6512228 8.465898 2.183512
-0.5746084 8.542512 2.6048915
-0.49799395 8.504204 2.528277
-0.4213795 8.350975 2.3367407
-0.344765 8.312668 1.9536686
-0.38307226 8.159439 1.6472107
-0.4213795 8.121132 1.5705963
-0.4213795 8.082825 1.5705963
-0.34476504 8.082825 1.7621324
-0.22984336 8.236053 2.030283
-0.11492168 8.274361 2.2601264
-0.038307227 8.236053 2.4899697
-0.11492168 8.197746 2.4516625
-0.22984336 8.0445175 2.1835117
-0.34476504 7.929596 1.9536685
-0.4213795 7.8912888 1.4939818
-0.5363012 7.8146744 1.1492168
-0.57460845 7.6614456 0.9193734
-0.57460845 7.584831 0.8810662
-0.6512228 7.4699097 0.9959879
-0.6512228 7.3549876 1.3024457
-0.6895301 7.431602 1.685518
-0.7661445 7.393295 1.8004396
-0.80445176 7.431602 1.8004396
-0.842759 7.3166804 1.4556746
-0.9576807 7.0485296 0.9193734
-0.9959879 6.818686 0.38307226
-1.0726024 6.6654572 0.11492168
-1.1492169 6.588843 0.038307227
-1.1875241 6.5505357 0.38307226
-1.2258313 6.7037644 0.9959879
-1.1109096 6.7420716 1.4173675
-0.9576807 6.933608 1.685518
-0.7278373 7.1634517 1.4939818
-0.5746084 7.2783732 1.0726023
-0.49799395 7.393295 0.7278373
-0.45968673 7.3166804 0.4213795
-0.45968673 7.2017584 0.3830723
-0.49799398 6.933608 0.5746084
-0.45968673 6.8186865 0.68953013
-0.3830723 6.8186865 0.88106626
-0.30645782 6.9719152 0.99598795
-0.076614454 7.2017584 0.88106626
0.15322891 7.3549876 0.9576807
0.4213795 7.508217 1.1875241
0.7661445 7.584831 1.6472108
0.9959879 7.6231384 2.2984338
1.1492169 7.3549876 2.7581203
1.1492169 6.588843 2.719813
1.0342951 5.631162 2.1452045
0.91937345 4.903325 1.1492168
0.80445176 4.6734815 0.19153616
0.91937345 5.094861 -0.26815057
1.340753 5.7460837 -0.22984335
1.8387469 6.4739213 0.19153616
2.2601264 7.125144 0.842759
2.4516625 7.5848308 1.3790601
2.2984335 7.776367 1.6089035
1.9536686 7.5465236 1.6089035
1.6089036 7.0102224 1.0342951
1.2258313 6.435614 0.42137948
0.9193734 6.2057705 -0.038307227
0.8044517 6.3206925 -0.38307226
0.9576807 6.8953004 -0.4596867
1.3024458 7.5848308 -0.53630114
1.7238252 8.236053 -0.53630114
2.0685902 8.69574 -0.5746084
2.1068974 8.69574 -0.4596867
1.9153612 8.619125 -0.4596867
1.5705962 8.504204 -0.61291564
1.1492168 8.427589 -0.7278373
0.8044518 8.580819 -0.9959879
0.6895301 8.6574335 -1.1109096
0.5746084 8.619126 -1.1109096
0.5746084 8.504204 -0.8810662
0.5746084 8.197746 -0.5746084
0.4213795 7.967903 -0.34476504
0.22984336 7.967903 -0.22984336
-0.076614454 8.350976 -0.4213795
-0.38307226 8.848969 -0.5363012
-0.49799395 9.346964 -0.6895301
-0.45968673 9.691729 -0.80445176
-0.22984335 9.730036 -0.7661446
0.22984341 9.730036 -0.6895301
0.5746084 9.80665 -0.49799395
0.842759 9.691729 -0.22984338
0.88106626 9.500193 -0.076614454
0.57460845 9.385271 -0.11492168
0.19153613 9.232042 -0.11492168
-0.22984335 9.193734 -0.15322891
-0.4213795 9.232041 -0.076614454
-0.30645782 9.423578 0.22984335
0.0 9.653421 0.53630114
0.4213795 9.883265 0.84275895
0.6895301 10.036493 1.0726023
0.61291564 9.844957 1.1492169
0.22984336 9.423578 1.1875241
-0.34476504 9.002198 1.1492169
-0.9576807 8.580818 1.1492169
-1.3024457 8.427589 1.3407528
-1.3790601 8.542511 1.5705962
-1.187524 8.734047 1.9153613
-0.8810662 9.078813 2.2601266
-0.57460845 9.423577 2.7198133
-0.30645782 9.730036 3.1028852
-0.19153613 9.998186 3.2944214
-0.15322891 10.228029 3.3327286
-0.19153613 10.381258 2.9113493
-0.2681506 10.49618 2.3750482
-0.30645782 10.49618 1.9919758
-0.22984336 10.419565 1.6472108
-0.15322891 10.228029 1.4939818
-0.076614454 10.0748005 1.3790603
0.038307227 10.189722 1.3790603
0.11492168 10.228029 1.3790603
0.076614454 10.266336 1.4556746
-0.038307227 10.342952 1.7621324
-0.30645782 10.342952 1.9536685
-0.61291564 10.611102 2.221819
-0.6895301 11.032482 2.528277
-0.7278373 11.300632 2.4899697
-0.61291564 11.415554 2.2218192
-0.5746084 11.262325 1.6089035
-0.61291564 10.879252 0.842759
-0.61291564 10.764331 0.38307226
-0.6895301 10.91756 0.49799395
-0.7661446 11.3006315 1.340753
-0.95768064 11.9135475 2.6048913
-1.1875241 12.296619 3.9073372
-1.3790601 12.526463 4.865018
-1.4939818 12.526463 5.3247046
-1.532289 12.373234 5.171476
-1.4556745 12.258312 4.865018
-1.3407528 12.181698 4.4819455
-1.2258313 12.449849 4.2904096
-1.1875241 12.871228 4.5202527
-1.1875241 13.2543 4.865018
-1.1492168 13.560759 5.171476
-1.1109096 13.522451 5.401319
-0.9959879 13.330915 5.439626
-0.91937345 13.101072 5.2480903
-0.91937345 12.794614 5.1714754
-0.88106626 12.603078 4.9799395
-0.842759 12.411541 4.7884035
-0.842759 12.220005 4.596867
-0.8810662 12.066776 4.4819455
-0.8810662 11.87524 4.4436383
-0.8810662 11.798626 4.55856
-0.8044517 11.798626 4.7884035
-0.72783726 11.87524 4.9416323
-0.80445176 11.9135475 5.133168
-0.95768064 11.798626 5.133168
-1.1875241 11.60709 5.171476
-1.4939818 11.262325 5.209783
-1.8004396 10.994175 5.439626
-1.9919758 10.840945 5.7843914
-2.1068974 10.726024 6.0142345
-2.0685902 10.6877165 6.0525417
-1.9919758 10.649409 5.7843914
-1.9153614 10.649409 5.401319
-1.8770542 10.572795 5.133168
-1.8770542 10.534488 5.056554
-1.9153614 10.457873 5.056554
-2.030283 10.342952 4.9799395
-2.1452048 10.189722 4.865018
-2.2601264 10.113108 4.7500963
-2.2601264 9.998186 4.711789
-2.2218192 9.80665 4.711789
-2.2218192 9.691729 4.481946
-2.2984338 9.500193 4.137181
-2.4133554 9.385271 3.7541084
-2.5665843 9.2703495 3.5242648
-2.681506 9.155428 3.6008792
-2.719813 8.963891 3.7924154
-2.681506 8.69574 4.098873
-2.6048915 8.542511 4.252102
-2.4133554 8.465897 4.2137947
-2.1452048 8.580818 3.9073372
-1.838747 8.848969 3.2944217
-1.4939818 9.155427 2.6048915
-1.3024458 9.461885 2.030283
-1.1875241 9.615114 1.6855179
-1.2258313 9.500193 1.532289
-1.4173675 9.11712 1.6855179
-1.6089034 8.542511 1.9919758
-1.8387468 7.929596 2.336741
-1.9536686 7.546524 2.719813
-1.8770542 7.4699097 2.834735
-1.7238252 7.6614456 2.6048915
-1.5322891 8.0445175 2.2984338
-1.3790601 8.542512 1.838747
-1.2641386 8.848969 1.685518
-1.1109096 8.963891 1.7238252
-0.9193735 9.040505 1.7238252
-0.6512228 9.002198 1.9919758
-0.34476504 8.963891 2.1452048
-0.19153613 9.002198 2.336741
-0.15322891 9.002198 2.6048915
-0.22984336 9.002198 2.6431987
-0.34476504 9.078813 2.5665843
-0.34476504 9.078813 2.4133554
-0.26815057 9.11712 2.2984335
-0.076614454 9.155427 2.1835117
0.19153613 9.346963 2.1452045
0.45968673 9.730036 2.1452045
0.7661445 9.998186 2.030283
0.842759 10.266336 2.030283
0.68953013 10.304644 2.183512
0.38307226 10.113108 2.4516625
-7.4505806E-9 9.844957 3.0262709
-0.22984336 9.500193 3.562572
-0.30645782 9.232041 3.715801
-0.15322891 9.040505 3.5242648
0.038307227 9.040505 2.873042
0.15322891 9.11712 2.1068974
0.26815057 9.193734 1.4939818
0.26815057 9.423578 1.3024457
0.30645782 9.576807 1.5705963
0.34476504 9.730036 2.0685904
0.30645782 9.768343 2.719813
0.2681506 9.615114 3.1411927
0.15322891 9.423577 3.217807
0.0 9.11712 2.987964
-0.15322891 8.848969 2.528277
-0.26815057 8.695741 2.030283
-0.22984335 8.6574335 1.6472108
0.03830722 8.810662 1.6472108
0.3830723 9.040505 1.9153614
0.6512229 9.232042 2.413355
0.7278373 9.2703495 3.064578
0.6512228 9.155428 3.4476504
0.61291564 8.963891 3.6008792
0.68953013 8.925584 3.4859576
0.99598795 9.117121 3.1028852
1.4556746 9.385271 2.7581205
1.9536686 9.80665 2.4899697
2.336741 9.959879 2.2984338
2.4133554 9.883265 2.4899697
2.2601264 9.730036 2.7581203
1.9536686 9.461885 3.1028852
1.685518 9.2703495 3.409343
1.685518 9.232042 3.3327286
1.8387468 9.423578 3.1794999
2.0685902 9.615114 2.8730419
2.3750482 9.691729 2.6048913
2.5282772 9.653421 2.4899697
2.5282772 9.308657 2.4899697
2.4516625 9.002198 2.6048913
2.2601264 8.963891 2.9113493
2.1452048 9.040506 3.3327289
2.1452048 9.346964 3.7541082
2.1068974 9.653421 4.1754875
2.1835117 9.844957 4.367024
2.260126 9.959879 4.2904096
2.260126 9.959879 3.9839516
2.2984338 9.959879 3.6391866
2.2601266 9.921572 3.371036
2.183512 9.883265 3.2944217
2.1068974 9.844957 3.5242648
1.9536686 9.691729 3.8690295
1.7621324 9.5385 4.290409
1.5705963 9.38527 4.55856
1.3790601 9.270349 4.6734815
1.3790601 9.38527 4.5202527
1.4173673 9.576807 4.098873
1.4173673 9.730036 3.7158008
1.4556746 9.883265 3.2944214
1.4556746 9.80665 3.217807
1.4173675 9.80665 3.2561142
1.4556746 9.80665 3.5242648
1.4556746 9.80665 3.86903
1.3790601 9.921572 3.9073372
1.3024457 9.844957 3.9839516
1.1492168 9.80665 3.86903
1.0342952 9.730036 3.5625722
0.9193735 9.615114 3.4093432
0.7661446 9.576807 3.2944214
0.61291564 9.461885 3.2178068
0.4213795 9.346964 3.4093432
0.26815057 9.232041 3.6391864
0.22984336 9.232041 3.7924156
0.22984336 9.308657 3.86903
0.38307226 9.423578 3.8307228
0.53630114 9.653421 3.7158012
0.6512228 9.730036 3.7158012
0.7278373 9.844957 3.7158012
0.7278373 9.883265 3.6774938
0.68953 9.768343 3.6008794
0.57460845 9.576807 3.3327289
0.45968673 9.308656 3.0645783
0.34476504 9.11712 2.834735
0.19153613 9.002198 2.6431987
0.11492168 9.078813 2.681506

