0.11492168 9.2703495 3.0262709
-0.076614454 9.385271 3.7541084
0.5363012 10.649408 4.0222588
1.493982 11.951855 4.3287168
2.2984335 13.215994 4.6351743
2.9113493 14.135366 4.6734815
2.873042 13.867216 4.4819455
2.719813 13.560759 4.3287163
2.6048915 13.254301 4.252102
2.5665843 13.024457 4.252102
2.6048915 12.832921 4.2904096
2.7198133 12.717999 4.367024
2.7964277 12.717999 4.55856
2.719813 12.641385 4.711789
2.6048913 12.488155 4.8267107
2.4133554 12.258312 4.711789
2.1452048 11.836933 4.4819455
2.030283 11.453861 4.3287168
1.8387469 10.994174 4.1371803
1.6472108 10.802638 4.1371803
1.4939818 10.840945 4.2904096
1.4939818 10.91756 4.405331
1.6472108 11.070788 4.6351748
1.8770542 11.032481 4.7884035
2.1452048 10.802638 4.6351748
2.0685902 10.534487 4.405331
1.7621324 10.304644 4.098873
1.3407528 9.921572 3.8307228
0.8044517 9.576807 3.8307228
0.42137948 9.232041 3.86903
0.2681506 8.963891 3.9073372
0.2681506 8.963891 4.098873
0.49799395 9.155428 4.2137947
0.6512228 9.308657 4.1754875
0.6512228 9.2703495 4.060566
0.4213795 8.848969 3.562572
-0.076614454 8.159439 2.834735
-0.45968673 7.6614456 2.2218192
-0.61291564 7.546524 1.7238253
-0.5363012 7.8529816 1.493982
-0.11492169 8.504204 1.685518
0.38307226 9.155427 2.1452048
0.842759 9.730036 3.2561142
0.7278373 9.615114 3.409343
0.49799392 9.232041 3.1028852
0.2681506 8.734048 2.4516625
0.11492168 8.427589 1.9153613
0.0 8.197746 1.532289
-0.11492168 8.121132 1.4556746
-0.22984336 8.197746 1.6472108
-0.38307226 8.236053 1.8387468
-0.4213795 8.389282 2.030283
-0.34476507 8.580818 2.2601264
-0.22984336 8.695741 2.336741
-0.19153613 8.542511 2.2218192
-0.2681506 8.159439 2.1452048
-0.49799395 7.73806 2.030283
-0.8044518 7.4699097 2.1068976
-0.9959879 7.4316025 2.3750482
-1.1109096 7.546524 2.4899697
-1.1492168 7.6614456 2.528277
-1.1109096 7.73806 2.4516625
-1.0726024 7.8146744 2.2984335
-1.1492168 7.8912888 2.2218192
-1.1492168 8.00621 2.183512
-1.1492168 7.929596 2.2218192
-1.2258313 7.776367 2.2601264
-1.1875241 7.508217 2.183512
-1.3024457 7.2400665 2.1452048
-1.4173673 7.0102224 1.9536686
-1.4173673 6.9719152 1.8004397
-1.5322891 7.0485296 1.6472108
-1.493982 7.1634517 1.4173675
-1.340753 7.3932953 1.1875241
-1.1875241 7.6231384 0.8810662
-0.9193735 7.967903 0.7661445
-0.7278373 8.236053 0.7278373
-0.7278373 8.389282 0.7661445
-0.7278373 8.312668 0.9576807
-0.7278373 8.00621 0.99598795
-0.68953013 7.6614456 1.0342952
-0.49799395 7.508217 1.1492168
-0.30645782 7.4316025 1.1492168
-0.11492168 7.546524 1.187524
0.0 7.73806 1.0726023
-0.038307227 7.699753 0.8044517
-0.038307227 7.6614456 0.57460845
-0.076614454 7.5848308 0.34476504
-0.11492168 7.393295 0.34476504
-0.038307227 7.3166804 0.4213795
-0.11492168 7.240066 0.61291564
-0.19153613 7.125144 0.9193734
-0.19153613 7.0102224 1.1875241
-0.15322891 6.933608 1.4173675
0.038307227 6.8186865 1.4556746
0.2681506 6.703765 1.4173675
0.45968673 6.62715 1.2258313
0.53630114 6.4356136 0.842759
0.49799395 6.2057705 0.6512229
0.45968673 5.9759274 0.61291564
0.5363012 5.899313 0.8044518
0.80445176 5.93762 1.3024457
1.2258313 6.0908494 1.7621324
1.6089035 6.2823853 1.9153614
1.8387469 6.4356146 1.7238252
1.8387469 6.512229 1.2641385
1.685518 6.512229 0.6512229
1.6089036 6.473922 0.076614454
1.6089036 6.3206925 -0.22984336
1.7621324 6.3589997 -0.22984336
1.9919758 6.5122285 -0.22984336
2.183512 6.7803793 -0.19153613
2.3750482 7.240066 -0.4213795
2.4516625 7.699753 -0.68953013
2.4133554 8.00621 -0.7661445
2.2601266 8.0445175 -0.61291564
2.0302832 7.776367 -0.11492169
1.838747 7.2400656 0.38307226
1.7238252 6.7803793 0.7661446
1.6089036 6.473922 0.99598795
1.3790603 6.397307 0.9193735
1.0726023 6.5505357 0.5363012
0.7661445 6.895301 -7.4505806E-9
0.61291564 7.469909 -0.5363012
0.68953013 8.00621 -0.842759
0.9576807 8.427589 -0.95768064
1.3024457 8.734048 -0.91937345
1.5705963 8.695741 -0.84275895
1.6089036 8.542512 -0.6129156
1.3024457 8.427589 -0.30645782
0.842759 8.312668 7.4505806E-9
0.34476504 8.427589 0.22984335
0.038307227 8.619125 0.114921674
0.11492168 8.772355 -0.15322891
0.3830723 9.002198 -0.45968676
0.7661445 9.155428 -0.6512229
1.1492168 9.2703495 -0.7278373
1.3790601 9.155428 -0.6512228
1.4173673 8.887277 -0.57460845
1.2258313 8.734047 -0.45968673
0.9576807 8.69574 -0.34476504
0.8044518 9.11712 -0.11492168
0.8044518 9.806649 0.19153616
1.0726024 10.381258 0.34476507
1.4939818 10.879252 0.49799398
1.7621324 10.91756 0.4213795
1.7238252 10.611102 0.2681506
1.2641385 9.998186 0.11492168
0.5746083 9.346963 0.15322891
-0.19153613 8.887277 0.49799395
-0.8810663 8.619126 1.187524
-1.2641386 8.6574335 2.183512
-1.4556748 8.810662 3.1411924
-1.493982 9.232041 3.6774936
-1.3790601 9.691728 3.7158012
-1.2258313 10.0748005 3.2561145
-1.2258313 10.189722 2.6048915
-1.2641385 9.921572 2.183512
-1.2641385 9.5385 2.1452048
-1.3024457 9.232042 2.4133554
-1.2641385 9.193735 2.7964277
-1.3024457 9.461885 3.1411924
-1.4173675 9.768343 3.4476504
-1.6089034 10.036493 3.7541084
-1.7238252 10.189722 3.9839516
-1.7238252 10.189722 4.252102
-1.685518 10.189722 4.1371803
-1.532289 10.151415 3.86903
-1.340753 10.151415 3.5242648
-1.2258313 10.189722 3.1028852
-1.1109096 10.304644 2.9113493
-1.0726024 10.611101 2.719813
-1.2258313 10.955867 2.681506
-1.3790603 11.415554 2.7964275
-1.6089035 11.722012 3.026271
-1.8387469 11.951855 3.371036
-1.9919758 12.066776 3.6008794
-2.1068974 12.028469 3.8307228
-1.9919758 12.105083 4.0222588
-1.9153614 12.258312 4.2137947
-1.9153614 12.7179985 4.481945
-1.9919758 13.101072 4.7500963
-2.2601264 13.292608 5.0182467
-2.4899697 13.177687 5.324704
-2.719813 12.717999 5.592855
-2.834735 12.373234 5.707777
-2.9113493 12.181698 5.6311626
-2.9113493 12.296619 5.477934
-2.7964277 12.679691 5.3630123
-2.7964277 13.024458 5.3630123
-2.7964277 13.40753 5.66947
-2.9113493 13.599066 5.861006
-3.064578 13.445836 5.9759274
-3.1794999 13.139379 5.8226986
-3.217807 12.641385 5.5162406
-3.1411927 12.181698 5.439626
-3.026271 11.798626 5.4779334
-2.9496565 11.530476 5.66947
-2.9113493 11.377246 5.8226986
-2.834735 11.224017 5.631162
-2.7964277 11.224017 5.2097826
-2.6431987 11.18571 4.711789
-2.5665843 11.109096 4.098873
-2.4899697 10.91756 3.677494
-2.413355 10.649408 3.4859576
-2.4516625 10.419565 3.6008792
-2.4899697 10.151415 4.060566
-2.566584 9.998186 4.711789
-2.6431987 9.998186 5.209783
-2.6048915 10.189722 5.401319
-2.48997 10.49618 5.2480903
-2.4133554 10.802637 4.8267107
-2.3750482 10.840945 4.3287168
-2.4516625 10.457873 3.9839516
-2.6048913 9.921573 3.7541084
-2.7964277 9.2703495 3.7541084
-2.9496565 8.772355 4.1371803
-3.0262709 8.6574335 4.596867
-2.9879637 8.810662 5.056554
-2.7964275 9.232042 5.286397
-2.4899697 9.844957 5.094861
-2.0685902 10.266336 4.5202527
-1.7621324 10.457872 3.6774936
-1.685518 10.228029 2.9113493
-1.685518 9.538499 2.2218192
-1.8387469 8.772355 1.7238252
-2.030283 8.082825 1.6472107
-2.1452045 7.776367 1.9153613
-2.3367407 8.0445175 2.719813
-2.4516625 8.695741 3.6391866
-2.4133554 9.500192 4.1754875
-2.2218194 10.036493 4.252102
-1.991976 10.189722 3.6008792
-1.7621324 9.883265 2.6815057
-1.4939818 9.270349 1.9536686
-1.3024457 8.734047 1.2258313
-1.1109096 8.465897 0.842759
-0.91937345 8.465897 0.68953013
-0.88106626 8.772355 0.9959879
-0.9193735 9.308657 1.6472107
-1.0726024 9.653421 2.4516625
-1.2641385 9.844957 3.1794999
-1.4173673 9.844957 3.2944214
-1.532289 9.576807 2.9496565
-1.532289 9.270349 2.2984335
-1.5705963 9.002198 1.6472108
-1.6855179 8.657433 1.0726023
-1.8770541 8.350975 0.9959879
-2.0685902 8.082825 1.1109096
-2.221819 7.967903 1.6089036
-2.221819 8.197746 2.4133554
-2.030283 8.69574 3.026271
-1.7238251 9.232041 3.371036
-1.4173673 9.653421 3.371036
-1.1492168 9.691729 2.9113493
-1.0342951 9.385271 2.2601264
-1.0342951 8.925584 1.8004396
-0.9959879 8.504204 1.4556746
-0.9959879 8.236053 1.4173675
-0.9193734 8.312668 1.532289
-0.8044517 8.619125 1.8770542
-0.61291564 9.078814 2.2601266
-0.49799395 9.576807 2.6431987
-0.4213795 9.844957 2.9113493
-0.3830723 9.844957 2.7964275
-0.45968673 9.500193 2.4516625
-0.49799398 8.925584 1.9153614
-0.5363012 8.427589 1.5322891
-0.49799395 8.159439 1.340753
-0.38307226 8.236053 1.4173673
-0.15322891 8.734048 1.7238251
0.15322891 9.308657 1.8770541
0.45968673 9.883265 2.030283
0.6895301 10.228029 2.030283
0.8044518 10.189722 1.8770541
0.7661446 9.844957 1.7621324
0.6512229 9.270349 1.4556746
0.49799395 8.734048 0.95768064
0.45968673 8.350975 0.61291564
0.49799395 8.197746 0.4596867
0.5746084 8.274361 0.6512228
0.7661446 8.619126 1.1875241
0.91937345 9.078813 1.7621325
1.0342951 9.653421 2.2218194
1.1109096 9.998186 2.4133554
1.187524 10.036493 2.3750482
1.2258313 9.844957 2.1452048
1.2641385 9.461885 1.9153614
1.3024457 9.308657 2.030283
1.3024457 9.308657 2.2984338
1.3024457 9.576807 2.719813
1.4173675 9.921572 3.1794999
1.532289 10.22803 3.2944214
1.6089036 10.381259 3.2561142
1.6472108 10.381259 3.0262709
1.685518 10.266336 2.566584
1.685518 10.113108 2.2601264
1.685518 10.036493 2.1068976
1.7621324 9.959879 2.2218192
1.7621324 10.036493 2.6048913
1.8004397 10.113108 2.9879637
1.8770542 10.189722 3.1411924
1.9153614 10.151415 3.1028852
1.9536686 10.0748005 2.873042
2.030283 10.036493 2.6431987
2.0685902 10.036493 2.6048915
2.030283 10.189722 2.6431987
2.030283 10.266336 2.834735
1.9536686 10.304644 2.9879637
1.9153614 10.381258 3.1028852
1.9919758 10.419565 3.1028852
1.9919758 10.534487 3.064578
1.9536686 10.534487 2.9496565
1.838747 10.457872 2.987964
1.6089036 10.381258 3.1411927
1.3790603 10.189722 3.3327289
1.2258313 10.113108 3.7158012
1.1109096 9.998186 3.9456444
0.9576807 9.883265 4.060566
0.842759 9.844957 3.9839516
0.68953013 9.768343 3.715801
0.49799395 9.730036 3.5242648
0.4213795 9.730036 3.3710358
0.34476504 9.691729 3.3710358
0.2681506 9.5385 3.2944217
0.3064578 9.500193 3.141193

