0.38307226 9.5385 3.0262709
0.49799395 9.730036 2.9113493
0.57460845 9.768343 2.873042
0.03830722 9.346964 3.6008792
0.7661445 9.998186 4.290409
1.6472107 10.840945 4.8267107
2.336741 11.3006315 4.97994
2.7581203 11.722012 5.3247046
2.6431987 11.530476 5.2480903
2.566584 11.530476 5.2863975
2.4899697 11.568783 5.3247046
2.3750482 11.492168 5.2480903
2.183512 11.262325 5.2480903
1.9536686 10.840946 5.0182467
1.7238252 10.342951 4.7884035
1.5705963 9.921572 4.5202527
1.5322891 9.768343 4.1754875
1.5705965 9.883265 3.9456444
1.7238252 10.113108 3.5242648
1.7621324 10.381259 3.1794996
1.7238252 10.496181 2.834735
1.5705962 10.496181 2.6048915
1.2258313 10.22803 2.6048915
0.7661445 9.844958 2.6431987
0.34476507 9.385271 2.9496567
0.038307227 9.002198 3.3327289
-0.076614454 9.002198 3.7541082
0.15322891 9.346963 4.098873
0.49799392 9.921572 4.252102
0.9193734 10.457873 4.060566
1.1875241 10.764331 3.7158012
1.1875241 10.649409 3.371036
0.9959879 10.342951 3.1028852
0.6895301 9.921572 3.064578
0.4596867 9.5385 3.064578
0.34476507 9.461885 3.217807
0.34476507 9.615114 3.3327286
0.4213795 9.80665 3.3327286
0.57460845 10.0748005 3.409343
0.7278373 10.0748005 3.217807
0.842759 9.883265 2.8730419
0.91937345 9.576807 2.528277
0.91937345 9.308657 2.2601264
0.91937345 9.193734 2.2218192
0.842759 9.078813 2.4133554
0.7661445 9.11712 2.566584
0.6512228 8.963891 2.4899697
0.4213795 8.772355 2.4133554
0.2681506 8.580819 2.336741
0.11492168 8.197746 2.2984335
-0.076614454 7.8146744 2.2601264
-0.26815057 7.393295 2.1452048
-0.5746084 7.0102224 2.030283
-0.842759 6.8186865 1.9919758
-1.0342951 6.703765 2.2601264
-1.1492169 6.5888433 2.566584
-1.0342952 6.742072 2.719813
-0.9576807 6.933608 2.7581203
-0.8810662 7.1634517 2.566584
-0.7661445 7.469909 2.3367407
-0.7661445 7.393295 2.1452048
-0.80445176 7.2400656 1.9536686
-0.842759 7.125144 1.8770541
-0.9576807 7.0102224 1.9919758
-1.0726024 7.0102224 2.1835117
-1.1109096 7.125144 2.4899697
-1.0726024 7.2783732 2.5665843
-0.8810662 7.3932953 2.336741
-0.68953013 7.4699097 1.8770542
-0.61291564 7.4316025 1.2258313
-0.61291564 7.2783732 0.8044518
-0.6895301 7.1634517 0.42137948
-0.8810662 7.0102224 0.45968673
-0.9576807 6.9719152 0.8810662
-0.9193734 7.086837 1.3790603
-0.8044518 7.316681 2.0685902
-0.45968673 7.584831 2.3750482
0.0 7.699753 1.9919758
0.076614454 7.469909 1.3790601
0.038307227 7.2400656 0.91937345
0.038307227 7.163451 0.7661445
0.076614454 7.2017584 1.0726024
0.19153613 7.354988 1.5705965
0.38307226 7.546524 1.9919758
0.53630114 7.699753 2.1068976
0.61291564 7.699753 1.9536686
0.61291564 7.5465236 1.685518
0.57460845 7.2400656 1.5705965
0.68953013 6.8953004 1.4556746
0.9193734 6.780379 1.3407528
1.2258313 6.780379 1.3407528
1.4556746 6.9336076 1.3407528
1.4556746 6.9336076 1.3790601
1.3024457 6.588843 1.3790601
1.1492168 6.0525417 1.2258313
1.1109096 5.592855 0.9959879
1.2641385 5.439626 0.72783726
1.6472108 5.8226986 0.344765
2.0685902 6.4739213 -0.038307235
2.4133554 7.1251445 -0.4213795
2.681506 7.546524 -0.6895301
2.681506 7.6231384 -0.6895301
2.5282772 7.469909 -0.49799395
2.2984338 7.163451 -0.19153613
1.9536687 6.7037644 0.19153613
1.5705963 6.244078 0.49799395
1.2641385 6.0525417 0.5746084
1.0726024 5.9759274 0.49799392
1.0342951 6.129156 0.3064578
1.1109097 6.320692 -0.07661445
1.1875241 6.4739213 -0.4213795
1.1875241 6.7803793 -0.80445176
1.1109096 7.010223 -0.91937345
1.0342952 7.240066 -0.6512229
0.842759 7.3549876 0.038307227
0.5363012 7.3549876 0.5746084
0.2681506 7.393295 0.80445176
0.11492168 7.3549876 0.7278373
0.15322891 7.393295 0.038307212
0.30645782 7.3549876 -0.38307226
0.49799395 7.3549876 -0.5363012
0.68953013 7.6231384 -0.34476504
0.8810662 7.967903 0.22984335
1.0342951 8.350975 0.8810662
1.0726023 8.69574 1.2258313
0.91937345 8.810662 1.2258313
0.6512228 8.810662 1.1109096
0.61291564 8.734048 0.7661445
0.7278373 8.734048 0.61291564
0.9576807 8.925584 0.61291564
1.2641385 9.155427 0.68953013
1.3407528 9.346964 0.9576807
1.3407528 9.461885 1.1875241
1.2641385 9.500193 1.4556746
1.1109096 9.615114 1.7238252
1.1109096 10.036493 1.9919758
1.2258313 10.496181 2.336741
1.4173675 10.879252 2.6048913
1.6089036 11.070788 2.681506
1.685518 10.994174 2.4899697
1.6089035 10.726023 2.2218192
1.4173675 10.342951 2.0302832
1.2641385 9.959879 2.1068976
1.0342952 9.5385 2.4516625
0.8044518 9.308656 2.9879637
0.6512229 9.308656 3.4859576
0.49799395 9.615113 3.907337
0.6512228 10.649409 4.252102
0.9193734 10.955867 4.060566
1.1492168 10.840945 3.6391864
1.2258313 10.534487 3.217807
1.1492169 10.036493 3.064578
0.91937345 9.768343 3.2561145
0.5363012 9.959879 4.0222588
0.34476507 10.457873 4.443638
0.038307227 10.91756 4.7500963
-0.30645782 11.377247 4.9799395
-0.6895301 11.683704 5.094861
-0.9959879 11.722012 4.903325
-1.1875241 11.568783 4.673482
-1.3407528 11.377246 4.4819455
-1.3407528 11.3006315 4.367024
-1.2258313 11.262324 4.2904096
-1.0342951 11.453861 4.2137947
-0.8810662 11.722012 4.252102
-0.8810662 12.028469 4.55856
-1.0726023 12.373234 5.056554
-1.340753 12.526463 5.6694694
-1.6089035 12.526463 6.1674633
-1.8004397 12.373234 6.435614
-1.8004397 12.258312 6.397307
-1.6855179 12.143391 6.129156
-1.532289 12.028469 5.861006
-1.3407528 11.990162 5.592855
-1.2641385 11.87524 5.554548
-1.2258313 11.836933 5.707777
-1.1109097 11.760319 5.861006
-1.0726024 11.683704 5.899313
-1.1109096 11.568783 5.8226986
-1.1492168 11.415554 5.707777
-1.1492168 11.377247 5.8226986
-1.1875241 11.377247 5.899313
-1.2258313 11.530476 6.167464
-1.1875241 11.798626 6.397307
-1.2258313 11.990162 6.5122285
-1.1492168 12.143391 6.5505357
-1.1109096 12.181698 6.4739213
-1.187524 12.028469 6.397307
-1.2641385 11.760319 6.3589997
-1.532289 11.453861 6.2823853
-1.7238252 11.109097 6.129156
-1.9536685 10.764331 6.0142345
-2.1452045 10.457872 6.0525417
-2.221819 10.189722 6.0142345
-2.2601264 9.883265 5.861006
-2.2601264 9.615114 5.7843914
-2.2984335 9.308657 5.401319
-2.336741 9.002198 5.094861
-2.4516625 8.772355 5.0182467
-2.566584 8.734048 5.0182467
-2.6431985 8.963891 5.3630114
-2.6431985 9.193735 5.592855
-2.6048913 9.346964 5.554548
-2.528277 9.2703495 5.2863975
-2.4133554 8.963892 4.673482
-2.3367407 8.734048 4.3287168
-2.183512 8.619126 4.1371803
-1.9919758 8.695741 4.060566
-1.8770542 9.002198 4.1754875
-1.7621324 9.346964 4.098873
-1.7238252 9.653421 4.060566
-1.8004396 9.883265 4.0222588
-1.9919758 9.883265 3.9073372
-2.336741 9.5385 3.9456444
-2.7581203 8.925584 3.86903
-3.1411927 8.159439 3.6391866
-3.3327286 7.6231384 3.6391866
-3.0262709 7.8146744 3.371036
-2.4899697 8.427589 3.0645783
-1.9153614 9.155428 2.7581203
-1.3790601 9.5385 2.2218192
-1.1875241 9.308656 2.2218192
-1.2641385 8.887277 2.528277
-1.5705962 8.542511 3.1794999
-1.9536686 8.350975 4.0222588
-2.336741 8.427589 4.596867
-2.5665843 8.619126 4.865018
-2.5282772 8.887277 4.8267107
-2.336741 9.155428 4.5968676
-2.183512 9.193735 4.175488
-2.0685902 8.848969 3.7924156
-1.9919758 7.8912888 3.371036
-1.9153614 7.6231384 3.4476504
-1.7238252 7.929596 3.6008794
-1.4173675 8.580819 3.6774938
-0.9959879 9.385271 3.4859576
-0.61291564 10.266337 2.9879637
-0.38307223 10.611102 2.336741
-0.38307223 10.342952 1.8770542
-0.6895301 9.5385 1.7238252
-1.0726023 8.542512 2.030283
-1.3790601 7.8912888 2.6048913
-1.4939818 7.73806 3.217807
-1.3024457 8.197746 3.3710358
-1.0342951 8.848969 3.2178068
-0.7661445 9.385271 2.6431985
-0.7661445 9.5385 2.030283
-1.1492168 9.117121 2.030283
-2.1452045 7.8529816 3.2944217
-2.4133554 7.4699097 4.060566
-2.1452045 7.4316025 4.4819455
-1.4939818 8.00621 4.596867
-0.6895301 8.887277 4.2137947
7.4505806E-9 9.768343 3.6008792
0.3830723 10.342951 2.7581205
0.22984338 10.151415 2.1452048
-0.22984335 9.500193 2.183512
-0.6895301 8.772355 2.8347347
-1.0726023 8.274361 3.86903
-1.2641385 8.197746 4.673482
-1.0342951 8.542512 5.0565543
-0.5363012 9.078813 4.7884035
0.07661444 9.691729 4.0605664
1.1492168 10.266337 2.4899697
1.3024457 10.189723 1.9919758
1.3024457 9.998186 1.8004396
1.2641385 9.80665 1.8004396
1.2258313 9.80665 2.1452048
1.1492169 9.768343 2.6431987
0.99598795 9.730036 3.2561142
0.8044518 9.653421 3.6774938
0.6512228 9.423578 3.9073372
0.6512228 9.308657 3.8307228
0.7278373 9.308657 3.4476504
0.9576807 9.385271 3.064578
1.2258313 9.5385 2.6815062
1.3790601 9.653421 2.528277
1.4556746 9.615114 2.6815057
1.3790601 9.5385 2.9113493
1.2258313 9.423578 3.2944217
1.1109096 9.461885 3.6008792
1.1875241 9.653421 3.7924156
1.3024457 9.844957 3.8307228
1.340753 9.959879 3.6008792
1.340753 9.959879 3.3327289
1.2641385 9.80665 3.064578
1.2258313 9.576807 3.0262709
1.2641385 9.346964 3.141193
1.187524 9.155427 3.2561145
1.0726023 9.193734 3.371036
0.95768064 9.423578 3.4859576
0.80445176 9.921572 3.2944217
0.842759 9.883265 3.1411927
0.7278373 9.730036 2.7581203
0.6512229 9.576807 2.6048913

