0.6895301 9.576807 2.681506
0.7661445 9.653421 2.7964275
0.9193734 9.730036 3.1411927
0.34476504 9.461885 3.6391864
0.7278373 10.304644 4.060566
1.3790601 11.109097 4.5968676
1.9919758 11.951855 5.171476
2.4516625 12.641385 5.3247046
2.4133554 12.373234 5.0182467
2.3367407 12.220005 4.55856
2.2984335 12.105083 4.1371803
2.2984335 12.143391 4.098873
2.3367407 12.296619 4.252102
2.3367407 12.411542 4.367024
2.3367407 12.488156 4.596867
2.3367407 12.5264635 4.596867
2.221819 12.488156 4.55856
2.1068974 12.258312 4.4436383
2.030283 12.066776 4.252102
2.030283 11.87524 4.098873
2.1452048 11.645397 3.9073372
2.2601264 11.530476 3.9073372
2.183512 11.33894 3.9839516
1.8770542 11.224018 4.1754875
1.532289 11.032482 4.5202527
1.1875241 10.764331 4.7117887
0.9576807 10.572794 4.7117887
0.91937345 10.304644 4.5202527
0.842759 10.228029 4.060566
0.7661445 10.304644 3.6391864
0.7661445 10.419565 3.2561142
0.68953 10.457872 3.1028852
0.68953 10.419565 3.217807
0.7661445 10.228029 3.3327286
0.8810662 10.151415 3.4476502
1.0342951 10.189722 3.3327286
1.1109096 10.151415 3.1028855
1.0726023 10.228029 2.8347347
0.8810662 10.189722 2.528277
0.6895301 10.151415 2.528277
0.6895301 10.304644 2.719813
0.9959879 10.611101 3.0262709
1.5322891 11.109097 3.3327286
2.030283 11.453861 3.3327286
1.9536686 11.262324 2.719813
1.4173675 10.649408 2.5665843
0.8810662 10.0748005 2.5665843
0.4213795 9.653421 2.7964277
0.19153613 9.308657 3.217807
0.15322891 9.117121 3.4476504
0.15322891 9.117121 3.4476504
0.26815057 9.117121 3.1411927
0.30645782 9.193735 2.5665843
0.22984336 9.232042 1.9536686
0.19153613 9.078813 1.5705962
0.19153613 9.002198 1.532289
0.34476504 9.040505 1.6089034
0.42137948 9.002198 1.6472108
0.38307226 8.887277 1.6089035
0.076614454 8.42759 1.3024458
-0.4213795 7.776367 0.9193734
-0.842759 7.125144 0.842759
-1.2641385 6.5122285 1.0342952
-1.6089036 6.090849 1.4556746
-1.8770542 5.7843914 1.9153614
-2.1068976 5.6694694 2.4516625
-2.2601264 5.7077765 2.719813
-2.1835117 5.7843914 2.681506
-1.9153612 6.0525417 2.528277
-1.5705962 6.397307 2.030283
-1.2258313 6.6654577 1.3790601
-1.0726024 6.8569937 0.91937345
-1.2641385 6.7803793 0.7278373
-1.532289 6.3589993 0.88106626
-1.8004396 5.9759274 1.4939818
-1.9153614 5.707777 2.030283
-1.7238252 5.707777 2.2984338
-1.4556746 6.014235 2.2984338
-1.1109096 6.4356146 1.9919759
-0.8044518 6.8569937 1.7238252
-0.6512228 7.0485296 1.4939818
-0.45968673 7.0485296 1.187524
-0.30645782 6.8953004 0.8044517
-0.19153613 6.7420716 0.49799395
-0.11492168 6.6654572 0.34476504
-0.15322891 6.7420716 0.45968673
-0.19153613 6.9719152 0.7661445
-0.15322891 7.2017584 1.1492169
-0.038307227 7.4316025 1.2641385
0.076614454 7.546524 1.1875241
0.15322891 7.508217 1.0342952
0.19153613 7.4699097 0.842759
0.30645782 7.3549876 0.68953
0.49799395 7.2783732 0.7278373
0.6512228 7.2783732 0.9959879
0.842759 7.2783732 1.2641385
1.0726023 7.3166804 1.6472108
1.2258313 7.3166804 1.9153614
1.3790601 7.2400656 1.9919758
1.4556746 7.0485296 1.8770541
1.4556746 6.8186865 1.7621324
1.4556746 6.550536 1.5705962
1.7238252 6.205771 1.187524
1.9919758 6.3589997 1.1109096
2.2601266 6.6654577 1.1109096
2.5282772 7.010223 1.1492169
2.7581205 7.3166804 1.1109096
2.719813 7.240066 0.9193734
2.681506 6.9719152 0.53630114
2.566584 6.62715 -2.9802322E-8
2.3750482 6.3206925 -0.4213795
2.2601264 6.2823853 -0.57460845
2.1452045 6.5122285 -0.4213795
2.030283 6.8569937 1.4901161E-8
1.8387469 7.1634517 0.45968673
1.5705963 7.2783732 0.8044518
1.2641385 6.895301 0.8044518
0.91937345 6.3589997 0.68953013
0.45968673 5.8226986 0.42137948
0.11492168 5.5928555 0.15322891
-0.11492167 5.8226986 0.076614454
-0.07661444 6.3206925 -0.038307227
0.34476504 6.895301 -0.26815057
0.9193734 7.431602 -0.5363012
1.340753 7.8912888 -0.7661445
1.4173675 8.0445175 -0.80445176
1.1492168 7.967903 -0.45968673
0.5746084 7.73806 -0.19153613
1.4901161E-8 7.546524 0.07661445
-0.34476504 7.546524 0.15322891
-0.38307226 7.73806 -0.19153613
-0.038307212 8.082825 -0.4213795
0.45968676 8.427589 -0.49799395
0.88106626 8.734047 -0.45968673
1.1109096 8.887277 -0.038307227
0.99598795 8.848969 0.15322891
0.5363012 8.6574335 0.038307227
0.38307226 8.925584 -0.11492168
0.49799395 9.346963 0.07661445
0.61291564 9.80665 0.42137945
0.6895301 10.036493 0.84275895
0.6895301 9.998186 1.0726023
0.49799395 9.921572 1.4556746
0.30645782 9.959879 1.7238252
0.22984335 10.228029 2.1452048
0.15322891 10.764331 2.8347347
0.038307227 11.722012 3.7924154
-0.11492168 11.951855 4.290409
-0.2681506 11.836933 4.520253
-0.34476504 11.60709 4.673482
-0.34476504 11.070788 4.520253
-0.22984335 10.534487 4.137181
-0.076614454 10.189722 3.677494
0.15322891 9.959879 3.4859576
0.4213795 10.113108 3.7158012
0.68953013 10.534488 4.1371803
0.8810662 10.994174 4.7884035
0.9576807 11.530476 5.2480903
0.9576807 11.9135475 5.5928555
0.8810662 11.9135475 5.5928555
0.7661445 11.60709 5.2097826
0.34476504 10.840945 4.673482
-0.6512228 9.270349 3.6774938
-1.0726024 8.963891 3.7541082
-0.9576807 9.232041 4.060566
-0.6512228 9.653421 4.443639
-0.076614454 10.419566 4.6351748
0.45968673 11.185711 4.7884035
0.57460845 11.760319 4.8267107
0.4213795 12.258313 5.094861
-0.114921674 12.488156 5.4779334
-0.7661446 12.411541 5.784391
-1.2641385 12.181698 6.2057705
-1.685518 11.9135475 6.3589993
-1.8770541 11.683704 6.3973064
-1.9919758 11.530476 6.3589993
-2.0685902 11.645397 6.2440777
-2.1452048 11.87524 6.435614
-2.2984338 12.143391 6.742072
-2.6048915 12.296619 7.240066
-2.7581203 12.028469 7.125144
-2.7581203 11.683704 6.856993
-2.681506 11.377247 6.6654572
-2.5282772 11.18571 6.5505357
-2.2218192 10.91756 6.5122285
-2.030283 10.879252 6.5505357
-1.9919758 10.840945 6.4356136
-1.7621324 10.879252 6.282385
-1.532289 10.726023 5.899313
-1.340753 10.49618 5.477933
-1.1492168 10.228029 5.1714754
-1.0342952 9.959879 4.9416323
-0.99598795 9.883265 4.9799395
-1.0726024 9.730036 4.9799395
-1.0726024 9.730036 5.094861
-1.1492168 9.576807 5.094861
-1.3024457 9.461885 5.056554
-1.4939818 9.385271 5.2480903
-1.7621323 9.078814 5.4013186
-2.0685902 8.925585 5.516241
-2.3367407 8.810662 5.5928555
-2.4516625 8.734048 5.2863975
-2.4516625 8.925584 5.0565543
-2.336741 9.193735 4.903325
-2.2218192 9.500193 4.7884035
-2.2218192 9.768343 4.9799395
-2.3750482 9.80665 5.0182467
-2.719813 9.615114 5.1714754
-3.0262709 9.270349 5.2863975
-3.1795 9.040505 5.2480903
-3.141193 8.887277 5.171476
-2.9496565 8.963891 4.903325
-2.6431987 9.117121 4.596867
-2.3750482 9.232042 4.2137947
-2.183512 9.2703495 3.7541082
-2.0685902 9.078814 3.4476504
-2.183512 8.6574335 3.2561145
-2.4133554 8.082825 3.2178073
-2.6431987 7.584831 3.371036
-2.719813 7.431602 3.4859576
-2.528277 7.5848308 3.4476504
-2.1068974 8.00621 3.3327286
-1.6089036 8.580819 3.1028855
-1.2641386 9.040506 2.719813
-1.1492169 9.2703495 2.4516625
-1.3024458 9.308657 2.2984335
-1.6089035 9.155427 2.3367407
-1.9536686 8.848969 2.719813
-2.2984335 8.619126 3.2944217
-2.4899697 8.389282 3.9073372
-2.4133554 8.389282 4.3287168
-1.7621324 9.11712 4.175488
-1.3407528 9.883265 3.7541084
-1.0726024 10.649408 3.4093432
-0.9959879 11.224018 3.1794996
-1.2258313 11.224018 3.1028852
-1.6089035 10.611101 3.2561142
-2.1452048 9.615114 3.5242648
-2.6048913 8.542511 3.9073372
-2.6815057 8.00621 4.5202527
-2.4899697 8.159439 5.0182467
-2.030283 8.848969 5.3247046
-1.4173675 9.844957 5.0948615
-0.9959879 10.649409 4.481946
-0.68953013 10.994174 3.715801
-0.7278373 10.534488 3.3327289
-0.9959879 9.653421 3.4476507
-1.340753 8.619126 3.9073374
-1.7238252 7.8529816 4.5585604
-1.7621324 7.699753 4.9799395
-1.6089035 7.967903 5.24809
-1.2641385 8.580818 5.2097826
-0.8044517 9.155428 5.0182467
-0.45968673 9.615114 4.5585604
-0.22984336 9.768343 4.060566
-0.15322891 9.653421 3.6008794
-0.26815057 9.346964 3.217807
-0.4596867 8.887277 3.1028855
-0.6129156 8.504204 3.0262709
-0.6512228 8.159439 3.064578
-0.61291564 8.00621 3.1411927
-0.4213795 8.159439 3.1028852
-0.11492168 8.427589 3.064578
0.19153613 8.887276 2.9879637
0.53630114 9.2703495 2.7964275
0.7661445 9.5385 2.6048915
0.8810662 9.615114 2.4899697
0.8810662 9.423578 2.3750482
0.8810662 9.117121 2.3750482
0.8810662 8.772355 2.4133554
0.8810662 8.695741 2.375048
0.9576807 8.887278 2.375048
1.0342952 9.232042 2.4516623
1.1492168 9.730036 2.413355
1.2641385 10.036493 2.528277
1.1875241 9.998186 2.9496565
0.9959879 9.80665 3.2944214
0.72783726 9.346964 3.8307226
0.42137948 8.848969 4.098873
0.26815057 8.580819 3.9456444
0.30645782 8.465898 3.6391869
0.38307226 8.619126 3.0262709
0.57460845 8.963891 2.4899697
0.7661446 9.232042 2.336741
0.80445176 9.461885 2.719813
0.7661446 9.385271 3.6391866
0.5746084 9.193735 4.596867
0.34476504 8.925584 5.2863975
0.45968673 8.810662 5.171476
0.7661446 9.040505 4.4819455
1.1875241 9.2703495 3.6774936
1.6472108 9.653421 2.7581203
1.8387469 9.883265 2.2218192
1.9153614 9.959879 2.0685902
1.8770542 9.998186 2.2218192
1.7621325 9.959879 2.873042
1.5322891 9.959879 3.7924156
1.2258313 9.921572 4.55856
0.9959879 9.998186 5.2097826
0.95768064 10.0748005 5.2097826
1.0342951 10.151415 4.596867
1.2258313 10.228029 3.7924151
1.4173675 10.151415 2.9879637
1.4939818 10.151415 2.413355
1.4556745 10.036493 2.2984335
1.3024457 9.883265 2.681506
1.1109096 9.768343 3.217807
0.8810662 9.653421 3.86903
0.7661445 9.653421 4.481946
0.7278373 9.691729 4.7884035
0.7661445 9.768343 4.8267107
0.842759 9.844957 4.55856
0.80445176 9.730036 4.098873
0.842759 9.730036 3.7158012
0.7661445 9.691729 3.4476504

