0.68953 9.615114 3.4093432
0.38307226 9.308657 3.4093432
0.61291564 9.385271 3.7924156
0.7278373 9.5385 4.673482
0.95768064 9.691729 5.5545483
1.2258313 9.921572 6.205771
1.2641385 10.189722 6.435614
1.4939818 10.49618 6.5505357
1.8004397 10.840944 6.3206925
2.030283 11.147403 6.0908494
2.221819 11.415554 5.707777
2.2984335 11.60709 5.209783
2.2984335 11.683704 4.865018
2.2601264 11.836933 4.673482
2.2218192 11.9135475 4.5585604
2.183512 11.990162 4.5968676
2.1452048 12.066776 4.5585604
2.2218194 12.028469 4.4819455
2.336741 12.028469 4.4053307
2.528277 12.105083 4.3287163
2.7581205 12.373234 4.290409
2.9496565 12.83292 4.3670235
3.064578 13.177687 4.481946
3.064578 13.330915 4.481946
2.9879637 13.1393795 4.3287168
2.7964277 12.756307 3.9839516
2.6431985 12.411541 3.7924156
2.528277 12.220005 3.7541084
2.4516625 12.220005 3.9839516
2.4133554 12.220005 4.290409
2.336741 12.220005 4.4053307
2.183512 12.105083 4.290409
2.030283 11.87524 4.060566
1.8770542 11.60709 3.7541084
1.7621324 11.33894 3.4859576
1.7621324 11.147403 3.4093432
1.8004396 11.147403 3.2944217
1.8387469 11.109096 3.217807
1.8387469 10.994174 3.1028852
1.685518 10.726024 2.9496565
1.4556746 10.342951 2.7964275
1.2258313 9.921572 2.719813
1.0342952 9.576807 2.719813
0.9959879 9.461885 2.681506
0.91937345 9.346964 2.6048915
0.8810662 9.2703495 2.5665843
0.84275895 9.193735 2.4516625
0.72783726 9.11712 2.3750482
0.61291564 9.002198 2.3750482
0.5363012 8.925584 2.2218192
0.45968676 8.963891 2.183512
0.45968676 9.002198 1.9536686
0.49799398 9.040505 1.685518
0.4213795 9.002198 1.4556746
0.34476504 8.887277 1.1875241
0.19153613 8.772355 1.0726024
0.19153613 8.887277 1.3024457
0.22984336 9.117121 1.6472107
0.22984336 9.346964 1.9919759
0.11492168 9.423578 2.3750482
-0.22984336 9.2703495 2.4133554
-0.5363012 9.078813 2.3367407
-0.7278373 8.925584 2.2984335
-0.6512229 8.848969 2.3367407
-0.4213795 8.848969 2.3367407
-0.114921674 8.925584 2.2601264
0.15322891 8.925584 2.1068976
0.22984336 8.887277 1.8387469
0.26815057 8.887277 1.5322891
0.19153613 8.810662 1.1875241
0.0 8.619125 0.8810662
-0.15322891 8.350975 0.8810662
-0.53630114 8.082825 1.1109096
-0.9193734 7.73806 1.532289
-1.2641385 7.508217 1.8004396
-1.4939818 7.4316025 1.7238252
-1.4939818 7.240066 1.4173675
-1.340753 7.125144 0.91937345
-1.1109096 7.125144 0.61291564
-0.9576807 7.086837 0.38307226
-0.8810662 7.086837 0.45968673
-1.0726023 7.086837 0.7661445
-1.6472108 6.8569937 1.340753
-1.9536686 6.703765 1.3790601
-2.1068974 6.5122285 1.2258313
-2.2218192 6.397307 0.95768064
-2.1068974 6.397307 0.53630114
-1.8004396 6.6654577 0.114921674
-1.3790601 7.1251445 0.0
-0.9193734 7.6614456 0.19153613
-0.57460845 8.00621 0.49799395
-0.45968673 8.159439 0.88106626
-0.45968673 8.121132 0.9193735
-0.53630114 7.8529816 0.8044518
-0.53630114 7.6614456 0.49799398
-0.45968673 7.393295 0.11492168
-0.45968673 7.086837 -0.15322891
-0.42137948 6.8953004 -0.38307226
-0.38307226 6.780379 -0.45968673
-0.30645782 6.8186865 -0.26815057
-0.11492168 7.1251445 7.4505806E-9
0.15322891 7.5082164 0.30645782
0.38307226 7.8146744 0.61291564
0.61291564 7.8912888 0.49799398
0.842759 7.73806 0.2681506
0.8810662 7.393295 0.0
0.8810662 7.0868373 -0.30645782
0.9193734 6.9719152 -0.34476504
0.9193734 6.9719152 -0.2681506
1.0726023 7.0102224 -0.2681506
1.2641385 7.0485296 -0.076614454
1.4173675 7.0485296 0.15322891
1.6089036 6.8953004 0.26815057
1.7621324 6.7037644 0.4213795
1.9153614 6.5122285 0.26815057
1.9536686 6.3973064 -0.076614454
1.9536686 6.4356136 -0.53630114
1.9536686 6.512229 -0.95768064
1.9536686 6.703765 -1.2641385
2.1452048 6.895301 -1.0342951
2.2984338 7.04853 -0.4596867
2.4133554 7.240066 0.03830722
2.4133554 7.2783732 0.42137948
2.1835122 7.201759 0.26815057
1.9153615 7.086837 -0.15322891
1.7238253 7.0485296 -0.57460845
1.6089035 7.086837 -0.842759
1.5705963 7.125144 -0.80445176
1.6472108 7.086837 -0.49799395
1.685518 7.086837 -0.15322891
1.7238252 7.163451 0.076614454
1.7621324 7.3932953 -0.03830722
1.685518 7.6614456 -0.4213795
1.6089035 7.8912888 -0.8810662
1.3790601 7.929596 -1.1109096
1.1109096 7.8146744 -1.1109096
0.8810662 7.776367 -0.7661445
0.5746084 7.699753 -0.19153613
0.45968673 7.73806 0.22984335
0.45968673 7.8529816 0.42137948
0.61291564 8.0445175 0.34476504
0.842759 8.236053 -7.4505806E-9
0.9576807 8.274361 -0.30645782
0.9959879 8.197746 -0.57460845
0.7661446 8.0445175 -0.7661446
0.42137948 7.929596 -0.7278373
0.26815057 7.967903 -0.45968676
0.42137948 8.504204 0.30645782
0.842759 9.11712 0.9959879
1.3790601 9.576807 1.4556746
1.7238252 9.921572 1.4939818
1.7238252 9.653421 1.1109096
1.532289 9.308656 0.6129156
1.1875241 9.11712 0.2681506
0.842759 8.887277 0.19153613
0.49799395 8.772355 0.45968673
0.19153613 8.734048 1.1109096
0.0 8.6574335 1.9153613
-0.076614454 8.772355 2.9113493
-0.11492168 9.11712 3.5242648
0.038307227 9.461885 3.7541084
0.15322891 9.844957 3.6008792
0.22984336 10.036493 2.9879637
0.34476504 9.959879 2.336741
0.19153613 9.80665 1.838747
-0.07661445 9.653421 1.6472108
-0.3830723 9.5385 1.7238252
-0.68953013 9.576807 1.9919758
-0.842759 9.730036 2.2984335
-0.7278373 9.998186 2.566584
-0.6512228 10.687716 2.719813
-0.61291564 11.951855 3.1028852
-0.80445176 12.373234 3.2561145
-0.8810662 12.334927 3.371036
-0.9959879 12.258312 3.3327289
-1.2258313 12.066776 3.1794999
-1.4556746 11.722012 2.9879637
-1.7621324 11.415553 2.8347347
-1.9536686 11.224017 2.7964275
-1.9153613 11.18571 2.911349
-1.685518 11.377247 3.2944214
-1.3790601 11.645397 3.6391864
-1.0726023 11.683704 4.0222588
-0.6895301 11.300632 4.1371803
-0.53630114 10.879252 3.9456444
-0.38307226 10.611102 3.562572
-0.26815057 10.457873 3.2561142
-0.34476507 10.419566 3.2561142
-0.5363012 10.726025 3.4476504
-0.80445176 11.147404 3.9456444
-1.0726024 11.683704 4.55856
-1.2258313 12.258312 5.056554
-1.1875241 12.679692 5.4779334
-1.1492169 12.947843 5.7843914
-1.1109097 13.062764 6.244078
-1.1492169 13.139379 6.742072
-1.2258313 13.177686 7.0485296
-1.2258313 13.215993 7.201759
-1.1109095 13.522451 6.8569937
-0.88106626 13.713987 6.3589997
-0.6895301 13.867216 6.0908494
-0.5746084 13.867216 5.93762
-0.53630114 13.599065 6.0142345
-0.53630114 13.292607 6.0525417
-0.49799395 12.871228 5.93762
-0.34476504 12.56477 5.6694694
-0.15322891 12.258312 5.439626
0.0 11.951855 5.24809
0.076614454 11.683704 5.1714754
0.038307227 11.415554 5.209783
-0.038307227 11.109097 5.171476
-0.076614454 10.840945 5.1331687
-0.11492168 10.611102 5.0565543
-0.076614454 10.304644 4.903325
0.0 10.113108 4.6351743
0.038307227 10.0748005 4.4819455
0.19153613 10.113108 4.2137947
0.30645782 10.304644 4.0222588
0.34476507 10.457873 4.0222588
0.30645782 10.534488 4.060566
0.076614454 10.381259 4.2137947
-0.22984336 10.113108 4.367024
-0.6512228 9.691729 4.4436383
-0.9959879 9.11712 4.3670235
-1.3024457 8.619126 4.252102
-1.5705963 8.121132 4.060566
-1.7238252 7.699753 3.9456444
-1.9153614 7.508217 3.8307228
-1.9919758 7.508217 3.6391866
-2.030283 7.8146744 3.6391866
-1.9919758 8.197746 3.5625722
-1.9153614 8.580818 3.524265
-1.9153614 8.848969 3.6008794
-1.9153614 8.810662 3.5242648
-2.030283 8.695741 3.3327286
-2.183512 8.542512 3.1411927
-2.3367407 8.42759 2.987964
-2.528277 8.504205 3.1411927
-2.681506 8.6574335 3.4093432
-2.834735 8.810662 3.6774938
-2.9496565 8.848969 3.7541082
-2.9879637 8.695741 3.4859576
-3.0262709 8.465897 3.1794999
-2.9879637 8.121132 3.026271
-2.9879637 7.8912888 2.9879637
-2.9879637 7.776367 3.064578
-2.9496565 7.8529816 3.064578
-2.9113493 8.197746 2.9496565
-2.7964275 8.734048 2.9879637
-2.719813 9.193735 2.9496565
-2.6431987 9.423578 2.9113493
-2.5665843 9.308657 2.9496565
-2.4516628 8.963891 2.873042
-2.2984338 8.6574335 2.834735
-2.1068976 8.504205 2.9113493
-1.9536686 8.619126 2.873042
-1.7621324 8.963891 2.7581203
-1.6089035 9.576807 2.6431985
-1.4173673 10.22803 2.375048
-1.340753 10.764331 2.2218192
-1.3790601 10.764331 2.2218192
-1.6472107 10.228029 2.4516625
-1.9919758 9.500192 2.873042
-2.0685902 8.734048 3.064578
-2.030283 8.465897 3.0262709
-1.7238252 8.619125 2.6048913
-1.2641385 9.270349 2.0685902
-0.8810662 10.304644 1.6855179
-0.68953013 11.147403 1.5705963
-0.7278373 11.568783 1.7238252
-1.1492168 11.147403 2.0685902
-1.7238252 9.998186 2.4516625
-2.183512 8.734048 2.719813
-2.2601264 7.8529816 2.9113493
-1.9536686 7.699753 2.9113493
-1.4173675 8.274361 2.719813
-0.9576807 9.270349 2.528277
-0.8044518 10.0748005 2.2601264
-0.91937345 10.457872 2.2218192
-1.3024457 10.228029 2.681506
-1.6472107 9.5385 3.217807
-1.7621324 8.772354 3.6391866
-1.7238252 8.236053 3.7541082
-1.4556746 7.967903 3.5242648
-1.1109096 8.0445175 3.3327286
-0.7661445 8.465897 3.3710358
-0.38307226 9.002198 3.6008792
-0.076614454 9.576807 3.6774938
0.38307226 9.921572 3.217807
0.80445176 10.0748005 2.6048913
1.1875241 9.921572 2.1452048
1.4939818 9.691729 1.9153614
1.4939818 9.5385 2.2601264
1.3790603 9.385271 2.8347347
1.2258313 9.346964 3.2561142
1.0726024 9.308657 3.4859576
1.0726024 9.117121 3.3327289
1.340753 9.078814 2.7964277
1.9919758 9.11712 1.5705962
2.2984335 9.4618845 1.3024457
2.3367407 9.653421 1.6472108
2.2218192 9.691729 2.336741
1.9536686 9.576807 3.2561145
1.685518 9.232042 3.9073372
1.532289 8.963892 3.86903
1.6472108 8.848969 3.524265
1.8387468 8.848969 2.6431987
2.030283 8.963891 1.9536686
2.183512 9.193734 1.685518
2.2601266 9.423578 1.685518
2.2984338 9.730036 2.2601266
2.221819 9.998186 2.9113493
1.9919758 9.998186 3.524265
1.685518 9.883265 3.9839516
1.4173675 9.576807 3.9839516
1.2641385 9.385271 3.86903
1.2641385 9.2703495 3.562572
1.340753 9.346964 3.1028855
1.4173673 9.576807 2.834735
1.532289 9.883265 2.5282772
1.6855179 10.151415 2.336741
1.7621324 10.381259 2.336741
1.8004397 10.572795 2.3750482
1.7621324 10.572795 2.5282772
1.5705963 10.534488 2.681506
1.3790601 10.419565 2.719813
1.1875241 10.036493 2.681506
0.9193734 9.844957 2.4899697
0.68953013 9.730036 2.4133554
0.5363012 9.730036 2.6048913

