0.5363012 9.998186 2.9879637
0.19153613 9.040505 5.2480903
0.61291564 10.036493 5.2863975
1.4939818 11.415554 5.2863975
2.2601264 12.564772 5.2863975
2.8347347 13.292608 5.1331687
2.9113493 13.292608 5.439626
2.873042 13.215994 5.363012
2.7198133 12.98615 5.133168
2.528277 12.564771 4.9416323
2.4133554 12.181698 4.5968676
2.183512 11.990162 4.367024
2.030283 11.990162 4.2521024
1.9153614 12.258312 4.2521024
1.6472108 12.373234 4.5202527
1.4556746 12.258312 5.0182467
1.1875241 12.028469 5.5162406
0.91937345 11.722012 5.822698
0.88106626 11.453861 5.784391
0.88106626 11.300632 5.3247046
0.9576807 11.300632 4.5202527
1.0726024 11.415554 3.7541082
1.0726024 11.492168 3.3327286
1.0726024 11.530476 3.1411927
0.99598795 11.377247 3.3327289
0.88106626 11.032482 3.6391864
0.7278373 10.6877165 3.562572
0.49799395 10.304644 3.3327289
0.30645782 9.959879 2.9113493
0.15322891 9.653421 2.4516625
-0.038307227 9.385271 2.4133554
-0.19153613 9.193735 2.4516625
-0.19153613 9.040505 2.6048915
-0.15322891 9.002198 2.681506
0.0 9.11712 2.5665843
0.15322891 9.155427 2.2984335
0.15322891 9.078813 1.9536686
0.076614454 8.887277 1.7238252
0.0 8.542511 1.7238252
-0.038307227 8.312668 2.030283
-0.076614454 8.312668 2.4516625
-0.038307227 8.312668 2.6431987
-0.11492168 8.312668 2.3750482
-0.19153613 8.274361 1.8770541
-0.22984336 8.082825 1.340753
-0.30645782 8.0445175 0.99598795
-0.344765 8.0445175 1.187524
-0.38307226 8.00621 1.7238252
-0.45968673 7.967903 2.183512
-0.5363012 7.8529816 2.4133554
-0.6512228 7.73806 2.2601264
-0.7278373 7.699753 1.7621324
-0.6895301 7.73806 1.340753
-0.7278373 7.699753 1.1109096
-0.842759 7.469909 1.2258313
-1.1109096 7.2400656 1.4939818
-1.340753 7.125144 1.7621324
-1.4939818 7.086837 1.838747
-1.532289 7.163451 1.5705962
-1.4556746 7.2783732 1.2258313
-1.3407528 7.2783732 0.84275895
-1.2258313 7.2783732 0.6512228
-1.1109097 7.2783732 0.5363012
-0.99598795 7.3549876 0.34476507
-0.91937345 7.469909 0.19153613
-0.9576807 7.5465236 0.076614454
-1.0342951 7.5082164 -0.038307227
-1.1109096 7.5465236 0.11492168
-1.1492169 7.5082164 0.34476504
-1.1492169 7.469909 0.8044517
-1.1492169 7.431602 1.4556745
-1.0726024 7.3166804 1.877054
-0.95768064 7.240066 1.9153614
-0.80445176 7.010223 1.532289
-0.6512228 6.8569937 0.8810662
-0.6895301 6.62715 0.19153616
-0.7661445 6.3973064 -0.076614454
-0.8810662 6.4356136 0.19153613
-0.9959879 6.5122285 0.9193734
-0.80445176 6.7803793 1.6472107
-0.5363012 7.163451 1.9536685
-0.22984338 7.4699097 1.6855179
0.076614454 7.699753 0.842759
0.15322891 7.776367 -0.03830725
0.15322891 7.699753 -0.61291564
0.11492168 7.5082164 -0.7661446
0.0 7.278373 -0.49799398
-0.11492168 6.856993 -0.1149217
-0.19153613 6.5505357 0.34476504
-0.15322891 6.2823853 0.5746084
0.076614454 6.129156 0.5746084
0.4213795 6.090849 0.30645782
0.7661445 6.0525417 0.0
0.9959879 6.0142345 -0.2681506
1.1109096 5.9759274 -0.34476504
1.1492169 6.129156 -0.114921674
1.2258313 6.397307 0.038307227
1.4173675 6.818686 0.22984336
1.685518 7.2017584 0.30645782
1.8770542 7.393295 0.34476504
1.9153614 7.240066 0.4213795
1.9153614 6.8569937 0.5746084
1.7621324 6.435614 0.80445176
1.6089035 6.129156 0.9576807
1.5322891 6.0525417 0.9959879
1.4939818 6.244078 0.8044517
1.6089035 6.7037644 0.34476504
1.8387468 7.278373 -0.19153616
2.1452048 7.929596 -0.68953013
2.4516625 8.504205 -1.1492168
2.6048915 8.810662 -1.3407528
2.5665843 8.695741 -1.3024457
2.2601264 8.312668 -1.1109096
1.6089036 7.776367 -0.7278373
0.8044518 7.125144 -0.4596867
0.07661447 6.62715 -0.19153613
-0.34476504 6.397307 0.038307227
-0.30645782 6.435614 0.11492168
0.11492169 6.8569937 -0.076614454
0.7661445 7.508217 -0.49799395
1.340753 8.121132 -1.1109096
1.7238252 8.542512 -1.7238252
1.9919758 8.734048 -2.0685902
1.9153613 8.734048 -2.1452048
1.6855179 8.810662 -1.9536686
1.3024458 8.963891 -1.4173673
0.842759 8.963891 -0.7278373
0.57460845 8.963891 0.15322894
0.4213795 8.772355 0.9193735
0.38307226 8.427589 1.3024457
0.34476504 8.159439 1.2258313
0.22984335 8.00621 0.6512228
0.19153613 8.00621 -0.038307242
0.3064578 8.197746 -0.5363012
0.53630114 8.542511 -0.61291564
0.8810662 8.887276 -0.30645782
1.1875241 9.155428 0.3830723
1.4173675 9.308657 1.0342951
1.4556746 9.308657 1.4556745
1.3024457 9.193734 1.5705962
0.95768064 9.002198 1.4173673
0.38307226 8.657433 1.1875241
-0.15322891 8.389282 1.2258313
-0.53630114 8.427589 1.6472108
-0.6512228 8.734048 2.183512
-0.45968673 9.270349 2.7964277
-0.114921674 9.80665 3.217807
0.038307227 10.0748005 3.3327286
-0.076614454 10.0748005 3.2561142
-0.34476504 9.998186 3.1028855
-0.7278374 9.921572 2.8730419
-0.9576807 9.844957 2.6815057
-1.0342951 9.883265 2.6815057
-1.1109096 10.0748005 2.7964277
-1.0726024 10.342951 3.3327289
-0.9193735 10.802638 3.9073372
-0.6512229 11.415554 4.4053307
-0.2681506 12.028469 4.5968676
0.038307227 12.756307 4.4436383
0.15322891 13.330915 4.290409
0.038307227 13.713987 4.1754875
-0.19153614 13.828909 4.367024
-0.57460845 13.484144 4.5585604
-0.9576807 13.062764 4.711789
-1.2641385 12.641385 4.7500963
-1.5705963 12.334927 4.673482
-1.6855179 12.334927 4.711789
-1.6089034 12.526463 4.9416323
-1.4939818 12.7179985 5.1714754
-1.1875241 12.909535 5.439626
-0.8810662 12.98615 5.4779334
-0.6512228 12.679691 4.8267107
-0.7661445 12.334927 4.3287168
-0.9576807 11.9135475 4.060566
-1.1109096 11.492168 3.8307228
-1.1875241 11.185711 3.6774938
-1.2641385 10.994174 3.6774938
-1.3407528 11.070788 3.7541084
-1.4173673 11.224017 3.7924156
-1.4556745 11.300632 3.9839516
-1.4173673 11.453861 4.098873
-1.3407528 11.415554 4.0222588
-1.2641385 11.415554 4.1754875
-1.2641385 11.415554 4.2137947
-1.3407528 11.415554 4.367024
-1.4556746 11.492168 4.673482
-1.6472108 11.530476 4.97994
-1.8004396 11.60709 5.401319
-1.9536686 11.645397 5.7843914
-1.9919758 11.645397 5.8226986
-1.9153614 11.568783 5.6311626
-1.8770542 11.530476 5.3630123
-1.8004396 11.377247 4.9416323
-1.9153614 11.109097 4.8267107
-2.1452048 10.917561 4.7884035
-2.3750482 10.572795 4.8267107
-2.6048915 10.381259 4.903325
-2.719813 10.266336 4.865018
-2.719813 10.113108 4.7884035
-2.6431987 10.036493 4.55856
-2.6048915 9.959879 4.367024
-2.5665843 9.80665 4.060566
-2.5665843 9.653421 3.86903
-2.6048915 9.423578 3.7541084
-2.6048915 9.193735 3.7541084
-2.681506 9.078814 3.86903
-2.7964275 9.078814 3.9456444
-2.873042 9.2703495 4.098873
-2.9113493 9.423578 4.2137947
-2.873042 9.653421 4.2137947
-2.7964277 9.768343 4.1371803
-2.719813 9.730036 3.9073372
-2.7964277 9.5385 3.4093432
-2.9496567 9.117121 3.1794999
-3.1028857 8.734048 3.217807
-3.2944217 8.542511 3.371036
-3.2561145 8.580818 3.715801
-3.1028852 8.848969 3.7924156
-2.9113493 9.117121 3.4859579
-2.6048915 9.232042 3.026271
-2.4133554 9.2703495 2.528277
-2.2984338 9.2703495 2.1452048
-2.183512 9.385271 2.030283
-2.183512 9.461885 2.030283
-2.183512 9.500193 2.183512
-2.183512 9.423578 2.4516625
-2.2984338 9.193734 2.681506
-2.4899697 9.002198 3.1411927
-2.6431987 8.848969 3.4859576
-2.681506 8.810662 3.715801
-2.4899697 9.002199 3.7541082
-1.7621324 9.653421 3.3327286
-1.340753 10.113108 3.0262709
-1.1492168 10.304645 2.9113493
-0.9959879 10.381259 2.7581205
-0.9959879 10.189723 2.834735
-1.1492168 9.730036 2.9879637
-1.2258313 9.232041 3.064578
-1.3790601 8.887277 3.1028852
-1.4173675 8.925584 2.7964275
-1.2258313 9.232042 2.4899697
-1.0342951 9.576807 2.2601264
-0.8427589 9.653421 2.0685902
-0.7661445 9.308656 2.183512
-0.9959879 8.657433 2.4899697
-1.2258313 7.967903 2.7581203
-1.2641385 7.584831 3.0262709
-0.842759 7.6614456 3.1028852
-0.4213795 8.236053 2.8347347
-0.11492168 8.887277 2.3367407
0.11492168 9.346964 1.7621324
0.11492168 9.576807 1.3790603
-0.076614454 9.38527 1.2258313
-0.4213795 8.887277 1.6089035
-0.8044518 8.389282 2.2218192
-1.1492168 7.929596 2.834735
-1.3790601 7.776367 3.5242648
-1.4173673 7.8912888 3.7158012
-1.2258313 8.197746 3.5242648
-0.8810662 8.695741 2.873042
-0.26815057 9.11712 1.2641385
-0.19153613 9.11712 0.842759
-0.2681506 8.925584 0.9959879
-0.34476504 8.734048 1.4556746
-0.5363012 8.695741 2.336741
-0.7661446 8.810662 3.4093432
-0.9959879 9.078814 4.060566
-1.1109096 9.423578 4.2904096
-0.91937345 9.730036 3.2561145
-0.61291564 9.308656 2.1068976
-0.5363012 9.040505 1.9536686
-0.45968673 8.810662 2.2601266
-0.2681506 8.887277 2.834735
-0.038307227 9.117121 3.4859576
0.30645782 9.500193 3.9839516
0.61291564 9.844957 4.0222588
0.80445176 10.0748005 3.7158008
0.9576807 10.0748005 3.1411924
0.9576807 9.921572 2.4133554
0.9959879 9.768343 2.3750482
1.0726024 9.768343 2.6048915
1.340753 9.80665 2.834735
1.6855179 9.844957 2.9879637
2.030283 9.959879 2.9113493
2.3750482 10.151415 2.336741
2.2984335 10.151415 2.1068976
2.1452048 10.0748005 2.2218192
2.030283 10.036493 2.4516625
2.0685902 10.036493 2.7964275
2.1452048 10.113108 3.1794999
2.2601264 10.228029 3.217807
2.2218192 10.304644 3.1411927
2.0685902 10.304644 2.9879637
1.9153614 10.228029 2.681506
1.7621324 10.151415 2.6048915
1.532289 9.921572 2.7581205
1.3790603 9.730036 3.064578
1.1492168 9.5385 3.6008792
0.8810662 9.461885 4.0222588
0.842759 9.653421 4.2137947
0.7661445 9.768343 4.1754875
0.6512228 9.844957 3.9073372
0.5746084 9.844957 3.6391864
0.4596867 9.730036 3.3710358
0.38307226 9.80665 3.2561142
0.38307226 9.998186 3.1794999
0.49799395 10.113108 3.0262709
0.53630114 10.228029 3.1411924
0.49799395 10.113108 3.1028852

