0.49799395 10.036493 3.1794996
0.038307227 8.465898 4.9416323
0.45968673 9.844957 4.8267107
0.91937345 11.147404 4.711789
1.3790601 12.564772 4.5968676
1.9153614 13.905523 4.7884035
2.1452048 14.288595 5.0182467
2.3750482 14.556746 5.094861
2.4516625 14.480131 5.0182467
2.2984335 14.097059 4.711789
1.9536686 13.484144 4.4819455
1.6472108 12.947844 4.3670235
1.3790603 12.5264635 4.4053307
1.3407528 12.220005 4.5202527
1.4939818 12.066776 4.4053307
1.6472108 11.951855 4.3287163
1.8387469 11.836933 4.060566
1.9153614 11.722012 3.7158008
1.8770541 11.492168 3.6391864
1.7238252 11.147404 3.562572
1.532289 10.64941 3.5242648
1.3790603 10.228029 3.5242648
1.2641385 9.998186 3.4476504
1.2641385 9.921572 3.2944217
1.3024458 10.036493 3.2561142
1.340753 10.0748005 3.1794999
1.3024458 9.998186 3.064578
1.1492168 9.730036 3.0262709
0.9576807 9.423577 3.064578
0.8044517 9.193734 3.2178073
0.7661445 9.002198 3.2944217
0.842759 8.963891 3.141193
0.9193735 8.963891 2.873042
0.842759 8.810662 2.4516625
0.61291564 8.6574335 2.183512
0.30645782 8.542512 2.1068974
0.038307227 8.580819 1.9919758
-0.076614454 8.772355 2.0685904
-0.076614454 8.925584 2.0685904
-0.11492168 8.963891 1.9536686
-0.22984336 8.772355 1.9153614
-0.49799398 8.465897 1.8770542
-0.8810662 8.121132 1.8770542
-1.1109096 7.8912888 1.9919758
-1.187524 7.776367 2.0685902
-0.9959879 7.8146744 2.0685902
-0.7278373 8.00621 1.9919758
-0.6512229 8.0445175 1.8004397
-0.80445176 8.00621 1.685518
-1.1109096 7.8146744 1.685518
-1.3024457 7.508217 1.8004396
-1.4173673 7.3549876 2.1068974
-1.3024457 7.240066 2.2218192
-1.1109096 7.201759 2.1452048
-0.9576807 7.010223 1.6472108
-0.6512228 6.895301 1.0726023
-0.38307226 6.8186865 0.5746084
-0.22984335 6.8569937 0.15322891
-0.19153613 6.9719152 0.30645782
-0.38307226 6.8569937 0.6512229
-0.6895301 6.7037644 1.1492169
-0.91937345 6.4739213 1.6089035
-1.1109097 6.3589997 1.6472108
-1.1875241 6.205771 1.2258313
-1.1875241 5.861006 0.4213795
-1.1492169 5.4013186 -0.53630114
-1.0342951 5.133168 -1.2258313
-0.61291564 5.592855 -0.8044518
-0.5363012 6.0142345 0.11492169
-0.5363012 6.2823853 1.0342951
-0.6512228 6.435614 1.7238252
-0.842759 6.512229 1.9536686
-0.8810662 6.6654577 1.9153614
-0.7661445 6.8186865 1.5705962
-0.5746084 6.8569937 0.95768064
-0.344765 6.8569937 0.15322888
-0.15322891 6.8186865 -0.5363012
-0.076614454 6.895301 -0.80445176
0.0 7.086837 -0.3830723
0.15322891 7.393295 0.45968673
0.3830723 7.8146744 1.532289
0.68953013 8.082825 2.2984338
0.9959879 8.274361 2.4516625
1.3024457 8.159439 2.2601264
1.5705962 7.776367 1.8387469
1.7238252 7.3166804 1.4556746
1.685518 6.742072 1.3024458
1.4556746 6.167464 1.1875241
1.1875241 5.707777 0.8810662
1.0342951 5.401319 0.6512229
1.1492169 5.4779334 0.30645782
1.4556746 5.822698 0.15322891
1.8387469 6.320692 0.22984336
2.2218192 6.780379 0.34476507
2.4516625 6.9336076 0.38307226
2.4899697 6.8953004 0.30645782
2.2984335 6.62715 7.4505806E-9
1.9919758 6.2823853 -0.45968673
1.7621324 6.090849 -0.7278373
1.7238252 6.1674633 -0.842759
1.8770541 6.4356146 -0.5746084
2.183512 6.895301 -0.2681506
2.4516625 7.4699097 -0.15322891
2.6431987 7.8912888 -0.2681506
2.6431987 8.00621 -0.7661446
2.3750482 7.73806 -1.2641385
1.9536686 7.125144 -1.6089035
1.3790601 6.5122285 -1.685518
0.9193735 6.205771 -1.4939818
0.61291564 6.167464 -1.1875241
0.5363012 6.3589997 -0.9576807
0.6512229 6.5122285 -0.9193735
0.7278373 6.62715 -0.842759
0.6895301 6.7420716 -0.57460845
0.49799395 6.7420716 -0.076614454
0.22984335 6.895301 0.5363012
0.0 7.1251445 0.842759
-0.076614454 7.354988 0.80445176
-0.038307227 7.6614456 0.61291564
0.15322891 8.082825 0.42137948
0.38307226 8.236053 0.45968673
0.49799395 8.312668 0.45968673
0.4213795 8.236053 0.53630114
0.11492169 7.967903 0.53630114
-0.26815057 8.00621 0.53630114
-0.4596867 8.312669 0.8427589
-0.4596867 8.963892 1.2641383
-0.3064578 9.653421 1.9153612
-0.11492168 10.381259 2.566584
-0.11492168 11.224018 3.1028852
-0.22984336 11.300632 2.9113493
-0.4213795 10.994174 2.6431985
-0.5363012 10.496181 2.3750482
-0.61291564 10.0748005 2.221819
-0.49799395 9.921572 2.1452045
-0.30645782 10.036493 2.2601264
-0.22984336 10.457872 2.566584
-0.30645782 10.76433 3.0262709
-0.7278373 10.955867 3.6391864
-1.340753 11.070788 4.1371803
-1.8770542 11.032481 4.4819455
-2.336741 11.032481 4.55856
-2.5665843 10.994174 4.367024
-2.5282772 10.994174 4.1371803
-2.4133554 11.070789 3.9073372
-2.183512 11.33894 3.7924156
-1.9536686 11.798626 3.8307228
-1.838747 12.488156 4.0222588
-1.8770542 13.215993 4.2904096
-2.030283 13.828909 4.673482
-2.2601264 14.211982 5.018247
-2.4899697 14.326903 5.1331687
-2.681506 14.326903 5.2480903
-2.7964277 14.09706 5.094861
-2.834735 13.9438305 5.056554
-2.873042 13.790602 5.171476
-2.834735 13.599066 5.2863975
-2.7581205 13.599066 5.477934
-2.6431987 13.713987 5.5545483
-2.375048 13.867216 5.477934
-2.030283 14.058752 5.1331687
-1.7621324 14.135366 4.8267107
-1.5705963 13.752295 4.4436383
-1.532289 13.177686 4.3287168
-1.7238252 12.334928 4.405331
-1.8004397 11.492168 4.5585604
-1.838747 10.955868 4.7884035
-1.7621324 10.572795 4.673482
-1.5705962 10.381259 4.4819455
-1.4173675 10.266336 4.098873
-1.2258313 9.959879 3.6008794
-1.1492168 9.576807 3.217807
-1.1492168 9.308656 3.0645783
-1.3024458 9.11712 3.217807
-1.5705963 9.232042 3.562572
-1.8770541 9.385271 4.060566
-2.0685902 9.576807 4.4819455
-2.1452048 9.653421 4.711789
-2.2218192 9.615114 4.7500963
-2.2218192 9.653421 4.6351748
-2.2601264 9.615114 4.4819455
-2.2984335 9.691729 4.367024
-2.4133554 9.768343 4.443639
-2.6048913 9.80665 4.5585604
-2.873042 9.844957 4.673482
-3.1794999 9.768343 4.9416323
-3.4476504 9.730036 5.0948615
-3.6008792 9.691729 5.2480903
-3.7158012 9.615114 5.363012
-3.8307228 9.461885 5.171476
-3.86903 9.270349 4.9416323
-3.9073372 9.040505 4.673482
-3.8307228 9.002198 4.4819455
-3.6391866 9.078814 4.2521024
-3.371036 9.193735 3.9839516
-3.1794999 9.346964 3.7158012
-3.1411927 9.155428 3.4476504
-3.3327286 8.657434 3.2561145
-3.7158008 8.044518 3.2944217
-4.0222588 7.584831 3.5242648
-4.1371803 7.6231384 3.6774936
-3.9456444 8.197746 3.9839516
-3.6008792 8.963891 4.0222588
-3.2944214 9.500193 3.7924156
-3.1411924 9.576807 3.5242648
-3.217807 9.346964 3.1411927
-3.3327289 8.848969 3.0262709
-3.4476504 8.389282 3.1411927
-3.4859576 8.121132 3.4476504
-3.3327289 8.121132 3.8690298
-3.1028855 8.389282 4.1371803
-2.7964277 8.772355 4.1754875
-2.4516625 9.193734 3.9456444
-2.183512 9.308656 3.4859576
-1.9919758 9.232041 3.217807
-1.9919758 9.078813 3.0262709
-2.030283 8.848969 3.217807
-2.1068976 8.772355 3.6391866
-2.1452048 8.810662 3.9073372
-1.9919758 8.810662 3.9073372
-1.8387469 8.734048 3.5242648
-1.685518 8.6574335 2.9879637
-1.5705963 8.6574335 2.4516625
-1.532289 8.810662 2.4133554
-1.4939818 9.155427 2.4899697
-1.5322891 9.5385 2.7964277
-1.6089036 9.691729 3.1795
-1.7621324 9.615114 3.3327289
-2.0302832 9.11712 3.6008794
-2.2601266 8.427589 3.6774938
-2.48997 8.00621 3.9073372
-2.4516625 8.00621 4.1754875
-2.1068976 8.6574335 4.1754875
-1.6089034 9.653421 4.060566
-1.0342951 10.649409 3.6774936
-0.5363012 11.300632 3.1794999
-0.4213795 11.377247 2.9113493
-0.68953013 10.802638 2.9113493
-1.2258313 9.80665 3.1028855
-1.9536686 8.772355 3.5242648
-2.48997 8.082825 4.060566
-2.5282772 8.082825 4.443639
-1.9919759 8.542511 4.405331
-1.2641385 9.155428 3.9839518
-0.45968673 9.768343 3.026271
0.19153613 10.113108 2.0302832
0.34476504 9.998186 1.493982
-0.11492168 9.500193 1.8387469
-1.0726025 8.619126 3.2178068
-2.1452048 7.73806 4.9799395
-2.9113493 7.240066 6.435614
-2.7964275 7.354988 7.0102224
-1.9153614 8.006211 6.473922
-0.80445176 8.887278 5.1331687
0.30645782 9.806651 3.4859579
0.9959879 10.457873 2.1068974
1.2641385 10.6877165 1.8004396
1.1492168 10.611102 2.3367407
0.61291564 10.266336 3.3710358
0.11492169 9.80665 4.481946
-0.34476504 9.385271 5.056554
-0.4213795 9.117121 5.133168
-0.11492169 9.078814 4.711789
0.38307226 9.193735 4.060566
0.9959879 9.385271 3.1794999
1.4939818 9.691729 2.681506
1.7621324 9.921572 2.7964277
1.685518 10.036493 3.1028855
1.3790603 10.0748005 3.5625722
1.0342951 9.768343 3.7924156
0.842759 9.38527 3.6774938
1.1109096 8.963891 3.217807
1.3790603 9.002198 2.8347347
1.685518 9.2703495 2.6431985
1.8770542 9.653421 2.6815057
1.838747 9.959879 2.834735
1.6472108 10.228029 3.1411924
1.340753 10.228029 3.2561142
0.9959879 9.730036 2.9879637
0.91937345 9.423578 2.8347347
0.8810662 9.346964 2.7964275
0.7661445 9.346964 2.9113493
0.6895301 9.500193 3.1411927
0.61291564 9.730036 3.2944214
0.49799395 9.844957 3.2178068
0.4213795 9.921572 2.9113493
0.34476507 9.768343 2.566584
0.26815057 9.653421 2.2984335
0.15322891 9.500193 2.4516625
0.0 9.423578 2.6815057
-0.19153613 9.461885 2.8730419
-0.45968673 9.385271 2.9879637
-0.49799395 9.270349 3.0262709
-0.7278373 9.193734 3.0262709
-1.0342952 9.193734 2.9496565

