-1.2258313 9.346964 3.3327289
-1.1109096 9.308657 3.6391866
-0.8810662 9.2703495 3.9456444
-0.61291564 9.423578 3.715801
-0.38307226 9.883265 3.5242648
-0.114921674 10.419565 3.3327289
0.22984338 10.994175 3.3327289
0.4213795 11.722012 3.4476504
0.53630114 12.220005 3.4859576
0.61291564 12.488156 3.4093432
0.57460845 12.641385 3.1411924
0.5363012 12.641385 2.9879637
0.49799398 12.564771 2.834735
0.5746084 12.717999 2.834735
0.7661445 13.101071 3.0645783
0.9959879 13.560759 3.3327289
1.340753 14.097059 3.6391864
1.6089035 14.403518 4.098873
1.7621325 14.365211 4.3287168
1.838747 14.020445 4.4819455
1.685518 13.52245 4.5202527
1.4939818 13.101071 4.3287163
1.4173675 12.909535 4.290409
1.4939818 13.177687 4.252102
1.7238252 13.599066 4.3287163
1.9919758 14.020445 4.4819455
2.1068974 14.135366 4.5202527
2.0685902 13.828909 4.4436383
1.9153614 13.407529 4.252102
1.685518 12.909535 4.098873
1.5322891 12.603078 3.86903
1.3790603 12.449849 3.7158012
1.3024457 12.296619 3.6008792
1.2258313 12.181698 3.4859576
1.1492169 12.105083 3.677494
1.2258313 12.066776 3.86903
1.3024457 11.951855 4.060566
1.3790601 11.683704 3.9839516
1.4173673 11.262325 3.7158008
1.2641385 10.764332 3.3327286
1.0726023 10.266336 3.0262709
0.842759 9.921572 2.9879637
0.5746084 9.768343 2.834735
0.34476504 9.653421 2.7581205
0.11492168 9.5385 2.4899697
-0.076614454 9.423578 2.0685902
-0.076614454 9.346964 1.4939818
0.0 9.308657 0.84275895
0.22984336 9.346964 0.53630114
0.4213795 9.385271 0.5746083
0.34476507 9.155428 1.0342951
0.07661447 8.925584 1.6472106
-0.42137948 8.695741 2.1835117
-0.8810662 8.312668 2.413355
-1.1875241 8.0445175 2.3367407
-1.2641385 7.73806 1.9153613
-1.2641385 7.4699097 1.2258313
-1.2258313 7.4699097 0.57460845
-1.1492168 7.4316025 0.19153613
-1.0342951 7.546524 0.38307226
-0.8810662 7.699753 0.9576806
-0.68953013 7.8912888 1.5705963
-0.6512228 8.082825 2.1068974
-0.80445176 7.967903 2.4133554
-1.0342951 7.6614456 2.4516625
-1.3790603 7.1251445 2.4516625
-1.5705962 6.6654577 2.3750482
-1.532289 6.435614 2.030283
-1.3790601 6.4739213 1.4173675
-1.2641385 6.588843 0.88106626
-1.2258313 6.7037644 0.53630114
-1.4556746 6.7803793 0.49799395
-1.7238252 6.703765 0.8810662
-1.8387469 6.6654577 1.2641385
-1.8770542 6.5888433 1.3790601
-1.8004398 6.397307 1.1109096
-1.8004398 6.1674633 0.6512229
-1.9153614 5.899313 0.11492169
-2.1452048 5.746084 -0.34476504
-2.336741 5.707777 -0.34476504
-2.3750482 5.861006 -0.07661446
-2.2984338 6.167464 0.34476504
-2.0685902 6.4739213 0.80445176
-1.8004397 6.703765 0.8810662
-1.5705963 6.742072 0.61291564
-1.4173673 6.742072 0.26815057
-1.4173673 6.703765 -0.038307227
-1.4556745 6.703765 0.038307227
-1.4173673 6.8569937 0.2681506
-1.2641385 7.0485296 0.45968673
-0.9959879 7.31668 0.61291564
-0.6895301 7.6997523 0.6895301
-0.4213795 7.967903 0.61291564
-0.19153613 8.082825 0.49799395
-0.038307227 8.00621 0.49799395
0.038307227 7.73806 0.57460845
0.0 7.3549876 0.8810662
-0.22984335 6.8186865 1.1109095
-0.38307226 6.2823853 1.0342951
-0.42137948 5.93762 0.6129156
-0.26815057 5.861006 7.4505806E-9
0.19153616 6.205771 -0.49799395
0.7661446 6.742072 -0.7661445
1.3407531 7.240066 -0.7661445
1.8387468 7.6231384 -0.61291564
2.183512 7.73806 -0.38307226
2.2984335 7.73806 -0.038307227
2.2601264 7.546524 0.34476507
1.9919758 7.0485296 0.49799395
1.6089035 6.473922 0.49799395
1.1875241 5.7843914 0.19153614
0.7661445 5.363012 -0.15322891
0.5746084 5.2480903 -0.30645782
0.6895301 5.401319 -0.4213795
1.1109096 5.8226986 -0.38307226
1.6472107 6.3206925 -0.38307226
2.1452045 6.933608 -0.4213795
2.4516625 7.3549876 -0.49799395
2.4899697 7.584831 -0.49799395
2.336741 7.546524 -0.7278373
1.8004397 7.240066 -0.7278373
1.1492168 6.7803793 -0.68953013
0.5363012 6.3589997 -0.7278373
-0.038307227 6.0525417 -0.57460845
-0.22984336 5.7843914 -0.49799395
-0.30645782 5.631162 -0.30645782
-0.34476504 5.4779334 -0.22984336
-0.34476504 5.2863975 -0.26815057
-0.4213795 5.2480903 -0.5363012
-0.5363012 5.477934 -0.842759
-0.5746084 5.8993134 -0.99598795
-0.34476504 6.512229 -0.7661446
0.038307235 7.2400656 -0.19153613
0.5363012 7.8146744 0.45968667
0.88106626 8.159439 0.91937345
0.842759 8.312668 0.84275895
0.5746084 8.159439 0.2681506
0.07661447 7.776367 -0.45968667
-0.4596867 7.5082164 -0.84275895
-0.8044517 7.3166804 -0.45968667
-0.842759 7.508217 0.61291564
-0.49799395 8.0445175 1.8387469
0.03830722 8.810662 2.7581203
0.61291564 9.615114 3.0262709
0.91937345 10.266336 2.6048913
0.6512228 10.6877165 1.9153613
0.03830725 10.726024 1.3790601
-0.6895301 10.611101 1.4173675
-1.1875241 10.534487 2.2218192
-1.1875241 10.764332 3.2944217
-0.8044518 11.262325 4.4819455
-0.4213795 11.836933 4.9799395
-0.22984335 12.258312 4.7884035
-0.19153613 12.373234 4.3287168
-0.15322891 12.258312 3.6008792
-0.076614454 12.258312 3.1794999
0.038307227 12.488156 2.9496565
0.076614454 12.98615 2.9496565
-0.19153613 13.560759 3.0262709
-0.7661446 13.752295 3.217807
-1.4939818 13.522451 3.4093432
-2.2218192 12.909536 3.6774938
-2.7581203 12.105083 3.9456444
-2.9879637 11.492168 4.060566
-2.9496565 11.224018 4.098873
-2.681506 11.262325 3.9073372
-2.2218192 11.683704 3.6008792
-1.7238252 12.449848 3.217807
-1.3407528 13.177687 2.834735
-1.2258313 13.752295 2.528277
-1.532289 14.020445 2.4133554
-1.9919758 13.790601 2.2601264
-2.566584 13.292607 2.2984338
-2.987964 12.756307 2.528277
-3.1411927 12.296619 2.873042
-3.1028855 12.028469 3.3327289
-2.873042 12.028469 3.7924156
-2.6048915 12.296619 3.9073372
-2.2984338 12.717999 3.86903
-2.0685904 13.215994 3.715801
-1.9536686 13.560759 3.562572
-1.9536686 13.560759 3.4859576
-2.030283 13.254301 3.5242648
-2.1452045 12.756307 3.7541082
-2.3367407 12.143391 3.9456444
-2.413355 11.60709 4.252102
-2.413355 11.3006315 4.405331
-2.2984335 11.147403 4.4819455
-1.9536686 11.300632 4.4436383
-1.685518 11.530476 4.290409
-1.5705963 11.760319 4.252102
-1.532289 11.798626 4.1754875
-1.7238252 11.683704 4.2137947
-1.9536686 11.415554 4.3287168
-2.1452048 10.955867 4.405331
-2.4133554 10.611101 4.5202527
-2.6431985 10.228029 4.6351743
-2.8730419 9.998186 4.82671
-3.0262709 9.844957 4.903325
-3.1028852 9.730036 4.903325
-3.1028852 9.80665 4.711789
-3.0262709 9.80665 4.367024
-2.9879637 9.921572 4.1371803
-2.9496565 10.036493 3.9456444
-2.9496565 9.959879 3.9839516
-3.0645783 9.883265 4.060566
-3.2944214 9.615114 4.2137947
-3.6008792 9.346963 4.481945
-3.9073372 9.193734 4.6351748
-4.098873 9.193734 4.865018
-4.098873 9.346964 4.9416323
-3.9073372 9.500193 4.7500963
-3.677494 9.423578 4.4053307
-3.371036 9.155428 3.9073372
-3.1795 8.772355 3.3710358
-3.1795 8.350975 2.9496565
-3.2178073 8.121132 2.7581205
-3.4093432 8.236053 2.7581205
-3.6008792 8.619125 2.873042
-3.715801 9.040505 3.1411924
-3.7924156 9.500193 3.4859576
-3.7541084 9.768343 3.7924151
-3.6008794 9.80665 3.9456444
-3.3327289 9.80665 3.7924154
-2.9496565 9.768343 3.2944217
-2.566584 9.5385 2.681506
-2.2984335 9.2703495 2.1068974
-2.221819 8.925584 1.7621324
-2.2984338 8.542511 1.7621324
-2.528277 8.236053 2.030283
-2.643199 8.082825 2.6431985
-2.643199 8.121132 2.9879637
-2.4516625 8.236053 2.9496565
-2.1452045 8.504205 2.4516625
-1.8004397 8.810662 1.5705963
-1.4556746 9.117121 0.9959879
-1.2641386 9.5385 0.8810662
-1.1492169 9.921572 1.2258312
-1.2641386 10.0748005 1.8387469
-1.5322891 9.959879 2.566584
-1.8387468 9.500193 2.9879637
-2.1068974 8.925584 3.064578
-2.1452048 8.427589 2.873042
-1.9919758 8.159439 2.3750482
-1.685518 8.274361 1.8387469
-1.1875241 8.810662 1.7621325
-0.7661445 9.730036 2.1068974
-0.4213795 10.649409 2.566584
-0.344765 11.070788 2.9496565
-0.61291564 10.726024 2.9496565
-0.95768064 9.691729 2.6431985
-1.3790601 8.542512 2.4133554
-1.4939818 7.967903 2.566584
-1.3024458 7.967903 2.7198129
-0.9576807 8.389282 2.9113493
-0.5746084 8.925583 2.9113493
-0.38307226 9.078814 2.7581205
-0.4213795 8.925583 2.4516625
-0.5746084 8.580818 1.9919759
-0.5746084 8.121132 1.685518
-0.38307226 7.929596 1.3407528
0.114921674 8.121132 1.1875241
0.6895301 8.657433 1.1875241
1.1875241 9.346963 1.1492169
1.4939818 9.998186 1.4939818
1.3024457 10.419565 1.9919758
0.80445176 10.342951 2.3750482
0.07661444 9.883265 2.7964277
-0.57460845 9.308657 2.7964277
-0.842759 8.772355 2.7581205
-0.7278373 8.695741 2.9113495
-0.30645782 9.040506 2.9113495
0.2681506 9.615114 3.026271
0.7661445 10.266336 3.0645783
1.1492168 10.726023 2.8347347
1.3024457 10.840944 2.6431985
1.1109096 10.457872 2.336741
0.842759 9.959879 2.1068974
0.6512228 9.423578 2.2218192
0.7278373 9.346964 2.6431987
0.9959879 9.576807 3.1411927
1.3024457 9.80665 3.4093432
1.5705963 10.0748005 3.3327289
1.8004396 10.113108 2.9879637
2.030283 10.151415 2.4899697
2.2601264 10.036493 2.2218192
2.375048 9.883265 2.030283
2.3367407 9.768343 2.2601264
2.2218192 9.80665 2.9496565
2.183512 10.036493 3.3327286
2.2218192 10.266337 3.1028852
2.2984335 10.381259 2.873042
2.3367407 10.419566 2.528277
2.3367407 10.342951 2.375048
2.2218192 10.189722 2.4899697
1.7621324 9.844957 2.9113493
1.4939818 9.730036 3.0262709
1.2641385 9.615114 3.1794996
1.1109096 9.576807 3.2178068
1.0726024 9.730036 3.2178068
1.1492169 9.921572 3.0262709
1.2258313 10.0748005 2.8347347
1.1875241 10.228029 2.7581203
0.91937345 10.266336 2.681506
0.6512229 10.113108 2.7581205
0.26815063 9.959879 2.7964277
-0.076614454 9.730036 2.7581203

