-0.4213795 9.232041 3.1794999
0.1915361 9.998186 3.3327289
0.8810662 10.840945 3.524265
1.6089035 11.530476 3.4859579
1.9153614 11.951855 3.3327286
1.6472108 11.645397 3.2561142
1.3790601 11.453861 3.2561142
1.0726024 11.300632 3.4859576
0.842759 11.262325 3.7924156
0.7278373 11.300632 4.098873
0.68953 11.377247 4.252102
0.68953 11.453861 4.252102
0.5746084 11.147403 3.9456444
0.22984335 10.802638 3.5242648
-0.22984338 10.49618 3.4093432
-0.6512229 10.266336 3.3327289
-0.9959879 10.381258 3.5242648
-1.1492168 10.534488 3.6774938
-1.1109096 10.534488 3.4859576
-1.1109096 10.457872 3.1794996
-1.0726024 10.381258 2.7964277
-1.0342952 10.266336 2.6048913
-1.0726024 10.266336 2.873042
-1.1109097 10.342951 3.371036
-1.1109097 10.381258 3.7158012
-1.0342951 10.266336 3.9456444
-0.9959879 10.113108 3.7158012
-0.91937345 9.768343 3.2178073
-0.91937345 9.346964 2.834735
-1.0342952 9.11712 2.6815057
-1.1109096 8.848969 2.9496565
-1.2641385 8.619126 3.562572
-1.3790601 8.427589 4.1371803
-1.4556745 8.236053 4.3670235
-1.4939818 8.0445175 4.3287163
-1.340753 8.0445175 3.9456444
-1.2258313 8.121132 3.4859576
-1.0726024 8.274361 2.9879637
-0.8810662 8.504205 2.6431987
-0.84275895 8.810663 2.4516625
-1.0342951 9.078814 2.681506
-1.4173675 9.117121 3.2561142
-1.9919758 9.040506 3.8307228
-2.6048915 8.619126 4.3287168
-2.9879637 7.967903 4.2521024
-3.1794999 7.4699097 3.7158012
-3.4093432 6.933608 2.834735
-3.371036 6.588843 1.9153614
-3.1028855 6.5122285 1.3024458
-2.7581203 6.588843 0.842759
-2.2984335 6.8186865 0.6512229
-2.0685902 6.8569937 0.61291564
-2.1452048 6.6654577 0.6512229
-2.4133554 6.205771 0.99598795
-2.5665843 5.707777 1.1875241
-2.6815062 5.324705 1.2258313
-2.7198133 5.133168 1.1109096
-2.6048915 5.094861 0.7661446
-2.566584 5.1714754 0.5363012
-2.4516625 5.363012 0.34476504
-2.2601264 5.6311626 0.34476504
-1.9919758 5.93762 0.45968673
-1.7238252 6.1674633 0.49799395
-1.4556746 6.320692 0.5746084
-1.2641385 6.282385 0.5363012
-1.2258313 6.1674633 0.5363012
-1.1492168 6.1674633 0.5363012
-1.1492168 6.2057705 0.4213795
-1.1109096 6.320692 0.45968673
-1.0726024 6.4739213 0.45968673
-0.9959879 6.62715 0.53630114
-0.91937345 6.742072 0.84275895
-0.7661446 7.0102224 1.0726023
-0.61291564 7.125144 1.3407528
-0.45968673 6.9719152 1.3407528
-0.22984338 6.818686 1.1109096
0.038307227 6.588843 0.7661445
0.30645782 6.588843 0.5746084
0.5363012 6.8186865 0.91937345
0.7661445 7.04853 1.6089035
0.9193734 7.1634517 2.4133554
1.0342952 7.04853 2.9113493
1.1109096 6.6654577 2.9496565
1.1492169 6.244078 2.3750482
1.2258313 5.9759274 1.3790603
1.3790603 6.014235 0.38307226
1.6089034 6.2823853 -0.4213795
1.877054 6.742072 -0.5746084
2.1452048 7.1634517 -0.15322891
2.3750482 7.4699097 0.5746084
2.4516625 7.8146744 1.37906
2.4133554 7.8912888 1.8387468
2.1452045 7.5848308 1.9153614
1.8004396 7.2017584 1.7621324
1.4556746 6.6271505 1.4173675
1.1875241 6.3206925 1.0342951
1.1492168 6.3589997 0.6895301
1.2258313 6.5122285 0.2681506
1.4556746 6.8186865 0.0
1.5705963 6.9719152 -0.19153613
1.5705963 7.163451 -0.11492168
1.4173673 7.3932953 0.076614454
1.1109096 7.508217 0.34476507
0.7661446 7.4316025 0.68953013
0.42137948 7.125144 0.7661445
-0.038307227 6.512229 0.6512228
-0.45968673 5.861006 0.45968673
-0.7278373 5.4396257 0.19153613
-0.8810662 5.4013186 -0.038307227
-0.7278373 5.8226986 -0.22984335
-0.45968673 6.550536 -0.49799395
-0.15322891 7.4699097 -0.5746084
0.15322891 8.350976 -0.49799395
0.4213795 8.887277 -0.19153613
0.49799395 9.155427 0.22984336
0.4213795 9.155427 0.4213795
0.114921674 8.848969 0.5363012
-0.34476507 8.427589 0.45968673
-0.7278373 8.0445175 0.3830723
-0.9959879 8.121132 0.45968673
-0.9576807 8.542512 0.61291564
-0.6512228 9.461885 1.0342951
-0.22984338 10.534487 1.3790603
0.15322891 11.18571 1.685518
0.30645782 11.453861 1.9153614
0.11492168 11.224017 1.9536686
-0.2681506 10.764331 2.1068974
-0.7661445 10.266336 2.336741
-1.2258313 9.921572 2.528277
-1.4556746 9.883265 2.8347347
-1.4939818 10.0748005 3.0645783
-1.3790601 10.342952 3.1795
-1.1492168 10.649409 3.4476504
-0.9959879 10.726024 3.4859576
-0.8044518 10.802638 3.562572
-0.6512229 10.879252 3.6391866
-0.61291564 11.032482 3.6391866
-0.6512229 11.33894 3.7541084
-0.8810662 11.568783 3.7541084
-1.2258313 11.683704 3.7541084
-1.6472108 11.60709 3.7158012
-1.9536686 11.45386 3.4859579
-2.183512 11.45386 3.2944217
-2.2218192 11.645396 3.026271
-2.0685902 11.9135475 2.7964277
-1.9536686 12.258312 2.7581203
-1.8770541 12.449848 2.7581203
-1.9536686 12.526463 2.911349
-2.2601264 12.526463 3.064578
-2.6048913 12.258312 3.1794999
-3.0262709 11.760319 3.217807
-3.371036 11.262325 3.0645783
-3.4859579 11.032482 2.834735
-3.4093432 11.032482 2.5665843
-3.1794999 11.185711 2.6431987
-2.9113493 11.33894 2.9496565
-2.681506 11.185711 3.371036
-2.719813 11.032481 4.0222588
-2.873042 10.994174 4.3287168
-3.0262709 11.070788 4.4819455
-3.217807 11.33894 4.55856
-3.2561142 11.722012 4.7117887
-3.2561142 12.066776 4.903325
-3.2561142 12.411541 5.171476
-3.217807 12.679692 5.477934
-3.1794999 12.641384 5.66947
-3.0262709 12.526463 5.7843914
-2.873042 12.143391 5.7843914
-2.681506 11.798626 5.66947
-2.4899697 11.568783 5.439626
-2.336741 11.415554 5.209783
-2.2218192 11.492168 5.094861
-2.1452045 11.530476 5.1714754
-2.030283 11.568783 5.324704
-1.9153614 11.530476 5.5928555
-1.7621325 11.300632 5.5928555
-1.6855179 11.109097 5.516241
-1.6089035 10.879252 5.133168
-1.5705963 10.611102 4.711789
-1.5705963 10.419565 4.55856
-1.6472107 10.189722 4.4819455
-1.8770541 9.998186 4.7117887
-2.2218192 9.844957 5.0182467
-2.6431987 9.730036 5.209783
-3.0262709 9.576807 5.3247046
-3.2944214 9.385271 5.3247046
-3.4859576 9.117121 5.1331687
-3.6774938 8.887277 4.9799395
-3.86903 8.619125 4.7500963
-4.098873 8.350975 4.367024
-4.3287168 8.082825 4.098873
-4.4819455 7.776367 4.0222588
-4.4819455 7.584831 4.0988736
-4.3287163 7.699753 4.367024
-4.1754875 7.967903 4.55856
-3.9839516 8.274361 4.4819455
-3.86903 8.504205 4.367024
-3.86903 8.389282 4.2137947
-3.7158012 8.465897 4.1754875
-3.524265 8.925584 4.290409
-3.3327286 9.5385 4.1754875
-3.1028855 10.22803 4.098873
-2.9879637 10.572795 3.8307228
-3.1028852 10.304644 3.4476504
-3.2178073 9.921572 3.3327289
-3.4093432 9.5385 3.4476504
-3.562572 9.346964 3.86903
-3.562572 9.423578 4.3287168
-3.5242648 9.500193 4.5968676
-3.4476504 9.500193 4.4819455
-3.371036 9.385271 3.9839516
-3.3327289 9.11712 3.4093432
-3.2561145 8.963891 2.7964277
-3.0262709 9.155427 2.4133554
-2.9496565 9.385271 2.2984335
-2.911349 9.5385 2.566584
-3.0262709 9.308656 3.064578
-3.2561142 8.619126 3.4859576
-3.217807 7.8146744 3.9839516
-2.9879637 7.316681 4.060566
-2.528277 7.3932953 3.7924156
-1.877054 8.082826 3.2561145
-1.3024457 9.117121 2.336741
-0.842759 9.998187 1.5322891
-0.5746084 10.342952 1.0342951
-0.61291564 10.151416 1.1492168
-0.7661445 9.461885 1.7621324
-1.0726023 8.542512 2.719813
-1.3024457 7.967903 3.6391864
-1.3407528 7.8146744 4.1371803
-1.1875241 8.159439 4.2521024
-0.80445176 8.887277 3.7541084
-0.3830723 9.5385 2.9113493
-0.038307227 9.883265 1.9536686
0.11492168 9.883265 1.340753
0.22984336 9.615114 1.3024457
0.19153613 9.2703495 1.8004396
-0.038307227 8.925584 2.6431985
-0.19153614 8.695741 3.4476504
-0.34476507 8.619126 4.0222588
-0.38307226 8.504204 4.1371803
-0.19153613 8.542511 4.0222588
0.15322891 8.734048 3.4093432
0.61291564 9.002198 2.8347347
1.1492169 9.385271 2.566584
1.4556746 9.691729 2.566584
1.5322891 9.883265 2.9879637
1.3790603 9.768343 3.217807
0.9576807 9.423578 3.4859576
0.6512229 8.887277 3.5242648
0.5363012 8.427589 3.4859574
0.6512228 8.350975 3.5242648
1.0726024 8.580819 3.371036
1.7238253 9.078813 3.0262709
2.183512 9.5385 2.6048913
2.4133554 9.768343 2.1452045
2.3367407 9.80665 1.7621324
1.9536686 9.576807 1.8004396
1.4939818 9.232042 2.1068974
1.1492168 9.078813 2.7581203
1.0342951 9.078813 3.2944214
1.1492168 9.346963 3.6008792
1.4173675 9.576807 3.562572
1.685518 9.730036 3.064578
1.8770541 9.80665 2.566584
1.9153614 9.768343 2.0685902
1.8387469 9.80665 1.8770542
1.685518 9.768343 1.9536686
1.5322891 9.653421 2.2984338
1.4556746 9.576807 2.7581205
1.5705963 9.5385 3.064578
1.8004396 9.576807 3.1028855
2.030283 9.691729 2.8730423
2.2218192 9.730036 2.3750482
2.2601264 9.691729 1.7621324
2.183512 9.691729 1.3790601
2.0685902 9.730036 1.3790601
1.9536686 9.883265 1.8004396
1.9153614 10.113108 2.4516623
1.838747 10.228029 3.1411924
1.7621324 10.189722 3.6008792
1.6472108 9.998186 3.7541084
1.4939818 9.730036 3.7541084
1.3790603 9.423578 3.6008794
1.3407528 9.308657 3.3710358
1.3790603 9.385271 3.1411927
1.4173675 9.5385 2.9879637
1.532289 9.883265 2.9496565
1.4939818 10.0748005 2.8730419
1.4173675 10.189722 2.9113493
1.3024457 10.228029 2.7964275
1.1492168 10.113108 2.6431985
1.0726024 10.036493 2.6815057
1.1109096 9.921572 2.6048915
0.9959879 9.768343 2.6048915
0.80445176 9.653421 2.6048915
0.6512229 9.576807 2.4516625
0.4596867 9.5385 2.4516625

