-0.6512229 8.925585 4.060566
-0.19153614 9.768343 4.098873
0.4596867 10.840944 3.6774936
1.0726024 11.87524 3.562572
1.5705963 12.83292 3.1794999
1.4556745 13.177687 2.834735
1.1492168 13.1393795 2.9496567
0.95768064 13.062764 3.3327289
0.80445176 13.062764 3.9456444
0.7661445 13.2543 4.4819455
0.7661445 13.484143 4.8267107
0.7278373 13.599066 4.8267107
0.7278373 13.522451 4.4819455
0.8044517 13.330915 4.213795
0.9193734 13.101072 4.175488
1.0726023 13.062765 4.673482
1.1109096 12.909536 5.5545483
0.9959879 12.603077 6.397307
0.7278373 12.143391 6.9719152
0.38307226 11.415554 6.895301
-0.076614454 10.917561 6.588843
-0.5746084 10.572795 6.244078
-0.95768064 10.266337 6.0142345
-1.187524 10.151415 6.0525417
-1.187524 10.151415 6.0525417
-1.0726024 10.304644 5.899313
-0.9193734 10.687716 5.5162406
-0.7661445 10.994174 4.903325
-0.61291564 11.147403 4.2904096
-0.49799395 10.994174 3.715801
-0.49799395 10.649409 3.2944217
-0.53630114 10.304644 3.1028855
-0.61291564 10.189722 2.9879637
-0.61291564 10.189722 2.9879637
-0.5363012 10.304644 3.1794999
-0.61291564 10.342951 3.562572
-0.7661446 10.036493 3.9839516
-0.9959879 9.691729 4.4436383
-1.187524 9.2703495 4.711789
-1.2258313 9.002198 4.7500963
-1.1109096 8.887277 4.55856
-0.9193734 8.848969 4.1754875
-0.7661445 8.848969 3.562572
-0.6895301 8.772355 2.7964277
-0.80445176 8.619125 2.2601266
-1.0726023 8.312668 2.1068974
-1.3024457 8.00621 2.4133554
-1.532289 7.8529816 3.1411924
-1.6089036 7.776367 3.7924151
-1.532289 7.776367 4.1371803
-1.4939818 7.699753 4.0222588
-1.4556746 7.508217 3.5242648
-1.4173673 7.354988 2.834735
-1.4556746 7.201759 2.1452045
-1.6089035 6.9719152 1.6855179
-1.7621324 6.62715 1.6089034
-1.9919758 6.244078 1.7238252
-2.1452048 5.9759274 2.030283
-2.0685902 6.1291566 2.4516625
-1.9153613 6.512229 2.7964277
-1.5322891 7.086837 3.064578
-1.1492168 7.73806 3.1411924
-0.9193734 8.121132 3.1028852
-0.8044517 8.121132 2.719813
-0.9193734 7.8912888 2.2984335
-1.1109096 7.4316025 1.9919758
-1.2641385 6.933608 1.685518
-1.4556746 6.7420716 1.685518
-1.6472108 6.7037644 1.8770541
-1.685518 6.818686 2.2984338
-1.685518 7.125144 2.681506
-1.532289 7.2783732 2.873042
-1.3407528 7.354988 2.9496565
-1.1875241 7.4699097 2.7964275
-1.1109097 7.4699097 2.5665843
-1.0726024 7.4699097 2.2601266
-1.0726024 7.2783732 1.8387469
-1.187524 6.8569937 1.2258313
-1.2641385 6.5122285 0.7661445
-1.340753 6.320692 0.61291564
-1.4173675 6.320692 0.91937345
-1.4556746 6.588843 1.6472108
-1.4556746 6.9719152 2.4133554
-1.340753 7.431602 2.9879637
-1.1875241 7.8529816 3.2561142
-0.9959879 8.082825 3.0262709
-0.88106626 7.929596 2.4899697
-0.9193735 7.6231384 1.7621325
-0.9193735 7.354988 0.95768064
-0.9576807 7.316681 0.5363012
-0.9576807 7.546524 0.6512229
-0.842759 7.8529816 1.2258313
-0.68953013 8.082825 1.9919758
-0.49799395 8.197746 2.719813
-0.2681506 8.274361 3.1411927
-0.11492168 8.274361 3.1411927
-0.038307227 8.082825 3.026271
-0.076614454 7.699753 2.6431987
-0.15322891 6.9719152 2.1068976
-0.22984336 6.205771 1.5705963
-0.26815057 5.707777 1.0342951
-0.22984336 5.4396267 0.8044518
-0.11492168 5.5928555 1.1875241
0.15322891 6.0142345 1.8770542
0.53630114 6.5888433 2.4516625
1.0726024 7.163451 2.7581203
1.6089036 7.584831 2.2984335
1.9919758 7.699753 1.3790601
2.221819 7.4699097 0.42137945
2.2601264 7.1634517 -0.38307226
2.1068974 6.8186865 -0.80445176
1.8387468 6.62715 -0.6895301
1.4939818 6.6654572 -0.19153613
1.1492169 6.7037644 0.30645782
0.80445176 6.856993 0.7661445
0.5363012 7.0485296 0.9193734
0.45968673 7.240066 0.7278373
0.49799392 7.4699097 0.49799398
0.61291564 7.546524 0.38307226
0.7661445 7.508217 0.45968673
0.6895301 7.3166804 0.6895301
0.42137948 7.1634517 0.7278373
0.03830722 7.086837 0.57460845
-0.53630114 7.125144 0.22984338
-0.95768064 7.240066 -0.15322891
-1.1492168 7.2783732 -0.22984336
-1.0342951 7.508217 0.0
-0.26815057 7.8529816 0.4213795
-0.076614454 8.121132 0.34476504
-0.076614454 8.274361 0.0
-0.15322891 8.504204 -0.11492168
-0.30645782 8.772355 0.03830722
-0.30645782 9.002198 0.49799392
-0.19153613 9.232042 1.1109095
-0.076614454 9.423578 1.6855179
0.076614454 9.500193 2.1068974
0.11492168 9.461885 2.0685902
0.0 9.308657 1.7238252
-0.19153613 9.078813 1.2258313
-0.42137948 9.002198 0.842759
-0.6512228 9.11712 1.0342952
-0.7278373 9.500193 1.6089035
-0.68953013 10.036494 2.4516625
-0.6512228 10.572795 3.2944217
-0.7278373 10.802639 3.715801
-0.91937345 10.6877165 3.9456444
-1.2258313 10.419566 3.6774938
-1.532289 10.113108 3.217807
-1.6472108 10.036493 3.1028855
-1.8004396 10.304644 3.026271
-1.8387469 10.611102 3.2944217
-1.8004397 10.955867 3.7924156
-1.8387469 11.33894 4.098873
-1.7621324 11.60709 4.367024
-1.6089034 12.105083 4.673482
-1.5705962 12.488155 4.865018
-1.5705962 12.794614 5.133168
-1.685518 12.947843 5.286398
-2.0302832 12.641385 5.286398
-2.4516625 12.066776 5.2097826
-2.873042 11.262324 5.0182467
-3.217807 10.572794 4.9416323
-3.3327286 10.189722 4.9416323
-3.217807 10.0748005 4.903325
-2.9879637 10.228029 4.7884035
-2.7581203 10.304644 4.673482
-2.6048913 10.113108 4.4436383
-2.566584 9.80665 4.0222588
-2.566584 9.5385 3.6391864
-2.6048913 9.5385 3.217807
-2.6431987 9.883265 2.834735
-2.5665843 10.496181 2.873042
-2.4516625 11.070788 2.9496565
-2.336741 11.453861 3.0645783
-2.2601264 11.530476 3.2561145
-2.2984335 11.453861 3.2178068
-2.375048 11.338939 3.2944217
-2.375048 11.262324 3.3327289
-2.4133554 11.415553 3.4093432
-2.4516625 11.492168 3.6391866
-2.4899697 11.492168 3.86903
-2.6431985 11.415554 4.1371803
-2.719813 11.224018 4.3287163
-2.719813 11.109096 4.3670235
-2.719813 11.032481 4.290409
-2.6431987 10.879252 4.1754875
-2.6431987 10.840945 3.9456444
-2.6048915 10.764331 3.86903
-2.6431987 10.6877165 3.86903
-2.6431987 10.802638 4.0222588
-2.681506 10.840945 4.3287163
-2.7964277 11.032482 4.520252
-2.834735 11.185711 4.5585604
-2.9496565 11.070789 4.3287168
-3.064578 10.879253 4.098873
-3.2178073 10.572794 3.9839516
-3.371036 10.304644 4.0222588
-3.562572 10.151415 4.290409
-3.6391866 10.036493 4.596867
-3.5625722 9.998186 4.7884035
-3.4093432 10.0748005 4.8267107
-3.064578 10.189722 4.5968676
-2.75812 10.304644 4.175488
-2.566584 10.266336 3.8307228
-2.4516625 10.113108 3.562572
-2.4899697 9.921572 3.6008792
-2.5665843 9.576807 3.7541082
-2.681506 9.2703495 3.86903
-2.7964277 8.887277 3.9456444
-2.9496565 8.504204 3.7541082
-3.1411924 8.312668 3.715801
-3.2944217 8.197746 3.715801
-3.4476504 8.274361 3.7924154
-3.5242648 8.465897 4.060566
-3.5242648 8.580818 4.2137947
-3.562572 8.810662 4.252102
-3.562572 8.963891 4.290409
-3.6008792 9.078813 4.2137947
-3.6391866 9.155427 4.060566
-3.715801 9.002198 4.0222588
-3.86903 8.963891 3.9456444
-3.9456444 8.848969 3.9456444
-4.098873 8.734048 3.9839516
-4.1754875 8.542511 3.9839516
-4.213795 8.236053 3.9839516
-4.137181 8.159439 3.9839516
-3.86903 8.465897 4.060566
-3.4476504 9.193735 4.098873
-3.0262709 10.151415 4.1371803
-2.681506 11.262325 4.0222588
-2.6048915 11.60709 3.86903
-2.7581203 11.568783 3.7541084
-3.0262709 10.955867 3.677494
-3.4859576 9.653421 3.86903
-3.7924154 8.810662 4.1754875
-3.8690298 8.082825 4.3670235
-3.6391864 7.967903 4.520253
-3.064578 8.427589 4.520253
-2.2601264 9.193734 4.175488
-1.4173675 9.998186 3.86903
-0.842759 10.534488 3.2561145
-0.5363012 10.649409 2.528277
-0.6512228 10.228029 2.0685902
-1.0342952 9.615114 1.7621324
-1.4173675 8.887277 1.8387468
-1.685518 8.350975 2.375048
-1.7621324 8.274361 2.8730419
-1.4556746 8.580819 3.2561145
-0.99598795 9.155427 3.4859576
-0.57460845 9.615114 3.2944217
-0.2681506 9.768343 2.834735
-0.30645782 9.576807 2.3750482
-0.4213795 9.155428 1.9919758
-0.5363012 8.734048 1.8004397
-0.49799395 8.542512 1.8387469
-0.38307226 8.465898 1.9153614
-0.22984336 8.6574335 1.9153614
-0.11492168 9.040506 1.8770541
-0.076614454 9.308657 1.8770541
-0.11492168 9.5385 1.9153614
-0.22984335 9.423578 2.030283
-0.34476504 9.117121 2.1452048
-0.38307226 8.848969 2.2218192
-0.34476507 8.619126 2.2601264
-0.22984336 8.580819 2.3367407
-0.038307227 8.772355 2.3750482
0.038307227 8.887277 2.2601264
0.076614454 8.963891 2.030283
0.0 8.925584 1.8004397
-0.22984336 8.810662 1.838747
-0.30645782 8.695741 2.0302832
-0.34476507 8.772355 2.2218192
-0.19153613 9.002198 2.2601266
0.0 9.193735 2.0685904
0.076614454 9.461885 1.9919758
0.11492168 9.615114 2.183512
-0.076614454 9.691729 2.681506
-0.34476504 9.730036 3.1794999
-0.6512228 9.691729 3.5625722
-0.8810662 9.576807 3.7541084
-0.91937345 9.461885 3.6774938
-0.7661445 9.423578 3.562572
-0.49799392 9.385271 3.2561142
-0.3064578 9.346964 2.8730423
-0.15322891 9.2703495 2.528277
0.0 9.193735 2.3750482
0.15322891 9.193735 2.4133554
0.34476504 9.385271 2.681506
0.49799395 9.576807 2.9496565
0.5746084 9.615114 2.9496565
0.6895301 9.615114 2.873042
0.8044518 9.461885 2.528277
0.9193735 9.385271 2.2218192
1.0726024 9.346964 1.9919758
1.1875241 9.346964 1.8387469
1.340753 9.423578 1.7621325
1.5705963 9.653421 1.7621325
1.8004397 9.959879 1.685518
1.9919758 10.22803 1.6472108
2.1452045 10.381259 1.7238252
2.1452045 10.342952 1.685518
2.030283 10.151415 1.7238252
1.9536686 9.959879 1.8004396
1.8004397 9.80665 1.8004396
1.7621324 9.653421 1.9536686
1.8004397 9.730036 2.030283
1.9919758 9.998186 1.9919758
2.1068976 10.266336 1.9536686
2.183512 10.457872 1.9919758
2.1068976 10.611102 1.9536686
1.9153614 10.457873 2.0685902
1.532289 10.189723 2.1068974
1.1492168 9.883265 2.1452045
0.88106614 9.615114 2.260126
0.6895301 9.576807 2.4133554
0.7661445 9.500193 2.6815057
0.7278373 9.653421 2.8347347
0.68953 9.80665 2.8347347
0.38307226 10.228029 2.6431987

