-0.19153613 9.653421 3.217807
0.03830722 9.883265 3.2561142
0.19153613 10.113108 3.1794999
0.61291564 10.649409 2.9879637
0.88106626 11.147404 3.0645783
1.0342952 11.415554 3.1411927
1.1875241 11.645397 3.1028855
1.340753 11.836933 3.026271
1.4556746 12.028469 2.834735
1.4939818 12.066776 2.834735
1.4939818 12.028469 2.9496565
1.3790601 12.028469 3.1028855
1.3024457 11.990162 3.4093432
1.2258313 12.028469 3.5625722
1.2258313 12.105083 3.677494
1.3407528 12.143391 3.677494
1.4173675 12.143391 3.4859576
1.4939818 12.066776 3.217807
1.4556745 11.951855 2.7964277
1.3790601 11.951855 2.3750482
1.340753 12.105083 2.1068976
1.3790603 12.334927 2.2984338
1.532289 12.641384 2.7964277
1.685518 12.871228 3.6391864
1.7621324 12.98615 4.5202527
1.7238252 13.024457 5.133168
1.6089035 12.794613 5.5162406
1.4556745 12.373234 5.5162406
1.3024457 11.990162 5.2480903
1.1109095 11.568783 4.7884035
0.95768064 11.262325 4.252102
0.88106626 11.070788 3.9839516
0.80445176 10.879252 3.9839516
0.80445176 10.840945 4.060566
0.80445176 10.91756 4.3287163
0.7661445 11.032481 4.3670235
0.72783726 11.032481 4.252102
0.72783726 10.840944 4.060566
0.6512228 10.534487 3.562572
0.49799395 10.228029 2.9496565
0.30645782 10.036493 2.4516625
0.11492168 9.921572 2.2218192
0.038307227 9.80665 2.1452048
0.038307227 9.730036 2.4133554
0.15322891 9.80665 2.719813
0.2681506 9.921572 2.8347347
0.34476504 10.0748005 2.9113493
0.38307226 10.151415 2.719813
0.30645782 9.959879 2.4516625
0.15322891 9.730036 2.2601264
0.038307227 9.500193 2.1452045
0.038307227 9.385271 2.183512
0.11492168 9.461885 2.1068976
0.11492168 9.5385 1.9919759
0.038307227 9.576807 1.9919759
-0.19153613 9.500193 1.8770542
-0.57460845 9.193735 1.9536686
-0.842759 8.810662 2.183512
-1.0726023 8.465897 2.3750482
-1.1492169 8.236053 2.6431987
-0.99598795 8.274361 2.681506
-0.842759 8.542511 2.3367407
-0.68953 8.734047 1.7238252
-0.6512228 8.734047 1.0726024
-0.7661445 8.580818 0.53630114
-1.0342951 8.159439 0.30645782
-1.3407528 7.776367 0.45968673
-1.532289 7.431602 0.91937345
-1.6472108 7.201759 1.4939818
-1.5705963 7.2783732 2.0685902
-1.4556746 7.5082164 2.4516625
-1.4173673 7.776367 2.4133554
-1.4173673 7.967903 2.1068976
-1.4939818 7.967903 1.7238252
-1.5705962 7.8146744 1.37906
-1.6472108 7.6614456 1.3024457
-1.685518 7.469909 1.2258313
-1.7238252 7.3166804 1.0342951
-1.7621324 7.2783732 0.842759
-1.685518 7.4316025 0.91937345
-1.5705963 7.6231384 1.1109096
-1.4173675 7.8146744 1.3790601
-1.3407528 7.929596 1.5322891
-1.4556746 7.776367 1.1875241
-1.6472108 7.546524 0.7278373
-1.8770542 7.2400665 0.30645785
-2.0685902 6.9719152 0.0
-2.183512 6.8569937 0.0
-2.2218192 6.895301 0.3830723
-2.1452048 7.04853 0.9959879
-1.9536686 7.240066 1.5705962
-1.6472108 7.508217 1.8004396
-1.3790601 7.776367 1.532289
-1.187524 7.967903 0.8044517
-1.1109096 8.00621 0.1915361
-1.2258313 7.8146744 -0.15322891
-1.4173673 7.546524 -0.15322891
-1.6089035 7.354988 0.30645782
-1.7621325 7.3166804 0.80445176
-1.7621325 7.393295 1.3407531
-1.4939818 7.6614456 1.685518
-1.0342951 8.082825 1.8004398
-0.53630114 8.504204 1.7621324
-0.114921674 8.887277 1.4939818
0.11492168 8.925584 1.2641385
0.11492168 8.580819 0.9959879
0.11492168 8.0445175 0.842759
0.22984335 7.4699097 0.842759
0.45968673 7.0102224 1.0726024
0.8810662 6.6654572 1.3790601
1.4556746 6.6654572 1.532289
1.9536686 6.818686 1.6472108
2.336741 7.125144 1.532289
2.6048915 7.393295 1.2258312
2.6431987 7.3549876 0.7661445
2.5665843 7.0868373 0.11492166
2.4133554 6.512229 -0.57460845
2.2218192 5.975928 -0.9959879
1.9919758 5.5545483 -0.842759
1.8004396 5.477934 -0.15322891
1.6472107 5.66947 0.7278373
1.4556746 5.899313 1.3790601
1.3024457 5.9759274 1.5322891
1.1875241 5.8226986 1.2258313
1.0726024 5.631162 0.6512228
0.9576807 5.554548 0.07661444
0.8810662 5.8226986 -0.4596867
0.91937345 6.205771 -0.95768064
0.9959879 6.6271505 -1.1875241
1.1109096 6.8569937 -1.340753
1.2258313 7.0102224 -1.2641385
1.1492169 7.2400665 -1.0726024
0.88106626 8.082825 -0.7661445
0.5746084 8.619126 -0.8044517
0.34476504 8.925584 -0.8044517
0.15322891 9.155428 -0.8044517
0.11492168 9.2703495 -0.8044517
0.19153613 9.232042 -0.6512228
0.22984336 9.232042 -0.49799395
0.11492168 9.155428 -0.30645782
-0.076614454 9.002198 -0.11492168
-0.30645782 9.040505 0.0
-0.4213795 9.11712 0.038307227
-0.3830723 9.155427 0.076614454
-0.34476507 9.193734 -0.038307227
-0.34476507 9.155427 0.0
-0.4596867 9.078813 0.22984336
-0.6129156 9.078813 0.5746084
-0.7661445 9.2703495 1.1492168
-0.95768064 9.461885 1.7238252
-1.1492168 9.653421 2.1835117
-1.3024458 9.921572 2.566584
-1.4556746 10.0748005 2.7964275
-1.4556746 10.228029 2.7964275
-1.340753 10.49618 2.6431987
-1.2641385 10.611101 2.2984338
-1.1492168 10.649409 1.9536687
-1.1109096 10.611102 1.7621325
-1.187524 10.419566 1.8387469
-1.3024457 10.151415 2.1452045
-1.3407528 10.036493 2.681506
-1.2641385 10.151415 3.2561145
-1.1109096 10.534487 3.5625722
-0.91937345 11.109097 3.677494
-0.842759 11.645397 3.524265
-0.91937345 11.990162 3.1411927
-1.187524 12.028469 2.7581205
-1.5705962 11.87524 2.5665843
-1.9536685 11.568783 2.48997
-2.221819 11.185711 2.834735
-2.2984338 10.955867 3.2178073
-2.2218192 10.91756 3.4859579
-2.1452048 11.070788 3.7158012
-2.0685902 11.262325 3.6008794
-2.1068974 11.530476 3.5625722
-2.2601264 11.645397 3.4093432
-2.4516625 11.683704 3.1411927
-2.681506 11.722012 2.9113493
-2.7581205 11.645397 2.6431987
-2.681506 11.645397 2.6431987
-2.528277 11.645397 2.873042
-2.375048 11.645397 3.1028852
-2.2601264 11.722012 3.2561145
-2.1068974 11.836933 3.2944217
-1.8770541 12.066776 3.2561145
-1.6472107 12.258312 3.2944217
-1.4556746 12.373235 3.4476504
-1.5322891 12.449849 3.6008792
-1.6472108 12.373235 3.6391864
-1.7238252 12.334927 3.7924156
-1.7621324 12.334927 3.9456444
-1.685518 12.296619 4.0222588
-1.5705963 12.296619 4.290409
-1.493982 12.220005 4.060566
-1.4556746 12.143391 3.7924151
-1.340753 12.066776 3.4093432
-1.2641385 11.9135475 2.9496565
-1.1492168 11.798626 2.834735
-1.0342951 11.530476 2.719813
-0.9193734 11.33894 2.7581203
-0.8044517 11.185711 2.7964275
-0.7278373 11.109096 2.9113493
-0.7278373 11.147403 3.1028855
-0.842759 11.070788 3.4093432
-1.0726023 10.955867 3.6391866
-1.4173673 10.611102 3.9456444
-1.4556746 10.572795 3.9456444
-1.340753 10.611102 3.9073372
-1.2641385 10.764331 3.7158012
-1.1875241 10.802638 3.6008794
-1.0726024 10.802638 3.4859576
-1.0342952 10.802638 3.4476504
-0.9576807 10.6877165 3.5242648
-0.99598795 10.534488 3.6008792
-1.1492168 10.304644 3.6008792
-1.340753 10.0748005 3.715801
-1.6472108 9.80665 3.9456444
-1.9536686 9.691729 4.1371803
-2.183512 9.691729 4.4436383
-2.336741 9.768343 4.6351748
-2.336741 9.998186 4.6351748
-2.2218192 10.304644 4.5202527
-2.1452045 10.687716 4.4053307
-2.1452045 10.994174 4.3670235
-2.3367407 10.955867 4.1754875
-2.6048913 10.611102 4.1371803
-2.7964275 10.113108 3.9456444
-2.873042 9.653421 3.677494
-2.719813 9.308657 3.4859576
-2.4516625 9.193735 3.2561145
-2.183512 9.117121 3.0262709
-1.9919758 8.963891 2.6431987
-1.8004397 8.963891 2.336741
-1.685518 9.155427 2.1452048
-1.4173673 9.500193 1.9919758
-1.1492168 9.8832655 2.0685902
-0.9959879 10.189723 2.0685902
-0.8810662 10.113109 2.0685902
-1.0342951 9.730036 2.1068974
-1.3024458 9.308656 1.9919758
-1.6472108 8.772355 1.9536686
-1.8770541 8.312668 1.838747
-1.9919758 8.121132 1.6089036
-1.8770541 8.236053 1.493982
-1.5322891 8.542511 1.3790601
-1.1492168 9.002198 1.2258313
-0.7278373 9.385271 1.0726024
-0.4596867 9.500193 0.91937345
-0.34476507 9.500193 0.95768064
-0.4596867 9.346964 1.1492169
-0.7661445 9.117121 1.532289
-1.1109096 8.734048 2.030283
-1.4173675 8.504204 2.4516625
-1.4939818 8.350975 2.681506
-1.340753 8.465897 2.7581203
-0.8810662 8.925583 2.375048
0.19153613 9.998186 1.1492169
0.6512229 10.304644 0.61291564
0.8810662 10.228029 0.34476504
0.8810662 9.80665 0.15322891
0.57460845 9.155428 0.34476504
0.15322891 8.312668 0.7661446
-0.30645782 7.699753 1.2641385
-0.5746084 7.508217 1.6472108
-0.49799395 7.8146744 2.030283
-0.22984335 8.465897 2.0685902
0.076614454 9.232041 1.9919758
0.34476504 9.768343 1.7238252
0.45968673 9.921572 1.2258313
0.34476504 9.844957 0.8810662
0.19153613 9.308657 0.9576807
0.076614454 9.232042 1.4173675
-0.076614454 9.155427 1.9536686
-0.34476504 9.078813 2.528277
-0.842759 8.963891 2.7581203
-1.340753 8.887277 2.8347347
-1.6472108 8.810662 2.6048913
-1.6472108 8.887277 2.2601264
-1.2641385 9.11712 1.9919758
-0.6895301 9.38527 1.8387469
-0.076614454 9.615114 1.8387469
0.22984336 9.768343 1.9919758
0.22984336 9.730036 2.1068974
0.0 9.5385 2.2601266
-0.26815057 9.500193 2.4133554
-0.45968673 9.461885 2.48997
-0.45968673 9.5385 2.6431987
-0.2681506 9.691729 2.7581205
0.07661445 9.959879 2.834735
0.4213795 10.304645 2.873042
0.6512229 10.381259 2.9496565
0.7278373 10.266336 2.9113493
0.7278373 9.998186 2.719813
0.99598795 9.768343 2.2218192
1.4173675 9.691729 1.6472108
1.9153614 9.768343 1.3024457
2.4516625 9.844957 0.9959879
2.7964275 10.113108 1.0342951
2.9113493 10.189722 1.1875241
2.9113493 10.189722 1.1109096
2.9113493 10.419565 1.1875241
2.873042 10.419565 1.3407528
2.7964275 10.381258 1.5705962
2.566584 10.228029 1.8387468
2.2601264 9.883265 2.1452045
1.9919759 9.691729 2.2218194
1.8770542 9.691729 2.2984338
2.030283 9.883265 2.4516625
2.183512 10.22803 2.5282772
2.336741 10.457873 2.681506
2.4516625 10.611102 2.681506
2.336741 10.572795 2.566584
2.1452048 10.342951 2.413355
1.8770542 10.228029 2.3367407
1.5705962 10.036493 2.2601264
1.3024457 9.883265 2.2218192
0.95768064 9.768343 2.030283
0.7278373 9.576807 1.7621325
0.61291564 9.2703495 1.5322891
0.5363012 9.002199 1.4556746

