0.61291564 8.887277 1.685518
0.68953 8.925584 2.0685902
0.7661445 9.232041 2.566584
0.19153614 9.844957 3.217807
0.30645782 10.49618 3.0645783
0.80445176 11.262324 2.834735
1.3407528 12.181698 2.7581203
1.4939818 12.641385 2.566584
1.4939818 12.5264635 2.7198129
1.4173673 12.449849 3.1411924
1.4939818 12.373235 3.6008792
1.5322891 12.373235 3.8307228
1.4939818 12.449849 3.9456444
1.4939818 12.449849 3.86903
1.4173675 12.334927 3.7924156
1.340753 12.105083 3.9073372
1.2258313 11.760319 4.1371803
1.0726023 11.415554 4.5202527
0.80445176 11.070789 4.7884035
0.53630114 10.764331 4.903325
0.30645782 10.534487 4.8267107
0.11492168 10.342951 4.5202527
0.0 10.304644 4.1371803
-0.19153613 10.304644 3.6774938
-0.38307226 10.266336 3.3327289
-0.61291564 10.228029 3.2561145
-0.80445176 10.113108 3.371036
-0.80445176 10.036493 3.5242648
-0.6895301 10.0748005 3.7158012
-0.49799392 10.036493 3.7924156
-0.3064578 10.0748005 3.5625722
-0.2681506 10.0748005 3.2561145
-0.30645782 9.998186 2.873042
-0.49799395 9.998186 2.528277
-0.6512229 10.036493 2.4899697
-0.61291564 10.0748005 2.566584
-0.53630114 10.189722 2.6431985
-0.38307226 10.189722 2.6431985
-0.34476507 9.959879 2.4516625
-0.49799395 9.80665 2.183512
-0.7661445 9.500193 1.8387469
-0.9959879 9.308656 1.5705963
-1.1875241 9.308656 1.5322891
-1.3024457 9.270349 1.5322891
-1.3024457 9.308657 1.7238252
-1.2641385 9.385271 1.9153614
-1.1875241 9.423578 1.9153614
-1.1492169 9.423578 1.8387468
-1.1109096 9.346964 1.6089036
-1.1109096 9.155427 1.2641385
-1.1492168 8.925584 0.91937345
-1.1492168 8.734048 0.61291564
-1.1492168 8.6574335 0.34476504
-1.1875241 8.542512 0.11492168
-1.2641385 8.465897 0.038307227
-1.3407528 8.389282 0.11492168
-1.4173675 8.274361 0.3830723
-1.4173675 8.312668 0.91937345
-1.2641385 8.350975 1.3790601
-1.1109096 8.465898 1.5705963
-0.8810662 8.695741 1.532289
-0.61291564 8.887277 1.1492168
-0.4213795 9.040505 0.61291564
-0.34476504 8.963891 0.30645782
-0.42137948 8.6574335 0.15322891
-0.7278373 8.350975 0.34476504
-1.187524 8.121132 0.6895301
-1.6472107 7.8912888 1.0342951
-2.1452045 7.5465236 0.9193734
-2.4899697 7.0485296 0.45968667
-2.6048915 6.62715 -0.22984335
-2.5665843 6.435614 -0.8810662
-2.2984338 6.5888433 -1.1492168
-1.8770542 7.04853 -1.1492168
-1.4556746 7.584831 -0.8044517
-1.0726024 8.00621 -0.45968673
-0.9193734 8.159439 -0.076614454
-0.9959879 8.082825 0.076614454
-1.2258313 7.776367 0.11492168
-1.4556746 7.2783732 -0.076614454
-1.7238253 6.8569937 -0.38307226
-1.9153614 6.3589997 -0.61291564
-1.9919758 5.9759274 -0.7661446
-1.9536686 5.93762 -0.61291564
-1.6089034 6.3206925 -0.4213795
-1.1109095 6.933608 -0.15322891
-0.6512229 7.469909 -0.076614454
-0.38307226 7.8529816 -0.038307227
-0.38307226 7.8146744 0.076614454
-0.5746084 7.584831 0.0
-0.8044518 7.2400656 -0.11492168
-0.91937345 7.0102224 -0.2681506
-0.80445176 6.895301 -0.2681506
-0.61291564 7.0485296 -0.19153613
-0.3064578 7.3549876 0.076614454
0.0 7.508217 0.3064578
0.19153613 7.546524 0.26815057
0.34476504 7.2783732 0.26815057
0.49799395 6.8186865 0.26815057
0.6895301 6.397307 0.38307226
0.91937345 6.0525417 0.6512229
1.1492168 5.861006 0.9576807
1.340753 5.8226986 1.1875241
1.5322891 5.93762 0.9576807
1.685518 6.129156 0.30645782
1.8387469 6.320692 -0.57460845
2.030283 6.5122285 -1.4939818
2.1068974 6.473921 -2.0685904
2.183512 6.4356136 -2.2218192
2.2984338 6.3973064 -1.8387469
2.336741 6.5505357 -0.9959879
2.336741 6.895301 -0.19153613
2.1835122 7.201759 0.53630114
1.838747 7.4699097 0.7661445
1.3790603 7.431602 0.5746084
0.8810662 7.240066 0.15322891
0.53630114 6.933608 -0.34476507
0.344765 6.7803793 -0.49799395
0.30645782 6.742072 -0.6895301
0.4596867 6.8186865 -0.6895301
0.61291564 7.0102224 -0.6512228
0.7278373 7.201759 -0.7278373
0.7278373 7.5465236 -0.49799395
0.5746084 7.8912888 -0.076614454
0.30645782 8.236053 0.3830723
-0.07661445 8.427589 0.7661446
-0.42137948 8.197746 0.5746084
-0.61291564 7.8529816 0.11492169
-0.6512228 7.4699087 -0.4596867
-0.5746084 7.163451 -1.0342951
-0.5363012 7.2017584 -1.340753
-0.6512229 7.2783732 -1.4556746
-0.842759 7.546524 -1.4173673
-0.91937345 8.0445175 -1.1109095
-0.80445176 8.619126 -0.45968673
-0.4213795 9.500192 0.3830723
0.11492169 10.381258 1.3790603
0.61291564 11.070788 1.9919758
0.9576807 11.453861 2.1452045
0.88106626 11.18571 1.685518
0.5363012 10.611102 1.1492168
0.11492168 9.883265 0.95768064
-0.22984336 9.461885 1.2258313
-0.30645782 9.5385 2.0685902
-0.19153613 9.959879 2.9113493
-0.076614454 10.611102 3.7541082
-0.11492168 11.109096 4.290409
-0.2681506 11.453861 4.6351748
-0.57460845 11.530476 4.7500963
-0.9576807 11.300632 4.4436383
-1.3024457 10.955867 4.098873
-1.5705963 10.649409 3.4476504
-1.8387469 10.496181 2.873042
-1.8004397 10.6877165 2.4133554
-1.493982 11.18571 2.183512
-1.0726024 11.87524 2.2218192
-0.61291564 12.603078 2.3750482
-0.4596867 13.101072 2.6431987
-0.7278373 13.215994 2.834735
-1.3024457 12.871229 3.1794999
-1.9536686 12.220005 3.4859576
-2.4899697 11.492168 3.7924154
-2.719813 10.917561 4.060566
-2.719813 10.611102 4.098873
-2.4899697 10.572795 4.0222588
-2.2218192 10.726024 3.715801
-1.8770542 11.070789 3.371036
-1.6472108 11.377247 3.1028855
-1.685518 11.530476 2.9113493
-1.8387469 11.568783 2.9496565
-2.1452045 11.224018 2.9496565
-2.3750482 10.91756 2.9496565
-2.4899697 10.649409 2.9879637
-2.4899697 10.457873 3.1028852
-2.4133554 10.572795 3.3327289
-2.336741 10.6877165 3.6008792
-2.183512 10.726024 3.9073372
-2.030283 10.726024 3.9839516
-1.8770542 10.649409 3.9839516
-1.6089035 10.611102 3.677494
-1.340753 10.649409 3.2178073
-1.0726023 10.6877165 2.9113495
-0.99598795 10.6877165 2.719813
-1.0342951 10.649409 2.8347347
-1.0726023 10.534488 3.1028855
-1.0726023 10.534488 3.4093432
-0.91937345 10.649409 3.7158012
-0.7278373 10.726024 3.86903
-0.61291564 10.802638 3.9839516
-0.61291564 10.726024 3.9839516
-0.7278373 10.572795 3.86903
-0.88106626 10.572795 3.86903
-1.0342951 10.764331 3.8307228
-1.1492169 11.109096 3.9456444
-1.1492169 11.377247 4.098873
-1.1875241 11.568783 4.213795
-1.1875241 11.60709 4.405331
-1.2258313 11.530476 4.520253
-1.3024457 11.492168 4.5968676
-1.2641385 11.492168 4.7500963
-1.2258313 11.60709 4.903325
-1.1875241 11.645397 5.018247
-1.1875241 11.760319 5.0948615
-1.3024457 11.645397 4.9416327
-1.4173675 11.415554 4.711789
-1.532289 11.224018 4.5968676
-1.6472108 10.879252 4.481946
-1.7238252 10.649409 4.443638
-1.8004396 10.381258 4.4053307
-1.9153614 10.189722 4.252102
-1.9919758 10.0748005 4.1371803
-2.1452048 9.844957 4.1754875
-2.2984338 9.80665 4.252102
-2.336741 9.691729 4.1754875
-2.4516625 9.5385 4.1371803
-2.4899697 9.385271 3.9456444
-2.6048913 9.040506 3.7541082
-2.8347347 8.734048 3.7924154
-2.9496565 8.465897 3.8307226
-2.9496565 8.465897 4.060566
-2.7964275 8.657433 4.060566
-2.528277 8.8489685 3.8690298
-2.2601264 9.040505 3.4859576
-2.1068974 9.078813 2.8347347
-2.1068974 8.848969 2.4516625
-2.2601264 8.465897 2.2601266
-2.4899697 8.082825 2.3750482
-2.719813 7.73806 2.873042
-2.7964277 7.8146744 3.4859576
-2.6431987 8.159439 3.9456444
-2.2984335 8.6574335 3.9839516
-1.9153614 9.193734 3.6008792
-1.6089036 9.423578 2.9879637
-1.4173675 9.423578 2.4133554
-1.4556746 9.308657 2.1068974
-1.5322891 9.11712 1.9919758
-1.6089035 8.963891 2.030283
-1.6472107 8.963891 2.2984335
-1.5322891 9.193734 2.8347347
-1.5322891 9.538499 3.3710358
-1.4939818 10.036493 3.715801
-1.4556746 10.534488 3.8307228
-1.5705963 10.726024 3.5242648
-1.5322891 10.726024 3.1411924
-1.6089035 10.342951 2.681506
-1.7238252 9.768343 2.3750482
-1.685518 9.308657 2.4133554
-1.685518 9.002198 2.6815057
-1.4939818 9.002198 3.1028852
-1.2641385 9.2703495 3.562572
-1.1109096 9.691729 3.8307226
-0.9193735 10.113108 3.9073372
-0.88106626 10.342951 3.86903
-0.88106626 10.304644 3.6008794
-0.842759 10.0748005 3.1794999
-0.7661446 9.653421 2.7581205
-0.5746084 9.2703495 2.4133554
-0.4213795 8.963891 2.2601266
-0.34476507 8.580818 2.3750482
-0.30645782 8.389282 2.6815057
-0.30645782 8.465897 3.1411924
-0.11492167 8.8489685 3.562572
0.19153613 9.385271 3.715801
0.6129156 9.80665 3.4859576
1.0342951 9.959879 2.873042
1.2641385 9.768343 2.0685902
1.3790601 9.308657 1.2641385
1.1875241 8.734048 0.7278373
0.842759 8.159439 0.6895301
0.45968673 7.6614456 1.1875241
0.11492168 7.546524 2.1068976
0.038307227 7.8146744 3.2561142
0.2681506 8.312668 4.3287163
0.7278373 8.887277 4.9416323
1.1492169 9.2703495 4.9416323
1.3790603 9.346964 4.3287168
1.4173675 9.155428 3.4093432
1.2258313 8.848969 2.6048913
1.0342951 8.619126 2.2218192
1.1109096 8.695741 2.183512
1.3024457 9.002199 2.2218192
1.6855179 9.500193 2.030283
2.2218192 9.959879 1.6472107
2.4899697 10.228029 1.1109096
2.6048915 10.342951 0.6512228
2.4516625 10.151415 0.6512228
1.5322891 9.423578 1.5322891
1.0342951 9.193735 2.1452048
0.7278373 9.040505 2.5665843
0.61291564 9.117121 2.9113493
0.7661445 9.346964 2.9879637
1.0726024 9.5385 2.9496565
1.3790601 9.844957 2.566584
1.8004397 10.189722 1.7621324
1.7621324 10.228029 1.5705963
1.6089034 10.266336 1.8770542
1.3407528 10.151415 2.183512
1.0342951 9.959879 2.7581205
0.84275895 9.691729 3.2561145
0.8044517 9.461885 3.4476504
0.9576807 9.423578 3.562572
1.2641385 9.500193 3.3327289
1.4939818 9.615114 2.9879637
1.685518 9.653421 2.4899697
1.7238252 9.691729 1.9919757
1.7238252 9.691729 1.7238251
1.6472107 9.844957 1.877054
1.6089035 9.80665 2.183512
1.6089035 9.80665 2.4133554
1.6472107 9.768343 2.6048913
1.685518 9.768343 2.7581203
1.6472108 9.768343 2.9879637
1.4939818 9.730036 3.1794999
1.4173675 9.691729 3.1794999
1.4556746 9.730036 3.064578
1.4556746 9.768343 2.9879637
1.5322891 9.844957 2.7964275
1.5705963 9.883265 2.4899697
1.5322891 9.921572 2.1068974
1.5322891 9.883265 1.8770542

