1.5322891 9.844957 1.9153614
1.5705965 9.883265 2.183512
1.6089036 9.768343 2.719813
1.5705965 9.653421 3.2561145
-0.22984336 9.5385 3.907337
-0.15322891 10.266336 3.3327286
0.038307235 11.070788 3.4476504
0.19153613 12.143391 3.524265
0.49799398 13.062764 3.5625722
0.61291564 13.177686 3.5242648
0.6895301 13.177686 3.3710358
0.7278373 13.024457 3.1028855
0.61291564 12.794614 3.026271
0.34476504 12.717999 2.987964
0.076614454 12.488156 3.2178073
-0.22984336 12.258312 3.6008792
-0.38307226 12.105083 3.9839516
-0.45968676 11.836933 4.252102
-0.49799398 11.60709 4.3287163
-0.4213795 11.530476 4.367024
-0.4213795 11.377247 4.290409
-0.4213795 11.185711 4.1371803
-0.4213795 11.070789 4.060566
-0.4213795 10.6877165 3.9073372
-0.3830723 10.22803 3.5242648
-0.4213795 9.768343 3.217807
-0.5363012 9.308656 2.7964275
-0.6895301 9.040505 2.4516625
-0.8044518 8.925584 2.4516625
-0.842759 9.040505 2.528277
-0.6895301 9.308657 2.681506
-0.49799395 9.576807 2.873042
-0.344765 9.883265 2.9879637
-0.15322891 10.036493 2.9496565
-0.11492168 10.0748005 2.9113493
-0.11492168 9.959879 2.719813
-0.11492168 9.80665 2.6431987
-0.2681506 9.615114 2.6431987
-0.4213795 9.423578 2.6431987
-0.61291564 9.346964 2.834735
-0.84275895 9.346964 2.873042
-0.91937345 9.308657 2.7964275
-0.9959879 9.232041 2.566584
-1.0342952 9.155427 2.2601264
-0.9959879 9.002198 1.8004397
-0.8810662 9.002198 1.4173675
-0.5746084 9.193735 1.1875241
-0.49799398 9.308657 1.532289
-0.5363012 9.232042 2.0685902
-0.68953013 9.11712 2.6815057
-0.8810662 8.963891 3.064578
-1.1109096 8.734048 3.1794996
-1.3790601 8.542512 3.0262709
-1.4939818 8.312668 2.7198129
-1.4939818 8.082825 2.2601264
-1.340753 7.967903 1.6089034
-1.1492169 8.00621 1.0726023
-0.99598795 7.967903 0.7278373
-0.88106626 8.0445175 0.842759
-0.7661446 8.274361 1.340753
-0.5363012 8.465897 2.0685902
-0.4213795 8.657433 2.7581203
-0.3830723 8.772355 3.0262709
-0.4213795 8.619125 2.9879637
-0.61291564 8.274361 2.4516625
-0.80445176 7.929596 1.5705962
-1.0342951 7.4699097 0.7661446
-1.3024457 7.010223 0.22984338
-1.532289 6.6654577 0.0
-1.4939818 6.6271505 0.19153613
-1.3024457 6.8569937 0.6512228
-1.0342951 7.2400656 1.0726024
-0.8044517 7.6614456 1.4173675
-0.8044517 7.776367 1.4556746
-0.9576807 7.584831 1.3024457
-1.2258313 7.201759 0.9576807
-1.5705962 6.703765 0.57460845
-1.877054 6.244078 0.22984336
-2.1452045 5.899313 0.15322891
-2.2984335 5.7843914 0.4213795
-2.2601264 5.861006 0.842759
-2.0685902 6.1674633 1.4173675
-1.6855179 6.6654577 1.7238252
-1.2258313 7.125144 1.685518
-0.7661445 7.4316025 1.532289
-0.38307226 7.6231384 1.1492168
-0.11492168 7.584831 0.7278373
0.076614454 7.3166804 0.49799398
0.22984336 7.125144 0.2681506
0.38307226 6.895301 0.22984336
0.53630114 6.7803793 0.19153613
0.57460845 6.742072 0.30645782
0.53630114 6.5888433 0.4213795
0.4596867 6.3206925 0.53630114
0.4213795 5.9759274 0.6512228
0.53630114 5.7843914 0.61291564
0.72783726 5.746084 0.57460845
0.95768064 5.861006 0.49799398
1.1875241 6.090849 0.15322891
1.3790603 6.3206925 -0.30645782
1.532289 6.703765 -0.7278373
1.685518 7.04853 -1.2258313
1.7621324 7.3549876 -1.1875241
1.7238252 7.584831 -0.9959879
1.6089036 7.508217 -0.6512228
1.3790603 7.3932953 -0.15322891
1.0726023 7.2017584 0.22984335
0.842759 7.0102224 0.5746084
0.6512229 6.933608 0.5746084
0.61291564 6.9719152 0.49799395
0.7278373 7.1634517 0.22984335
0.95768064 7.4316025 -0.11492168
1.3024457 7.8529816 -0.19153613
1.5705963 8.274361 -0.22984335
1.6089035 8.580818 -0.076614454
1.4173675 8.734048 0.11492168
0.9959879 8.580819 0.19153613
0.49799398 8.274361 0.114921674
0.07661445 7.8529816 -0.038307227
-0.2681506 7.469909 -0.19153613
-0.4213795 7.2783732 -0.19153613
-0.4213795 7.201759 -0.038307227
-0.30645782 7.2783732 0.34476507
-0.15322891 7.546524 0.68953013
0.038307227 7.776367 0.88106626
0.26815057 8.0445175 1.0726024
0.4596867 8.350975 0.842759
0.6512228 8.619126 0.57460845
0.7661445 8.848969 0.3830723
0.6512228 8.810662 0.15322891
0.49799395 8.657433 0.22984335
0.19153613 8.350975 0.4596867
-0.114921674 8.159439 0.6895301
-0.26815057 8.312668 1.1109096
-0.26815057 8.542511 1.493982
-0.038307227 8.925584 1.8770542
0.26815057 9.155427 2.1452048
0.49799395 9.232041 2.1068976
0.57460845 9.346963 2.0685904
0.57460845 9.346963 1.9919758
0.57460845 9.576807 2.030283
0.6512229 9.998186 2.221819
0.8810662 10.419565 2.4516625
1.0726023 10.91756 2.7198129
1.0726023 11.262325 2.9496565
0.9959879 11.415554 3.1411924
0.68953 11.415554 3.1411924
0.42137948 11.224017 3.0262709
0.22984336 11.070788 3.1028855
0.11492168 10.994174 3.3327289
0.15322891 11.070789 3.8307228
0.22984335 11.377247 4.596867
0.3064578 11.683704 5.094861
0.3064578 11.9135475 5.363012
0.15322891 11.9135475 5.2480903
-0.038307227 11.760319 4.6351748
-0.19153613 11.530476 3.9456444
-0.2681506 11.300632 3.2561145
-0.22984335 11.032482 2.7198133
-0.22984335 10.802638 2.528277
-0.2681506 10.534488 2.6815057
-0.38307226 10.304644 3.0262709
-0.45968673 10.304644 3.6391869
-0.49799395 10.342951 4.2521024
-0.38307226 10.572794 4.7500963
-0.15322891 10.879252 5.056554
0.038307227 11.147404 5.056554
0.22984336 11.33894 4.903325
0.22984336 11.300632 4.5585604
0.11492168 11.109097 4.213795
-0.076614454 10.840946 4.0222588
-0.2681506 10.6877165 3.9839516
-0.38307226 10.726024 4.1754875
-0.38307226 10.879252 4.6351743
-0.2681506 11.147404 4.9799395
-0.19153613 11.300632 5.1714754
-0.11492168 11.377247 5.3247046
-0.11492168 11.33894 5.2863975
-0.22984335 11.224018 5.209783
-0.30645782 11.032481 5.401319
-0.38307226 10.879252 5.554548
-0.4213795 10.840945 5.7077765
-0.30645782 10.917561 5.93762
-0.19153613 11.224018 5.7843914
-0.076614454 11.453861 5.363012
-0.076614454 11.60709 4.903325
-0.15322891 11.568783 4.3287168
-0.26815057 11.338939 3.9839516
-0.4596867 11.109096 3.9456444
-0.5746084 10.840945 4.098873
-0.61291564 10.726024 4.481946
-0.61291564 10.611102 4.865018
-0.49799395 10.611102 5.094861
-0.45968673 10.611102 5.209783
-0.49799398 10.611102 5.1714754
-0.49799398 10.649409 5.056554
-0.57460845 10.649409 4.9799395
-0.5363012 10.572794 4.673482
-0.49799395 10.381258 4.3287168
-0.49799395 10.228029 4.098873
-0.49799395 10.036493 3.9073372
-0.5746084 9.998186 3.9073372
-0.6895301 9.921572 4.060566
-0.84275895 9.80665 4.1371803
-1.0342951 9.653421 4.367024
-1.1875241 9.423578 4.5968676
-1.340753 9.308657 4.7884035
-1.4939818 9.232041 4.9416323
-1.6089035 9.11712 4.9416323
-1.8004396 8.887277 4.7884035
-1.9153614 8.619125 4.55856
-1.9919758 8.465897 4.405331
-1.9919758 8.542511 4.252102
-1.9153614 8.887276 4.252102
-1.8004397 9.2703495 4.2904096
-1.6472108 9.615114 4.098873
-1.5705963 9.768343 3.8307228
-1.4939818 9.768343 3.6391864
-1.6855179 9.576807 3.6008792
-1.9919758 9.078813 3.754108
-2.2984338 8.619125 4.2137947
-2.5665843 8.197746 4.7884035
-2.48997 8.312668 5.24809
-2.1452048 8.848969 5.554548
-1.6472108 9.5385 5.4779334
-1.1109096 10.342952 4.9799395
-0.80445176 10.726024 4.3287168
-0.7278373 10.840945 3.8307228
-0.842759 10.572795 3.4859576
-1.0726024 10.113108 3.562572
-1.2641385 9.576807 3.9073372
-1.3790601 9.117121 4.3287168
-1.3024458 8.925585 4.865018
-1.1492169 8.963892 5.094861
-0.95768064 9.117121 5.0182467
-0.842759 9.193735 4.903325
-0.91937345 9.155428 4.6351748
-0.9576807 8.925584 4.6351748
-0.8810662 8.925584 4.903325
-0.6512229 9.232041 5.094861
-0.19153613 9.730036 5.1714754
0.30645782 10.22803 4.8267107
0.6512228 10.496181 4.098873
0.8044517 10.342952 3.3327289
0.7661445 9.959879 2.7581203
0.5363012 9.500192 2.566584
0.4213795 9.11712 2.911349
0.45968673 9.078813 3.4476502
0.5363012 9.308657 3.907337
0.7278373 9.615114 3.9839513
0.8810662 9.883265 3.6391866
0.9576807 9.998186 2.9879637
0.9576807 9.844957 2.2984335
0.80445176 9.615114 1.9536686
0.5746084 9.308657 1.7238252
0.38307226 8.925584 1.8770541
0.26815057 8.619126 2.183512
0.26815057 8.504205 2.566584
0.30645782 8.465898 2.9496565
0.344765 8.465898 3.1411924
0.30645782 8.504205 3.1028852
0.26815057 8.389283 2.7964275
0.19153613 8.236053 2.4516625
0.15322891 8.121132 2.2218192
0.19153613 7.929596 2.030283
0.2681506 7.8912888 2.1068974
0.4213795 7.929596 2.336741
0.49799395 8.00621 2.6048913
0.5363012 8.121132 2.9879637
0.5363012 8.121132 3.2178073
0.5363012 8.0445175 3.1795
0.5746084 7.967903 2.9496565
0.6512228 8.0445175 2.7964277
0.7661445 8.159439 2.528277
0.8810662 8.389282 2.4516625
0.9576807 8.6574335 2.4516625
1.0726024 8.887277 2.4899697
1.1109096 9.040505 2.681506
1.0726024 9.11712 2.9113493
0.9959879 9.002198 3.1028855
0.8810662 8.772355 3.217807
0.80445176 8.6574335 3.217807
0.80445176 8.504205 3.217807
0.8810662 8.619126 3.1411927
1.0342951 8.848969 2.911349
1.2258313 9.040506 2.7198129
1.4173675 9.2703495 2.528277
1.5705963 9.423578 2.7198129
1.6472107 9.500193 3.2178068
1.685518 9.615114 3.7158008
1.685518 9.653421 3.9839516
1.7238252 9.576807 3.86903
1.7621324 9.423578 3.3327289
1.8770542 9.308657 2.681506
2.030283 9.232042 2.183512
2.2218192 9.155428 1.8770542
2.4133554 9.232042 1.838747
2.5282772 9.346964 2.183512
2.6048915 9.576807 2.681506
2.6048915 9.844957 3.2561142
2.5282772 10.036493 3.8307226
2.3750482 10.0748005 3.9839516
2.2218192 9.959879 4.0222588
2.0685902 9.80665 3.7541084
2.030283 9.730036 3.5242648
2.0685902 9.730036 3.3710358
2.0685902 9.844957 3.217807
2.1452045 9.998186 3.2561142
2.1835117 10.113108 3.2561142
2.260126 10.189722 3.371036
2.4133554 10.266336 3.4859576
2.4133554 10.266336 3.4859576
2.336741 10.151415 3.4476504
2.1452048 9.959879 3.3327286
1.9153614 9.730036 3.2944214
1.7238252 9.653421 3.3710358
1.6472108 9.653421 3.3710358
1.685518 9.730036 3.5242648
1.685518 9.844957 3.4859576
1.6472108 9.844957 3.2944217
1.6089035 9.768343 3.1794999
1.4556746 9.653421 2.9879637
1.3024457 9.500193 2.9496565
1.1875241 9.385271 3.0262709
0.9959879 9.308657 3.1411927
0.842759 9.308657 3.217807
0.7278373 9.155428 3.1411927
0.68953 9.193735 3.1411927
0.6512228 9.2703495 3.1028852

