0.6512228 9.2703495 3.064578
0.68953 9.461885 3.1028852
0.6512228 9.423578 3.217807
0.6512228 9.385271 3.2944214
0.6512228 9.423578 3.5242648
0.45968673 9.423578 3.715801
1.0342951 10.0748005 3.7541082
1.6089035 10.879252 3.715801
2.2601264 11.568782 3.86903
2.8347347 12.105083 3.715801
2.7964275 12.105083 3.6008794
2.7964275 12.028469 3.562572
2.873042 12.028469 3.6008794
2.873042 12.143391 3.8307228
2.9113493 12.181698 4.0222588
2.9879637 12.296619 4.098873
2.9496565 12.373235 4.252102
2.9496565 12.373235 4.098873
2.9113493 12.449849 3.86903
2.834735 12.373234 3.7924156
2.834735 12.334927 3.7158012
2.7581205 12.296619 3.7541084
2.7581205 12.220005 3.7541084
2.7581205 12.181698 3.677494
2.6431987 12.028469 3.562572
2.6048913 11.798626 3.4476504
2.4899697 11.530476 3.3327286
2.336741 11.33894 3.2944214
2.2984335 11.224017 3.1794999
2.183512 11.109096 2.9879637
1.9919758 10.955867 2.9879637
1.7621324 10.840945 2.873042
1.4173673 10.649409 2.7964275
1.1109096 10.496181 2.8347347
0.91937345 10.381258 2.7581203
0.6895301 10.228029 2.873042
0.53630114 10.0748005 2.873042
0.38307226 9.844957 2.7964275
0.30645782 9.691729 2.7198129
0.34476504 9.576807 2.528277
0.4213795 9.500193 2.4899697
0.5363012 9.576807 2.6431985
0.49799395 9.5385 2.8347347
0.4596867 9.5385 3.064578
0.38307226 9.5385 3.409343
0.34476507 9.576807 3.562572
0.4213795 9.653421 3.7541082
0.4213795 9.653421 3.7541082
0.34476504 9.615114 3.5242648
0.19153613 9.461885 3.2944214
0.0 9.346963 2.9113493
-0.038307227 9.270349 2.7198133
0.076614454 9.346963 2.6431985
0.22984338 9.500193 2.6431985
0.4213795 9.691729 2.7964275
0.57460845 9.844957 2.8347347
0.6512228 9.959879 2.9113493
0.68953 9.998186 3.1411927
0.68953 10.036493 3.1794999
0.61291564 10.0748005 3.3327286
0.49799395 9.998186 3.3327286
0.38307226 9.883265 3.064578
0.22984335 9.653421 2.8347347
0.076614454 9.346964 2.4516625
0.0 9.078813 2.1068974
0.0 8.848969 1.9153614
0.076614454 8.848969 1.8770542
0.19153613 8.925584 1.9536686
0.19153613 9.002198 1.8770542
0.11492168 9.078813 1.7621324
-0.076614454 8.887277 1.6472108
-0.30645782 8.619125 1.532289
-0.53630114 8.312668 1.4939818
-0.80445176 7.929596 1.532289
-0.9959879 7.6614456 1.3790601
-1.1492169 7.4316025 1.3024457
-1.1492169 7.3932953 1.5705962
-1.0726024 7.508217 1.8004396
-0.99598795 7.73806 2.3750482
-0.88106626 8.121132 2.7964275
-0.91937345 8.350975 2.7964275
-0.9959879 8.465897 2.6048913
-1.1109096 8.274361 1.9919758
-1.3024457 7.8529816 1.3790603
-1.4173673 7.469909 0.88106626
-1.5322891 7.163451 0.45968673
-1.6089036 7.086837 0.2681506
-1.685518 7.125144 0.19153613
-1.7621324 7.1634517 0.22984335
-1.8004396 7.2783732 0.38307226
-1.8387469 7.2400656 0.53630114
-1.7238252 7.2017584 0.61291564
-1.4939818 7.2400656 0.5746084
-1.2641385 7.163451 0.34476504
-1.0342951 7.163451 -0.03830722
-0.91937345 7.2017584 -0.38307226
-0.9576807 7.163451 -0.6512228
-0.9959879 7.2400656 -0.72783726
-0.9959879 7.393295 -0.5746084
-0.9576807 7.393295 -0.4596867
-0.9193735 7.240066 -0.42137948
-0.842759 6.9719152 -0.45968673
-0.7278373 6.6654572 -0.5363012
-0.61291564 6.435614 -0.61291564
-0.4213795 6.435614 -0.7278373
-0.19153613 6.5505357 -0.7661446
0.076614454 6.6654577 -1.0342951
0.30645782 6.8186865 -1.1875241
0.53630114 6.933608 -1.1492169
0.68953 6.9719152 -1.0726024
0.68953 7.086837 -0.842759
0.7661445 7.086837 -0.68953
0.8810662 6.933608 -0.45968673
1.0342951 6.7803793 -0.22984336
1.2641385 6.6654577 -0.076614454
1.4939818 6.6654577 -0.038307227
1.6472107 6.8569937 -0.19153614
1.7238252 7.086837 -0.57460845
1.7238252 7.201759 -0.9576807
1.6472107 7.3166804 -1.1492168
1.5705963 7.2783732 -1.2641385
1.5705963 7.2783732 -1.0342951
1.6089036 7.393295 -0.49799398
1.685518 7.5848308 -0.038307235
1.7238252 7.8912888 0.34476507
1.6472108 8.121132 0.3830723
1.532289 8.236053 -0.11492166
1.3407531 8.121132 -0.61291564
1.1109096 7.929596 -1.1492168
1.0342951 7.6614456 -1.4556746
0.9576807 7.4316025 -1.3790601
0.9193735 7.508217 -1.1109096
0.9193735 7.6614456 -0.57460845
0.7661446 7.929596 -0.11492169
0.57460845 8.0445175 0.15322891
0.30645782 7.967903 0.15322891
0.038307227 7.73806 -0.19153613
-0.15322891 7.508217 -0.61291564
-0.26815057 7.4699097 -0.8810662
-0.15322891 7.6614456 -0.9959879
0.03830722 7.9679036 -0.7661445
0.22984336 8.274362 -0.4213795
0.34476504 8.465898 -0.19153613
0.19153613 8.427589 0.038307227
0.0 8.236053 0.22984335
-0.15322891 8.0445175 0.49799392
-0.22984335 7.929596 0.72783726
-0.26815057 8.00621 0.7661445
-0.30645782 8.312668 0.45968673
-0.38307226 8.580819 -0.07661447
-0.49799395 8.772355 -0.61291564
-0.49799395 8.810662 -0.9193734
-0.4213795 8.848969 -0.8810662
-0.34476504 8.925584 -0.53630114
-0.22984335 8.963891 0.19153613
-0.19153613 9.078813 0.8810662
-0.344765 9.155427 1.6089035
-0.49799392 9.193735 2.1452045
-0.5746084 9.385271 2.3750482
-0.49799395 9.500193 2.336741
-0.2681506 9.576807 1.9153614
-0.038307227 9.691729 1.4556746
0.22984336 9.691729 0.9576807
0.45968673 9.730036 0.80445176
0.68953013 9.691729 1.0342951
0.8810662 9.691729 1.7238252
0.9959879 9.883265 2.6048913
0.9959879 10.036493 3.3327289
0.9576807 10.304645 3.86903
0.9576807 10.342952 3.8307228
0.7661445 9.998186 3.4476504
0.49799395 9.423578 2.9496565
0.22984336 8.810662 2.566584
0.0 8.427589 2.566584
0.038307227 8.580818 2.873042
0.19153613 9.193735 3.4859576
0.3830723 9.998186 4.0222588
0.5363012 10.687717 4.405331
0.5363012 11.109097 4.4819455
0.49799395 11.262325 4.290409
0.34476504 11.224017 4.098873
0.19153613 11.070788 3.7924156
0.076614454 10.91756 3.7541084
-0.038307227 10.802638 3.8307228
0.0 10.726024 4.098873
0.038307227 10.879252 4.55856
0.076614454 11.032481 5.094861
0.11492168 11.262325 5.5162406
0.076614454 11.645397 5.8226986
0.038307227 11.951855 5.9759274
0.0 12.181698 6.0142345
-0.076614454 12.258312 6.0525417
-0.19153613 11.951855 5.861006
-0.30645782 11.568783 5.66947
-0.4213795 11.185711 5.516241
-0.45968673 10.91756 5.6311626
-0.45968673 10.879252 5.975928
-0.49799395 11.032481 6.2823853
-0.53630114 11.3006315 6.435614
-0.61291564 11.530476 6.435614
-0.6512228 11.760319 6.2057705
-0.7661445 11.836933 6.0142345
-0.8810662 11.645397 5.899313
-1.0342951 11.18571 5.746084
-1.2641385 10.572795 5.7843914
-1.340753 9.998186 5.899313
-1.340753 9.768343 6.1674633
-1.1492168 9.998186 6.320692
-0.842759 10.496181 6.282385
-0.5363012 11.032482 6.090849
-0.30645782 11.377247 5.861006
-0.22984335 11.415554 5.66947
-0.26815057 11.262324 5.746084
-0.42137948 10.994174 5.93762
-0.61291564 10.649408 6.2057705
-0.7661445 10.381258 6.512229
-0.8810662 10.0748005 6.6654577
-0.8810662 9.921572 6.703765
-0.8810662 9.921572 6.588843
-0.8810662 9.921572 6.397307
-0.80445176 9.959879 6.2440777
-0.80445176 9.844957 6.129156
-0.7661445 9.653421 5.93762
-0.80445176 9.423578 5.93762
-0.91937345 9.232042 5.861006
-1.0342951 9.117121 5.861006
-1.1492169 9.117121 5.9759274
-1.1492169 9.117121 6.090849
-1.1492169 9.117121 6.129156
-1.1492169 9.078814 6.129156
-1.1109096 9.002198 6.0525417
-1.1109096 9.002198 5.899313
-1.1492169 9.078813 5.8226986
-1.1109096 9.155427 5.554548
-1.1492169 9.11712 5.3630114
-1.2258313 9.078813 5.056554
-1.2641385 8.887277 4.8267107
-1.4173675 8.734048 4.7500963
-1.532289 8.580819 4.711789
-1.6089036 8.274361 4.7500963
-1.685518 7.967903 4.711789
-1.7238252 7.6614456 4.7500963
-1.685518 7.584831 4.673482
-1.5705963 7.776367 4.55856
-1.4173675 8.082825 4.2904096
-1.1875241 8.465898 3.9839516
-1.0726024 8.734048 3.8307228
-1.0726024 8.887277 3.715801
-1.1492168 8.887277 3.9456444
-1.3024457 8.772355 4.252102
-1.4556746 8.580819 4.4819455
-1.5705962 8.389282 4.7500963
-1.6472108 8.350975 4.903325
-1.6472108 8.427589 4.9799395
-1.6089035 8.580818 5.094861
-1.5705963 8.772355 5.1714754
-1.4556745 9.002198 5.2480903
-1.340753 9.193735 5.2863975
-1.1875241 9.423578 5.2097826
-1.0342952 9.576807 5.094861
-0.8810662 9.730036 4.903325
-0.7661445 9.844957 4.673482
-0.7661445 9.768343 4.5202527
-0.842759 9.615114 4.4436383
-0.9959879 9.308657 4.4436383
-1.0726024 8.925585 4.6734815
-1.1109096 8.734048 4.9416323
-0.9959879 8.695741 5.171476
-0.68953013 8.887277 5.2480903
-0.30645782 9.346964 5.056554
0.19153614 9.80665 4.7117887
0.6512229 10.151415 4.1754875
0.9576807 10.342951 3.5242648
1.0726024 10.113108 2.9879637
0.842759 9.500193 2.566584
0.30645782 8.772355 2.6815057
-0.45968673 7.73806 3.4859576
-1.1875241 7.0102224 4.4819455
-1.4939818 6.742072 5.4779334
-1.2641385 6.933608 5.899313
-0.6512228 7.6614447 5.554548
0.07661447 8.465897 4.7884035
0.7661445 9.232041 3.6008794
1.0726024 9.653421 2.6431987
1.0342951 9.615114 2.183512
0.7278373 9.155428 2.4899697
0.07661447 8.504205 3.4093432
-0.5746084 7.8529816 4.5202527
-0.9959879 7.508217 5.439626
-1.1492168 7.4699097 5.8226986
-0.95768064 7.699753 5.631162
-0.5746084 8.082825 5.056554
-0.19153613 8.42759 4.2904096
0.15322891 8.925584 3.5242648
0.34476504 9.308657 3.2178073
0.49799395 9.500193 3.562572
0.45968673 9.5385 4.1754875
0.2681506 9.346964 4.7884035
0.11492168 8.963891 5.2863975
-0.11492168 8.619125 5.363012
-0.15322891 8.504204 5.171476
-0.076614454 8.465897 4.865018
0.076614454 8.657433 4.6351743
0.30645782 9.002198 4.367024
0.4213795 9.232041 4.405331
0.49799398 9.385271 4.711789
0.45968676 9.308657 4.97994
0.30645782 9.078814 5.2480903
0.19153613 8.810662 5.2863975
0.11492168 8.542512 5.2097826
0.11492168 8.389282 5.056554
0.19153613 8.350975 4.903325
0.34476507 8.389282 4.7884035
0.4213795 8.542512 4.7500963
0.49799395 8.695741 4.7884035
0.57460845 8.772355 4.865018
0.61291564 8.772355 4.9416323
0.68953 8.734048 4.865018
0.8044517 8.734048 4.7884035
0.9959879 8.848969 4.5968676
1.1875241 9.078813 4.481946
1.340753 9.232042 4.2137947
1.4173675 9.2703495 3.9456444
1.4556746 9.232042 3.7158012
1.5322891 9.155427 3.6008794
1.6472108 9.11712 3.7541084
1.7621325 9.193735 3.8307228
1.8387469 9.193735 3.9839516
1.8004397 9.193735 4.0222588
1.8004397 9.155428 3.9839516
1.8387469 9.11712 3.9073372
1.8387469 9.155427 3.9073372
1.8387469 9.11712 3.86903
1.8004396 9.155427 3.86903
1.7238252 9.11712 3.9456444
1.685518 9.11712 3.9839516
1.685518 9.193734 4.0222588
1.7238252 9.2703495 4.098873
1.7238252 9.346964 4.098873
1.6472108 9.308657 4.060566
1.532289 9.2703495 4.2137947
1.3790601 9.117121 4.290409
1.3024457 9.040505 4.3670235
1.3024457 9.078813 4.4819455
1.3790601 9.155427 4.4819455
1.493982 9.385271 4.4819455
1.6089036 9.576807 4.4819455
1.685518 9.691729 4.4436383
1.6089036 9.730036 4.290409
1.4556746 9.500193 4.060566
1.1875241 9.270349 3.9073372
0.99598795 9.040505 3.8307228
0.88106626 8.848969 3.7541084
0.7278373 8.848969 3.7541084
0.68953013 8.887277 3.9073372

