0.68953013 9.002198 4.0222588
0.7278373 9.078813 4.1371803
0.6512228 9.11712 4.290409
0.842759 9.80665 4.55856
0.99598795 10.49618 4.711789
1.3024458 11.224017 4.673482
1.2641385 11.760319 4.8267107
1.0726024 11.722012 4.7884035
0.9959879 11.798626 4.7884035
0.9959879 11.990162 4.9416323
1.0726024 12.105083 5.0182467
1.1492168 12.258312 5.0182467
1.2641385 12.334927 4.9799395
1.340753 12.296619 4.903325
1.3790601 12.220005 4.865018
1.4173673 12.028469 4.7500963
1.340753 11.798626 4.673482
1.340753 11.645397 4.55856
1.340753 11.453861 4.405331
1.3024457 11.377247 4.405331
1.340753 11.415554 4.405331
1.3024457 11.300632 4.520253
1.1875241 11.262325 4.481945
1.1492169 11.109096 4.2137947
1.0726023 10.840945 3.8690298
0.9959879 10.611101 3.3327286
1.0342952 10.419565 3.026271
1.0726024 10.266336 2.9496565
1.0342952 10.228029 3.026271
0.9576807 10.151415 3.3327289
0.8044518 9.998186 3.562572
0.61291564 9.768343 3.6391866
0.53630114 9.500193 3.6008794
0.61291564 9.346964 3.371036
0.7278373 9.423578 3.1411927
0.8810662 9.653421 2.9113493
0.91937345 9.80665 2.7581205
0.842759 9.921572 2.7198133
0.7661445 9.844957 2.834735
0.61291564 9.576807 3.026271
0.5363012 9.500193 3.1794999
0.45968676 9.385271 3.2561142
0.38307226 9.193735 3.064578
0.30645782 9.078814 2.6431987
0.19153613 8.810663 2.1452048
0.11492168 8.619126 1.8004398
0.076614454 8.580819 1.5705965
0.11492168 8.695741 1.6472108
0.22984336 8.887277 1.9919758
0.30645782 9.040505 2.2984338
0.34476507 9.155427 2.6048915
0.26815057 9.078813 2.681506
0.076614454 8.887277 2.4899697
-0.19153613 8.542512 2.0685902
-0.4596867 8.159439 1.685518
-0.5746084 7.8912888 1.4556746
-0.53630114 7.8146744 1.2258313
-0.30645782 8.00621 1.1492168
0.0 8.274361 0.9959879
0.15322891 8.619126 0.842759
0.15322891 8.772355 0.7661445
-0.038307227 8.734048 0.8044517
-0.4213795 8.542511 0.9959879
-0.842759 8.236053 1.2641385
-1.2641385 7.8529816 1.4556746
-1.6089035 7.546524 1.5322891
-1.8004397 7.3932953 1.3790601
-1.8387469 7.3166804 1.1875241
-1.685518 7.508217 0.9193734
-1.4173675 7.699753 0.6512228
-1.2258313 7.8912888 0.5363012
-1.1109096 8.0445175 0.4213795
-1.2258313 7.8912888 0.5746084
-1.5322891 7.699753 0.7661445
-1.8770542 7.3166804 0.9576807
-2.183512 6.895301 1.0342952
-2.2984335 6.6654577 0.842759
-2.1452045 6.6271505 0.38307232
-1.8004397 6.8186865 -0.11492167
-1.4556746 7.086837 -0.49799395
-1.1875241 7.3932953 -0.61291564
-1.1492169 7.508217 -0.45968673
-1.340753 7.431602 -0.19153613
-1.6472107 7.240066 0.15322888
-1.9919758 6.8569937 0.3064578
-2.3367407 6.435614 0.344765
-2.4899697 6.0525417 0.22984336
-2.4133554 5.899313 -0.038307227
-2.1452048 6.1291566 -0.2681506
-1.685518 6.5888433 -0.5363012
-1.1492168 7.2400656 -0.8810662
-0.6895301 7.8912888 -0.9193734
-0.45968673 8.236053 -0.9193734
-0.4213795 8.312668 -0.6895301
-0.61291564 8.159439 -0.34476504
-0.95768064 7.6614456 -0.2681506
-1.2258313 7.086837 -0.19153613
-1.4173673 6.62715 -0.19153613
-1.4556745 6.3206925 -0.22984335
-1.2258313 6.244078 -0.45968673
-0.842759 6.397307 -0.6512229
-0.38307226 6.703765 -0.842759
0.0 7.0102224 -0.9576807
0.15322891 7.240066 -0.842759
0.19153613 7.3549876 -0.6512229
0.15322891 7.163451 -0.57460845
0.15322891 6.8186865 -0.57460845
0.26815057 6.3589997 -0.53630114
0.38307226 5.899313 -0.57460845
0.5746084 5.7843914 -0.5363012
0.6895301 5.9759274 -0.61291564
0.842759 6.4739213 -0.8044518
0.9959879 7.086837 -1.0342952
1.1492168 7.5848308 -1.2258313
1.3790603 7.967903 -1.1875241
1.6472107 8.121132 -1.0342951
1.8770541 8.082825 -0.7278373
1.9153614 7.8146744 -0.4596867
1.7621326 7.3932953 -0.49799395
1.3790603 7.086837 -0.842759
1.0726024 6.895301 -1.4556746
0.9193735 6.895301 -2.0685904
0.9193735 7.086837 -2.2601266
1.1492168 7.2783737 -2.1068976
1.3024457 7.4699097 -1.4173675
1.4556746 7.6614456 -0.5746084
1.4556746 7.776367 0.03830722
1.1492169 7.699753 0.38307226
0.68953013 7.4699097 0.22984335
0.0766145 7.1251445 -0.11492168
-0.4213795 6.7420716 -0.4213795
-0.6512228 6.5122285 -0.49799395
-0.53630114 6.588843 -0.34476504
-0.15322891 6.933608 -0.19153613
0.4596867 7.584831 -0.11492168
1.0342951 8.42759 -0.15322891
1.4939818 9.078814 -0.26815057
1.8387468 9.500193 -0.22984335
1.8770542 9.5385 -0.038307227
1.685518 9.385271 0.3064578
1.3407531 9.232042 0.6895301
0.9576807 9.040505 0.9959879
0.7278373 8.887277 1.1109096
0.6512228 8.695741 0.9193735
0.6512228 8.465898 0.45968673
0.7278373 8.159439 -0.07661444
0.7661445 7.929596 -0.45968673
0.842759 7.8146744 -0.4213795
0.8810662 7.967903 1.4901161E-8
0.84275895 8.504204 0.6512229
0.80445176 9.078814 1.4173675
0.7661445 9.576807 1.9153614
0.80445176 9.883265 2.0685904
0.842759 9.959879 1.9536687
0.80445176 9.921572 1.6472107
0.61291564 9.691729 1.340753
0.19153614 9.500193 1.3024458
-0.38307226 9.385271 1.532289
-0.8810662 9.423578 1.9153614
-1.2258313 9.691729 2.6048913
-1.3790601 10.0748005 3.2561142
-1.3024457 10.572795 3.715801
-1.187524 10.994174 3.9839516
-1.1109096 11.33894 4.060566
-1.0726024 11.453861 3.9456444
-1.1492168 11.224018 3.6391866
-1.3024457 10.994175 3.217807
-1.3790601 10.879252 2.528277
-1.3790601 10.802638 2.2218192
-1.3407528 11.032481 2.3750482
-1.37906 11.33894 2.9879637
-1.4939818 11.60709 3.9839516
-1.5705962 11.87524 4.903325
-1.532289 11.990162 5.4779334
-1.3407528 12.143391 5.439626
-1.0726024 12.29662 4.9416323
-0.9193735 12.373235 4.1754875
-0.9959879 12.258313 3.6391866
-1.2258313 11.836933 3.4859576
-1.5705963 11.338939 3.8307228
-1.8387469 10.994174 4.2904096
-1.9153614 10.879252 4.2521024
-1.8004396 10.91756 4.213795
-1.5705962 11.070789 3.7541084
-1.3024457 11.453861 3.4093432
-1.1492168 11.722012 3.4859576
-1.1875241 12.143391 3.9073372
-1.3790601 11.951855 4.1371803
-1.4939818 11.951855 4.3670235
-1.6089035 11.951855 4.673482
-1.6089035 11.836933 4.711789
-1.532289 11.9135475 4.5585604
-1.4556746 11.760319 4.175488
-1.3024457 11.60709 3.6391866
-1.2641385 11.645397 3.2561142
-1.3407528 11.645397 3.2561142
-1.532289 11.722012 3.6008792
-1.8387468 11.683704 4.098873
-2.1068976 11.45386 4.6351743
-2.2984338 11.070788 4.903325
-2.4133554 10.687716 4.865018
-2.336741 10.649408 4.711789
-2.2218192 10.764332 4.5202527
-1.9536686 11.453861 4.4436383
-1.9919758 11.568783 4.5202527
-1.9919758 11.530476 4.443638
-2.1068974 11.262325 4.2137947
-2.221819 10.840946 4.0222588
-2.2984338 10.457872 3.7541082
-2.4516625 10.0748005 3.715801
-2.566584 9.80665 3.86903
-2.681506 9.730036 4.060566
-2.873042 9.653421 4.1754875
-3.0262709 9.615114 4.1371803
-3.1794999 9.5385 4.0222588
-3.2944217 9.346963 3.8307228
-3.371036 9.11712 3.7158012
-3.4859576 8.887277 3.5625722
-3.5242648 8.772355 3.524265
-3.562572 8.810662 3.6008794
-3.4859576 8.963891 3.6774938
-3.371036 9.11712 3.7924156
-3.2178073 9.308657 3.7924156
-3.1028855 9.2703495 3.6391869
-3.064578 9.11712 3.5242648
-3.1411927 8.925584 3.4859576
-3.217807 8.619126 3.5242648
-3.1794999 8.542512 3.6774938
-2.9496565 8.734048 3.8307228
-2.4899697 9.155427 3.8307228
-2.030283 9.691729 3.6391864
-1.685518 10.113109 3.4476502
-1.6089035 10.113109 3.409343
-1.8004397 9.69173 3.4859576
-2.1452045 8.963892 3.7541082
-2.4133554 8.121133 4.098873
-2.5665843 7.6231384 4.4436383
-2.4133554 7.6231384 4.903325
-2.0302832 8.082825 5.171476
-1.6089036 8.772355 5.0948615
-1.2641385 9.232042 4.7500963
-1.0342951 9.346964 4.213795
-0.9576807 9.232042 3.6008792
-0.842759 9.002198 3.217807
-0.5746084 9.002198 2.9496565
-0.2681506 9.193734 2.9496565
0.038307227 9.500193 3.1411927
0.2681506 9.921572 3.3327289
0.34476504 10.381258 3.4859576
0.2681506 10.381258 3.4476504
0.19153613 10.189722 3.5242648
0.15322891 10.036493 3.6391866
0.15322891 9.959879 3.7158012
0.22984335 9.998186 3.6008794
0.22984335 9.998186 3.4093432
0.19153613 9.844957 3.0262709
0.076614454 9.615114 2.7581203
-0.076614454 9.232042 2.7581203
-0.22984336 8.772355 2.834735
-0.34476504 8.427589 3.141193
-0.38307226 8.159439 3.3327289
-0.30645782 8.082825 3.371036
-0.07661445 8.236053 3.0262709
0.61291564 8.772355 1.9919758
0.91937345 8.963891 1.4939818
1.0726024 9.078813 1.340753
0.9959879 8.925584 1.5322891
0.7661445 8.734047 2.183512
0.45968673 8.427589 2.9496562
0.22984335 8.274361 3.6391864
0.19153613 8.274361 3.9073372
0.34476504 8.42759 3.6391864
0.6512229 8.6574335 2.9879637
0.9576807 8.810662 2.183512
1.187524 8.925584 1.4556746
1.340753 9.078813 1.187524
1.3024458 9.232042 1.4939818
1.0342952 9.346964 2.2601264
0.6895301 9.346964 3.2561142
0.30645782 9.155428 4.0222588
0.0 8.810662 4.2521024
-0.11492168 8.350975 3.9456446
-0.11492168 8.00621 3.4093432
0.0 7.929596 2.7581205
0.22984335 8.082825 2.3750482
0.5746084 8.580818 2.2218192
0.95768064 9.155428 2.1068974
1.2641385 9.5385 2.3367407
1.4556746 9.768343 2.6048913
1.4556746 9.730036 2.9113493
1.2258313 9.500193 3.4093432
0.61291564 8.925585 4.060566
0.34476504 8.695741 4.252102
0.34476504 8.6574335 4.252102
0.4596867 8.772355 4.1371803
0.6895301 9.040505 3.9839516
0.84275895 9.346964 3.9073372
0.84275895 9.576807 3.9456444
0.7661446 9.730036 4.060566
0.6895301 9.691729 4.175488
0.7278373 9.615114 4.2521024
0.91937345 9.500193 4.0222588
1.1492168 9.423578 3.7541084
1.340753 9.461885 3.4476504
1.6089036 9.653421 3.064578
1.685518 9.80665 3.0262709
1.7621324 9.998186 3.0262709
1.8004397 10.189722 3.0262709
1.8387469 10.304644 3.064578
1.8387469 10.304644 3.1028855
1.8004397 10.266336 3.217807
1.6472108 9.998186 3.2561142
1.532289 9.959879 3.2944214
1.4173675 9.883265 3.1794999
1.3024457 9.883265 3.2178073
1.2258313 9.80665 3.2944217
1.1109096 9.730036 3.371036
0.9959879 9.653421 3.6391864
0.8810662 9.5385 3.715801
0.7661445 9.5385 3.8307228
0.6512228 9.500193 3.9456444
0.61291564 9.5385 3.9073372
0.5363012 9.615114 4.060566
0.45968673 9.730036 4.098873
0.3830723 9.80665 3.9456444
0.30645782 9.768343 3.7924156
0.30645782 9.768343 3.562572
0.30645782 9.768343 3.3327289

