0.34476504 9.80665 3.2178073
0.3830723 9.844957 3.2944217
0.038307235 9.117121 3.7924154
0.11492168 9.5385 3.8307228
0.15322891 10.036493 3.7541084
0.42137948 10.649409 3.8307228
0.8044517 11.60709 4.0222588
0.8810662 11.798626 4.1371803
0.9959879 12.028469 4.252102
1.0342951 12.181698 4.367024
1.0726024 12.334928 4.367024
1.0342952 12.449849 4.2521024
1.0342952 12.564771 4.2137947
1.0726024 12.679692 4.060566
1.1492168 12.871228 3.9456444
1.2258313 13.101071 4.060566
1.3024457 13.177686 4.0222588
1.2641385 13.139379 3.9456444
1.1875241 12.98615 3.7924156
1.0726024 12.832921 3.562572
0.91937345 12.717999 3.4093432
0.8810662 12.794614 3.4859576
0.84275895 12.871228 3.7541084
0.8810662 12.947843 4.213795
0.9959879 13.101071 4.711789
1.1109096 12.98615 5.0948615
1.1875241 12.756306 5.0948615
1.2641385 12.220005 4.7500963
1.2258313 11.722012 4.2521024
1.1875241 11.492168 3.7924156
1.1492169 11.415554 3.7158012
1.1109096 11.683704 3.8307228
1.0726024 11.798626 4.1754875
0.9576807 11.798626 4.443638
0.842759 11.645397 4.5968676
0.7278373 11.453861 4.520253
0.5746084 11.147404 4.3287168
0.26815057 10.534488 3.9839516
-0.114921674 9.80665 3.6774938
-0.6512229 9.078813 3.5242648
-1.1492169 8.657433 3.4859576
-1.4556746 8.695741 3.715801
-1.5705962 8.925584 3.715801
-1.4939818 9.11712 3.562572
-1.37906 9.232041 3.2561142
-1.3407528 9.078813 2.7581205
-1.37906 8.887277 2.3750482
-1.4939818 8.580819 2.2601264
-1.685518 8.274361 2.221819
-1.7238252 8.0445175 2.260126
-1.7238252 7.967903 2.336741
-1.6472107 8.121132 2.2218192
-1.4556746 8.312668 2.2984335
-1.3024457 8.542511 2.2984335
-1.1875241 8.619126 2.2601264
-1.1492169 8.6574335 2.3750482
-1.1109096 8.695741 2.2218192
-0.9959879 8.848969 2.183512
-0.8044518 9.232041 2.1452045
-0.57460845 9.5385 2.183512
-0.45968673 9.615114 2.4133554
-0.53630114 9.500193 2.6431985
-0.842759 9.193734 2.9879637
-1.1492168 8.848969 3.217807
-1.4173675 8.6574335 3.2561142
-1.532289 8.619126 3.1028855
-1.3790601 8.580819 2.6048915
-1.1492169 8.619126 2.183512
-0.80445176 8.810662 1.838747
-0.4596867 9.040505 1.7238252
-0.26815057 9.232041 1.9919758
-0.26815057 9.346963 2.1068976
-0.4213795 9.232041 2.2601266
-0.6895301 8.887277 2.1452045
-1.0342951 8.542511 1.8770541
-1.3024457 8.0445175 1.685518
-1.6089034 7.699753 1.4173675
-1.8387468 7.4699097 1.4939818
-1.7621324 7.4699097 1.3790601
-1.3790603 7.967903 1.3024458
-0.88106626 8.69574 1.3024458
-0.49799395 9.308657 1.1109096
-0.38307226 9.576807 1.3024458
-0.6512229 9.346964 1.4556748
-1.0726024 8.6574335 1.5322893
-1.4939818 7.967903 1.6089036
-1.9153614 7.431602 1.4939818
-2.183512 7.086837 1.2641385
-2.2601264 6.9719152 0.9959879
-2.183512 7.0102224 0.61291564
-1.9919758 7.2017593 0.22984335
-1.7238252 7.4316025 -0.03830722
-1.4556746 7.6614456 -0.22984335
-1.3024457 7.8912888 -0.15322891
-1.3024457 7.929596 0.038307227
-1.4939818 7.8146744 0.30645782
-1.7238252 7.546524 0.49799395
-1.9919758 7.163451 0.61291564
-2.1068974 6.8569937 0.45968673
-2.1068974 6.5888433 0.19153613
-2.1068974 6.4739213 -0.038307227
-1.9153614 6.5122285 -0.26815057
-1.685518 6.7037644 -0.15322891
-1.4556746 7.0102224 -0.038307227
-1.2258313 7.2783732 0.11492168
-1.1492168 7.469909 0.34476507
-1.1109096 7.393295 0.4213795
-1.0726024 7.278373 0.5746084
-0.9576807 7.048529 0.5746084
-0.7661445 6.818686 0.4596867
-0.61291564 6.6654572 0.26815057
-0.4213795 6.4739213 -0.038307227
-0.2681506 6.397307 -0.2681506
-0.11492168 6.282385 -0.2681506
0.076614454 6.1674633 0.0
0.22984336 6.129156 0.45968673
0.4213795 6.090849 0.9576807
0.6895301 6.1674633 1.1109096
0.9959879 6.2823853 0.7661445
1.2258313 6.3206925 0.11492166
1.4556746 6.3589997 -0.7278373
1.5705962 6.282385 -1.4556746
1.6472108 6.129156 -1.9153614
1.6472108 6.0525417 -1.5322891
1.532289 6.0525417 -0.8810662
1.3024457 6.0142345 -0.07661446
0.91937345 5.7843914 0.34476504
0.5746084 5.6311626 0.45968673
0.30645782 5.477934 0.34476504
0.19153613 5.439626 -0.19153613
0.26815057 5.554548 -0.49799395
0.4213795 5.8610053 -0.80445176
0.7278373 6.2823853 -1.1109096
1.1109096 6.8569937 -0.9959879
1.4556746 7.431602 -0.8810662
1.685518 7.8529816 -0.5746084
1.6472108 7.8912888 -0.344765
1.0342952 7.469909 0.038307227
0.30645785 7.0102224 0.0
-0.34476504 6.856993 0.038307227
-0.7661445 6.8953004 -0.15322891
-0.8044517 7.2783732 -0.5363012
-0.30645776 8.00621 -0.6895301
0.38307226 8.734049 -0.7278373
0.9959879 9.117121 -0.4213795
1.3024457 9.346964 0.07661444
1.2258312 9.385271 0.49799395
0.9576807 9.500193 0.842759
0.57460845 9.883265 1.1492168
0.30645782 10.457872 1.7238252
0.34476504 11.147403 2.2984335
0.42137948 11.645397 2.6431987
0.53630114 11.836933 2.375048
0.5746084 11.683704 1.4939818
0.4596867 11.262325 0.49799395
0.4596867 10.840946 -0.03830725
0.38307226 10.457873 0.30645782
0.38307226 10.0748005 1.1492169
0.38307226 9.844957 2.183512
0.30645782 9.691729 2.873042
0.30645782 9.730036 3.2178073
0.30645782 10.036493 3.5242648
0.30645782 10.266337 3.754108
0.26815057 10.342952 3.86903
0.19153613 10.381259 3.754108
0.0 10.113108 3.371036
-0.22984336 9.959879 3.0262709
-0.34476504 9.998186 3.1411927
-0.4213795 10.151415 3.4859576
-0.4213795 10.611101 3.7924154
-0.3830723 10.994174 3.9073372
-0.4213795 11.377247 3.6391869
-0.49799398 11.683704 3.2561145
-0.5746084 11.60709 2.9496565
-0.61291564 11.492168 2.6048915
-0.6512228 11.262325 2.2601264
-0.6512228 10.955867 1.9536686
-0.53630114 10.91756 1.8004396
-0.38307226 10.955867 2.0685902
-0.26815057 11.185711 2.6048913
-0.22984336 11.492168 3.1794999
-0.38307226 11.722012 3.7924154
-0.7661445 11.836933 4.1754875
-1.2641385 11.683704 4.3287163
-1.7238252 11.415553 4.3287163
-1.9919758 11.070788 4.1371803
-2.030283 10.802638 3.7924154
-1.8004396 10.649409 3.5242648
-1.4556746 10.572795 3.2561142
-1.1875241 10.611102 3.1411924
-1.0342952 10.764331 3.1411924
-0.8810662 10.994175 3.1028852
-0.8044518 11.262325 3.1794996
-0.68953013 11.492168 3.1028852
-0.57460845 11.645397 2.9879637
-0.61291564 11.530476 2.7964275
-0.61291564 11.377246 2.6431987
-0.68953 11.224017 2.6431987
-0.68953 11.109096 2.834735
-0.57460845 11.33894 3.1795
-0.38307226 11.836933 3.4859576
-0.15322891 12.449849 3.6391869
0.0 13.024458 3.7541084
0.076614454 13.369223 3.8307228
-0.038307227 13.330915 3.9456444
-0.22984336 13.062765 4.2137947
-0.38307226 12.756307 4.3670235
-0.53630114 12.564771 4.5202527
-0.57460845 12.5264635 4.6351743
-0.45968673 12.679692 4.55856
-0.30645782 12.909536 4.4436383
-0.076614454 13.062765 4.367024
0.11492168 13.101072 4.060566
0.19153613 12.832922 3.8307228
0.07661445 12.373235 3.677494
-0.19153613 11.798626 3.4859576
-0.4213795 11.224017 3.562572
-0.5746084 10.91756 3.6391864
-0.5746084 10.726024 3.6774938
-0.49799398 10.726024 3.6774938
-0.5363012 10.764331 3.6008794
-0.6512229 10.6877165 3.6774938
-0.8044518 10.572794 3.6391864
-1.0726024 10.189722 3.6774936
-1.340753 9.883265 3.7158012
-1.6089035 9.5385 3.4859576
-1.8004397 9.193734 3.4859576
-1.9536686 9.040505 3.5242648
-2.030283 8.810662 3.562572
-2.1068976 8.734048 3.8307228
-2.1452048 8.734048 3.8307228
-2.0685902 8.887277 3.6391864
-2.030283 9.040505 3.371036
-1.9536686 9.078813 2.9879637
-2.030283 8.963891 2.834735
-2.183512 8.734048 2.9113493
-2.2984335 8.580819 3.026271
-2.4133554 8.542512 3.217807
-2.4516625 8.695741 3.2944214
-2.4516625 8.887277 3.3327286
-2.4899697 8.925584 3.3327286
-2.566584 8.848969 3.217807
-2.6431987 8.542512 3.1028855
-2.681506 8.121132 3.026271
-2.719813 7.8529816 2.9496565
-2.6431987 7.699753 2.9879637
-2.4516625 7.8146744 3.064578
-2.2218192 8.159439 2.9496565
-1.8004397 8.619126 2.8347347
-1.4173675 9.155428 2.6048913
-1.1875241 9.5385 2.4516625
-1.0726024 9.691729 2.3750482
-1.1109096 9.615114 2.3750482
-1.2258313 9.385271 2.4899697
-1.340753 9.155427 2.6431987
-1.4556746 9.040505 2.7964275
-1.532289 9.11712 3.1028855
-1.532289 9.2703495 3.2944214
-1.532289 9.615114 3.3327286
-1.4556746 9.921572 3.3710358
-1.3790601 10.151415 3.2561142
-1.3024457 10.342951 3.1028852
-1.1109095 10.304644 2.9496565
-0.99598795 10.304644 2.719813
-0.88106626 10.151415 2.5665843
-0.80445176 10.036493 2.4899697
-0.842759 9.959879 2.3750482
-0.842759 9.844957 2.4516625
-0.91937345 9.80665 2.4516625
-0.9959879 9.730036 2.4516625
-1.0342951 9.691729 2.5665843
-1.0726024 9.5385 2.4899697
-1.1492168 9.346964 2.3367407
-1.2258313 9.040506 2.2601264
-1.3024458 8.734048 2.030283
-1.3024458 8.619126 1.8770542
-1.1875241 8.580819 2.0302832
-1.0726024 8.848969 2.2601264
-0.91937345 9.193735 2.6048913
-0.7661445 9.500193 2.8347347
-0.6895301 9.730036 2.6048913
-0.7278373 9.615114 2.183512
-0.8810662 9.270349 1.838747
-1.1875241 8.887277 1.7238252
-1.4556746 8.542511 2.1068976
-1.5705963 8.427589 2.681506
-1.5705963 8.580818 3.217807
-1.2258313 8.963891 3.3327289
-0.8044517 9.423577 3.026271
-0.4213795 9.730036 2.4516625
-0.038307227 9.883265 1.8004398
-0.038307227 9.730036 1.6472108
-0.19153613 9.461885 1.8004398
-0.3830723 9.232042 2.1068976
-0.61291564 8.925584 2.48997
-0.72783726 8.695741 2.681506
-0.6895301 8.542512 2.719813
-0.61291564 8.465898 2.6431987
-0.5363012 8.619126 2.528277
-0.3830723 8.925584 2.4516623
-0.2681506 9.270349 2.4516623
0.0 9.844957 2.528277
0.30645782 10.22803 2.4133554
0.45968673 10.342952 2.1452048
0.45968673 10.342952 1.9153614
0.19153613 9.80665 1.9919758
-0.19153613 9.308656 2.3367407
-0.30645782 8.848969 2.911349
-0.22984335 8.580818 3.3327286
0.07661444 8.734048 3.5242648
0.49799395 9.040505 3.6391866
0.80445176 9.423578 3.4476504
0.91937345 9.691729 3.2561145
0.80445176 9.80665 3.026271
0.5746084 9.691729 2.7581205
0.38307226 9.5385 2.7581205
0.34476507 9.461885 2.834735
0.45968673 9.385271 2.9113493
0.7278373 9.5385 3.1794999
0.9193734 9.730036 3.3327289
1.0342952 9.921572 3.371036
1.0726024 10.151415 3.4476504
1.0726024 10.151415 3.4093432
0.9959879 10.151415 3.3327289
0.842759 9.921572 3.2944217
0.7661445 9.576807 3.256114
0.6895301 9.346963 3.256114
0.6895301 9.270349 3.2178068
0.80445176 9.346963 3.2944217
0.91937345 9.576807 3.371036
0.9576807 9.768343 3.2944214
1.0342952 9.80665 3.3327286
1.1109096 9.883265 3.3710358
1.1109096 9.844957 3.2944214
1.1109096 9.80665 3.371036
0.9959879 9.730036 3.4093432
0.842759 9.576807 3.4476504
0.7278373 9.5385 3.562572
0.6512228 9.576807 3.6774938
0.57460845 9.691729 3.8307228
0.57460845 9.883265 3.86903
0.61291564 9.959879 3.8307228
0.5363012 9.921572 3.6391866
0.4596867 9.80665 3.3710358
0.30645782 9.576807 3.0645783
0.11492168 9.461885 2.9879637

