0.038307227 9.346964 2.9496565
0.0 9.308657 3.0262709
-0.038307227 9.385271 3.217807
-0.30645782 9.653421 3.2561142
-0.07661444 10.342951 3.1028855
0.2681506 11.070788 3.1411927
0.61291564 11.645397 3.1794999
0.7661446 12.258312 3.1794999
0.61291564 12.181698 3.064578
0.5363012 12.258312 2.9879637
0.45968673 12.411541 2.9496565
0.45968673 12.564771 3.0262709
0.5363012 12.679692 3.0262709
0.6512229 12.832921 3.1794996
0.8044518 12.98615 3.4093432
1.0726023 13.2543 3.754108
1.2641385 13.484143 4.367024
1.3407528 13.3309145 4.7500963
1.3407528 13.101071 5.056554
1.1875241 12.641385 5.094861
1.0342951 12.296619 4.9799395
0.9959879 12.220005 5.0182467
0.9576807 12.066776 5.1331687
0.9959879 12.028469 5.3247046
1.0342951 11.87524 5.4396267
0.95768064 11.683704 5.4013195
0.91937345 11.492168 5.286397
0.80445176 11.3006315 5.056554
0.6895301 11.147403 4.7500963
0.6512228 10.91756 4.4819455
0.53630114 10.764331 4.0222588
0.4213795 10.457873 3.8307228
0.30645782 10.151415 3.7541084
0.22984336 9.959879 3.7158012
0.26815057 9.844957 3.8307228
0.4596867 10.036493 3.8307228
0.6512228 10.381258 3.8307228
0.7661445 10.611102 3.7924156
0.7661445 10.534488 3.7158012
0.5746084 10.22803 3.5625722
0.19153613 9.691729 3.1411927
-0.19153613 9.270349 2.7581203
-0.57460845 9.040505 2.4899697
-0.88106626 8.887277 2.4133554
-0.91937345 8.848969 2.719813
-0.8810662 8.925585 3.1028855
-0.7278373 9.078814 3.4859576
-0.49799395 9.308657 3.562572
-0.34476504 9.461885 3.3327289
-0.30645782 9.2703495 2.9879637
-0.4213795 8.848969 2.4899697
-0.7661446 8.389283 2.183512
-1.2641385 8.082825 2.4516625
-1.1875241 8.350975 2.9113493
-0.84275895 8.734048 3.371036
-0.49799395 8.963891 3.5242648
-0.15322891 9.11712 3.371036
0.0 9.078813 2.9879637
0.0 8.848969 2.528277
-0.11492168 8.542512 2.2218192
-0.2681506 8.159439 1.9536685
-0.5363012 7.776367 1.7238252
-0.842759 7.3549876 1.6855179
-1.1109096 7.0102224 1.6089035
-1.3790601 6.8186865 1.8004396
-1.3024457 6.933608 2.0685902
-1.0342951 7.4699087 2.183512
-0.68953 8.00621 2.2601264
-0.344765 8.350975 1.9919758
-0.38307226 8.389282 1.6472108
-0.6512229 7.929596 1.1875241
-1.0342951 7.393295 0.88106626
-1.532289 6.895301 0.8044518
-1.9153614 6.5122285 0.8044518
-2.183512 6.435614 0.91937345
-2.3367407 6.435614 0.9576807
-2.375048 6.5505357 0.9576807
-2.1835117 6.818686 0.88106626
-1.877054 7.086837 0.6895301
-1.532289 7.3166804 0.30645782
-1.1492169 7.4316025 -0.038307242
-0.9576807 7.31668 -0.2681506
-0.9959879 7.0485296 -0.2681506
-1.2258313 6.703765 0.07661445
-1.6089034 6.3589997 0.34476504
-1.9919758 5.9759274 0.45968673
-2.183512 5.707777 0.45968673
-2.1452048 5.746084 0.34476504
-1.9536687 6.0142345 0.22984335
-1.6089035 6.4356146 0.19153613
-1.340753 6.7803793 0.11492168
-1.1875241 7.0102224 0.038307227
-1.0726024 7.1251445 0.15322891
-1.0342951 7.1251445 0.30645782
-0.9193734 7.201759 0.53630114
-0.7661445 7.201759 0.7661445
-0.6512228 7.201759 0.8810662
-0.61291564 7.240066 0.9193735
-0.61291564 7.0868373 0.9193735
-0.53630114 7.0485296 0.8810662
-0.26815057 6.9719152 0.6895301
0.114921674 6.895301 0.5746084
0.5363012 6.8569937 0.5363012
0.8810662 6.6654577 0.5363012
1.0726023 6.5505357 0.38307226
1.1109096 6.435614 0.114921674
1.0726023 6.320692 -0.19153614
0.9959879 6.3589993 -0.5363012
0.9576807 6.3973064 -0.38307226
1.1492169 6.62715 -0.19153614
1.340753 7.0102224 -0.038307227
1.532289 7.3549876 0.076614454
1.6089035 7.6231384 -0.038307227
1.493982 7.73806 -0.19153613
1.340753 7.776367 -0.11492168
1.1875241 7.8146744 -0.11492168
1.1492169 7.776367 -0.19153613
1.2258313 7.6614456 -0.22984336
1.4556746 7.6614456 -0.49799395
1.685518 7.776367 -0.7278373
1.8387469 8.082825 -0.91937345
1.8004397 8.427589 -0.99598795
1.532289 8.504204 -0.842759
1.0342951 8.236053 -0.49799395
0.4596867 7.8146744 -0.11492169
-0.038307227 7.4316025 0.22984336
-0.34476504 7.354988 0.22984336
-0.3830723 7.584831 0.0
-0.34476507 8.00621 -0.22984336
-0.19153613 8.389282 -0.53630114
-0.15322891 8.427589 -0.8044517
-0.11492168 8.350975 -0.9959879
0.0 8.197746 -1.1492169
0.038307227 8.159439 -1.0726023
0.15322891 8.504205 -0.6895301
0.22984336 9.155428 0.49799398
0.19153613 9.232042 0.7661445
0.15322891 9.040505 0.57460845
0.11492168 8.6574335 0.2681506
0.15322891 8.465898 -0.038307227
0.19153613 8.274361 -0.22984335
0.15322891 8.389282 -0.22984335
0.15322891 8.848969 -0.11492168
0.038307227 9.270349 0.076614454
0.0 9.730036 0.2681506
0.0 9.998186 0.57460845
0.0 10.0748005 0.7278373
0.038307227 9.998186 0.7661445
0.038307227 9.883265 0.842759
0.0 9.691729 0.9576807
-0.11492168 9.576807 1.1875241
-0.30645782 9.576807 1.5705962
-0.5363012 9.615114 2.0685902
-0.68953013 9.691729 2.6431985
-0.7661445 9.691729 2.9496565
-0.80445176 9.653421 3.1411927
-0.7661445 9.615114 3.064578
-0.84275895 9.461885 2.8730419
-1.1109096 9.232042 2.9496565
-1.3790601 9.040505 3.064578
-1.6089036 9.002198 3.3327289
-1.6472108 9.346963 3.5242648
-1.3790601 9.959879 3.5242648
-1.0726024 10.649409 3.409343
-0.8044517 11.185711 3.1411927
-0.68953 11.300632 2.8730419
-0.842759 11.070788 2.6048913
-1.1109096 10.687716 2.413355
-1.4173675 10.304644 2.4516623
-1.685518 10.151415 2.6431985
-1.7238252 10.189722 2.9113493
-1.6472107 10.457873 3.2944217
-1.4173673 10.879252 3.4093432
-1.1492168 11.262325 3.4093432
-0.9959879 11.645397 3.2561142
-0.9576807 11.760319 3.064578
-1.0342951 11.683704 2.9879637
-1.2641385 11.568783 2.9879637
-1.4939818 11.300632 3.1028852
-1.7621324 10.994175 3.3327286
-2.030283 10.840946 3.6391864
-2.183512 10.726024 3.9839513
-2.2218192 10.840945 4.3670235
-2.1452045 11.18571 4.4436383
-2.030283 11.530476 4.4436383
-1.9153614 11.836933 4.213795
-1.8770541 12.105083 3.9456444
-1.8770541 12.181698 3.6774938
-1.9536686 12.066776 3.6008794
-2.030283 11.951855 3.6391866
-2.0685902 11.798626 3.7541082
-2.1452048 11.645397 4.098873
-2.183512 11.60709 4.405331
-2.183512 11.377247 4.55856
-2.183512 11.185711 4.711789
-2.0685902 11.070789 4.6351748
-1.8770542 10.994174 4.2904096
-1.685518 11.224018 3.9839516
-1.5322891 11.453861 3.6008792
-1.3790603 11.722012 3.4859576
-1.3407528 11.951855 3.6008792
-1.3790603 11.990162 3.8307226
-1.4173675 11.951855 4.2137947
-1.532289 11.760319 4.4436383
-1.6472108 11.492168 4.5202527
-1.7238252 11.3006315 4.5585604
-1.7621324 10.994174 4.405331
-1.7621324 10.91756 4.2904096
-1.6089036 10.91756 4.1754875
-1.4173675 10.955867 4.098873
-1.2258313 11.070788 3.9456444
-1.0726024 11.070788 3.7158012
-1.0342952 10.955867 3.4476504
-1.1109096 10.6877165 3.1795
-1.340753 10.419565 3.2561145
-1.5705963 10.151415 3.6008794
-1.8770541 9.959879 4.060566
-2.1068974 9.80665 4.520253
-2.2218192 9.691729 4.6351748
-2.2984335 9.615114 4.5202527
-2.221819 9.5385 4.2904096
-2.1068974 9.500193 4.098873
-1.9919758 9.385271 3.9839516
-1.8770542 9.193734 3.86903
-1.8770542 9.040505 3.7924156
-1.9153614 9.002198 3.8307228
-1.9536686 9.11712 3.86903
-2.0685902 9.232042 4.060566
-2.183512 9.346964 4.3287163
-2.4516625 9.2703495 4.367024
-2.7581203 8.925585 4.3287168
-3.0262709 8.580819 4.1754875
-3.2561145 8.312668 4.060566
-3.2178073 8.197746 4.0222588
-3.064578 8.427589 3.9456444
-2.7581203 8.772354 3.8307228
-2.336741 9.078814 3.562572
-2.030283 9.346964 3.2944217
-1.838747 9.423578 3.2944217
-1.8770542 9.232042 3.2944217
-2.0685902 8.848969 3.4093432
-2.2601264 8.465898 3.562572
-2.375048 8.082825 3.6008792
-2.3367407 8.0445175 3.6008792
-2.183512 8.312668 3.5242648
-1.877054 8.734048 3.3327289
-1.6089034 9.346964 3.1411924
-1.37906 9.691729 2.8347347
-1.3024457 9.844957 2.6048913
-1.4556746 9.768343 2.528277
-1.6472108 9.385271 2.4516625
-1.8004397 9.040505 2.6048915
-1.9536686 8.695741 2.7964277
-1.9153614 8.580818 3.0645783
-1.7621325 8.772355 3.4093432
-1.5705963 9.193734 3.6008794
-1.1875241 9.883265 3.6008794
-0.842759 10.496181 3.4476504
-0.61291564 10.955868 3.064578
-0.49799395 11.109097 2.7964275
-0.6512228 10.955868 2.7581203
-0.9576807 10.496181 2.7964275
-1.3024457 9.921572 3.1028855
-1.6089035 9.538499 3.6391866
-1.7238252 9.346963 3.9839518
-1.685518 9.500192 4.2521024
-1.4556746 9.844957 4.2137947
-1.1492168 10.151416 3.7541082
-0.9193734 10.22803 3.4093432
-0.8810662 9.95988 3.026271
-0.9959879 9.5385 2.9113493
-1.1875241 9.11712 2.9879637
-1.3024458 8.810662 3.0262709
-1.2258313 8.734048 2.911349
-1.0726024 8.734048 2.7964275
-0.8810662 8.848969 2.834735
-0.8044517 9.040505 2.9879637
-0.842759 9.193734 3.371036
-0.9576807 9.270349 3.5625725
-1.0726024 9.193734 3.4859579
-1.0342951 9.078813 3.217807
-0.9193734 8.925584 2.8730419
-0.68953013 8.810662 2.528277
-0.45968673 8.734048 2.1452045
-0.22984335 8.734048 2.1452045
-0.038307227 8.963891 2.4516625
-0.076614454 9.193735 2.9879637
-0.22984335 9.193735 3.562572
-0.57460845 8.925584 3.86903
-0.91937345 8.42759 3.86903
-0.9959879 8.121132 3.7541084
-0.91937345 8.121132 3.7158012
-0.6512228 8.312668 3.7158012
-0.34476504 8.580819 3.5625722
-0.15322891 8.772355 3.4093432
0.0 9.040506 3.2944214
0.076614454 9.2703495 3.064578
0.11492168 9.500193 2.9496565
0.11492168 9.385271 2.873042
0.076614454 9.11712 2.7198133
0.15322891 8.848969 2.7198133
0.2681506 8.6574335 2.7964277
0.5363012 8.734048 2.873042
0.8044518 8.887277 2.9496565
0.9576807 9.11712 3.0262709
1.1492168 9.38527 3.1411927
1.1875241 9.80665 3.2561142
1.2258313 10.113109 3.4859576
1.2258313 10.189723 3.6774938
1.0726023 9.95988 3.7924156
0.95768064 9.576807 3.86903
0.9193734 9.232041 3.9073372
0.9959879 9.11712 3.715801
1.2641385 9.308656 3.6008794
1.6089035 9.615114 3.4093432
2.030283 9.998186 3.2561145
2.2984338 10.342951 3.0262709
2.3750482 10.534488 2.9113493
2.2984338 10.496181 2.9113493
1.9536687 10.266336 2.9879637
1.5705963 9.921572 3.4859576
1.2641385 9.576807 3.6774938
1.0726024 9.423578 3.9073372
1.0342951 9.423578 3.86903
1.1875241 9.500193 3.6391864
1.3407528 9.615114 3.6008792
1.4556746 9.691729 3.4093432
1.4556746 9.653421 3.2944214
1.3024457 9.615114 3.2561142
1.1109096 9.500193 3.1794999
0.80445176 9.2703495 3.217807
0.5363012 9.193734 3.371036
0.45968673 8.963891 3.4476504
0.42137948 9.040505 3.562572
0.45968673 9.308657 3.4859576
0.57460845 9.500193 3.4093432
0.61291564 9.844957 3.4093432

