0.57460845 9.921572 3.3327289
0.45968673 9.844957 3.4093432
-0.3064578 9.308657 3.4093432
-0.3064578 9.5385 3.6008792
-0.22984335 9.8832655 3.86903
-0.03830722 10.113109 4.1754875
0.30645782 10.649409 4.290409
0.5363012 10.879252 4.4436383
0.7661445 11.070788 4.55856
0.9959879 11.377247 4.5202527
1.2258313 11.60709 4.5585604
1.3790601 11.722012 4.405331
1.532289 11.836933 4.2137947
1.5705962 11.9135475 4.2137947
1.5705962 11.9135475 4.1371803
1.532289 11.9135475 4.1371803
1.4556746 11.951855 4.1371803
1.4173675 11.951855 4.1371803
1.340753 11.951855 4.2137947
1.340753 11.9135475 4.2904096
1.3024457 11.9135475 4.443639
1.2258313 11.9135475 4.5968676
1.1492169 11.87524 4.7500963
1.0726023 11.87524 4.7884035
0.9959879 11.836933 4.8267107
0.9576807 11.836933 4.7884035
0.9576807 11.87524 4.7500963
0.9576807 11.9135475 4.865018
0.9959879 11.990162 5.056554
1.0342951 12.028469 5.3247046
1.0726024 12.028469 5.631162
1.0726024 11.990162 5.7843914
1.0342952 11.798626 5.6311626
0.9193735 11.60709 5.2097826
0.7661446 11.453861 4.7500963
0.57460845 11.415554 4.443638
0.4213795 11.530476 4.3670235
0.4213795 11.60709 4.711789
0.4596867 11.683704 5.324704
0.5746084 11.530476 5.861006
0.7278373 11.224018 6.090849
0.7661445 10.994175 5.93762
0.842759 10.726024 5.2863975
0.88106626 10.611102 4.5968676
0.842759 10.572795 4.0222588
0.7278373 10.496181 3.6391869
0.45968673 10.419566 3.4859576
0.19153613 10.266336 3.3327289
-0.076614454 9.959879 3.2561142
-0.19153613 9.691729 3.1028852
-0.19153613 9.461885 2.8730419
-0.19153613 9.270349 2.6431985
-0.15322891 9.270349 2.375048
-0.11492168 9.193734 2.183512
-0.11492168 9.11712 2.0685902
-0.11492168 9.002198 2.0685902
-0.11492168 8.887277 2.1835117
-0.22984335 8.810662 2.260126
-0.30645782 8.619125 2.1835117
-0.42137948 8.542511 1.9153613
-0.49799395 8.389282 1.6855179
-0.5363012 8.236053 1.4939818
-0.45968673 8.197746 1.6089035
-0.30645782 8.236053 1.9919758
-0.19153613 8.350975 2.336741
-0.15322891 8.427589 2.681506
-0.30645782 8.427589 2.7581203
-0.61291564 8.350975 2.4899697
-1.1109096 8.236053 2.0685902
-1.6089035 8.121132 1.685518
-2.030283 8.00621 1.3407528
-2.2984335 7.776367 1.3790603
-2.2984335 7.6231384 1.4556746
-2.030283 7.6231384 1.4556746
-1.7238252 7.73806 1.4939818
-1.4556746 7.967903 1.2258313
-1.2258313 8.121132 1.0726023
-1.1492169 8.121132 0.8810662
-1.1492169 8.197746 0.6512229
-1.1109096 8.236053 0.6512229
-1.1492169 8.274361 0.6512229
-1.2641385 8.236053 0.91937345
-1.3407528 8.0445175 1.4173675
-1.5705962 7.776367 1.7621324
-1.7238252 7.546524 1.9919758
-1.8004397 7.3166804 1.9536686
-1.8770542 7.1251445 1.6472108
-1.8004397 7.0868373 1.2641385
-1.7621324 7.0868373 1.0342951
-1.7238252 7.1634517 0.9576807
-1.7238252 7.201759 0.9959879
-1.8004396 7.163451 1.0342951
-1.9536686 7.0102224 1.0342951
-2.1068974 6.8569937 0.91937345
-2.2218192 6.7803793 0.7661445
-2.3367407 6.6271505 0.6512229
-2.4133554 6.588843 0.30645782
-2.4133554 6.588843 0.11492168
-2.2984335 6.6654572 0.0
-2.1068976 6.933608 0.15322891
-1.8004397 7.240066 0.68953013
-1.5705963 7.699753 1.2258313
-1.4556746 8.00621 1.685518
-1.4173673 8.121132 1.685518
-1.7238252 7.73806 0.7278373
-1.9153614 7.3549876 0.07661445
-1.9919759 7.0102224 -0.34476504
-1.838747 6.8186865 -0.49799395
-1.4939818 6.933608 -0.26815057
-1.1109096 7.278373 0.19153616
-0.7661445 7.6614456 0.7661445
-0.61291564 7.929596 1.2258313
-0.57460845 7.8912888 1.4173675
-0.45968673 7.6614456 1.4173675
-0.30645782 7.431602 1.340753
-0.076614454 7.163451 1.1875241
0.15322891 6.9719152 1.1109096
0.22984336 6.8186865 0.8810662
0.30645782 6.742072 0.49799395
0.38307226 6.8186865 0.076614454
0.5363012 7.125144 -0.30645782
0.842759 7.508217 -0.45968673
1.2258312 7.8912888 -0.4213795
1.6472106 8.159439 -0.34476507
1.9919758 8.197746 -0.26815057
2.2218192 8.0445175 -0.34476507
2.1452045 7.699753 -0.34476507
1.7621324 7.2783732 -0.19153614
1.1109096 6.8953004 0.038307227
0.34476507 6.588843 0.34476507
-0.344765 6.4739213 0.49799395
-0.7661445 6.550536 0.57460845
-0.7278373 6.742072 0.6512228
-0.4213795 7.0485296 0.6512228
0.038307205 7.3932953 0.6512228
0.53630114 7.73806 0.61291564
0.842759 8.00621 0.49799398
0.842759 8.121132 0.49799398
0.68953013 7.967903 0.4213795
0.3830723 7.6231384 0.11492169
0.038307227 7.2400656 -0.07661445
-0.22984335 7.0485296 -0.30645782
-0.45968673 7.0485296 -0.38307226
-0.6512229 7.1251445 -0.114921674
-0.7278373 7.240066 0.076614454
-0.61291564 7.354988 0.22984336
-0.30645782 7.508217 0.38307226
0.11492168 7.8529816 0.4213795
0.49799395 8.350975 0.45968673
0.7278373 8.848969 0.5746084
0.6512228 9.155427 0.61291564
0.4213795 9.155427 0.5363012
0.11492168 8.887277 0.38307226
-0.15322891 8.427589 0.11492168
-0.19153613 8.082825 -0.076614454
-0.15322891 8.00621 -0.076614454
-0.11492168 8.197746 0.038307227
-0.15322891 8.542511 0.45968673
-0.22984336 8.963891 1.187524
-0.30645782 9.2703495 1.9536686
-0.30645782 9.346964 2.6048913
-0.26815057 9.308657 2.9879637
-0.30645782 9.155428 2.911349
-0.38307226 9.002198 2.6048913
-0.49799395 8.963891 2.336741
-0.49799395 9.11712 2.1835117
-0.4213795 9.385271 2.2601264
-0.2681506 9.768343 2.6431985
-0.038307227 10.0748005 3.0262709
0.22984335 10.189722 3.2561145
0.38307226 10.113108 3.2944217
0.42137948 9.80665 3.0645783
0.34476504 9.615114 2.9113493
0.038307227 9.576807 3.1028855
-0.30645782 9.844957 3.5625722
-0.53630114 10.419566 4.2521024
-0.7278373 10.91756 4.903325
-0.80445176 11.33894 5.133168
-0.8810662 11.33894 5.0182467
-1.0342951 11.032482 4.7117887
-1.2258313 10.534487 4.1754875
-1.4173673 10.0748005 4.0222588
-1.5322891 9.921572 4.1371803
-1.5705963 10.036493 4.367024
-1.5322891 10.457872 4.865018
-1.4173673 10.879252 5.133168
-1.1875241 11.262325 5.24809
-1.0342951 11.453861 5.094861
-0.9576807 11.377247 4.7500963
-1.0726023 11.070788 4.367024
-1.3790601 10.572794 4.060566
-1.685518 10.036493 3.9456444
-1.9536686 9.730036 4.1371803
-1.9919758 9.768343 4.4436383
-1.8004396 10.036493 4.865018
-1.4173673 10.419566 5.2863975
-0.9576807 10.840946 5.363012
-0.68953013 11.109097 5.363012
-0.6512228 11.453861 5.094861
-0.91937345 11.722012 4.9416323
-1.2641385 11.87524 4.9799395
-1.532289 11.9135475 5.0182467
-1.685518 11.798626 5.056554
-1.6089035 11.645397 4.903325
-1.5322891 11.492168 4.711789
-1.4173673 11.453861 4.5968676
-1.2641385 11.530476 4.6351748
-1.1109095 11.760319 4.7500963
-0.91937345 12.105083 4.8267107
-0.7661446 12.411542 4.7500963
-0.6895301 12.641385 4.6351748
-0.7278373 12.756307 4.55856
-0.8810662 12.641384 4.596867
-1.0726023 12.411541 4.6734815
-1.2641385 12.105083 4.8267107
-1.4556746 11.722012 4.8267107
-1.532289 11.453861 4.673482
-1.5705962 11.224017 4.596867
-1.6089036 10.994174 4.4436383
-1.5705963 10.840945 4.4436383
-1.6472107 10.611102 4.55856
-1.6855179 10.457873 4.55856
-1.7238252 10.266336 4.55856
-1.7621324 10.151415 4.4436383
-1.7621324 10.0748005 4.290409
-1.7621324 10.036493 4.290409
-1.7238252 9.998186 4.290409
-1.7238252 9.844957 4.2137947
-1.685518 9.80665 4.1754875
-1.6472108 9.730036 4.098873
-1.6472108 9.730036 3.9456444
-1.6472108 9.691729 3.9456444
-1.7238252 9.576807 3.9456444
-1.838747 9.385271 3.86903
-1.9536686 9.117121 3.9073372
-2.0685902 8.925584 3.8307228
-2.1452045 8.695741 3.7924156
-2.2218192 8.504204 3.86903
-2.2601264 8.350975 3.86903
-2.336741 8.350975 4.0222588
-2.2984338 8.465897 3.9456444
-2.2984338 8.695741 3.8307226
-2.2984338 8.925584 3.7541082
-2.2218192 8.963891 3.6008792
-2.2218192 8.925584 3.6008792
-2.183512 8.848969 3.5242648
-2.2218192 8.772355 3.4476504
-2.2984338 8.887277 3.4093432
-2.4133554 9.002198 3.4093432
-2.4899697 9.078813 3.562572
-2.4516625 9.308656 3.9073372
-2.3367407 9.500193 4.098873
-2.183512 9.730036 4.290409
-2.0685902 9.883265 4.3287163
-1.9919758 9.883265 4.098873
-1.9536686 9.921572 3.9839516
-1.8770542 9.921572 3.8307228
-1.7621324 10.0748005 3.7924156
-1.6472108 10.266336 3.7541084
-1.5705963 10.342952 3.7158012
-1.532289 10.304645 3.7158012
-1.6089035 10.189723 3.677494
-1.6089035 10.036493 3.8307228
-1.6089035 9.883265 4.0222588
-1.5705963 9.844957 4.1371803
-1.4173673 9.80665 4.0222588
-1.3407528 9.691729 3.7158008
-1.2641385 9.615114 3.4476502
-1.1492169 9.5385 3.064578
-1.1875241 9.461885 2.8347347
-1.1492169 9.500193 2.7581203
-1.1875241 9.423578 2.7964277
-1.2641385 9.308657 3.1028852
-1.1875241 9.040505 3.371036
-1.1875241 8.810662 3.5242648
-1.0726024 8.580819 3.4476504
-0.9576807 8.389282 3.1411927
-0.9193735 8.350975 2.8347347
-0.842759 8.274361 2.528277
-0.80445176 8.274361 2.3367407
-0.7661445 8.312668 2.413355
-0.61291564 8.465897 2.6431985
-0.4213795 8.734048 2.7964275
-0.15322891 9.078814 2.873042
0.15322891 9.423578 2.719813
0.38307226 9.691729 2.3750482
0.4213795 9.80665 2.030283
0.30645782 9.768343 1.8004396
-0.03830722 9.615114 1.838747
-0.49799395 9.2703495 2.030283
-0.88106626 8.887277 2.4516625
-1.1875241 8.542511 2.7581203
-1.2641386 8.197746 2.8347347
-1.1875241 8.121132 2.7581203
-1.0726024 8.121132 2.528277
-0.842759 8.274361 2.2984335
-0.61291564 8.734048 2.0685902
-0.3830723 9.078813 1.9153614
-0.19153613 9.385271 1.7621324
-0.11492168 9.500193 1.7238252
-0.19153613 9.232042 1.8387469
-0.34476504 8.887277 2.030283
-0.4213795 8.580818 2.336741
-0.4213795 8.465897 2.7581205
-0.30645782 8.542511 2.873042
-0.15322891 8.810662 2.834735
0.0 9.155428 2.6815057
0.0 9.346964 2.3367407
0.0 9.576807 2.2601264
0.0 9.653421 2.4899697
-0.076614454 9.653421 2.7581203
-0.076614454 9.615114 3.0262709
-0.11492168 9.461885 3.217807
-0.15322891 9.308657 3.217807
-0.076614454 9.232042 3.064578
0.038307227 9.308657 2.9879637
0.15322891 9.461885 2.9496565
0.26815057 9.653421 2.834735
0.34476507 9.730036 3.026271
0.3830723 9.80665 3.1795
0.45968673 9.844957 3.2178073
0.61291564 9.883265 3.2561145
0.7278373 9.959879 3.1794996
0.8810662 9.998186 3.1028852
0.9959879 9.998186 3.1411927
0.9959879 9.921572 3.1794999
0.9576807 9.768343 3.1028852
0.8810662 9.461885 2.9113493
0.84275895 9.155428 2.7964277
0.8810662 9.078814 2.7964277
1.0342951 9.155428 2.9496565
1.2258313 9.423578 3.2561145
1.3790601 9.80665 3.4093432
1.4939818 9.998186 3.4476504
1.4939818 10.036493 3.2561145
1.4939818 10.0748005 3.026271
1.4939818 9.959879 2.834735
1.4556746 9.921572 2.681506
1.4173673 9.844957 2.7581203
1.3024457 9.730036 2.9496565
1.1875241 9.653421 3.1411924
0.9959879 9.5385 3.4859576
0.842759 9.5385 3.7158012
0.7661446 9.576807 3.677494
0.6895301 9.653421 3.677494
0.7661446 9.768343 3.4476504
0.80445176 9.883265 3.1794996
0.7661445 9.883265 2.9879637
0.6512228 9.80665 2.9113493
0.45968673 9.691729 3.0645783
0.2681506 9.576807 3.2561142
0.076614454 9.461885 3.4476504
-0.038307227 9.385271 3.4476504
-0.11492168 9.308657 3.371036
-0.15322891 9.2703495 3.371036
-0.15322891 9.308657 3.4093432
-0.15322891 9.461885 3.4476504

