-0.2681506 9.193735 3.6774938
0.038307227 9.691729 3.9073372
0.15322891 9.998186 3.86903
0.42137948 10.534488 3.8307228
0.68953 10.994174 3.7541084
0.68953 11.070788 3.86903
0.72783726 11.262324 4.1371803
0.84275895 11.492168 4.4436383
0.9576807 11.836933 4.750096
1.1109097 12.258312 4.9799395
1.3024458 12.56477 5.094861
1.3790601 12.794614 4.9416323
1.4173673 12.871228 4.711789
1.3790601 12.794614 4.405331
1.3024457 12.679692 4.060566
1.3024457 12.488155 3.8307228
1.2641385 12.334927 3.6008794
1.3024457 12.181698 3.4859576
1.3790601 12.181698 3.3327286
1.4939818 12.334927 3.3327286
1.7238252 12.564771 3.3327286
1.9153613 12.871228 3.5242648
2.030283 12.98615 4.0222588
1.9919758 12.832921 4.3670235
1.8004396 12.411542 4.7500963
1.4939818 11.760319 4.865018
1.1875241 11.147404 4.596867
0.8810662 10.649409 4.2137947
0.61291564 10.304645 3.715801
0.4596867 10.189722 3.217807
0.344765 10.113108 2.9496565
0.26815057 10.0748005 2.9496565
0.22984336 10.151415 3.217807
0.19153613 10.151415 3.6008794
0.19153613 10.151415 4.0222588
0.26815057 10.266336 4.3287163
0.30645782 10.304644 4.4436383
0.30645782 10.266336 4.4436383
0.22984335 10.151415 4.252102
0.0 9.80665 3.9456444
-0.61291564 9.155428 3.7541082
-0.9576807 8.925584 3.9839516
-1.187524 8.848969 4.367024
-1.187524 8.887277 4.5585604
-0.9576806 8.810662 4.520253
-0.6512228 9.002199 4.060566
-0.34476504 9.232042 3.4476504
-0.19153613 9.346964 2.8347347
-0.15322891 9.500193 2.336741
-0.15322891 9.423578 2.183512
-0.15322891 9.2703495 2.2984335
-0.22984335 9.11712 2.6815057
-0.22984335 9.11712 3.1028852
-0.15322891 9.385271 3.6774938
-0.038307227 9.500193 3.5625722
0.038307227 9.5385 3.3327289
0.11492168 9.5385 2.9496565
0.22984336 9.5385 2.528277
0.34476507 9.615114 2.2984335
0.4213795 9.576807 2.2984335
0.4213795 9.5385 2.4133554
0.45968676 9.5385 2.681506
0.45968676 9.576807 2.873042
0.4213795 9.653421 2.7964275
0.4213795 9.615114 2.6431985
0.26815057 9.461885 2.2984338
0.038307227 9.117121 2.030283
-0.15322891 8.6574335 1.9153614
-0.34476504 8.389282 1.8770541
-0.4213795 8.274361 1.9153614
-0.34476504 8.312668 1.8387469
-0.2681506 8.465898 1.8004397
-0.22984336 8.542512 1.7238252
-0.26815057 8.389282 1.7621324
-0.38307226 8.274361 1.9536686
-0.5363012 8.197746 2.030283
-0.61291564 8.0445175 2.1452045
-0.6512228 8.197746 2.2218192
-0.6512228 8.159439 2.1452045
-0.68953013 8.159439 2.0685902
-0.8044518 8.082825 2.0685902
-1.0342951 7.8529816 2.1068976
-1.340753 7.6614456 2.3750482
-1.5705963 7.4699097 2.6048913
-1.685518 7.4316025 2.566584
-1.6472107 7.4316025 2.3367407
-1.4556746 7.6614456 1.8770541
-1.1875241 7.929596 1.4939818
-0.9959879 8.121132 1.2258313
-0.8810662 8.121132 1.0726024
-0.9959879 7.8912888 1.0726024
-1.2641385 7.546524 1.1875241
-1.6089036 7.163452 1.4939818
-1.9536686 6.8186865 1.6472108
-2.0685902 6.550536 1.7621324
-1.9919758 6.320692 1.6472108
-1.7621324 6.2440777 1.340753
-1.37906 6.397307 1.0726024
-1.0726023 6.588843 0.7278373
-0.8810662 6.895301 0.5363012
-0.7278373 7.1251445 0.49799395
-0.6512228 7.2783732 0.6895301
-0.57460845 7.3549876 0.91937345
-0.53630114 7.3166804 1.1875241
-0.49799395 7.2017584 1.2258313
-0.5363012 6.895301 0.842759
-0.5363012 6.550536 0.49799395
-0.5363012 6.282385 0.11492168
-0.49799395 6.0525417 0.07661445
-0.34476507 5.9759274 0.53630114
-0.19153613 6.129156 1.0726023
-0.038307227 6.2440777 1.6089036
0.11492168 6.4356136 1.8770542
0.19153613 6.473921 1.8004397
0.30645782 6.550536 1.4556746
0.49799395 6.512229 0.91937345
0.68953013 6.512229 0.38307226
0.9576807 6.742072 -0.038307227
1.2258313 6.895301 -0.38307226
1.4939818 7.163451 -0.49799395
1.685518 7.5082164 -0.5363012
1.8387469 7.8529816 -0.34476504
1.8770542 8.082825 0.1149217
1.838747 8.197746 0.5363012
1.685518 8.082825 0.9959879
1.4556746 7.699753 1.3024457
1.1492169 7.3549876 1.4173673
0.88106626 7.0485296 1.340753
0.68953013 6.780379 0.9959879
0.61291564 6.7420716 0.4213795
0.7278373 6.933608 -0.22984336
0.9576807 7.240066 -0.6512228
1.3024458 7.73806 -0.7661445
1.5705963 8.350975 -0.6512229
1.7238252 8.734048 -0.30645782
1.685518 8.772355 -0.076614454
1.4173675 8.389282 -0.11492168
0.95768064 7.699753 -0.30645782
0.30645782 6.9719152 -0.7278373
-0.8810662 6.5888433 -1.0726024
-0.9193734 6.895301 -0.842759
-0.57460845 7.431602 -0.34476504
0.03830722 8.082825 0.15322892
0.6512228 8.580818 0.7661445
1.0342951 8.887277 1.187524
1.1875241 8.887277 1.3790601
1.0342951 8.695741 1.2258313
0.6512228 8.465897 0.9576807
0.22984338 8.465897 0.7661445
-0.076614454 8.734048 0.80445176
-0.11492168 9.155428 1.2641385
0.076614454 9.576807 1.8387468
0.4213795 9.844957 2.2984335
0.76614463 10.036493 2.528277
0.9959879 10.113108 2.4516625
1.0342951 10.189722 2.183512
0.80445176 10.266336 1.8770542
0.38307226 10.266336 1.5705962
-0.038307235 10.266336 1.4939818
-0.34476504 10.266336 1.6089034
-0.4213795 10.304644 1.9153614
-0.34476504 10.457872 2.183512
-0.22984336 10.611101 2.3367407
-0.2681506 10.764331 2.2218192
-0.61291564 10.764331 2.1068976
-1.0342952 10.496181 2.183512
-1.4173673 10.189722 2.336741
-1.5705962 9.921572 2.873042
-1.4173675 9.844957 3.3327289
-1.1109096 10.0748005 3.5242648
-0.80445176 10.457872 3.6391866
-0.6512228 10.840945 3.4093432
-0.7278373 11.147404 3.1411927
-0.9959879 11.147404 3.1028855
-1.4173673 10.91756 3.217807
-1.8770541 10.572794 3.562572
-2.1452045 10.228029 3.9456444
-2.221819 9.959879 4.2521024
-2.1452045 9.844957 4.2521024
-1.9153613 9.844957 3.9456444
-1.6472107 9.883265 3.6008794
-1.4556746 10.036493 3.2944214
-1.2641385 10.342951 3.3710358
-1.1875241 10.6877165 3.7158008
-1.1875241 11.070788 4.1754875
-1.2258313 11.300632 4.6351743
-1.37906 11.300632 4.596867
-1.4939818 11.185711 4.252102
-1.685518 10.879252 3.715801
-1.7621324 10.649409 3.217807
-1.685518 10.534488 3.0262709
-1.532289 10.534488 3.2561142
-1.1875241 10.764331 3.4859576
-0.842759 11.185711 3.6008792
-0.49799395 11.683704 3.7541082
-0.15322891 12.066776 3.5242648
0.11492168 12.488155 3.4476504
0.22984336 12.832921 3.4859576
0.22984336 12.909535 3.4476504
0.076614454 12.98615 3.6391866
-0.22984336 12.871228 3.8307228
-0.5363012 12.603077 4.0222588
-0.80445176 12.373234 4.252102
-0.91937345 12.181698 4.520252
-0.88106626 12.028469 4.6351748
-0.7661446 11.990162 4.5968676
-0.61291564 12.105083 4.405331
-0.4213795 12.258312 4.2137947
-0.2681506 12.449848 3.9839516
-0.15322891 12.5264635 3.9456444
-0.15322891 12.373235 4.098873
-0.4213795 12.066777 4.252102
-0.7278373 11.683704 4.711789
-1.0342951 11.377246 4.903325
-1.187524 11.224017 5.0182467
-1.1492168 11.224017 4.9416323
-1.0342951 11.262325 4.55856
-0.8810662 11.262325 4.2904096
-0.8810662 11.185711 3.9839516
-0.9193734 10.955868 3.86903
-1.0342951 10.6877165 3.9456444
-1.2258313 10.381259 4.1371803
-1.3407528 10.113108 4.367024
-1.4556745 9.921572 4.4819455
-1.6089035 9.730036 4.4053307
-1.6855179 9.615114 4.3287163
-1.8387469 9.500193 4.252102
-2.030283 9.346964 4.2137947
-2.2218192 9.232042 4.3287168
-2.375048 9.11712 4.4436383
-2.4516625 9.002198 4.6351748
-2.4899697 8.963891 4.711789
-2.4516625 8.810662 4.711789
-2.4516625 8.734048 4.55856
-2.4516625 8.695741 4.3670235
-2.4133554 8.734048 4.2137947
-2.3750482 8.887277 4.1754875
-2.3367407 8.963891 4.1371803
-2.3367407 8.963891 3.9839516
-2.3750482 8.772355 3.9839516
-2.3750482 8.695741 3.86903
-2.3750482 8.6574335 3.8307228
-2.336741 8.734048 3.8307228
-2.2218192 8.963891 3.7158012
-2.0685902 9.155427 3.6008792
-1.9153614 9.423577 3.4859576
-1.7621324 9.5385 3.4093432
-1.685518 9.691729 3.371036
-1.7238252 9.730036 3.371036
-1.838747 9.423578 3.4476504
-1.9919758 9.2703495 3.4859576
-2.1452045 8.963891 3.4859576
-2.1835117 8.6574335 3.4476504
-2.1068974 8.6574335 3.2944217
-1.9536686 8.734048 3.1028852
-1.7238253 8.887277 2.9496565
-1.5322891 9.11712 2.7964277
-1.3790601 9.193734 2.719813
-1.3024458 9.193734 2.7581203
-1.3024458 9.155427 2.7964275
-1.3790601 9.002198 2.873042
-1.4173675 8.925584 2.9496565
-1.4173675 8.887277 3.0645783
-1.4173675 8.848969 3.1795
-1.3024458 8.963891 3.2178073
-1.1875241 9.11712 3.1795
-1.1109096 9.232042 3.1411924
-1.0342951 9.423578 3.064578
-0.9959879 9.5385 2.9879637
-1.1109096 9.5385 2.8730419
-1.2641385 9.461885 2.6815057
-1.3790601 9.232041 2.6048913
-1.4939818 8.925584 2.6048913
-1.4939818 8.772355 2.7964275
-1.340753 8.734048 3.0645783
-1.1492169 8.963892 3.2561145
-0.95768064 9.2703495 3.371036
-0.7278373 9.653421 3.3327289
-0.57460845 9.883265 3.1028852
-0.57460845 9.883265 2.6048913
-0.7278373 9.730036 2.1835117
-0.95768064 9.193734 1.9153613
-1.2258313 8.657433 1.9153613
-1.3790601 8.159439 2.2984335
-1.340753 8.00621 2.7581203
-1.0726024 8.236053 3.1794999
-0.7278373 8.772355 3.4859576
-0.34476507 9.461885 3.4476504
0.038307227 9.959879 3.1028855
0.26815057 9.883265 1.7621324
0.1532289 9.38527 1.2641385
-0.15322891 8.695741 1.187524
-0.49799395 8.121132 1.532289
-0.84275895 7.73806 2.2601264
-0.95768064 7.6231384 3.1411924
-0.88106626 7.8529816 3.86903
-0.6512228 8.274361 4.060566
-0.38307226 8.6574335 3.86903
-0.22984335 8.887277 3.371036
-0.19153613 8.887277 2.7581205
-0.30645782 8.734048 2.528277
-0.42137948 8.542512 2.528277
-0.5746084 8.350975 2.7581205
-0.6895301 8.312668 3.1795
-0.6895301 8.350975 3.562572
-0.6895301 8.504205 3.8307228
-0.49799395 8.84897 3.9073372
-0.2681506 9.193735 3.7924156
-0.038307227 9.5385 3.4476504
0.15322891 9.768343 3.064578
0.19153613 9.730036 2.75812
0.19153613 9.5385 2.6815057
0.15322891 9.385271 2.9496565
0.11492168 9.346964 3.4859576
0.15322891 9.423578 4.0222588
0.22984336 9.653421 4.596867
0.34476507 9.883265 4.9799395
0.49799395 9.959879 4.9799395
0.57460845 9.959879 4.7884035
0.6512228 9.921572 4.2521024
0.8044517 9.691729 3.7541084
0.9959879 9.653421 3.2944217
1.2641385 9.730036 2.987964
1.532289 9.844957 2.9496565
1.685518 10.189722 2.9113493
1.8004396 10.457872 3.217807
1.7621324 10.572795 3.562572
1.6472107 10.496181 3.8307226
1.532289 10.22803 4.060566
1.3790601 9.883265 4.060566
1.3024457 9.500193 3.9073372
1.2641385 9.232042 3.7158012
1.3024457 9.11712 3.4476504
1.4939818 9.193734 3.1411924
1.7238252 9.423578 3.0262709
1.8770542 9.653421 2.9496565
1.9153614 9.768343 2.9879637
1.8387468 9.768343 3.0262709
1.6855179 9.730036 3.1411924
1.5705963 9.730036 3.371036
1.4939818 9.691729 3.6008792
1.4173673 9.615114 3.86903
1.4173673 9.653421 3.9073372
1.4173673 9.576807 3.6008792
1.4173673 9.5385 3.1028852
1.4556745 9.461885 2.719813
1.37906 9.346964 2.6048913
1.3407528 9.308657 2.719813
1.3407528 9.346964 3.0645783
1.2258313 9.423578 3.4093432
1.2258313 9.500193 3.5242648
1.1875241 9.615114 3.6008792
1.1875241 9.768343 3.562572
1.3407528 9.998186 3.5242648
1.4939818 10.189723 3.6391866
1.6472108 10.266337 3.6774938
1.5705965 10.22803 3.6774938
1.3790603 9.998186 3.562572
1.0726024 9.691729 3.3327286
0.8044518 9.385271 3.1411927
0.6512228 9.078813 2.9113493
0.7661445 9.117121 3.0262709

