0.9576807 9.2703495 3.2178073
1.1492168 9.346964 3.4859576
0.6895301 9.155427 4.55856
1.6089035 10.649409 4.2521024
2.4133554 11.9135475 4.1754875
3.1794999 13.177687 4.0222588
3.6391866 14.441825 3.9839516
3.5242648 14.173674 3.7924156
3.4093432 13.905523 3.7158012
3.371036 13.790602 3.7541084
3.4093432 13.67568 3.8307228
3.4093432 13.560758 3.9839516
3.4476504 13.369222 4.1754875
3.4093432 12.98615 4.3287163
3.2944217 12.56477 4.405331
3.1028855 11.836933 4.443638
2.9879637 11.60709 4.2137947
2.9113493 11.300632 4.0222588
2.7964277 10.917561 3.7158012
2.6048913 10.572794 3.4859576
2.336741 10.228029 3.371036
2.030283 9.883265 3.2944217
1.7238252 9.576807 3.4093432
1.37906 9.11712 3.4859576
1.1109096 8.619126 3.4859576
0.88106626 8.350975 3.4093432
0.7661446 8.274361 3.2561142
0.72783726 8.427589 3.2944214
0.6895301 8.6574335 3.5242648
0.61291564 8.810662 4.1754875
0.49799395 8.772355 4.252102
0.34476504 8.695741 4.1371803
0.11492168 8.542512 3.7158012
-0.11492168 8.236053 3.371036
-0.2681506 7.967903 3.1794999
-0.30645782 7.8912888 3.1411927
-0.22984336 7.929596 3.371036
-0.076614454 8.159439 3.5242648
0.038307227 8.350975 3.4859576
0.11492168 8.542512 3.064578
0.19153613 8.734048 2.6815057
0.2681506 8.810662 2.4133554
0.30645782 8.848969 2.336741
0.2681506 8.695741 2.6048913
0.22984336 8.580819 2.7964277
0.15322891 8.580819 2.9113493
0.11492168 8.542512 2.873042
0.15322891 8.465897 2.7581203
0.11492168 8.236053 2.4899697
0.076614454 7.929596 2.183512
0.076614454 7.73806 2.030283
0.038307227 7.8146744 2.1068976
-0.038307227 7.929596 2.336741
-0.15322891 8.0445175 2.6048915
-0.45968676 7.967903 2.719813
-0.7278373 7.5848308 2.4899697
-0.9193735 7.278373 2.1068976
-1.0726024 7.125144 1.6089036
-1.0342951 7.0485296 1.1492169
-0.9193734 7.125144 0.80445176
-0.842759 7.163451 0.57460845
-0.7661445 7.086837 0.5363012
-0.7661445 7.125144 0.61291564
-0.91937345 7.0485296 0.7278373
-1.0726023 6.9719152 0.9193734
-1.3024457 6.818686 1.1109096
-1.532289 6.5505357 1.1109096
-1.7238252 6.2823853 1.0342951
-1.838747 6.0525417 0.9193734
-1.8004397 6.0525417 0.6512228
-1.6089035 6.205771 0.5746084
-1.3024457 6.588843 0.6895301
-1.0726023 7.0102224 0.84275895
-0.91937345 7.2783732 1.0342951
-0.91937345 7.393295 1.0726024
-1.0726024 7.240066 0.842759
-1.1875241 6.9719152 0.49799395
-1.3024458 6.6654572 0.38307226
-1.3024458 6.4739213 0.4213795
-1.0726024 6.5505357 0.7661445
-0.7278373 6.8569937 1.2258313
-0.34476507 7.240066 1.5322891
-0.038307227 7.5082164 1.6472108
0.076614454 7.6231384 1.5705963
0.0 7.469909 1.4556746
-0.038307227 7.2400656 1.340753
0.038307227 7.0102224 1.1875241
0.15322891 6.742072 1.1492168
0.4213795 6.473922 1.1492168
0.57460845 6.167464 1.1492168
0.57460845 6.0525417 1.1109096
0.61291564 6.205771 1.0342951
0.57460845 6.6654572 0.9193734
0.68953013 7.2400656 0.95768064
0.8810662 7.3549876 1.1492168
1.1492168 6.895301 1.1875241
1.1875241 6.5888433 1.1109096
1.1492169 6.7803793 1.1492169
1.0726023 7.086837 1.4173675
0.9959879 7.2783737 1.5705962
0.842759 7.354988 1.532289
0.7278373 7.278373 1.3024457
0.6512228 7.2400656 0.8810662
0.6512228 7.3932943 0.61291564
0.6895301 7.661445 0.49799395
0.6512228 7.8146744 0.49799395
0.61291564 7.73806 0.45968673
0.49799395 7.4699097 0.30645782
0.34476504 7.2400665 0.19153613
0.2681506 7.1251445 0.11492168
0.19153613 7.2400665 0.26815057
0.076614454 7.4316025 0.5363012
-0.038307227 7.73806 0.61291564
-0.19153613 8.082825 0.5746084
-0.26815057 8.274362 0.22984336
-0.11492168 8.504205 -0.19153613
0.15322891 8.542512 -0.4213795
0.4213795 8.504205 -0.49799395
0.57460845 8.504205 -0.2681506
0.49799395 8.504205 0.11492167
0.2681506 8.619126 0.42137948
0.0 8.925584 0.53630114
-0.15322891 9.193734 0.49799395
-0.11492168 9.423578 0.30645782
0.076614454 9.615114 0.11492168
0.42137948 9.576807 0.19153613
0.68953013 9.615114 0.49799395
0.8044517 9.500193 0.842759
0.6512228 9.232041 0.9959879
0.4213795 9.155427 0.9576807
0.26815057 9.155427 0.9193734
0.15322891 9.576807 1.1109096
0.38307226 10.074801 1.6089036
0.6895301 10.572795 2.1068976
0.91937345 10.91756 2.2984338
1.0342951 10.955867 2.1068976
0.9576807 10.955867 1.685518
0.68953 10.802638 1.3024458
0.34476504 10.534488 1.1875241
0.15322891 10.228029 1.3790603
0.038307227 10.0748005 1.838747
0.038307227 10.036493 2.336741
0.26815057 10.266336 2.6431987
0.49799392 10.687716 2.7964277
0.6895301 10.955867 2.7198133
0.88106626 11.147403 2.7581205
0.842759 11.224017 2.873042
0.6895301 11.070788 3.1794996
0.42137948 10.76433 3.562572
0.15322891 10.113108 3.9073372
-0.19153613 9.308657 4.0222588
-0.49799392 8.657433 3.9456444
-0.7278373 8.236053 3.8307228
-0.842759 8.197746 3.677494
-0.6512228 8.465897 3.7924156
-0.34476507 8.734048 3.6774936
0.038307227 9.078814 3.2561142
0.22984336 9.653421 2.719813
0.2681506 10.304644 2.2601264
0.038307227 10.917561 1.8770542
-0.38307226 11.377247 1.9536686
-0.91937345 11.453861 2.3750482
-1.5705962 11.224017 2.9496565
-2.1068974 10.91756 4.098873
-2.4133554 10.726024 5.324704
-2.4133554 10.611102 5.9759274
-2.1068974 10.726024 5.8226986
-1.5705963 11.18571 4.9416323
-0.9576807 11.836933 3.6391866
-0.4213795 12.794615 2.719813
-0.076614454 13.67568 2.4133554
0.038307227 14.250288 2.4133554
-0.11492168 14.326902 2.7581203
-0.4213795 14.020445 3.1028852
-0.8044518 13.522451 3.371036
-1.1492168 12.986151 3.7541082
-1.3790601 12.679692 3.9839516
-1.4556745 12.564771 4.0222588
-1.3407528 12.679692 3.8307228
-1.2641385 12.871228 3.6008792
-1.2258313 13.101072 3.6008792
-1.3024458 13.062765 3.5242648
-1.493982 12.947844 3.7924154
-1.6089035 12.718 4.0222588
-1.685518 12.334928 4.1371803
-1.7238252 12.028469 4.3287163
-1.7238252 11.568783 4.3287163
-1.685518 11.147404 4.3287163
-1.6089035 10.955868 4.2137947
-1.4173675 10.802638 4.0222588
-1.1875241 10.879252 3.7924156
-0.9576807 10.994174 3.4093432
-0.80445176 10.91756 3.1411927
-0.6512228 10.91756 3.1411927
-0.5746084 10.802638 3.1411927
-0.53630114 10.6877165 3.2944214
-0.45968673 10.611102 3.1794999
-0.45968673 10.457873 3.026271
-0.4213795 10.266337 3.026271
-0.38307226 10.0748005 3.0645783
-0.42137948 9.768343 3.217807
-0.45968673 9.461885 3.2944214
-0.57460845 9.11712 3.2561142
-0.7278373 8.810662 3.1411924
-0.7661445 8.619126 3.0262709
-0.80445176 8.542512 2.873042
-0.80445176 8.580819 2.7581203
-0.84275895 8.619126 2.719813
-0.9193734 8.772355 2.7964275
-1.0342951 8.963891 2.9879637
-1.187524 9.155427 3.2944214
-1.3024457 9.385271 3.524265
-1.4939818 9.500193 3.7924156
-1.7238252 9.500193 3.9839516
-1.9919759 9.423578 3.9456444
-2.2601266 9.232042 3.9073372
-2.4516628 9.078813 3.6391866
-2.48997 9.002198 3.2944214
-2.4516625 9.002198 2.9879637
-2.2984335 9.232041 2.719813
-2.0685902 9.576807 2.681506
-1.9919758 9.959879 2.834735
-2.030283 10.304644 3.1028855
-2.2601264 10.342951 3.3327286
-2.681506 10.151415 3.6391864
-3.064578 9.768343 3.7158008
-3.371036 9.308657 3.8307228
-3.5242648 9.078814 3.9073372
-3.4859574 9.078814 3.7541084
-3.3327286 9.308657 3.677494
-3.0645783 9.615114 3.4476504
-2.7581203 9.80665 3.2178073
-2.528277 9.921572 3.0645783
-2.375048 9.844957 2.873042
-2.2601264 9.615114 2.7964275
-2.2218192 9.423578 2.7581203
-2.1452048 9.232041 2.681506
-2.0685902 9.078813 2.719813
-2.030283 9.155427 2.7581205
-1.9536686 9.193734 2.873042
-1.9536686 9.2703495 3.064578
-1.8770541 9.461885 3.2178073
-1.7621324 9.653421 3.2944217
-1.7238252 9.959879 3.2178073
-1.6089035 10.113108 3.1028855
-1.6089035 9.998186 2.9496565
-1.6855179 9.730036 2.7964275
-1.6855179 9.346964 2.8347347
-1.7238252 9.193735 2.911349
-1.7621324 9.232042 3.217807
-1.8004398 9.2703495 3.6008792
-1.7621324 9.2703495 3.715801
-1.685518 9.078813 3.6774938
-1.4939818 8.925584 3.409343
-1.1492168 8.925584 2.9496562
-0.842759 9.155427 2.6431985
-0.61291564 9.461885 2.4899697
-0.49799395 9.80665 2.4133554
-0.5363012 9.998186 2.4133554
-0.6895301 9.883265 2.4899697
-0.80445176 9.653421 2.681506
-0.88106626 9.385271 2.9113493
-0.842759 9.308657 3.2561142
-0.7278373 9.308657 3.2944214
-0.61291564 9.385271 3.064578
-0.49799398 9.385271 2.719813
-0.4213795 9.308657 2.4133554
-0.30645782 9.308657 2.336741
-0.07661445 9.346964 2.4133554
0.2681506 9.500193 2.4516625
0.61291564 9.691729 2.3750482
0.842759 9.883265 2.2601264
0.9576807 10.0748005 1.9919758
0.91937345 9.959879 1.7621324
0.7661446 9.500193 1.5705963
0.5363012 8.925584 1.6855179
0.30645782 8.274361 2.0685902
0.15322891 7.929596 2.681506
0.15322891 8.0445175 3.2944214
0.38307226 8.465897 3.4476504
0.7278373 9.040505 3.371036
1.1492168 9.576807 2.9496565
1.5705963 9.998186 2.3750482
1.8004397 10.266336 1.9919758
1.7621324 10.266336 1.6855179
1.4556746 10.036493 1.6855179
0.9959879 9.615114 2.0685902
0.61291564 9.078814 2.528277
0.49799395 8.848969 2.9879637
0.61291564 8.887277 3.3327289
0.842759 9.11712 3.2944217
1.1109097 9.461885 2.9879637
1.3024458 9.691729 2.5665843
1.4556746 9.80665 2.1068976
1.532289 9.921572 1.9153614
1.5705963 10.036493 1.9536686
1.5705963 9.998186 2.183512
1.532289 9.959879 2.3750482
1.532289 9.844957 2.4516625
1.5705963 9.653421 2.3750482
1.6472108 9.691729 2.2601264
1.7238252 9.844957 2.2984335
1.7238252 9.998186 2.2601264
1.5705963 10.036493 2.3367407
1.3790601 9.921572 2.4516625
1.187524 9.691729 2.4516625
1.0726024 9.500193 2.6048915
1.1109096 9.5385 2.834735
1.1492169 9.653421 2.9879637
1.1492169 9.80665 3.1028852
1.0726023 9.883265 2.9879637
0.91937345 9.80665 2.8347347
0.7278373 9.576807 2.7581203
0.49799395 9.308657 2.719813
0.30645782 9.11712 2.834735
0.19153613 9.040505 2.9113493
0.15322891 9.155428 2.9496565
0.22984336 9.346964 2.873042
0.34476507 9.615114 2.719813
0.38307226 9.844957 2.566584
0.38307226 9.883265 2.3367407
0.38307226 9.883265 2.2984335
0.15322891 9.691729 2.3367407
-0.038307227 9.500193 2.3367407

