-0.22984336 9.500193 2.3367407
-0.45968673 9.346964 2.2218192
-0.9959879 9.500193 3.2178073
-0.6512229 9.80665 3.1795
-0.22984336 10.304644 2.834735
0.11492168 10.955867 2.4899697
0.5746084 11.530476 2.4516625
0.5363012 12.028469 2.4133554
0.5746084 12.373234 2.8347347
0.61291564 12.603077 3.3327286
0.6512228 12.679692 3.7541082
0.6512228 12.679692 4.098873
0.6512228 12.717999 4.252102
0.61291564 12.679692 4.290409
0.49799395 12.641385 4.4436383
0.30645782 12.411541 4.6351743
0.0 12.143391 5.0182467
-0.2681506 11.9135475 5.554548
-0.38307226 11.645397 5.899313
-0.38307226 11.415554 6.0142345
-0.2681506 11.415554 6.0525417
0.07661445 11.722012 5.93762
0.4213795 12.066776 5.899313
0.7278373 12.258312 5.7460837
0.842759 11.951855 5.3247046
0.57460845 11.33894 4.673482
0.22984336 10.840946 4.0988736
-0.076614454 10.534487 3.9073372
-0.22984336 10.381258 3.7924156
-0.15322891 10.189722 3.7541082
-0.11492168 9.844957 3.5625722
-0.19153613 9.461885 3.1028855
-0.34476504 9.2703495 2.681506
-0.45968673 9.232042 2.3750482
-0.45968673 9.308657 2.3750482
-0.30645782 9.500193 2.6431987
-0.11492168 9.576807 3.0262709
-0.038307227 9.500193 3.4093432
-0.076614454 9.385271 3.4476504
-0.22984335 9.2703495 3.1794996
-0.38307226 9.193734 2.873042
-0.5746084 9.11712 2.566584
-0.8044518 8.848969 2.3750482
-1.0342951 8.465897 2.2984335
-1.3024457 8.0445175 2.4133554
-1.4173673 7.8529816 2.719813
-1.2641385 8.0445175 3.1028852
-0.9193735 8.542512 3.5242648
-0.4213795 9.155428 3.6008792
0.038307227 9.615114 3.4093432
0.30645782 9.844957 2.9879637
0.38307226 9.730036 2.5665843
0.30645782 9.423578 2.2984338
0.0 9.078813 2.183512
-0.38307226 8.542512 2.2601264
-0.7278373 8.121132 2.3367407
-0.91937345 7.929596 2.375048
-0.842759 8.082825 2.4516625
-0.6512229 8.465897 2.4516625
-0.49799395 8.734048 2.336741
-0.45968673 8.810662 2.1452048
-0.49799395 8.542511 1.7621324
-0.53630114 8.159439 1.3407528
-0.57460845 7.8912888 1.0342951
-0.6512228 7.584831 1.0342951
-0.842759 7.316681 1.1875241
-1.1109096 7.125144 1.5705962
-1.3790601 7.0485296 2.183512
-1.5705963 7.31668 2.7581205
-1.685518 7.661445 3.2944217
-1.7238252 7.967903 3.6008794
-1.685518 8.0445175 3.4859576
-1.5705963 7.8146744 2.7964275
-1.3790601 7.4699097 1.8387468
-1.2258313 7.2783737 0.842759
-1.1875241 7.2017584 -0.03830722
-1.1875241 7.278373 -0.30645782
-1.2641385 7.5465236 0.03830722
-1.2641385 7.8912888 0.8810662
-1.2258313 8.159439 2.0685902
-1.3024458 8.159439 2.9879637
-1.3790603 7.929596 3.2561145
-1.4939818 7.4316025 2.7964277
-1.6089036 7.086837 1.8387469
-1.5705962 6.9719152 0.9959879
-1.4173673 6.9719152 0.53630114
-1.2641385 7.0485296 0.53630114
-0.9576807 7.163451 0.9576807
-0.68953013 7.31668 1.3024458
-0.45968673 7.5465236 1.6089036
-0.2681506 7.699753 1.8004397
-0.22984335 7.6614456 1.685518
-0.19153613 7.508217 1.5322891
-0.15322891 7.04853 1.3024458
-0.15322891 6.780379 1.1109096
-0.11492168 6.5505357 1.1109096
-0.076614454 6.435614 1.1875241
0.0 6.5505357 1.2641385
0.19153613 6.62715 1.3407528
0.4596867 6.780379 1.3790603
0.6895301 6.8953004 1.4556746
0.80445176 6.9719152 1.5705965
0.8810662 6.9719152 1.6472108
0.8810662 6.7803793 1.6089036
0.80445176 6.512229 1.3407528
0.80445176 6.244078 0.95768064
0.80445176 6.0142345 0.5746084
0.80445176 5.899313 0.34476504
0.95768064 5.899313 0.49799395
1.0342951 6.1674633 0.80445176
1.0342951 6.550536 1.1875241
1.1109096 7.0102224 1.493982
1.1875241 7.2783737 1.3790601
1.3790601 7.2400665 1.0726023
1.4939818 7.125144 0.38307226
1.532289 6.933608 -0.11492171
1.4173675 6.933608 -0.19153616
1.1875241 6.9719152 0.03830722
1.0342951 7.0102224 0.6512228
0.8044518 7.163451 1.1109096
0.61291564 7.508217 1.340753
0.53630114 7.967903 1.1875241
0.6512228 8.350975 0.7278373
0.9193734 8.619126 -0.038307227
1.187524 8.734048 -0.8810662
1.2641385 8.6574335 -1.4173675
1.0342951 8.542511 -1.6472108
0.5746084 8.504204 -1.4173675
0.11492168 8.236053 -0.91937345
-0.2681506 8.121132 -0.34476504
-0.49799395 8.082825 0.2681506
-0.4213795 8.121132 0.57460845
-0.34476504 8.465897 0.61291564
-0.19153613 8.887276 0.2681506
-0.038307227 9.385271 -0.114921674
0.038307227 9.768343 -0.45968673
0.19153613 9.959879 -0.6512228
0.34476504 9.998186 -0.49799395
0.49799395 9.844957 -0.22984335
0.45968673 9.730036 0.22984338
0.22984335 9.500193 0.6895301
-0.11492168 9.308656 1.0342951
-0.5363012 9.193734 1.2258313
-0.7661445 9.11712 1.3024457
-0.6895301 9.385271 1.3407528
-0.34476504 9.768343 1.3790601
0.11492168 10.228029 1.4939818
0.49799395 10.611102 1.5705963
0.61291564 10.6877165 1.6089035
0.38307226 10.457872 1.6472107
-0.038307235 9.998186 1.6855179
-0.61291564 9.500193 1.6472107
-1.1492169 9.193735 1.6089035
-1.5322891 9.155428 1.6472108
-1.685518 9.461885 1.6472108
-1.7621325 9.921572 1.9153614
-1.8004397 10.266336 2.2601266
-1.9153614 10.381258 2.5665843
-2.1452048 10.266336 2.6048915
-2.2601264 9.959879 2.336741
-2.3367407 9.653421 1.9536686
-2.2218192 9.423578 1.4556746
-1.9919758 9.193735 1.0726023
-1.7238252 9.078813 1.0726023
-1.4939818 9.232041 1.2641385
-1.532289 9.653421 1.7238252
-1.8004397 10.228029 2.3367407
-2.2218194 10.955867 2.681506
-2.6431987 11.415554 2.873042
-2.9496565 11.568783 2.7581203
-3.1028852 11.453861 2.6048913
-3.1794999 11.032481 2.4516625
-3.1794999 10.611101 2.4899697
-3.0645783 10.228029 2.7581205
-2.873042 10.0748005 2.9879637
-2.6431987 10.151415 3.2561145
-2.3750482 10.381258 3.3327289
-2.0685902 10.840945 3.1794999
-1.8004396 11.300632 2.9496565
-1.6089035 11.722012 2.7964275
-1.6472107 11.951855 2.7581203
-1.9153614 11.836933 2.7964275
-2.2601264 11.60709 3.0262709
-2.5665843 11.415554 3.217807
-2.719813 11.377247 3.3327286
-2.6815057 11.568783 3.6008792
-2.6048913 11.760319 3.7924154
-2.6048913 11.836933 3.86903
-2.6048913 11.87524 3.9456444
-2.6048913 11.87524 4.0222588
-2.6048913 11.951855 4.1371803
-2.4899697 12.181698 4.367024
-2.3750482 12.488155 4.5968676
-2.2601264 12.641384 4.520253
-2.183512 12.794614 4.3287168
-2.183512 12.641384 4.0222588
-2.2601264 12.334927 3.8307228
-2.4899697 12.028469 3.9839516
-2.7581203 11.568783 4.2137947
-2.9496565 11.224017 4.55856
-2.9879637 10.879252 4.7884035
-2.9496565 10.726024 4.903325
-2.834735 10.649409 4.8267107
-2.719813 10.6877165 4.6351743
-2.6048915 10.6877165 4.4053307
-2.528277 10.611102 4.060566
-2.4516625 10.649409 3.8307228
-2.4133554 10.534488 3.7924156
-2.4899697 10.496181 3.8307228
-2.5665843 10.457872 3.8307228
-2.6431987 10.228029 3.9456444
-2.681506 9.998186 3.9456444
-2.6431987 9.768343 3.9073372
-2.566584 9.615114 4.060566
-2.4899697 9.500193 4.0222588
-2.4516625 9.423578 3.9839516
-2.528277 9.308657 3.86903
-2.681506 9.078813 3.677494
-2.873042 8.925584 3.677494
-3.1028855 8.772355 3.86903
-3.2561142 8.695741 4.1754875
-3.3327289 8.695741 4.4436383
-3.371036 8.695741 4.55856
-3.3327289 8.734048 4.4436383
-3.2178073 8.6574335 4.1371803
-3.1411927 8.695741 3.86903
-3.064578 8.734048 3.7541084
-2.9496565 8.887277 3.6391869
-2.873042 9.193735 3.7924156
-2.7198133 9.423578 3.86903
-2.528277 9.653421 3.9456444
-2.336741 9.80665 4.060566
-2.1835117 9.883265 3.9073372
-2.0685902 9.921572 3.7924156
-2.030283 9.959879 3.6008792
-2.1068974 9.921572 3.4476504
-2.2601264 9.80665 3.6008792
-2.4133554 9.653421 3.7924154
-2.5282772 9.461885 4.0222588
-2.6431987 9.193735 4.098873
-2.6431987 8.925585 3.9456444
-2.566584 8.734048 3.7924156
-2.4516625 8.580819 3.4093432
-2.2601264 8.542512 3.1411924
-2.1068974 8.734048 2.7964277
-1.9919758 8.925585 2.4899697
-1.9919758 9.155428 2.413355
-2.030283 9.423578 2.3367407
-2.0685904 9.5385 2.4516625
-2.1068976 9.576807 2.7198133
-2.1452048 9.5385 2.873042
-2.2218192 9.385271 3.1411924
-2.336741 9.040506 3.2561145
-2.48997 8.772355 3.0645783
-2.48997 8.695741 2.9496565
-2.336741 8.772355 2.6431987
-2.0685902 9.117121 2.2984338
-1.7621324 9.5385 2.183512
-1.4173673 9.883265 1.9919758
-1.1109096 10.228029 1.7238252
-0.9193734 10.572794 1.7238252
-0.8810662 10.649409 1.7238252
-1.1875241 10.457873 1.9919758
-1.685518 9.921573 2.528277
-2.375048 9.078814 3.064578
-2.9113493 8.236054 3.4859576
-3.064578 7.6614456 3.8307228
-2.9496565 7.508217 3.86903
-2.3750482 7.73806 3.6391866
-1.6855179 8.312668 3.371036
-1.1492169 9.040506 2.873042
-0.7661445 9.653421 2.3750482
-0.68953013 9.959879 1.9919758
-0.842759 9.844957 1.6472107
-1.1109097 9.346964 1.4173675
-1.4173675 8.734048 1.3790601
-1.6472108 8.236053 1.4939818
-1.6472108 8.121132 1.8770541
-1.4939818 8.312668 2.4899697
-1.3790603 8.6574335 3.1794999
-1.3024457 9.002198 3.6774938
-1.4173675 9.078813 4.098873
-1.7238252 8.734048 4.1754875
-2.0685902 8.236053 4.098873
-2.4133554 7.8146744 4.098873
-2.6048913 7.4699097 4.060566
-2.4899697 7.6614456 4.213795
-2.1068974 8.197747 4.405331
-1.4556746 8.848969 4.4819455
-0.95768064 9.5385 4.098873
-0.5363012 9.921572 3.4476504
-0.19153613 10.036493 2.9496565
-0.11492168 9.959879 2.5665843
-0.11492168 9.844957 2.6048915
-0.30645782 9.691729 3.1028855
-0.6895301 9.500193 3.562572
-1.0342951 9.346964 4.098873
-1.2258313 9.2703495 4.4819455
-1.1875241 9.308657 4.596867
-0.95768064 9.346964 4.4819455
-0.6895301 9.346964 4.1371803
-0.42137948 9.270349 3.7541082
-0.22984335 9.078813 3.2561142
0.0 8.963891 2.8347347
0.30645782 8.963891 2.4899697
0.6512228 9.040506 2.2601264
1.0342951 9.346964 2.0685902
1.4173675 9.691729 1.9919758
1.7238252 9.998186 1.838747
1.9153614 10.266337 1.6089036
1.9919758 10.342952 1.4939818
1.9536686 10.304645 1.4939818
1.8387469 10.304645 1.685518
1.685518 10.189722 1.9919759
1.5705963 10.0748005 2.1835117
1.493982 10.113108 2.336741
1.4556746 10.113108 2.3750482
1.532289 10.189722 2.3367407
1.685518 10.342951 2.2984335
1.7621324 10.381258 2.1452045
1.8004398 10.381258 2.2218192
1.7621325 10.342951 2.183512
1.5322891 10.228029 2.3750482
1.2641385 10.0748005 2.6048915
1.0342951 9.883265 2.681506
0.84275895 9.80665 2.9113493
0.80445176 9.768343 3.0645783
0.84275895 9.768343 3.1794999
0.84275895 9.844957 3.1794999
0.8810662 9.844957 3.1028855
0.80445176 9.883265 2.987964
0.6895301 9.883265 2.873042
0.49799395 9.768343 2.9113493
0.22984338 9.615114 2.9496565
-0.038307227 9.461885 3.0645783
-0.30645782 9.308657 3.2561142
-0.45968673 9.308657 3.4093432
-0.5363012 9.385271 3.5242648
-0.45968673 9.461885 3.4476504
-0.34476504 9.576807 3.1795
-0.22984336 9.653421 2.7964277
-0.15322891 9.768343 2.4899697
-0.19153613 9.80665 2.2601264
-0.19153613 9.883265 2.183512
-0.22984335 9.959879 2.3367407
-0.30645782 9.998186 2.4899697
-0.38307226 10.151415 2.6431987
-0.49799395 10.036493 2.719813
-0.61291564 9.921572 2.6431987
-0.7278373 9.80665 2.6431987
-0.7661445 9.615114 2.6431987
-0.842759 9.576807 2.681506
-0.9193735 9.500193 2.7581203
-0.9576807 9.423578 2.7581203
-0.9959879 9.346964 2.681506
-0.9576807 9.385271 2.5282772
-0.8044518 9.423578 2.4133554
-0.68953013 9.461885 2.2984335
-0.61291564 9.461885 2.1835117
-0.61291564 9.461885 2.1452045

