-0.61291564 9.500193 2.1452045
-0.61291564 9.500193 2.0685902
-0.61291564 9.461885 2.1068974
-0.57460845 9.461885 2.2218192
-0.6512228 9.385271 2.2218192
-0.9193734 9.691729 2.9113493
-0.6512228 10.649409 2.9496565
-0.26815057 11.645397 2.7581203
7.4505806E-9 12.449848 2.6431985
0.22984336 12.947843 2.6048913
0.15322891 12.794614 2.6048913
0.26815057 12.641385 2.6431987
0.4596867 12.564771 2.719813
0.61291564 12.717999 2.9496565
0.80445176 12.832921 3.2561145
0.842759 12.871228 3.3327289
0.7661445 12.871228 3.3327289
0.6895301 12.564771 3.1411924
0.49799395 12.105084 2.873042
0.34476504 11.722012 2.7198133
0.2681506 11.3006315 2.6048913
0.2681506 11.070788 2.528277
0.34476504 10.91756 2.2984338
0.45968673 10.764331 2.0685902
0.49799398 10.649409 1.7621324
0.45968676 10.381259 1.532289
0.34476507 10.113108 1.6089035
0.11492168 9.80665 1.6472108
-0.076614454 9.385271 1.8004397
-0.30645782 9.155428 1.9153614
-0.49799395 8.925584 1.8770542
-0.68953013 8.734048 1.7621324
-0.91937345 8.695741 1.7238252
-1.1492169 8.504205 1.6472108
-1.340753 8.427589 1.6472108
-1.4173673 8.389282 1.838747
-1.4556745 8.465897 1.991976
-1.3024457 8.848969 2.2601266
-1.1875241 9.117121 2.4133554
-1.1492168 9.346964 2.3367407
-1.1492168 9.346964 2.1068974
-1.2641385 9.155428 1.685518
-1.340753 8.925584 1.3790601
-1.4556746 8.695741 1.187524
-1.6089035 8.465897 1.1492168
-1.8004397 8.274361 1.2258313
-1.9536686 8.197746 1.4173675
-1.8770542 8.274361 1.5322891
-1.2258313 9.002199 1.4939818
-0.95768064 9.232042 1.2258313
-0.8810662 9.11712 0.9959879
-0.9576807 8.734048 0.8810662
-1.0342952 8.350975 0.80445176
-1.0342952 8.197746 0.7278373
-0.9959879 8.159439 0.68953013
-0.9959879 8.0445175 0.5363012
-1.0726024 7.8529816 0.45968673
-1.2641385 7.6614456 0.7278373
-1.4556746 7.699753 1.2258313
-1.4939818 7.929596 1.7238253
-1.340753 8.159439 1.9153614
-1.1492168 8.197746 1.7238252
-1.0342951 7.967903 1.1875241
-1.0342951 7.6614456 0.7661445
-1.2258313 7.469909 0.7661445
-1.4556746 7.3549876 1.0342951
-1.6472108 7.3166804 1.4556746
-1.9153613 7.2783732 1.7621324
-2.1452045 7.201759 1.7238252
-2.2984335 7.201759 1.4556746
-2.3750482 7.201759 1.0342951
-2.2601264 7.201759 0.61291564
-2.0685902 7.2783732 0.30645782
-1.8770542 7.393295 0.22984336
-1.685518 7.469909 0.30645782
-1.685518 7.699753 0.53630114
-1.685518 7.699753 0.6895301
-1.8004396 7.546524 0.6895301
-2.030283 7.3166804 0.6895301
-2.183512 6.895301 0.49799395
-2.2984335 6.703765 0.34476504
-2.2218192 6.5888433 0.19153613
-2.030283 6.6654577 0.038307227
-1.8004397 6.895301 -0.11492168
-1.5705963 7.086837 -0.11492168
-1.340753 7.3166804 0.076614454
-1.1109096 7.6231384 0.38307226
-0.91937345 7.776367 0.9193735
-0.7661445 7.8912888 1.2258313
-0.68953 7.929596 1.340753
-0.5746084 7.73806 1.1875241
-0.4213795 7.5082164 0.7661445
-0.30645782 7.163451 0.3830723
-0.15322891 6.818686 0.076614454
-0.038307227 6.7420716 0.038307227
0.19153613 6.856993 0.11492168
0.49799395 7.125144 0.2681506
0.7661445 7.393295 0.34476504
0.9193734 7.3549876 0.30645782
0.842759 7.201759 0.34476504
0.61291564 6.9719152 0.22984335
0.38307226 6.8186865 0.07661445
0.26815057 6.6654577 -0.2681506
0.26815057 6.512229 -0.61291564
0.42137948 6.4356136 -0.5746084
0.5746084 6.5505357 -0.4213795
0.72783726 6.8186865 -0.038307227
0.7661445 7.1251445 0.22984335
0.6895301 7.3549876 0.11492168
0.5746084 7.393295 -0.038307227
0.49799395 7.431602 -0.30645782
0.5363012 7.546524 -0.5746084
0.7661445 7.699753 -0.5746084
0.9959879 7.8529816 -0.42137948
1.1492169 8.00621 -0.2681506
1.1875241 8.0445175 0.038307227
0.99598795 7.8529816 0.15322891
0.68953013 7.469909 0.11492168
0.30645782 7.125144 0.15322891
-0.03830722 6.933608 0.11492168
-0.26815057 7.086837 0.076614454
-0.26815057 7.393295 0.038307227
-0.11492168 7.6614456 -0.19153613
0.114921674 7.8912888 -0.61291564
0.4213795 8.0445175 -0.95768064
0.6512229 8.159439 -1.2258313
0.6895301 8.236053 -1.1875241
0.61291564 8.350975 -0.91937345
0.30645782 8.580818 -0.5363012
0.076614454 8.963891 -1.4901161E-8
0.0 9.423578 0.34476504
0.038307227 9.615114 0.5746084
0.22984336 9.500193 0.5363012
0.4213795 9.193734 0.11492169
0.5746084 8.887277 -0.30645782
0.61291564 8.6574335 -0.53630114
0.53630114 8.6574335 -0.61291564
0.34476504 8.84897 -0.30645782
0.11492168 9.117121 0.3064578
0.0 9.5385 0.80445176
0.076614454 9.844957 1.4939818
0.30645782 10.228029 1.9536686
0.61291564 10.611102 2.0685902
0.88106626 10.764331 1.9919758
0.88106626 10.6877165 1.4556746
0.4213795 10.074801 0.84275895
-0.34476504 9.232042 0.49799398
-1.187524 8.42759 0.61291564
-1.7621324 7.929596 1.1109097
-1.7621324 8.197746 1.7621325
-1.340753 8.963891 2.1452045
-0.7278373 10.113108 2.2601266
-0.19153613 11.33894 2.4516625
0.038307227 12.028469 2.681506
0.038307227 12.258312 3.0262709
-0.19153611 12.028469 3.2178073
-0.42137948 11.530476 3.1795
-0.53630114 11.262325 2.9496565
-0.61291564 11.109097 2.7581205
-0.49799395 11.070789 2.566584
-0.45968673 11.224018 2.336741
-0.49799395 11.300632 2.183512
-0.53630114 11.33894 2.1068976
-0.6512228 11.377247 2.3750482
-0.7661445 11.33894 2.7581205
-0.842759 11.300632 3.2561145
-0.842759 11.33894 3.6774936
-0.842759 11.60709 3.86903
-0.6895301 11.722012 3.6774938
-0.53630114 11.836933 3.0262709
-0.49799395 11.798626 2.2218192
-0.53630114 11.453861 1.4939818
-0.80445176 11.109096 1.1492169
-1.1109096 10.687716 1.4173675
-1.3790601 10.342951 2.030283
-1.4939818 10.266336 2.6815057
-1.3790601 10.457872 3.3327286
-1.1875241 10.91756 3.715801
-0.91937345 11.492168 3.7924156
-0.7278373 11.9135475 3.8307228
-0.6512228 12.143391 3.8307228
-0.6512228 11.990162 3.6391866
-0.6895301 11.568783 3.4476504
-0.6895301 11.070788 3.217807
-0.6895301 10.649408 2.873042
-0.6512228 10.457872 2.7198133
-0.57460845 10.457872 2.6815062
-0.49799395 10.649409 2.7198133
-0.38307226 10.879252 2.7964277
-0.26815057 11.18571 3.0262709
-0.19153613 11.453861 3.2944217
-0.22984335 11.60709 3.2944217
-0.34476504 11.645397 3.4093432
-0.45968673 11.377247 3.4093432
-0.61291564 11.109097 3.2178073
-0.68953 10.879252 3.141193
-0.68953 10.6877165 3.064578
-0.68953 10.764331 3.0262709
-0.6512228 10.955868 3.1794999
-0.6512228 11.224018 3.4859576
-0.61291564 11.60709 3.6774938
-0.5363012 11.9135475 3.8307228
-0.4596867 12.066776 3.86903
-0.38307226 12.105083 3.7924156
-0.38307226 11.990162 3.7158012
-0.49799395 11.683704 3.6391869
-0.6512228 11.300632 3.562572
-0.842759 10.802638 3.562572
-1.0726023 10.342951 3.6008792
-1.2258313 9.998186 3.6008792
-1.340753 9.883265 3.7158012
-1.3024458 9.959879 3.7924156
-1.2641385 10.113108 3.7541084
-1.1875241 10.266336 3.7541084
-1.1109096 10.266336 3.5242648
-1.1492169 10.151415 3.2561145
-1.2258313 9.921572 3.1411924
-1.4173675 9.691729 3.1411924
-1.6472108 9.461885 3.2944217
-1.8770541 9.346964 3.5242648
-2.0685902 9.346964 3.86903
-2.1835117 9.461885 4.098873
-2.2601264 9.576807 4.1754875
-2.2601264 9.653421 4.2137947
-2.183512 9.730036 3.9839516
-2.1452048 9.691729 3.6774938
-2.1068976 9.691729 3.4859574
-2.1068976 9.691729 3.217807
-2.183512 9.576807 3.1411924
-2.2601266 9.461885 3.2178068
-2.2984338 9.500193 3.4093432
-2.3750482 9.5385 3.6391864
-2.4516625 9.691729 3.7924156
-2.5282772 9.883265 3.7924156
-2.6048915 9.80665 3.6008792
-2.6431987 9.615114 3.4859576
-2.6048915 9.308657 3.371036
-2.4899697 9.002198 3.2944214
-2.336741 8.810662 3.2944214
-2.1452048 8.772355 3.2944214
-1.9919758 8.925584 3.217807
-1.8770542 9.155428 3.217807
-1.8387469 9.385271 3.2944214
-1.8770542 9.615114 3.3327286
-1.9153614 9.653421 3.4476502
-1.9153614 9.5385 3.409343
-1.8387469 9.308657 3.2944214
-1.685518 9.078813 3.1028855
-1.4173675 9.078813 2.9113493
-1.1492169 9.308657 2.9113493
-0.91937345 9.768343 2.9113493
-0.6895301 10.036493 2.9879637
-0.57460845 10.151415 2.9879637
-0.49799398 9.921572 2.9496565
-0.5363012 9.461885 2.9113493
-0.7278373 9.002198 2.9879637
-0.8810662 8.465897 3.217807
-1.0342951 8.197746 3.4476504
-1.0342951 8.121132 3.5625722
-0.8810662 8.389282 3.6008794
-0.7278373 8.772355 3.5242648
-0.5363012 9.078814 3.2561142
-0.38307226 9.346964 2.9113493
-0.22984336 9.423578 2.4516625
-0.15322891 9.423578 2.030283
-0.19153613 9.308657 1.685518
-0.30645782 9.117121 1.6089035
-0.49799395 8.963891 1.7238253
-0.7278373 8.810662 1.8387469
-0.842759 8.810662 2.1452048
-0.9576807 8.848969 2.4133554
-0.9959879 9.002198 2.5282772
-0.8810662 9.308657 2.5282772
-0.72783726 9.615114 2.2218192
-0.49799395 9.998186 1.7238253
-0.38307226 10.113108 1.2641385
-0.38307226 10.036493 0.8810662
-0.49799395 9.80665 0.7661445
-0.53630114 9.576807 1.4939818
-0.38307226 9.921572 3.5625722
-0.34476504 10.189722 4.3287168
-0.34476504 10.228029 4.098873
-0.42137948 9.959879 3.4093432
-0.38307226 9.461885 2.6431987
-0.30645782 9.040505 2.030283
-0.30645782 8.69574 1.8004397
-0.26815057 8.465897 1.8770541
-0.26815057 8.465897 2.221819
-0.22984335 8.734047 2.9879637
-0.26815057 9.155428 3.7158008
-0.22984335 9.5385 4.2521024
-0.22984335 9.768343 4.5202527
-0.19153613 9.576807 4.213795
-0.038307227 9.308657 3.8307228
0.038307227 9.11712 3.4476504
0.11492168 8.848969 3.1794996
0.15322891 8.810662 3.1411924
0.19153613 8.887277 3.1411924
0.22984335 9.002198 3.3327286
0.22984335 9.232042 3.5242648
0.30645782 9.423578 3.562572
0.42137948 9.461885 3.4476504
0.61291564 9.461885 3.1795
0.80445176 9.423578 2.9113493
0.8810662 9.423578 2.7581203
0.91937345 9.385271 2.7581203
0.8810662 9.308657 2.719813
0.91937345 9.346964 2.6048913
1.1492169 9.500193 2.528277
1.3024457 9.768343 2.528277
1.4173675 9.921572 2.6431985
1.4556746 9.921572 2.7198133
1.3407528 9.80665 2.7581205
1.2258313 9.653421 2.7198133
1.3024458 9.615114 2.6048915
1.4556746 9.691729 2.4516625
1.685518 9.768343 2.2984335
1.9919758 9.921572 2.030283
2.2218192 10.113108 1.9153614
2.4133554 10.342951 1.9153614
2.4516625 10.496181 2.0685904
2.3367407 10.457873 2.336741
2.1068974 10.304645 2.5665843
1.877054 10.0748005 2.7964277
1.7238252 9.921572 2.9496565
1.7238252 9.921572 3.1411927
1.8004398 9.998186 3.2944214
1.8004398 10.228029 3.3327286
1.7621325 10.304644 3.2944214
1.6472107 10.381258 3.2561142
1.4173673 10.304644 3.1411924
1.2258313 10.0748005 3.1411924
0.9959879 9.921572 3.2944214
0.7661445 9.615114 3.2561142
0.61291564 9.385271 3.217807
0.4213795 9.193735 3.1411927
0.30645782 9.078813 2.9113493

