0.22984335 9.11712 2.9113493
-0.038307235 9.308657 3.1794999
-0.19153613 9.691729 3.026271
-0.30645782 10.0748005 2.9113493
-0.076614454 10.534488 2.9879637
-0.038307227 10.91756 2.9496565
0.038307227 11.147404 3.0262709
0.11492168 11.453861 3.064578
0.2681506 11.760319 3.1028852
0.45968673 12.143391 3.064578
0.7278373 12.488156 3.0262709
1.0342951 12.871228 2.873042
1.2258313 13.215994 2.873042
1.4173673 13.445837 2.9496565
1.4939818 13.522451 3.1411927
1.5322891 13.484144 3.217807
1.685518 13.445837 3.1028855
1.8004396 13.40753 2.9496565
1.9919758 13.445837 2.7964277
2.1452045 13.40753 2.7198133
2.1835117 13.292607 2.7581205
2.2218192 13.215993 2.7964277
2.1068974 13.062764 2.7964277
1.9536686 12.794614 2.9113493
1.838747 12.449849 2.9113493
1.6472108 12.143391 2.8347347
1.4939818 11.87524 2.8730419
1.3024457 11.798626 2.8730419
1.0726023 11.60709 2.9496562
0.8810662 11.33894 3.064578
0.6512228 11.070788 2.7964275
0.45968673 10.802638 2.528277
0.30645782 10.802638 2.336741
0.15322891 10.955868 2.336741
0.038307227 11.224018 2.6431985
-0.076614454 11.492168 3.1028852
-0.2681506 11.568783 3.4859576
-0.42137948 11.377247 3.6391866
-0.53630114 11.070788 3.562572
-0.6512228 10.726024 3.2944214
-0.61291564 10.419565 2.9113493
-0.5363012 10.419565 2.7198133
-0.5363012 10.419565 2.7581205
-0.5746084 10.381258 2.7964277
-0.7278373 10.304644 2.873042
-1.0342951 9.921572 2.7581203
-1.2641385 9.461885 2.4899697
-1.4556746 9.002199 2.2218192
-1.6472108 8.6574335 1.9919758
-1.7621324 8.542512 1.9919758
-1.9153614 8.427589 2.030283
-1.9919758 8.389282 2.2984335
-1.9153613 8.389282 2.681506
-1.7621324 8.619126 3.1028852
-1.4556745 8.810662 3.3327289
-1.1875241 8.887277 3.1028852
-1.1109096 8.734048 2.6048913
-1.1875241 8.159439 1.8770541
-1.532289 7.6614456 1.3790601
-1.9536686 7.393295 1.3024458
-2.2984338 7.2783732 1.4173675
-2.5282772 7.3549876 1.685518
-2.6048915 7.469909 1.9153614
-2.5665843 7.393295 1.8770541
-2.4899697 7.393295 1.7238252
-2.3750482 7.4699097 1.5705962
-2.2984335 7.4699097 1.4939818
-2.2601264 7.6231384 1.532289
-2.1452048 7.776367 1.8004396
-1.9919758 7.967903 1.9536686
-1.7621324 8.274361 2.0685902
-1.4556746 8.580819 2.030283
-1.3024457 8.848969 1.7238252
-1.2258313 8.925584 1.4939818
-1.3024457 8.887277 1.3407528
-1.532289 8.734048 1.3790601
-1.8004396 8.504205 1.6472108
-2.1068974 8.236053 1.8387468
-2.2601264 7.967903 1.9153614
-2.2601264 7.776367 1.9153614
-1.9919758 7.6614456 1.685518
-1.6089034 7.73806 1.37906
-1.2641385 7.929596 1.1109096
-1.0342951 8.00621 0.9959879
-1.0726024 8.0445175 1.0726023
-1.2641386 8.0445175 1.3407528
-1.5322891 7.776367 1.6855179
-1.8387469 7.6231384 1.8770541
-2.030283 7.4316025 1.9153614
-2.1452045 7.163451 1.8004396
-2.1452045 7.086837 1.685518
-2.030283 7.0102224 1.4173675
-1.8770541 7.0485296 1.2258313
-1.7238252 7.163451 1.0342952
-1.532289 7.3166804 0.7661446
-1.4173673 7.508217 0.7278373
-1.4556746 7.546524 0.80445176
-1.6089036 7.546524 1.1109096
-1.838747 7.508217 1.4173675
-2.0302832 7.3549876 1.6089034
-2.1068976 7.278373 1.5705962
-1.9919758 7.163451 1.2258313
-1.8770542 7.163451 0.8044517
-1.6472108 7.278373 0.45968673
-1.4556746 7.5465236 0.34476504
-1.2641385 7.8912888 0.45968673
-1.0342951 8.350975 0.8044518
-0.842759 8.580819 1.0342951
-0.6512228 8.465897 1.2641385
-0.7278373 8.0445175 1.1492169
-0.842759 7.699753 1.1492169
-0.91937345 7.354988 0.9959879
-0.88106626 7.163451 0.7661445
-0.6512229 7.163451 0.5363012
-0.38307226 7.2017584 0.30645782
0.03830722 7.3549876 0.2681506
0.45968673 7.469909 0.2681506
0.6895301 7.546524 0.2681506
0.84275895 7.546524 0.22984336
0.8044517 7.3932953 0.19153613
0.6512228 7.086837 0.38307226
0.30645782 6.3589993 0.99598783
0.15322891 6.3589993 1.2258313
0.038307227 6.742072 1.1109095
0.0 7.31668 0.80445176
0.15322891 7.8529816 0.57460845
0.34476504 8.082825 0.22984338
0.6512228 8.00621 0.038307227
1.0342951 7.8146744 -0.076614454
1.2641385 7.6231384 -0.22984335
1.2258313 7.584831 -0.38307226
0.9576807 7.73806 -0.45968673
0.49799395 7.8912888 -0.61291564
0.11492168 8.082825 -0.61291564
0.0 8.312668 -0.4213795
-0.038307227 8.465897 -0.49799395
0.0 8.619126 -0.5746084
0.0 8.619126 -0.7661445
-0.038307227 8.542511 -1.1492168
-0.076614454 8.389282 -1.3790603
-0.11492168 8.159439 -1.5322891
-0.11492168 8.121132 -1.6089035
-0.15322891 8.274361 -1.4939818
-0.076614454 8.542511 -1.2641385
0.038307227 8.963891 -0.9576807
0.076614454 9.308657 -0.68953013
0.19153613 9.385271 -0.5363012
0.22984336 9.423578 -0.61291564
0.26815057 9.346964 -0.8044518
0.344765 9.308657 -0.99598795
0.344765 9.385271 -1.1875241
0.344765 9.461885 -1.1875241
0.22984336 9.653421 -1.1492169
0.15322891 9.768343 -1.1109097
0.076614454 9.844957 -0.7661446
-0.038307227 9.80665 -0.5363012
-0.076614454 9.615114 -0.34476507
-0.076614454 9.461885 -0.038307227
-0.076614454 9.270349 0.0
-0.11492168 9.002198 0.038307227
-0.26815057 8.657433 0.0
-0.61291564 8.236053 -0.15322891
-0.9576807 7.8529816 -0.22984336
-1.1875241 7.6614456 -0.038307235
-1.3024458 7.699753 0.38307226
-1.1875241 8.0445175 0.80445176
-0.9576807 8.580818 1.340753
-0.6895301 9.155428 1.6089034
-0.34476504 9.615114 1.5705962
-0.15322891 9.883265 1.3024458
-0.15322891 9.883265 0.68953013
-0.34476504 9.691729 0.038307242
-0.68953013 9.423578 -0.34476507
-1.0342951 9.155428 -0.22984336
-1.3790601 9.078814 0.2681506
-1.6089035 9.155428 0.95768064
-1.8004397 9.385271 1.685518
-1.8770542 9.730036 2.0685904
-1.7621325 10.0748005 2.0685904
-1.5322891 10.304644 1.838747
-1.2258313 10.381258 1.3024458
-0.9959879 10.342951 0.842759
-0.88106626 10.189722 0.61291564
-0.9576807 10.228029 0.5746084
-1.0726024 10.304644 0.8810662
-1.2258313 10.304644 1.2641385
-1.4556746 10.381259 1.6089036
-1.7238252 10.381259 2.030283
-1.9536686 10.457873 2.4133554
-1.9919758 10.802638 2.7581203
-1.8770541 11.109096 3.0262709
-1.4556748 11.492168 2.911349
-1.0342952 11.9135475 2.7964275
-0.7661445 12.105083 2.6431987
-0.6512229 12.181698 2.5665843
-0.842759 12.181698 2.873042
-1.1492168 12.181698 3.217807
-1.4556746 12.220005 3.715801
-1.6472108 12.334927 4.098873
-1.6472108 12.488156 4.3287163
-1.4939818 12.641385 4.252102
-1.2641385 12.794614 3.9073372
-1.0342951 12.947843 3.4859576
-0.99598795 13.177686 3.3327289
-1.0726023 13.369222 3.5242648
-1.3024457 13.484143 3.715801
-1.8770542 13.292607 4.2137947
-2.1452048 12.794614 4.0222588
-2.2601264 12.296619 4.0222588
-2.336741 11.836933 3.9839516
-2.4133554 11.492168 3.9456444
-2.4133554 11.415554 4.0222588
-2.4899697 11.492168 4.060566
-2.5282772 11.530476 3.9456444
-2.5665843 11.645397 3.86903
-2.7581205 11.645397 3.7541082
-3.1028852 11.415554 3.7924156
-3.2944217 11.109097 3.9073372
-3.371036 10.726024 4.1371803
-3.4859576 10.304644 4.252102
-3.4859576 9.998186 4.1371803
-3.4476504 9.844957 4.1371803
-3.2944217 9.998186 3.9073372
-3.1028852 10.228029 3.7541082
-2.9496565 10.342951 3.6774936
-2.834735 10.457872 3.5242648
-2.834735 10.266336 3.3327289
-2.834735 10.036493 3.256114
-2.873042 9.844957 3.2178068
-2.9113493 9.576807 3.1028852
-2.834735 9.576807 3.2178068
-2.7198133 9.691729 3.2178068
-2.6048913 9.844957 3.2944217
-2.528277 9.959879 3.3327289
-2.5282772 9.80665 3.4476504
-2.5282772 9.615114 3.4859576
-2.48997 9.461885 3.4859576
-2.336741 9.5385 3.4476504
-2.1452048 9.730036 3.4093432
-1.9536686 9.883265 3.371036
-1.9153614 9.959879 3.3327289
-1.9536686 9.921572 3.4093432
-1.9536686 9.691729 3.4476504
-1.9919758 9.461885 3.5242648
-1.9919758 9.232042 3.562572
-1.9536686 9.040506 3.4476504
-1.9536686 8.963891 3.3710358
-1.9536686 8.963891 3.2944214
-1.9153614 8.963891 3.2944214
-1.9536686 8.963891 3.4093432
-2.030283 8.963891 3.524265
-2.1452045 8.925584 3.715801
-2.1068974 8.963891 3.8307228
-2.030283 9.040505 3.86903
-1.8387469 9.232042 3.715801
-1.5322891 9.615114 3.2944214
-1.3024458 9.959879 2.9113493
-1.1492168 10.113108 2.4516625
-1.1875241 10.036493 2.1452048
-1.5322891 9.653421 2.2218192
-1.9536685 9.11712 2.4516625
-2.2984338 8.69574 2.9496565
-2.4899697 8.465897 3.371036
-2.2984335 8.580818 3.4859576
-1.9536686 8.887277 3.3327289
-1.6089034 9.193735 2.873042
-1.3407528 9.385271 2.3750482
-1.3024457 9.346964 2.0685902
-1.4173675 9.078814 2.1068974
-1.7621324 8.465897 2.834735
-1.8387469 8.159439 3.1028852
-1.8387469 8.0445175 3.064578
-1.7621324 8.159439 2.9879637
-1.5705962 8.389282 2.7964277
-1.3407528 8.810662 2.681506
-1.1875241 9.11712 2.681506
-1.1492169 9.193734 2.6048915
-1.2258313 9.078813 2.719813
-1.340753 8.772354 2.9113493
-1.4173673 8.274361 2.9496565
-1.2641385 8.236053 2.873042
-1.1109096 8.465897 2.6048915
-0.8810662 8.848969 2.4899697
-0.6895301 9.2703495 2.3750482
-0.5363012 9.5385 2.2984338
-0.4213795 9.5385 2.4133554
-0.4213795 9.308657 2.566584
-0.5363012 8.925584 2.7964277
-0.6895301 8.6574335 3.064578
-0.80445176 8.465898 3.1411924
-0.6512229 8.465898 3.064578
-0.114921674 9.117121 2.528277
0.22984336 9.576807 2.2601264
0.26815057 9.883265 2.2601264
0.15322891 9.883265 2.4516625
-0.11492168 9.5385 2.7198133
-0.45968673 9.117121 3.141193
-0.61291564 8.734048 3.371036
-0.53630114 8.42759 3.4476504
-0.38307226 8.274361 3.3327286
-0.15322891 8.159439 3.1411927
0.0 8.389282 2.9879637
0.19153613 8.848969 3.026271
0.34476504 9.500193 3.141193
0.3830723 10.151415 3.3327289
0.19153613 9.998186 3.2944217
0.076614454 9.5385 3.2561142
-0.076614454 9.155428 3.1794996
-0.19153613 8.925584 3.1794996
-0.076614454 8.887277 3.1028852
0.038307227 9.193735 3.1028852
0.4213795 9.768343 3.2944214
0.7278373 10.342951 3.6774938
0.842759 10.76433 4.0988736
0.7661446 10.840944 4.367024
0.49799395 10.457872 4.405331
0.3064578 10.0748005 4.1754875
0.38307226 9.691729 3.7158012
0.5746084 9.768343 3.5242648
0.6512228 9.768343 3.2561145
0.6512228 9.730036 3.217807
0.61291564 9.653421 3.2561142
0.61291564 9.653421 3.4093432
0.6512228 9.730036 3.6391866
0.7278373 9.80665 3.6391866
0.7661445 9.80665 3.6008794
0.7661445 9.80665 3.5242648
0.72783726 9.80665 3.4476504
0.6512228 9.730036 3.5242648
0.5746084 9.730036 3.409343
0.49799398 9.653421 3.2944214
0.49799398 9.576807 3.217807
0.5363012 9.653421 3.064578
0.61291564 9.730036 2.9879637
0.7661446 9.921572 2.9879637
0.88106626 10.151415 2.873042
0.91937345 10.381258 2.873042
0.8810662 10.496181 2.834735
0.7278373 10.457873 2.7581203
0.53630114 10.304645 2.834735
0.42137948 10.113108 2.9496567
0.3064578 9.998186 3.1028857
0.19153613 9.883265 3.2561145
0.038307227 9.80665 3.5242648
-0.11492168 9.653421 3.4859576
-0.22984336 9.615114 3.4859576
-0.26815057 9.691729 3.562572
-0.22984336 9.844957 3.4093432
-0.11492168 10.036493 3.371036
-0.038307227 10.113108 3.3327286
-0.076614454 10.036493 3.1028852
-0.34476504 9.730036 2.9879637

