-0.53630114 9.576807 2.9879637
-0.6895301 9.500193 3.1794999
-0.84275895 9.423578 3.4476502
-0.8810662 9.308657 3.4859576
-0.84275895 9.2703495 3.1794996
-0.5746084 9.730036 3.3327286
-0.30645782 10.22803 3.6008792
-0.038307235 10.802638 4.0222588
0.38307226 11.453861 3.9073372
0.4596867 11.683704 3.7541082
0.5746084 11.836933 3.6391866
0.6512228 12.028469 3.5625722
0.6512228 12.258313 3.6008794
0.6895301 12.449849 3.7924156
0.6895301 12.756307 3.9456444
0.72783726 12.909535 4.1754875
0.7661445 12.98615 4.2904096
0.7661445 13.062764 4.405331
0.7278373 12.909535 4.2521024
0.68953 12.641384 3.9839516
0.61291564 12.373234 3.6391866
0.57460845 12.143391 3.3327289
0.61291564 12.066776 3.371036
0.6512228 12.143391 3.4859576
0.7661446 12.181698 3.907337
0.842759 12.181698 4.3287163
0.8044518 12.028469 4.596867
0.7278373 11.798626 4.673482
0.68953013 11.568783 4.4819455
0.57460845 11.453861 4.1371803
0.45968673 11.33894 3.9073372
0.42137948 11.147403 3.86903
0.30645782 10.994174 4.0222588
0.22984335 10.726024 4.3287163
0.22984335 10.534488 4.4819455
0.19153613 10.534488 4.596867
0.15322891 10.572795 4.711789
0.19153613 10.572795 4.711789
0.19153613 10.49618 4.4819455
0.076614454 10.381258 4.1754875
-0.15322888 10.228029 3.677494
-0.45968673 10.0748005 3.1794999
-0.7278373 9.921572 2.9496565
-0.88106626 9.730036 2.834735
-0.88106626 9.615114 2.873042
-0.842759 9.615114 3.1028855
-0.80445176 9.80665 2.9496565
-0.84275895 9.80665 2.681506
-1.0342951 9.500193 2.3367407
-1.4173675 9.040506 1.9536686
-1.8004396 8.465898 2.030283
-2.1452045 8.159439 2.2984338
-2.3367407 8.082825 2.6431985
-2.2218192 8.274361 2.873042
-2.030283 8.580818 2.9879637
-1.8004396 8.810661 2.9496565
-1.685518 8.887277 2.681506
-1.685518 8.734048 2.4133554
-1.8004397 8.465897 2.1452048
-1.8004397 8.312668 1.9919758
-1.6472107 8.427589 1.9919758
-1.4939818 8.619126 2.1452048
-1.3024457 8.810662 2.183512
-1.2641385 8.772354 2.183512
-1.4556746 8.504204 2.0685902
-1.7621324 8.121132 1.7621324
-1.9536686 7.8912888 1.8004396
-2.030283 7.8529816 1.8004396
-1.9536686 7.967903 1.838747
-1.7621324 8.159439 1.9536686
-1.6472107 8.121132 1.838747
-1.6089035 8.082825 1.685518
-1.6089035 7.929596 1.6472108
-1.5705963 7.776367 1.5705962
-1.5705963 7.8529816 1.4939818
-1.6472107 7.929596 1.6089035
-1.6855179 8.082825 1.8770542
-1.7621324 8.274361 2.183512
-1.7621324 8.350975 2.6048915
-1.6472107 8.274361 2.7581203
-1.532289 8.159439 2.528277
-1.4173673 8.00621 2.183512
-1.4173673 7.8529816 1.8004397
-1.4173673 7.8529816 1.6089035
-1.3790601 7.967903 1.685518
-1.2258313 8.159439 1.9153613
-1.0342951 8.389282 2.030283
-0.91937345 8.465897 1.9536686
-0.8810662 8.350975 1.685518
-0.9959879 8.0445175 1.2641385
-1.1875241 7.6231384 0.9193734
-1.4173673 7.2400656 0.7278373
-1.6855179 6.9719152 0.61291564
-1.9536685 6.8186865 0.7278373
-2.0685902 6.8569937 0.9193735
-1.9919758 7.1251445 1.1109096
-1.8004396 7.3932953 1.2641385
-1.532289 7.546524 0.9959879
-1.3790601 7.508217 0.4596867
-1.340753 7.2400656 -0.07661444
-1.3790601 7.086837 -0.4213795
-1.4556746 7.125144 -0.30645782
-1.5705963 7.201759 0.22984335
-1.685518 7.3549876 0.7661445
-1.6472108 7.3549876 1.340753
-1.4556746 7.3166804 1.685518
-1.0726024 7.393295 1.7238252
-0.6895301 7.4699097 1.685518
-0.4596867 7.4699097 1.4173673
-0.344765 7.354988 0.95768064
-0.344765 7.125145 0.42137948
-0.344765 6.8569937 -0.114921674
-0.30645782 6.742072 -0.57460845
-0.19153613 6.703765 -0.68953013
-0.038307227 6.5122285 -0.34476507
0.19153613 6.3589997 0.11492168
0.4596867 6.244078 0.5746084
0.7661445 6.2057705 0.7278373
1.0726023 6.3973064 0.5363012
1.2641385 6.6654577 0.2681506
1.340753 6.703765 0.076614454
1.340753 6.550536 -0.038307227
1.3024458 6.2823853 -0.2681506
1.2641386 6.0525417 -0.57460845
1.2641386 5.9759274 -0.7661446
1.2258313 6.090849 -0.80445176
1.3024458 6.5122285 -0.4596867
1.3790601 6.9719152 0.03830722
1.532289 7.431602 0.26815057
1.4556746 7.6231384 0.22984335
1.1492168 7.6231384 -2.2351742E-8
0.5363012 7.240066 -0.3830723
0.4213795 7.3166804 -0.22984336
0.5363012 7.393295 -0.11492168
0.68953013 7.469909 -0.30645782
0.88106626 7.469909 -0.7278373
0.99598795 7.3549876 -1.2641385
0.88106626 7.3166804 -1.8004396
0.68953013 7.3932953 -1.8387468
0.49799395 7.6614456 -1.4173675
0.34476504 8.197746 -0.6512229
0.30645782 8.580818 0.34476507
0.38307226 8.963891 1.1492168
0.49799395 9.155427 1.5705963
0.6895301 9.11712 1.6089035
0.91937345 9.002198 1.3024457
1.0342951 8.810662 0.68953
1.1492169 8.848969 0.15322891
1.2258313 9.040505 -0.11492169
1.2641386 9.461885 0.07661444
1.340753 10.036493 0.7661445
1.3790601 10.49618 1.8387469
1.3790601 10.917559 2.8347347
1.3790601 11.070788 3.2561142
1.2258313 10.840945 3.1028855
0.9193734 10.22803 2.183512
0.4596867 9.193735 1.0726023
-0.15322894 8.389283 0.5363012
-0.61291564 7.8912888 0.7278373
-0.7661446 7.967903 1.6472107
-0.6512229 8.619125 2.7964275
-0.22984338 9.38527 3.5242648
0.34476504 10.266336 3.7924154
0.8044517 11.032481 3.8307228
1.1492168 11.492168 3.8307228
1.1875241 11.60709 3.9839516
0.8810662 11.415554 4.1371803
0.49799395 11.070788 4.1754875
0.114921674 10.994174 4.060566
0.0 11.453861 3.3327289
0.11492168 11.798626 2.987964
0.2681506 11.951855 2.681506
0.30645782 12.181698 2.6431987
0.26815057 12.258312 2.6048915
0.076614454 12.449849 2.6431987
-0.34476507 12.5264635 2.834735
-0.80445176 12.488156 2.9496565
-1.1875241 12.334927 3.2561142
-1.4939818 12.143391 3.6008792
-1.6472107 11.990162 3.715801
-1.8004396 11.798626 3.9073372
-1.9153614 11.683704 3.9073372
-1.9919758 11.492168 4.0222588
-1.9536686 11.492168 4.1371803
-1.8004397 11.722012 4.290409
-1.7238252 12.028469 4.367024
-1.6089035 12.449849 4.252102
-1.6089035 12.717999 4.252102
-1.6472108 12.717999 4.1371803
-1.5705965 12.641385 3.9456444
-1.532289 12.488155 3.7924154
-1.4173675 12.220005 3.6774938
-1.2641385 12.028469 3.562572
-1.1109096 11.760319 3.4476504
-0.7661445 11.262325 3.2944217
-0.61291564 11.070789 3.2561145
-0.5363012 11.032481 3.2944217
-0.49799395 11.070789 3.1794996
-0.45968673 11.185711 3.2178073
-0.49799395 11.300632 3.3327289
-0.5363012 11.300632 3.4859576
-0.57460845 11.147403 3.7158012
-0.6512228 10.994174 3.86903
-0.6512228 10.764331 3.7541084
-0.68953 10.611102 3.6391869
-0.7278373 10.572795 3.4859576
-0.7661445 10.572795 3.371036
-0.842759 10.649409 3.3327286
-0.88106626 10.6877165 3.3710358
-0.91937345 10.649409 3.4859574
-0.9959879 10.534488 3.6008792
-1.1109096 10.381258 3.7924154
-1.1875241 10.189722 3.7924154
-1.2641385 10.0748005 3.6391864
-1.3024458 9.921572 3.5242648
-1.3024458 9.844957 3.4093432
-1.340753 9.80665 3.6008792
-1.3790601 9.844957 3.86903
-1.3024458 9.959879 3.9456444
-1.2258313 10.113108 3.9839516
-1.1492168 10.304644 3.7541084
-1.0726024 10.304644 3.5625722
-1.0726024 10.228029 3.524265
-1.1109097 10.036493 3.524265
-1.2258313 9.80665 3.5625722
-1.3024457 9.691729 3.6008794
-1.4173675 9.615114 3.6008794
-1.532289 9.5385 3.6391866
-1.6089036 9.461885 3.7541082
-1.7238252 9.308657 3.8307228
-1.838747 9.193735 3.86903
-1.8770542 9.2703495 3.8307228
-1.8387469 9.385271 3.6391866
-1.8387469 9.615114 3.4476504
-1.8387469 9.768343 3.371036
-1.8770541 9.653421 3.2561142
-1.9919758 9.500193 3.2944214
-2.1068974 9.232041 3.4476502
-2.2218192 9.040505 3.4859576
-2.3750482 9.002198 3.6008794
-2.4516625 8.963891 3.6008794
-2.4516625 9.040505 3.5625722
-2.4133554 9.155427 3.5242648
-2.2984335 9.155427 3.409343
-2.1835117 9.232042 3.3710358
-2.0685902 9.346964 3.1794999
-1.9153614 9.423578 3.064578
-1.8004398 9.615114 3.0262709
-1.685518 9.653421 3.1411927
-1.685518 9.615114 3.4093432
-1.685518 9.576807 3.6391866
-1.685518 9.500193 3.7158012
-1.7238252 9.461885 3.4859576
-1.6472108 9.346964 3.2178073
-1.6089036 9.155428 2.9113493
-1.5705963 8.963891 2.8347347
-1.532289 8.848969 3.0262709
-1.4939818 8.848969 3.217807
-1.3790601 9.040505 3.2944214
-1.2258313 9.308657 3.217807
-1.0726024 9.423578 2.9496565
-0.9576807 9.500193 2.7964275
-0.9959879 9.308657 2.873042
-1.0726023 9.002198 2.9879637
-1.1109096 8.810662 3.0645783
-1.1492169 8.619126 2.9879637
-1.0342951 8.580819 2.7581203
-0.8810662 8.695741 2.719813
-0.7661445 8.848969 2.7581205
-0.61291564 8.925584 2.9496565
-0.61291564 9.078813 3.1411927
-0.61291564 9.002198 3.1794999
-0.6512228 8.810662 3.1028852
-0.68953 8.580818 2.8347347
-0.61291564 8.159439 2.4899697
-0.5746084 7.929596 2.183512
-0.4213795 7.8529816 2.2218192
-0.15322891 8.00621 2.4516625
0.19153613 8.504204 2.834735
0.5363012 9.078813 3.371036
0.6895301 9.653421 3.6774936
0.61291564 10.0748005 3.6391864
0.4213795 10.151415 3.4859576
0.30645782 10.036493 3.064578
0.34476504 9.883265 2.566584
0.49799395 9.844957 2.4133554
0.6895301 9.883265 2.4516625
0.842759 10.0748005 2.6431987
0.842759 10.189722 3.217807
0.68953013 10.189722 3.6774938
0.45968673 10.151415 3.9073372
0.19153613 9.844957 3.8307228
0.076614454 9.576807 3.5625722
0.11492168 9.346963 3.217807
0.19153613 9.308656 3.1028855
0.34476504 9.500193 3.2944217
0.38307226 9.691729 3.6008794
0.30645782 9.844957 4.0222588
0.2681506 9.844957 4.2904096
0.19153613 9.730036 4.5585604
0.26815057 9.653421 4.481945
0.4213795 9.5385 4.3287163
0.5746084 9.5385 3.9456444
0.7278373 9.500193 3.4476504
0.80445176 9.423578 3.2561142
0.842759 9.461885 3.1411927
0.842759 9.385271 3.4093432
0.842759 9.423578 3.6391866
0.8810662 9.461885 3.6391866
1.0342951 9.461885 3.371036
1.1875241 9.5385 3.026271
1.3024458 9.615114 2.834735
1.3790601 9.576807 2.6431987
1.340753 9.461885 2.7964277
1.2641385 9.2703495 2.873042
1.2258313 9.078813 2.9879637
1.2258313 9.078813 3.1795
1.1875241 9.193734 3.2561145
1.1875241 9.385271 3.2944217
1.1875241 9.500193 3.2561142
1.1492169 9.500193 3.1028852
1.1875241 9.423578 2.9496562
1.2258313 9.308657 2.8730419
1.1875241 9.308657 2.8347347
1.1875241 9.385271 2.8347347
1.1875241 9.500193 2.7581203
1.1875241 9.653421 2.8730419
1.1109096 9.730036 2.9496565
0.95768064 9.653421 3.1028852
0.7661446 9.500193 3.4093432
0.49799395 9.308657 3.5242648
0.2681506 9.078813 3.562572
0.076614454 9.002198 3.5242648
-0.038307227 9.040505 3.371036
-0.038307227 9.232041 3.256114
0.038307227 9.500193 3.256114
0.076614454 9.730036 3.3327289
0.076614454 9.844957 3.4476504
0.038307227 9.844957 3.4476504
0.0 9.691729 3.4859576
0.0 9.615114 3.4476504
0.0 9.615114 3.3327289
-0.076614454 9.576807 3.4859576
-0.19153613 9.500193 3.4476504
-0.30645782 9.346964 3.6008792
-0.4213795 9.232041 3.8307228
-0.4213795 9.232041 3.8307228
-0.34476504 9.423578 3.9073372
-0.22984335 9.576807 3.7541084
-0.11492168 9.691729 3.6008794
0.0 9.691729 3.4859576
0.076614454 9.576807 3.3327286
0.076614454 9.576807 3.2561142
0.076614454 9.5385 3.217807
0.0 9.461885 3.2561142
-0.15322891 9.423578 3.2944217
-0.2681506 9.308657 3.4093432
-0.4213795 9.232041 3.4476504
-0.5363012 9.155427 3.4476504
-0.57460845 9.193735 3.4859576
-0.57460845 9.232042 3.4093432
-0.49799395 9.346964 3.3327289
-0.42137948 9.500193 3.1411924
-0.3064578 9.576807 3.064578
-0.2681506 9.653421 3.1028852
-0.22984335 9.423578 3.1028852
-0.2681506 9.308657 3.064578
-0.30645782 9.232042 2.9879637

