-0.19153613 9.193735 3.0645783
-1.0342951 8.963891 4.0222588
-0.6512229 10.0748005 4.596867
-0.26815063 11.147404 5.0182467
0.15322891 12.258312 5.3247046
0.4596867 13.330915 5.439626
0.6512228 13.522451 5.24809
0.842759 13.67568 4.9799395
0.9576807 13.713987 4.7500963
0.9959879 13.637373 4.6351748
0.9576807 13.254301 4.520253
0.7661445 12.717999 4.4819455
0.5363012 12.143391 4.4436383
0.30645782 11.60709 4.5202527
0.076614454 11.224017 4.5202527
-0.038307227 11.070788 4.5202527
-0.076614454 11.032481 4.5202527
-0.076614454 10.955867 4.4436383
-0.038307227 10.840945 4.3287168
-0.038307227 10.649409 4.060566
-0.11492168 10.496181 3.9456444
-0.19153613 10.419566 3.9839516
-0.2681506 10.381259 4.2137947
-0.34476504 10.189722 4.3670235
-0.38307226 9.998186 4.290409
-0.49799395 9.615114 3.9073372
-0.6512229 9.2703495 3.4859576
-0.7661446 9.11712 3.064578
-0.91937345 8.925584 2.75812
-1.0726024 8.734047 2.75812
-1.2258313 8.504204 2.834735
-1.340753 8.312668 3.1794999
-1.340753 8.312668 3.562572
-1.2641385 8.580818 3.7158012
-1.1492169 8.772355 3.6391866
-1.1875241 8.734048 3.371036
-1.3790601 8.465897 2.9879637
-1.6089035 8.00621 2.7581203
-1.8387469 7.6231384 2.6431987
-1.9153614 7.354988 2.566584
-1.9153614 7.2400656 2.6048913
-1.8004397 7.2400656 2.6048913
-1.6472108 7.4316025 2.566584
-1.5705963 7.8146744 2.528277
-1.4939818 8.00621 2.3750482
-1.4939818 8.159439 2.2218192
-1.532289 8.121132 2.1452045
-1.6089035 7.8529816 2.1835117
-1.685518 7.6614456 2.2601266
-1.7621324 7.508217 2.1068974
-1.8004397 7.3549876 1.9536685
-1.7621324 7.2017584 1.6855179
-1.7621324 7.163451 1.4939818
-1.7238252 7.086837 1.5322891
-1.7621324 7.125144 1.7238252
-1.8387469 7.3166804 1.9153614
-1.8387469 7.5082164 2.2601264
-1.8770541 7.8529816 2.7581203
-1.9153614 8.236053 3.064578
-1.9536686 8.427589 3.1794999
-2.1068976 8.504204 2.987964
-2.2984335 8.159439 2.4516625
-2.528277 7.6231384 1.9536686
-2.7581203 7.2017584 1.6089034
-2.8347347 6.8569937 1.3407528
-2.8347347 6.7803793 1.2258313
-2.6431987 6.9719152 1.3024457
-2.336741 7.240066 1.5705962
-1.9919758 7.469909 1.8004396
-1.6472108 7.6231384 1.9919758
-1.4939818 7.508217 1.8004396
-1.4939818 7.0868373 1.2258313
-1.6472108 6.4739213 0.49799395
-1.8387469 5.9759274 -0.22984335
-1.9536686 5.592855 -0.7661445
-1.9153614 5.5162406 -0.72783726
-1.8004396 5.861006 -0.3830723
-1.685518 6.3206925 0.22984335
-1.532289 6.8186865 0.80445176
-1.3790601 7.2783732 0.95768064
-1.2641385 7.431602 0.8810662
-1.1109096 7.3549876 0.34476504
-1.0342951 7.2017584 -0.22984338
-1.0342951 6.9336076 -0.7661445
-1.0342951 6.8953004 -0.9193735
-1.0342951 7.0868373 -0.7661445
-0.9576807 7.3166804 -0.30645782
-0.80445176 7.8146744 0.42137948
-0.5746084 8.274361 0.9576807
-0.38307226 8.695741 1.3790601
-0.19153613 8.887277 1.4556746
-0.038307227 8.734048 1.2258313
0.038307227 8.389283 0.9959879
0.19153613 7.8912888 0.842759
0.38307226 7.508217 0.8044518
0.5746084 7.354988 0.842759
0.7661445 7.240066 0.7278373
0.842759 7.2783732 0.49799395
0.842759 7.4699097 0.15322891
0.842759 7.6614456 -0.15322891
0.842759 7.8529816 -0.45968673
0.91937345 7.8912888 -0.7278373
1.0342951 7.73806 -0.8810662
1.0342951 7.4316025 -0.84275895
1.0342951 7.163451 -0.5363012
1.0342951 7.0102224 -0.076614484
0.9959879 7.0485296 0.5363012
1.0726023 7.1251445 0.91937345
1.1492169 7.240066 0.9959879
1.1492169 7.3166804 0.8810662
1.1492169 7.240066 0.45968673
1.1109096 7.2017584 -0.15322891
1.0342951 7.2400656 -0.5363012
0.9959879 7.3932953 -0.842759
1.0342951 7.6614456 -0.80445176
1.1109096 8.00621 -0.34476504
1.2258313 8.197746 0.11492168
1.3024457 8.197746 0.57460845
1.1492168 8.082825 0.6512228
0.84275895 7.73806 0.45968673
0.42137948 7.354988 -0.076614454
-0.07661443 7.086837 -0.6895301
-0.45968673 6.9719152 -1.0342951
-0.6512228 7.1634517 -1.1875241
-0.6512228 7.5465236 -0.9959879
-0.4213795 8.00621 -0.6512228
-0.076614454 8.619125 -0.34476504
0.34476507 9.11712 -0.076614454
0.61291564 9.461885 0.15322891
0.61291564 9.691729 0.34476507
0.38307226 9.653421 0.38307226
-0.038307242 9.500193 0.22984336
-0.34476504 9.385271 0.038307227
-0.38307226 9.423578 -0.11492168
-0.19153613 9.615114 -0.038307227
0.19153613 9.921572 0.076614454
0.61291564 10.266336 0.22984335
0.88106626 10.496181 0.30645782
1.0342952 10.726024 0.30645782
0.88106626 10.994174 0.45968673
0.61291564 11.224018 0.80445176
0.38307226 11.33894 1.1492169
0.22984336 11.262325 1.4556746
0.2681506 11.109097 1.5705962
0.34476504 10.994174 1.4173675
0.45968676 10.994174 1.2258313
0.49799398 11.070788 1.1109096
0.45968676 11.109096 1.2641385
0.30645782 11.147403 1.685518
0.076614454 11.147403 2.3367407
-0.076614454 11.147403 2.9496565
-0.22984336 11.147403 3.2944214
-0.26815057 10.955867 3.3327286
-0.26815057 10.572795 2.9113493
-0.38307226 10.036493 2.2601264
-0.5363012 9.538499 1.6089035
-0.6895301 9.11712 0.9959879
-0.8044518 8.848969 0.842759
-0.8044518 8.848969 1.1492168
-0.7278373 9.002199 1.6089035
-0.6512228 9.2703495 1.9153613
-0.6512228 9.576807 1.8770541
-0.7278373 9.691729 1.5705963
-0.8810662 9.576807 1.3024458
-1.1109096 9.2703495 1.2258313
-1.3790603 8.963891 1.4173675
-1.532289 8.734048 1.685518
-1.4939818 8.734048 1.8387469
-1.3024457 9.078813 2.1068976
-0.9959879 9.65342 2.2601264
-0.7661445 10.49618 2.4899697
-0.61291564 11.338939 2.719813
-0.5746084 12.105083 2.8347347
-0.68953013 12.603078 2.9879637
-0.9959879 12.679692 3.1028855
-1.4939818 12.411542 3.371036
-1.9536686 12.028469 3.7541082
-2.2601266 11.645397 4.213795
-2.2984338 11.568783 4.5968676
-2.030283 11.951855 4.7500963
-1.5322891 12.5264635 4.596867
-0.9959879 13.2543 4.0222588
-0.49799395 13.867216 3.4476504
-0.22984336 14.097059 3.026271
-0.38307226 13.982138 2.9113493
-0.80445176 13.484144 3.371036
-1.340753 12.794615 3.86903
-1.8770541 12.066777 4.3287168
-2.2601266 11.415554 4.673482
-2.336741 11.070788 4.711789
-2.2218194 10.994174 4.5968676
-2.0302832 11.18571 4.367024
-1.7621324 11.415554 4.060566
-1.5705965 11.492168 3.6774938
-1.5705965 11.33894 3.2561142
-1.5322891 11.070789 2.9879637
-1.5322891 10.764331 2.834735
-1.5322891 10.534488 2.9113493
-1.4939818 10.342951 3.1411927
-1.4556746 10.189722 3.4093432
-1.3790601 10.151415 3.562572
-1.3790601 10.113108 3.4476504
-1.3790601 10.151415 3.4476504
-1.4556746 10.036493 3.371036
-1.6089036 9.883265 3.4093432
-1.7621324 9.768343 3.677494
-1.838747 9.691729 3.7924156
-1.838747 9.730036 3.86903
-1.7621324 9.80665 3.7924156
-1.6472108 9.844957 3.6008794
-1.532289 9.844957 3.4859576
-1.3790601 9.844957 3.371036
-1.3024457 9.883265 3.2178073
-1.2258313 9.844957 3.141193
-1.1875241 9.768343 2.9113493
-1.1875241 9.653421 2.7198133
-1.1875241 9.461885 2.7198133
-1.1492169 9.385271 2.7581205
-1.1109096 9.308657 2.834735
-1.1109096 9.232041 2.9113493
-1.0342951 9.078813 2.9496565
-1.0726024 8.925584 3.026271
-1.1492168 8.734048 2.9879637
-1.2641385 8.542512 2.9879637
-1.4173673 8.465898 2.834735
-1.4939818 8.389283 2.6431987
-1.5705963 8.42759 2.719813
-1.6472108 8.619126 2.7964275
-1.685518 8.695741 2.911349
-1.7621324 8.810662 2.9879637
-1.8004397 8.925584 3.1411927
-1.8004397 8.887277 3.2561145
-1.8387469 9.002198 3.4476504
-1.8387469 9.155427 3.7541082
-1.8387469 9.232042 3.8307228
-1.8770541 9.423578 3.9073372
-1.8770541 9.576807 3.86903
-1.9919758 9.615114 3.715801
-2.1452045 9.691729 3.6008792
-2.2984335 9.730036 3.5242648
-2.6048913 9.653421 3.6774938
-2.8347347 9.576807 3.8307228
-3.0262709 9.423578 4.1371803
-3.1411924 9.308657 4.367024
-3.064578 9.385271 4.673482
-2.8730419 9.615114 4.673482
-2.6048913 9.998186 4.4819455
-2.3367407 10.419566 4.213795
-2.1068976 10.802638 3.9456444
-1.9536686 11.032482 3.9839516
-1.9536686 11.109097 4.0222588
-2.030283 10.840946 4.060566
-2.1452045 10.304644 3.9456444
-2.1835117 9.768343 3.86903
-2.1068974 9.385271 3.7541084
-1.9153613 9.346964 3.677494
-1.6472107 9.615114 3.6008792
-1.3790601 10.0748005 3.4093432
-1.1109096 10.572794 3.2561145
-0.91937345 10.879252 3.217807
-0.91937345 10.879252 3.2561142
-1.0726023 10.496181 3.2561142
-1.3024457 9.844957 3.217807
-1.4939818 9.232041 3.1028855
-1.4556745 8.848969 2.873042
-1.2258313 8.695741 2.719813
-0.9576807 8.810662 2.681506
-0.7278373 9.117121 2.873042
-0.6512228 9.385271 3.0262709
-0.7661445 9.500193 3.1411924
-0.9193734 9.308657 3.1794996
-1.0726023 8.848969 2.9496565
-1.1492169 8.350975 2.7964277
-1.0726023 8.0445175 2.5665843
-0.842759 8.0445175 2.336741
-0.61291564 8.274361 2.0685902
-0.38307226 8.6574335 1.8770541
-0.22984336 9.078813 2.1068974
-0.26815057 9.346964 2.6815062
-0.4213795 9.346964 3.3327289
-0.6512229 9.078813 3.715801
-0.9193735 8.619126 3.715801
-1.0726024 8.236053 3.217807
-1.0726024 8.082825 2.719813
-0.9959879 8.197746 2.2984335
-0.842759 8.580819 1.877054
-0.6512229 9.040506 1.6472108
-0.5363012 9.461885 1.7238252
-0.49799395 9.80665 2.1452048
-0.5363012 9.883265 2.6815057
-0.61291564 9.844957 3.1794996
-0.6512228 9.844957 3.4476504
-0.6512228 9.730036 3.4093432
-0.6512228 9.576807 3.1795
-0.68953 9.346964 2.873042
-0.72783726 9.002198 2.4516625
-0.80445176 8.734048 2.1452048
-0.84275895 8.734048 2.1452048
-0.80445176 8.963891 2.4516625
-0.842759 9.232042 2.9879637
-0.842759 9.423578 3.4093432
-0.8044518 9.500193 3.6008792
-0.7278373 9.423578 3.4476504
-0.5746084 9.346964 3.1411927
-0.42137945 9.2703495 2.834735
-0.344765 9.078814 2.6431987
-0.4213795 8.84897 2.6431987
-0.45968673 8.734048 2.7964277
-0.3830723 8.887277 3.141193
-0.19153613 9.308656 3.562572
0.11492168 9.844957 3.7924156
0.4213795 10.189722 3.715801
0.5746084 10.228029 3.5242648
0.6512228 10.036493 3.1028855
0.6512228 9.691729 2.9113493
0.5746084 9.38527 2.9113493
0.45968673 9.078813 3.0645783
0.34476504 8.810662 3.2561142
0.22984336 8.734048 3.2944214
0.2681506 8.772355 3.2944214
0.49799395 9.040505 3.1411927
0.76614463 9.4618845 3.0262709
1.0726024 9.768343 2.8730419
1.2641386 10.036493 2.7198129
1.340753 10.113108 2.4899697
1.3790601 9.998186 2.2218192
1.3024458 9.844957 2.030283
1.2258313 9.615114 1.8004397
1.1492168 9.385271 1.6472107
1.0342951 9.232042 1.6855179
0.9576807 9.155428 1.8387469
0.8810662 9.193735 1.9536686
0.84275895 9.423578 2.183512
0.91937345 9.730036 2.3367407
1.0342951 10.036493 2.3367407
1.1492169 10.304645 2.4899697
1.2258313 10.419566 2.4899697
1.2641385 10.457873 2.3750482
1.3024457 10.419566 2.3750482
1.340753 10.304644 2.183512
1.340753 10.228029 2.2218192
1.2641386 10.113108 2.336741
1.1875241 9.998186 2.4133554
1.1109096 9.959879 2.719813
1.0726024 9.844957 2.7964277
1.1109096 9.883265 2.9113493
1.1492169 9.959879 2.9496565
1.1875241 9.998186 2.7964277
1.1875241 10.0748005 2.6431985
1.1109096 10.0748005 2.336741
1.0342951 9.998186 2.1835117
0.91937345 9.921572 2.030283
0.80445176 9.844957 1.9536686
0.6895301 9.653421 2.1068976
0.57460845 9.5385 2.183512
0.45968676 9.385271 2.3750482
0.45968676 9.308657 2.4516625
0.49799395 9.232042 2.3367407
0.5363012 9.2703495 2.2601264
0.6895301 9.346964 2.0685902
0.7661445 9.423578 1.9919758
0.8810662 9.615114 2.0685902
0.91937345 9.80665 2.183512
0.842759 9.959879 2.3750482
0.7661445 10.0748005 2.6431987
0.7278373 10.0748005 2.873042
0.7661445 10.113108 2.9113493
0.842759 10.189723 3.1028852
0.88106626 10.22803 3.064578
0.80445176 10.266337 2.9879637
0.6512229 10.0748005 2.834735
0.45968673 9.730036 2.528277
0.22984335 9.385271 2.2984335
0.038307227 9.232042 2.030283
-0.038307227 9.193735 1.9536686

