0.0 9.423578 2.1452048
0.15322891 9.768343 2.4516625
0.34476507 9.921572 2.834735
0.2681506 9.232042 3.9839516
0.8810662 9.998186 4.2904096
1.532289 11.185711 4.7500963
2.7581203 13.445837 6.3589997
2.681506 13.522451 6.7037644
2.7581203 13.407529 6.588843
2.7964275 13.369222 6.3206925
2.7581203 13.139379 5.9759274
2.6431987 12.832921 5.707777
2.4133554 12.5264635 5.5545483
2.1068974 12.028469 5.477934
1.7621324 11.45386 5.401319
1.4556746 10.955867 5.363012
1.2258313 10.572794 5.4779334
1.1492168 10.419565 5.5162406
1.187524 10.49618 5.4779334
1.3024457 10.572794 5.4779334
1.3790601 10.611102 5.324704
1.4173673 10.342952 5.094861
1.340753 9.95988 4.7884035
1.1875241 9.691729 4.481945
1.1109096 9.461885 4.4053307
0.9959879 9.500193 4.4436383
0.9959879 9.615114 4.6351748
0.9959879 9.5385 4.7884035
0.8810662 9.500193 4.7884035
0.7278373 9.346964 4.7500963
0.45968673 9.117121 4.7884035
0.22984336 9.002199 4.8267107
0.0 8.772355 4.8267107
-0.19153613 8.465897 4.711789
-0.30645782 8.159439 4.367024
-0.38307226 8.00621 3.9456444
-0.38307226 7.967903 3.5242648
-0.344765 8.082825 3.2561142
-0.30645782 8.121132 3.217807
-0.34476507 8.082825 3.217807
-0.4213795 7.967903 3.1411927
-0.53630114 7.73806 2.9113493
-0.68953013 7.5465236 2.6431987
-0.9193734 7.31668 2.4516625
-1.1492168 7.086837 2.336741
-1.3024457 7.0485296 2.4516625
-1.3790601 7.2017593 2.528277
-1.2258313 7.354988 2.6431985
-0.95768064 7.6614456 2.6815057
-0.6895301 7.929596 2.6431985
-0.4213795 8.121132 2.4133554
-0.2681506 8.197746 2.183512
-0.2681506 7.967903 2.1068976
-0.34476504 7.6614456 2.030283
-0.49799395 7.3166804 2.1068976
-0.6895301 7.1251445 2.2601264
-0.80445176 7.201759 2.528277
-0.88106626 7.3166804 2.9496565
-0.91937345 7.508217 3.217807
-0.842759 7.73806 3.2561142
-0.6512229 7.8912888 3.064578
-0.42137948 8.0445175 2.4516625
-0.19153613 8.00621 2.0685902
-0.11492168 7.776367 1.7621324
-0.22984336 7.4699097 1.4939818
-0.45968673 7.125144 1.5322891
-0.7278373 7.0102224 1.7238252
-0.9576807 7.086837 2.030283
-1.0726024 7.240066 2.4133554
-1.1109096 7.508217 2.719813
-1.0342951 7.699753 2.681506
-0.9959879 7.73806 2.4899697
-0.9959879 7.6614456 2.1452045
-0.9959879 7.3932953 1.7238252
-1.0726024 7.0868373 1.4556746
-1.0726024 6.9719157 1.2641385
-1.1109097 6.9719157 1.340753
-1.1492169 7.0868373 1.4939818
-1.2258313 7.2783732 1.6472108
-1.3024457 7.3166804 1.8004397
-1.2258313 7.393295 1.7621324
-1.0726024 7.584831 1.838747
-0.80445176 7.8529816 1.9153614
-0.5746084 8.082825 1.9919758
-0.53630114 8.197746 1.877054
-0.61291564 8.236053 1.7621324
-0.7661445 8.082825 1.7238252
-0.91937345 7.967903 1.532289
-0.9576807 8.00621 1.6089035
-0.842759 8.082825 1.685518
-0.6895301 8.350975 1.6472107
-0.4213795 8.734048 1.8387469
-0.114921674 9.002198 1.9919758
0.038307227 9.078813 1.9153614
0.15322891 8.848969 1.7238252
0.26815057 8.504204 1.4939818
0.4213795 8.159439 1.3790601
0.6895301 7.776367 1.4556746
1.0342951 7.2783732 1.6472108
1.1875241 6.703765 1.7238252
1.1109096 6.1291566 1.5705962
0.842759 5.8226986 1.2258313
0.57460845 5.7843914 0.61291564
0.53630114 6.0142345 -0.11492166
0.6895301 6.3973064 -0.80445176
1.0342951 6.7803793 -1.1109096
1.3790603 7.163451 -0.9959879
1.5705962 7.3932943 -0.5363012
1.6089035 7.354987 0.15322894
1.493982 7.125144 0.7278373
1.2258313 6.8569937 1.1492168
0.9576807 6.512229 1.2641385
0.7278373 6.3589997 1.1875241
0.5746084 6.3589997 0.84275895
0.6512229 6.435614 0.38307226
0.842759 6.703765 0.0
1.1492169 7.201759 -0.34476504
1.4939818 7.8146744 -0.5746084
1.6472108 8.504205 -0.49799395
1.6472108 9.002198 -0.22984335
1.4556746 9.155427 0.07661446
1.1492169 8.925584 0.4213795
0.80445176 8.350975 0.61291564
0.6512229 7.6614456 0.57460845
0.6512229 7.086837 0.19153614
0.7661446 6.818686 -0.497994
0.9576807 7.086837 -1.1109096
0.9576807 7.7380595 -1.5322891
0.7661446 8.389282 -1.4173675
0.45968673 8.810661 -0.842759
0.07661445 8.848969 -0.07661446
-0.15322891 8.772355 0.9576806
-0.07661445 8.810663 1.9536685
0.2681506 9.040506 2.6815057
0.72783726 9.117121 2.6815057
1.1492168 9.2703495 1.6472107
1.4173673 9.461885 0.0
1.4556745 9.653421 -1.4556746
1.3790601 9.998186 -2.2218192
1.1492168 10.113108 -1.8004396
0.8810662 10.113108 -0.42137945
0.61291564 10.266336 1.340753
0.5746084 10.649408 2.9496565
0.68953013 11.224018 3.9073372
0.7661446 11.798626 4.0222588
0.80445176 12.105083 3.4093432
0.61291564 12.028469 2.528277
0.19153613 11.568782 1.8004396
-0.34476504 10.802637 1.37906
-0.9193735 9.998186 1.4173675
-1.340753 9.423578 1.7621324
-1.493982 9.2703495 2.2218192
-1.3407531 9.576807 2.7964277
-0.95768064 10.304644 3.1794996
-0.5746084 11.18571 3.3327289
-0.26815057 12.143392 3.371036
-0.19153613 12.832922 3.1411927
-0.34476504 12.909536 2.7964277
-0.6512229 12.526464 2.4899697
-1.1109096 11.60709 2.2601264
-1.532289 10.534487 2.1835117
-1.7238252 9.730036 2.3367407
-1.7621324 9.461885 2.4516623
-1.4939818 9.844957 2.75812
-0.9193734 10.802638 3.1028852
-0.45968673 11.990162 3.371036
-0.07661445 12.98615 3.562572
0.076614454 13.445836 3.2944217
-0.15322891 13.177686 2.873042
-0.49799395 12.373234 2.4516625
-0.91937345 11.377246 2.336741
-1.3024457 10.49618 2.566584
-1.4556746 9.959879 2.8730419
-1.4556746 9.653421 3.1411927
-1.2641385 9.730036 3.1794999
-0.9576807 10.036493 2.9496562
-0.61291564 10.496181 2.75812
-0.34476504 11.032481 2.4516625
-0.15322891 11.300632 2.2601264
-0.076614454 11.377247 2.1068974
-0.11492168 11.300632 2.0685902
-0.19153613 11.224018 2.2984335
-0.26815057 11.262325 2.4899697
-0.26815057 11.33894 2.7581203
-0.26815057 11.415554 2.873042
-0.19153613 11.415554 2.7964277
-0.15322891 11.224017 2.7964277
-0.11492168 11.070788 2.7581205
-0.076614454 10.955867 2.834735
0.0 11.032482 2.9496565
0.076614454 11.262325 2.9496565
0.15322891 11.492168 2.9113493
0.19153613 11.60709 2.7964277
0.19153613 11.60709 2.6815062
0.15322891 11.453861 2.6431987
0.076614454 11.224018 2.834735
0.0 11.070789 3.1028855
-0.11492168 10.879252 3.2561145
-0.11492168 10.764331 3.2944217
-0.11492168 10.726024 3.217807
-0.11492168 10.764331 3.064578
-0.038307227 10.840945 3.1794999
-0.038307227 10.955867 3.2944214
-0.076614454 10.955867 3.4859576
-0.11492168 10.802638 3.6391866
-0.26815057 10.611102 3.4859576
-0.38307226 10.381259 3.4093432
-0.45968676 10.266336 3.2944217
-0.49799398 10.189722 3.2561145
-0.45968673 10.113108 3.2178073
-0.45968673 10.036493 3.1795
-0.4213795 9.883265 3.064578
-0.4213795 9.691729 2.9496565
-0.38307226 9.615114 3.0262709
-0.34476504 9.615114 3.1794999
-0.30645782 9.615114 3.2561142
-0.22984335 9.691729 3.2561142
-0.22984335 9.653421 3.2561142
-0.30645782 9.5385 3.217807
-0.42137948 9.461885 3.1794999
-0.53630114 9.308657 3.2561145
-0.6512228 9.232042 3.4093432
-0.68953 9.155427 3.371036
-0.7278373 9.155427 3.4476504
-0.7661445 9.193734 3.4476504
-0.7661445 9.232042 3.2944217
-0.80445176 9.2703495 3.2561145
-0.88106626 9.2703495 3.2178068
-1.0342952 9.2703495 3.2178068
-1.1875241 9.232041 3.371036
-1.340753 9.308657 3.5242648
-1.5322891 9.308657 3.5625725
-1.6472108 9.346964 3.6391869
-1.7238252 9.5385 3.7158012
-1.8004397 9.653421 3.86903
-1.8387469 9.768343 4.0222588
-1.9153614 9.768343 4.098873
-1.9919758 9.615114 4.098873
-2.0685902 9.423578 3.9073372
-2.030283 9.423578 3.7924154
-1.8770541 9.653421 3.7924154
-1.7621324 9.921572 3.8307228
-1.6089035 10.228029 3.9073372
-1.532289 10.457872 4.0222588
-1.532289 10.381258 3.9839516
-1.5705963 10.189722 3.86903
-1.6472107 9.959879 3.9073372
-1.6855179 9.653421 3.86903
-1.685518 9.500193 3.8307228
-1.5705965 9.5385 3.8307228
-1.532289 9.500193 3.86903
-1.532289 9.346964 4.0222588
-1.6472108 9.078814 4.2904096
-1.8004396 8.772355 4.4436383
-1.8004396 8.580819 4.5202527
-1.6472107 8.695742 4.4436383
-1.3407528 8.963892 4.1754875
-0.9576807 9.346964 3.7924156
-0.68953013 9.691729 3.4476504
-0.57460845 9.844957 3.1028855
-0.45968673 9.883265 2.9496565
-0.45968673 9.80665 3.026271
-0.53630114 9.615114 3.0645783
-0.5746084 9.346963 3.2178073
-0.7661446 9.155427 3.2944217
-0.91937345 8.963891 3.371036
-0.99598795 8.925584 3.6391864
-0.99598795 9.040506 3.8307226
-0.88106626 9.232042 3.8690298
-0.7278373 9.423578 3.7158008
-0.5363012 9.576807 3.6391864
-0.4213795 9.691729 3.6008792
-0.38307226 9.653421 3.4093432
-0.344765 9.5385 3.4476504
-0.344765 9.423578 3.371036
-0.344765 9.193734 3.1794999
-0.344765 9.040505 3.3327286
-0.30645782 8.925584 3.217807
-0.30645782 8.887277 2.9879637
-0.2681506 8.848969 2.7964277
-0.15322891 8.925584 2.566584
-0.076614454 9.155427 2.528277
0.038307227 9.308657 2.566584
0.11492168 9.461885 2.719813
0.11492168 9.500193 2.7581203
0.038307227 9.346964 2.7964275
-0.038307227 9.117121 2.7581203
-0.15322891 8.925584 2.681506
-0.22984336 8.772355 2.834735
-0.22984336 8.772355 3.026271
-0.15322891 8.887277 3.3327289
0.0 9.193735 3.4859576
0.19153613 9.423578 3.562572
0.34476507 9.576807 3.4476504
0.4213795 9.691729 3.2561145
0.4213795 9.576807 3.2561145
0.34476507 9.461885 3.2944217
0.34476507 9.2703495 3.3327289
0.4213795 9.155428 3.2944217
0.61291564 9.232042 3.0262709
0.9576807 9.423578 2.719813
1.2258313 9.653421 2.528277
1.4173673 9.844957 2.3367407
1.4939818 9.883265 2.2984335
1.4173673 9.844957 2.2601264
1.340753 9.80665 2.2984335
1.2258313 9.615114 2.528277
1.1109096 9.4618845 2.7581203
0.9959879 9.193734 2.9496565
0.842759 8.925584 3.1794999
0.7661445 8.810662 3.2944214
0.8044517 8.695741 3.2944214
0.8810662 8.810662 3.1028855
1.0342952 8.887277 2.6815057
1.1875241 9.002198 2.1835117
1.3407531 9.193735 1.9919758
1.4173675 9.232042 2.2601264
1.3407528 9.117121 2.7198129
1.1492168 8.925584 3.1028852
0.9576807 8.734048 3.4859576
0.8044518 8.695741 3.6391866
0.6895301 8.6574335 3.5242648
0.6512228 8.695741 3.2944214
0.7661446 8.887277 3.0645783
0.91937345 9.078813 2.873042
1.1109097 9.308657 2.7581203
1.2641386 9.5385 2.681506
1.3790601 9.576807 2.4899697
1.4173675 9.576807 2.3750482
1.3790601 9.5385 2.3750482
1.3407528 9.461885 2.3750482
1.2258313 9.385271 2.4899697
1.1109096 9.2703495 2.6048915
1.0342951 9.2703495 2.5665843
0.91937345 9.308657 2.4899697
0.8810662 9.500193 2.4516623
0.8810662 9.768343 2.375048
0.84275895 9.921572 2.375048
0.8044517 9.998186 2.4516625
0.68953 9.959879 2.6048915
0.57460845 9.883265 2.7581203
0.45968673 9.80665 3.026271
0.4213795 9.768343 3.1794999
0.38307226 9.80665 3.217807
0.34476504 9.844957 3.1411927
0.30645782 9.921572 2.911349
0.26815057 9.959879 2.7964275
0.26815057 9.998186 2.7581203
0.26815057 9.959879 2.7964275
0.26815057 10.036493 2.873042
0.26815057 10.0748005 2.834735
0.26815057 10.0748005 2.7581205
0.26815057 10.113108 2.7581205
0.30645782 10.036493 2.834735
0.2681506 9.998186 2.9113493
0.2681506 9.998186 2.9496565
0.2681506 10.0748005 2.9496565
0.22984335 10.189722 2.9496565
0.15322891 10.228029 2.873042
0.0 10.0748005 2.873042
-0.11492168 9.844957 2.9113493

