-0.2681506 9.5385 2.9496565
-0.34476504 9.385271 3.1028852
-0.4213795 9.500193 3.2944214
0.15322888 10.228029 3.2561142
0.7278373 11.032482 3.2944214
1.7621324 12.411541 3.1794999
1.8770542 12.603078 3.217807
1.9153614 12.641385 3.3327289
1.8770542 12.603078 3.4859579
1.7238252 12.488155 3.6391866
1.532289 12.258312 3.8307228
1.3790601 12.105083 3.9073372
1.2258313 11.951855 4.098873
1.1109096 11.9135475 4.2137947
1.0726024 11.798626 4.2904096
1.0342951 11.60709 4.1754875
0.95768064 11.415554 3.9456444
0.88106626 11.147404 3.7541084
0.80445176 10.955867 3.6391869
0.72783726 10.802638 3.7541084
0.72783726 10.726024 3.9073372
0.80445176 10.649409 3.9839516
0.80445176 10.534488 3.9839516
0.7278373 10.381258 3.86903
0.5363012 10.151415 3.524265
0.30645782 9.921572 3.1794999
0.038307227 9.615114 2.9113493
-0.19153613 9.308657 2.6431987
-0.34476504 9.078813 2.4899697
-0.45968673 8.887277 2.336741
-0.49799395 9.002198 2.183512
-0.49799395 9.193735 2.183512
-0.4213795 9.385271 2.2984335
-0.34476507 9.5385 2.4899697
-0.30645782 9.576807 2.566584
-0.22984336 9.5385 2.6431987
-0.22984336 9.461885 2.6431987
-0.34476507 9.385271 2.48997
-0.4213795 9.308657 2.336741
-0.5363012 9.232042 2.030283
-0.5746084 9.193734 1.685518
-0.5746084 9.11712 1.5705962
-0.5746084 9.040505 1.6089034
-0.49799395 9.040505 1.8387468
-0.42137948 9.078814 2.1068974
-0.3064578 9.2703495 2.2601264
-0.22984335 9.308657 2.2984335
-0.30645782 9.2703495 2.183512
-0.49799395 9.078813 2.0685902
-0.7278373 8.734047 1.9153614
-0.9959879 8.542511 1.8387469
-1.2258313 8.427589 1.7238252
-1.4173675 8.350975 1.7238252
-1.6089036 8.312668 1.8004397
-1.7238252 8.159439 1.8770541
-1.8004396 7.929596 1.9153614
-1.9153614 7.6231384 1.7238252
-1.9919758 7.3932953 1.4939818
-1.9536686 7.163451 1.2641386
-1.8770542 7.0102224 1.1109096
-1.6472108 7.086837 1.1875241
-1.3790603 7.2783732 1.340753
-1.2641385 7.546524 1.5705963
-1.2258313 7.699753 1.8770541
-1.3407531 7.6614456 2.2601264
-1.6089036 7.3549876 2.4516625
-1.8770542 6.9719157 2.566584
-2.030283 6.703765 2.6048913
-1.9919758 6.5505357 2.3367407
-1.7238252 6.588843 1.9153614
-1.2641385 6.856993 1.3024458
-0.8810662 7.163451 0.80445176
-0.61291564 7.469909 0.49799395
-0.45968673 7.699753 0.57460845
-0.5363012 7.6614456 0.9959879
-0.68953013 7.508217 1.3790601
-0.9193735 7.201759 1.7238252
-1.1875241 6.856993 1.8004396
-1.2641385 6.7420716 1.6089035
-1.187524 6.7803793 1.340753
-0.95768064 7.0868373 1.0342951
-0.6512229 7.5465236 0.8810662
-0.45968673 7.8912888 0.95768064
-0.30645782 8.159439 1.0726023
-0.22984335 8.236053 1.3790601
-0.19153613 8.197746 1.6089035
-0.11492168 8.236053 1.7621324
-0.076614454 8.274361 2.0685902
-0.076614454 8.274361 2.2984338
-0.038307227 8.236053 2.5282772
-0.038307227 8.0445175 2.5665843
-0.038307227 7.699753 2.2984338
0.038307227 7.4316025 1.7621324
0.19153613 7.2783737 1.1875241
0.42137948 7.2017584 0.72783726
0.6895301 7.31668 0.45968673
0.9193734 7.31668 0.5363012
1.0342951 7.31668 0.7661445
1.0726024 7.278373 1.1492168
1.0342952 7.163451 1.4939818
1.0342952 7.240066 1.6472108
1.1109096 7.354988 1.532289
1.2641385 7.6231384 0.842759
1.532289 7.929596 0.0
1.7238252 8.159439 -0.91937345
1.8004397 8.312668 -1.4939818
1.7621324 8.274361 -1.4173673
1.5705963 8.197746 -0.84275895
1.2641385 8.0445175 0.19153619
0.9193734 7.929596 1.1492169
0.57460845 7.929596 1.7238252
0.38307226 7.929596 1.685518
0.38307226 7.967903 1.0726023
0.5363012 7.967903 0.30645782
0.7661445 8.0445175 -0.38307226
0.9576807 8.274361 -0.61291564
0.9576807 8.580818 -0.45968676
0.842759 8.963891 -0.11492169
0.68953013 9.38527 0.38307226
0.53630114 9.653421 0.80445176
0.6512228 9.768343 0.9576807
0.8044518 9.691729 0.9576807
0.8810662 9.385271 0.7278373
0.8810662 9.040506 0.34476504
0.6895301 8.848969 -0.038307227
0.4213795 8.848969 -0.45968673
0.26815057 8.925584 -0.68953013
0.19153613 9.078813 -0.842759
0.30645782 9.308657 -0.6895301
0.49799395 9.423578 -0.19153613
0.7278373 9.461885 0.2681506
0.91937345 9.461885 0.7661445
0.9576807 9.385271 1.0342951
0.8044518 9.155428 0.8810662
0.49799395 9.078814 0.61291564
0.15322891 9.002199 0.22984338
-0.11492168 8.925584 -0.15322891
-0.19153613 8.963891 -0.19153613
-0.11492168 9.002198 -0.076614454
0.038307227 9.155427 0.22984335
0.15322891 9.2703495 0.61291564
0.22984336 9.461885 0.8810662
0.11492168 9.500193 1.1109096
-0.19153614 9.423578 1.2258313
-0.57460845 9.270349 1.340753
-0.9959879 9.155427 1.4173673
-1.3407528 9.078813 1.4939818
-1.532289 9.040505 1.532289
-1.6089035 9.002198 1.532289
-1.5705963 8.963891 1.5705963
-1.4556745 8.963891 1.5705963
-1.3407528 8.963891 1.7621324
-1.2641385 9.078813 2.1068974
-1.2641385 9.155427 2.6431987
-1.3407528 9.11712 3.2944214
-1.4173675 9.078813 3.7541082
-1.4939818 9.117121 4.0222588
-1.532289 9.117121 4.0222588
-1.532289 9.2703495 3.86903
-1.6089035 9.2703495 3.6774938
-1.7238252 9.078813 3.4859576
-1.7621324 8.848969 3.2561142
-1.7238252 8.6574335 3.026271
-1.4939818 8.695741 2.834735
-1.0726024 9.040506 2.6048915
-0.6512228 9.653421 2.4899697
-0.34476507 10.342951 2.4899697
-0.22984336 11.032482 2.6815057
-0.30645782 11.60709 3.1411924
-0.57460845 11.87524 3.7158012
-0.8810662 11.9135475 4.2521024
-1.0726024 11.798626 4.5968676
-1.1875241 11.568783 4.711789
-0.8810662 11.453861 4.405331
-0.57460845 11.87524 4.1754875
-0.30645782 12.449848 4.060566
-0.076614454 13.330915 4.1754875
0.0 13.9438305 4.290409
-0.038307227 13.982138 4.4819455
-0.19153613 13.752295 4.55856
-0.49799395 12.947843 4.443638
-0.8044518 12.066776 4.55856
-1.187524 11.453861 4.8267107
-1.4939818 10.955868 5.133168
-1.6089036 10.802638 5.4779334
-1.6089036 10.917561 5.554548
-1.4556746 11.224018 5.2863975
-1.2258313 11.530476 4.7500963
-1.1109096 11.798626 4.175488
-1.1109096 11.836933 3.7924156
-1.2641385 11.492168 3.562572
-1.4939818 11.109097 3.7924156
-1.7238252 10.534488 4.2521024
-1.9153614 10.189723 4.55856
-1.9919758 10.151416 4.8267107
-1.9919758 10.151416 4.8267107
-1.9536686 10.342952 4.4819455
-1.8004397 10.419566 4.175488
-1.7238252 10.496181 3.9456444
-1.685518 10.534488 3.86903
-1.6472108 10.572795 3.9456444
-1.7238252 10.534488 4.060566
-1.7621324 10.342951 4.2137947
-1.9153614 10.036493 4.4819455
-1.9919758 9.844957 4.55856
-2.1068974 9.768343 4.55856
-2.2601264 9.615114 4.4819455
-2.4133554 9.500193 4.4436383
-2.4899697 9.653421 4.3287163
-2.528277 9.80665 4.252102
-2.528277 9.998186 4.2137947
-2.528277 10.113108 4.2137947
-2.6048915 9.921572 4.1754875
-2.681506 9.653421 4.290409
-2.7581203 9.346963 4.290409
-2.834735 9.078813 4.3287163
-2.873042 8.887277 4.4436383
-2.9496565 8.772355 4.3287163
-2.9879637 8.848969 4.290409
-2.9113493 8.887277 4.060566
-2.7964275 9.078813 3.9073372
-2.6048913 9.2703495 3.9073372
-2.413355 9.308657 3.9839516
-2.2601264 9.308657 3.9456444
-2.1452045 9.155428 3.9073372
-2.030283 8.925585 3.7158008
-1.9153614 8.6574335 3.4859576
-1.8004397 8.465897 3.6391869
-1.685518 8.580818 3.8307228
-1.532289 8.810661 3.9839516
-1.3024457 9.232041 4.098873
-1.1109096 9.653421 3.9839516
-0.91937345 9.921572 3.7541082
-0.8810662 9.959879 3.6391864
-0.9959879 9.691729 3.6008792
-1.3024458 9.308657 3.6774938
-1.6472107 8.772355 3.86903
-1.9536685 8.350975 4.2137947
-2.1068974 8.197746 4.596867
-2.0685902 8.389282 4.7884035
-1.8770541 8.772355 4.8267107
-1.5705963 9.193735 4.673482
-1.3024458 9.5385 4.2521024
-1.1492168 9.615114 3.9073372
-1.1492168 9.461885 3.7158012
-1.2641385 9.2703495 3.6774936
-1.4556746 9.193735 3.9839516
-1.532289 9.117121 4.367024
-1.532289 9.155428 4.711789
-1.532289 9.155428 4.7884035
-1.532289 9.11712 4.6351743
-1.4556746 9.193734 4.5202527
-1.3024457 9.270349 4.3287168
-1.1492169 9.500193 4.2904096
-0.9959879 9.653421 4.2904096
-0.9959879 9.615114 4.2137947
-1.2641385 9.423578 4.098873
-1.532289 8.925585 3.9839516
-1.7621324 8.42759 3.9839516
-1.8770541 8.159439 4.1754875
-1.5705963 8.389282 4.6351743
-1.3024458 8.925583 4.55856
-1.0342951 9.308657 4.060566
-0.6895301 9.576807 3.1411927
-0.7278373 9.346963 2.834735
-0.842759 9.002198 2.834735
-1.1109096 8.619125 2.987964
-1.2641385 8.312668 2.873042
-1.340753 8.082825 2.873042
-1.3790601 8.00621 3.0645783
-1.2641386 8.082825 3.217807
-1.2258313 8.236053 3.8307228
-1.1875241 8.274361 4.3287168
-1.1875241 8.312668 4.4436383
-1.1875241 8.350975 4.367024
-1.0726024 8.312668 4.098873
-0.9576807 8.389282 3.9456444
-0.7661446 8.542512 3.9073372
-0.5746084 8.619126 3.9073372
-0.42137948 8.810662 3.86903
-0.19153613 9.002199 3.9456444
0.0 9.193735 4.098873
0.076614454 9.385271 4.2904096
0.038307227 9.385271 4.596867
-0.22984336 9.040505 4.6351743
-0.26815057 8.848969 4.5202527
-0.15322891 8.772355 4.252102
0.038307227 8.734048 3.9839516
0.30645782 8.810662 3.6391864
0.53630114 8.887277 3.3327289
0.7278373 8.848969 3.2178073
0.842759 8.887277 3.3327289
0.842759 8.963891 3.6391866
0.80445176 9.002198 4.060566
0.7278373 9.078813 4.2904096
0.6512228 9.155427 4.3287168
0.7278373 9.232041 4.098873
0.8810662 9.423577 3.7541084
1.0726024 9.691729 3.4093432
1.2258313 9.883265 3.1411927
1.1875241 9.883265 3.1794999
1.0726023 9.768343 3.3327286
0.88106626 9.730036 3.715801
0.7278373 9.691729 4.060566
0.61291564 9.615114 4.098873
0.61291564 9.5385 3.9839516
0.61291564 9.423578 3.86903
0.6512228 9.346964 3.7541082
0.6895301 9.423578 3.9073372
0.6895301 9.423578 4.1371803
0.61291564 9.423578 4.2904096
0.6512228 9.423578 4.3287168
0.6512228 9.615114 4.367024
0.7278373 9.691729 4.405331
0.7661445 9.768343 4.1754875
0.72783726 9.730036 3.9073372
0.6512228 9.576807 3.6774938
0.57460845 9.423578 3.5242648
0.45968676 9.270349 3.5242648
0.34476507 9.155427 3.715801
0.19153613 9.002198 3.86903
0.038307227 8.963891 4.1371803
-0.038307227 9.002199 4.3287163
-0.038307227 9.117121 4.4053307
0.038307227 9.308657 4.4436383
0.15322891 9.5385 4.2904096
0.2681506 9.653421 4.1371803
0.22984336 9.653421 3.9073372
-0.07661445 9.346964 3.562572
-0.38307226 9.040505 3.2561142
-0.5746084 8.848969 3.217807

