-0.6512228 8.734048 3.2944214
-0.53630114 8.734048 3.7541082
-0.30645782 8.734048 4.4819455
-0.49799395 8.734048 4.7884035
0.11492169 9.615114 5.171476
0.91937345 10.496181 5.2863975
1.7621324 11.530476 5.3247046
2.4516625 12.488156 5.554548
2.4133554 12.334927 5.707777
2.336741 12.258312 6.0142345
2.2601266 11.990162 6.1674633
2.1452048 11.722012 5.9759274
2.0685902 11.568783 5.66947
1.9919758 11.492168 5.209783
1.9919758 11.530476 4.8267107
1.9919758 11.60709 4.673482
1.8770542 11.568783 4.673482
1.7621324 11.224017 4.673482
1.4939818 10.840945 4.5585604
1.1875241 10.419565 4.3287168
0.95768064 10.151415 4.0222588
0.80445176 10.151415 3.715801
0.72783726 10.342951 3.6391866
0.7661445 10.457873 3.7541084
0.7278373 10.457873 4.060566
0.6512229 10.381259 4.4436383
0.49799395 10.228029 4.7500963
0.34476507 10.113108 4.865018
0.30645782 10.036493 4.711789
0.30645782 9.959879 4.405331
0.38307226 9.80665 3.9839518
0.38307226 9.730036 3.6391869
0.34476507 9.691729 3.5625725
0.26815057 9.730036 3.7541084
0.26815057 9.730036 4.213795
0.30645782 9.768343 4.673482
0.34476504 9.730036 5.018247
0.34476504 9.576807 5.0565543
0.30645782 9.423578 4.6351748
0.26815057 9.232041 4.098873
0.26815057 9.040505 3.409343
0.30645782 8.810662 2.8347347
0.26815057 8.6574335 2.566584
0.22984335 8.542512 2.4899697
0.22984335 8.580819 2.7581203
0.19153613 8.772355 3.1411927
0.11492168 8.887277 3.371036
-0.038307227 8.848969 3.5242648
-0.2681506 8.619125 3.3327289
-0.53630114 8.274361 2.9113493
-0.6512228 7.967903 2.566584
-0.68953 7.8146744 2.2218192
-0.68953 7.8529816 2.030283
-0.6512228 7.8529816 2.2984335
-0.68953 8.00621 2.7964275
-0.8044517 8.197746 3.3327286
-0.9576807 8.312668 3.8307226
-1.0726024 8.504205 3.9456444
-1.0726024 8.389283 3.6391866
-1.0726024 7.967903 3.3327289
-1.1109096 7.546524 2.7964275
-1.1109096 7.2400656 2.336741
-1.1109096 7.278373 2.183512
-1.0726023 7.623138 2.1068976
-0.9576807 8.00621 2.4133554
-0.842759 8.312668 2.834735
-0.8044518 8.465898 3.1028855
-0.7278373 8.619126 3.1411927
-0.61291564 8.619126 2.7581203
-0.49799395 8.504204 1.9919758
-0.45968673 8.312668 1.1875241
-0.57460845 8.00621 0.61291564
-0.7661445 7.699753 0.6895301
-1.0726024 7.508217 1.1492168
-1.3024457 7.393295 1.8770541
-1.4173673 7.2783732 2.4516625
-1.532289 7.2783732 2.566584
-1.532289 7.2783732 2.4516625
-1.532289 7.2783732 1.9919758
-1.4173673 7.431602 1.4939818
-1.2641385 7.546524 0.95768064
-1.1875241 7.6614456 0.49799395
-1.1875241 7.6231384 0.30645782
-1.2641386 7.3932953 0.30645782
-1.340753 7.2400656 0.5746084
-1.3790601 7.125144 1.0342951
-1.340753 7.2017584 1.4556746
-1.2641385 7.3549876 1.532289
-1.1109096 7.431602 1.3407528
-0.9193734 7.469909 0.9193734
-0.68953013 7.508217 0.5363012
-0.4213795 7.6614456 0.3830723
-0.22984336 7.8146744 0.4213795
-0.11492168 7.8529816 0.5746084
-0.076614454 7.8146744 0.7661445
-0.11492168 7.6231384 1.0726023
0.0 7.546524 1.5705965
0.22984338 7.508217 2.0302832
0.49799398 7.584831 2.2984338
0.8044518 7.584831 2.4133554
1.0726024 7.4699097 2.183512
1.3024457 7.3549876 1.8387468
1.4556746 7.125144 1.4939818
1.5705963 6.9336076 1.1875241
1.6089035 6.780379 0.9576807
1.6472107 6.818686 0.88106626
1.7621324 6.895301 0.842759
1.9153614 6.9719152 0.61291564
1.9919758 7.0485296 0.45968673
1.9919758 6.9719152 0.15322891
1.9153614 6.895301 -0.19153613
1.8004398 6.9719152 -0.26815057
1.685518 7.0485296 -0.15322891
1.5705965 7.1634517 0.22984336
1.4173675 7.1634517 0.61291564
1.1492168 7.086837 0.8810662
0.8810662 6.9719152 0.91937345
0.6512228 6.895301 0.8810662
0.6512228 7.0102224 0.84275895
0.842759 7.1634517 0.7661445
1.1109096 7.469909 0.5746084
1.3790601 7.6231384 0.19153613
1.4173673 7.6614456 -0.19153613
1.2258312 7.776367 -0.5363012
0.8810662 7.73806 -0.6512229
0.45968673 7.73806 -0.4213795
0.076614454 7.699753 0.038307235
-0.19153613 7.6231384 0.5363012
-0.19153613 7.699753 0.8810662
0.038307212 7.929596 0.9576807
0.3064578 8.389282 0.6512229
0.61291564 8.810661 0.34476507
0.72783726 9.193735 -7.4505806E-9
0.6895301 9.691729 -0.19153613
0.6895301 10.151415 0.11492168
0.7278373 10.649409 0.61291564
0.7661445 11.070789 1.2641386
0.80445176 11.262325 1.8387469
0.80445176 11.224018 1.8387469
0.6895301 10.879253 1.6089035
0.5746084 10.457872 1.1109096
0.34476504 9.921572 0.5363012
0.038307227 9.423578 0.34476504
-0.26815057 9.193734 0.61291564
-0.61291564 9.11712 1.7238253
-0.53630114 9.500193 2.336741
-0.34476504 9.921573 2.3750482
-0.19153613 10.304645 2.1452048
-0.11492168 10.496181 1.6089036
-0.22984336 10.381258 0.8044518
-0.34476504 10.113108 0.15322891
-0.49799395 9.959879 -0.11492168
-0.61291564 9.998186 -0.11492168
-0.6895301 10.151415 0.38307226
-0.842759 10.266336 0.842759
-1.0726024 10.266336 1.2258313
-1.3790601 10.189722 1.6089035
-1.532289 10.151415 1.8004397
-1.532289 10.304645 1.8387469
-1.3407528 10.649409 1.7621324
-1.1109096 10.994175 1.5322891
-0.8810662 11.300632 1.1492169
-0.842759 11.453861 1.0726024
-0.8810662 11.453861 1.1109096
-0.9959879 11.415554 1.37906
-1.2258313 11.224018 1.8387468
-1.4556746 11.032482 2.3750482
-1.6472108 10.840946 2.7964277
-1.685518 10.6877165 2.9879637
-1.6472108 10.764331 2.9879637
-1.4556746 10.91756 2.7964277
-1.2641385 11.070788 2.6431987
-1.1875241 11.262325 2.48997
-1.1875241 11.377247 2.5282772
-1.3407531 11.453861 2.6048915
-1.532289 11.492168 2.873042
-1.685518 11.453861 3.2561142
-1.8004396 11.377247 3.6391866
-1.7621324 11.415554 3.9073372
-1.6472107 11.453861 3.9839516
-1.532289 11.530476 3.86903
-1.3790601 11.568783 3.562572
-1.3024457 11.530476 3.3327286
-1.1875241 11.60709 3.1028855
-0.9959879 11.722012 3.0262709
-0.84275895 11.9135475 3.0262709
-0.7661445 12.181698 3.1794999
-0.842759 12.296619 3.4093432
-1.0726024 12.105083 3.4859576
-1.3790601 11.798626 3.524265
-1.685518 11.300632 3.4093432
-1.9153614 10.764331 3.3710358
-2.0685904 10.457873 3.4859576
-2.183512 10.189722 3.6008794
-2.1068976 10.036493 3.677494
-2.030283 10.036493 3.677494
-1.9153614 10.0748005 3.6008792
-1.8004397 10.189722 3.562572
-1.8004397 10.342952 3.5242648
-1.8387469 10.419566 3.4859576
-1.9919758 10.419566 3.371036
-2.1068974 10.342951 3.4476504
-2.1835117 10.228029 3.409343
-2.2218192 10.151415 3.3327286
-2.183512 10.113108 3.4476504
-2.183512 10.113108 3.4859576
-2.2218192 10.0748005 3.6774938
-2.2218192 10.0748005 3.86903
-2.1835117 10.151415 3.9073372
-2.030283 10.342951 3.7924156
-1.8770542 10.496181 3.5625722
-1.7621324 10.572795 3.3327286
-1.7621324 10.496181 3.1794999
-1.8770542 10.228029 3.1411927
-2.0685902 9.921572 3.2178073
-2.2984338 9.576807 3.2561145
-2.4516625 9.385271 3.4093432
-2.6048913 9.232042 3.562572
-2.681506 9.308657 3.715801
-2.7964277 9.461885 3.8307228
-2.873042 9.461885 3.9073372
-2.873042 9.385271 3.6774938
-2.9496565 9.155427 3.5242648
-3.0262709 8.887277 3.4093432
-3.1794999 8.695741 3.2944217
-3.3710358 8.619126 3.5242648
-3.4476504 8.695741 3.7924156
-3.4093432 9.002198 3.9456444
-3.2944217 9.346963 3.9456444
-3.1028852 9.691729 3.9073372
-2.9879637 9.921572 3.6008794
-2.9113493 9.844957 3.5242648
-2.9113493 9.730036 3.4476504
-3.0262709 9.615114 3.4859576
-3.1411924 9.423578 3.715801
-3.2178068 9.346964 3.8307226
-3.2561145 9.193734 3.9839516
-3.2178073 9.040505 4.0222588
-3.1028855 8.963891 3.9073372
-3.0262709 8.925584 3.8307228
-2.9496565 9.002198 3.7924156
-2.9113493 9.11712 3.6391866
-2.834735 9.232042 3.5242648
-2.7581205 9.2703495 3.3327286
-2.6431987 9.117121 3.1794999
-2.4899697 8.772355 3.1794999
-2.4516625 8.312668 3.1794999
-2.4516625 7.8529816 3.217807
-2.4133554 7.584831 3.2561142
-2.3750482 7.6231384 3.1411924
-2.2601264 7.929596 2.9496565
-2.030283 8.465898 2.834735
-1.8387469 9.002198 2.7198129
-1.6089035 9.346964 2.6431985
-1.4556746 9.308657 2.7964277
-1.493982 8.925584 2.873042
-1.6472108 8.465897 2.9113493
-1.7238252 8.00621 2.9113493
-1.6472108 7.776367 2.9496565
-1.4939818 7.8912888 2.9879637
-1.1875241 8.427589 2.9879637
-0.61291564 9.80665 2.7964275
-0.45968673 10.151415 2.6431987
-0.5746084 10.0748005 2.528277
-0.842759 9.691729 2.528277
-1.3024458 9.078813 2.9113495
-1.7621324 8.504205 3.3710358
-2.0685902 8.082825 3.8307226
-2.1452048 7.967903 4.3287163
-1.9536686 8.236053 4.5585604
-1.6089035 8.772355 4.481946
-1.2258313 9.308657 4.2137947
-0.95768064 9.691729 3.715801
-0.8810662 9.768343 3.3327286
-0.91937345 9.615114 3.064578
-0.99598795 9.346964 3.217807
-1.1109097 9.078813 3.6008792
-1.1875241 8.848969 4.060566
-1.2641385 8.772355 4.55856
-1.3024457 8.848969 4.8267107
-1.1875241 9.117121 4.9416323
-0.95768064 9.5385 4.6351748
-0.6895301 9.921572 4.1754875
-0.49799395 10.228029 3.7924154
-0.4213795 10.228029 3.409343
-0.57460845 9.998186 3.409343
-0.8044518 9.615114 3.6391866
-1.0342952 9.155428 3.9456441
-1.2258313 8.887277 4.3670235
-1.1492169 8.963891 4.6351748
-0.95768064 9.2703495 4.481946
-0.7661445 9.576807 4.0605664
-0.53630114 9.768343 3.6008794
-0.45968673 9.844957 3.217807
-0.4213795 9.768343 2.9879637
-0.45968673 9.500193 3.0262709
-0.57460845 9.2703495 3.2178073
-0.61291564 9.155428 3.4859576
-0.61291564 9.078813 3.677494
-0.5363012 9.155427 3.6391866
-0.34476507 9.232041 3.5242648
-0.15322891 9.38527 3.2944214
0.038307227 9.576807 3.1028852
0.19153613 9.768343 3.064578
0.19153613 9.844957 3.1411927
0.11492168 9.691729 3.3327286
-0.038307227 9.500193 3.562572
-0.076614454 9.308656 3.9073372
0.0 9.270349 4.060566
0.11492168 9.270349 3.9839516
0.30645782 9.232041 3.6774936
0.4213795 9.193734 3.217807
0.53630114 9.193734 2.7581205
0.68953013 9.232041 2.4899697
0.8044518 9.385271 2.3750482
0.842759 9.576807 2.3750482
0.80445176 9.615114 2.6048915
0.6512228 9.615114 2.9879637
0.49799395 9.423578 3.4093432
0.4213795 9.308657 3.7541082
0.4213795 9.232042 3.8307228
0.49799395 9.232042 3.562572
0.6512229 9.500193 3.2561142
0.8044518 9.653421 2.9496565
0.842759 9.80665 2.719813
0.842759 9.80665 2.873042
0.68953013 9.653421 3.1411927
0.45968673 9.461885 3.4093432
0.34476504 9.385271 3.7924156
0.22984335 9.385271 3.9839516
0.19153613 9.308656 3.9839516
0.15322891 9.308656 3.9073372
0.15322891 9.308656 3.7158012
0.2681506 9.38527 3.4859576
0.38307226 9.5385 3.2944217
0.49799395 9.730036 3.1794999
0.5746084 9.844957 3.1411927
0.5363012 9.883265 3.1411927
0.49799398 9.883265 3.1794999
0.4213795 9.768343 3.1028855
0.30645782 9.576807 2.9496565
0.19153613 9.346964 2.873042
0.038307227 9.155428 2.7198133
0.0 9.078813 2.7581205
0.0 9.308656 2.9879637
0.076614454 9.65342 3.1411927
0.19153613 10.036493 3.4093432
0.26815057 10.304644 3.6391866
0.26815057 10.266336 3.6008794
0.19153613 10.113108 3.4476504
0.038307227 9.883265 3.1411927
-0.11492168 9.691729 2.834735
-0.30645782 9.2703495 2.566584
-0.4213795 9.155428 2.4516625
-0.4213795 9.232042 2.48997

