-0.3830723 9.308657 2.48997
-0.34476504 9.730036 2.681506
-0.076614454 9.691729 3.6008792
0.61291564 10.419565 3.4476504
1.1492168 11.147403 3.5242648
1.7621324 12.028469 3.7158012
2.183512 12.756307 3.7924156
2.2218192 12.679692 4.405331
2.2984338 12.717999 5.0182467
2.3750482 12.603078 5.363012
2.4516625 12.373234 5.5162406
2.4133554 12.220005 5.2480903
2.336741 11.990162 4.7884035
2.2218192 11.836933 4.405331
2.0685902 11.760319 4.1754875
1.9536686 11.568783 4.1371803
1.8004396 11.300632 4.1754875
1.6472107 11.032482 4.1754875
1.4939818 10.726024 4.098873
1.340753 10.496181 3.9839516
1.3024458 10.419566 3.7541082
1.2641385 10.419566 3.4859576
1.2641385 10.457873 3.3710358
1.1492169 10.419566 3.562572
0.95768064 10.304644 3.8690298
0.6895301 10.0748005 4.290409
0.38307226 9.844957 4.481946
0.19153613 9.615114 4.252102
0.11492168 9.308657 3.9456444
0.19153613 9.155427 3.4093432
0.2681506 9.078813 2.9879637
0.34476504 9.193734 2.834735
0.3830723 9.308656 2.9496567
0.34476507 9.346963 3.2561145
0.30645782 9.346963 3.524265
0.15322891 9.155427 3.6774938
-0.114921674 8.848969 3.562572
-0.38307226 8.504205 3.2178068
-0.6512228 8.121132 2.9113493
-0.80445176 7.776367 2.566584
-0.8810662 7.776367 2.3750482
-0.842759 7.8912888 2.4516625
-0.6512228 8.121132 2.4516625
-0.38307226 8.389282 2.528277
-0.11492168 8.542512 2.4899697
0.038307227 8.619126 2.2601264
0.0 8.504204 2.030283
-0.22984335 8.159439 1.8770542
-0.53630114 7.73806 1.7621325
-0.8044517 7.3932953 1.8770542
-0.9193734 7.086837 1.8770542
-0.9193734 7.125144 1.7238252
-0.8044517 7.3166804 1.532289
-0.72783726 7.393295 1.4173675
-0.84275895 7.393295 1.4939818
-0.99598783 7.3166804 1.6472108
-1.1875241 7.163451 1.8004397
-1.3790601 7.0102224 1.8004397
-1.4939818 6.895301 1.9536686
-1.5705963 6.7803793 2.1068976
-1.5705963 6.742072 2.1452048
-1.3790603 6.8569937 1.8387469
-1.0726023 7.163451 1.2641385
-0.7661445 7.508217 0.7278373
-0.5746084 7.6614456 0.38307226
-0.61291564 7.776367 0.6895301
-0.7661446 7.73806 1.3024458
-0.9576807 7.73806 1.8770542
-1.1109096 7.699753 2.336741
-1.1875241 7.584831 2.1452048
-1.2258313 7.431602 1.5705962
-1.1492169 7.2783732 0.8810662
-0.91937345 7.431602 0.22984338
-0.61291564 7.699753 0.038307227
-0.30645782 8.121132 0.19153613
-0.11492168 8.42759 0.61291564
-0.15322891 8.504205 1.0342952
-0.4213795 8.274361 1.4556746
-0.68953013 7.8912888 1.6089035
-0.9576807 7.546524 1.4939818
-1.1492169 7.1634517 1.4556746
-1.1109096 7.0102224 1.0726023
-0.9959879 7.0485296 0.8044518
-0.7661446 7.125144 0.7661445
-0.4213795 7.3932953 0.7661445
-0.114921674 7.6231384 0.95768064
0.11492168 7.584831 1.1492169
0.26815057 7.546524 1.3024457
0.34476507 7.3549876 1.37906
0.3830723 7.086837 1.3407528
0.5363012 6.895301 1.2641385
0.7278373 6.6271505 1.1109096
0.91937345 6.512229 0.9193734
1.0726024 6.4739213 0.8044517
1.1109096 6.6654572 0.68953
1.1875241 7.0102224 0.49799395
1.3024457 7.431602 0.30645782
1.5705962 7.8529816 0.038307227
1.9536686 8.082825 -0.11492168
2.2984335 8.197746 0.0
2.528277 8.082825 0.4213795
2.4516625 7.776367 1.0726024
1.9536686 7.508217 1.4939818
1.4173675 7.278373 1.532289
0.9576807 7.086837 1.1875241
0.80445176 7.125144 0.53630114
1.1109096 7.1634517 -7.4505806E-9
1.532289 7.3932953 -0.22984335
1.877054 7.776367 -0.22984335
2.030283 8.159439 0.11492169
1.9153614 8.542511 0.5363012
1.4939818 8.465897 0.91937345
1.0726024 8.236053 1.1109096
0.5746084 7.929596 1.1875241
0.2681506 7.6231384 1.0726023
0.19153613 7.584831 0.91937345
0.19153613 7.6614456 0.7278373
0.34476504 7.8146744 0.45968673
0.4213795 8.121132 0.38307223
0.49799398 8.465897 0.19153613
0.5746084 8.695741 0.2681506
0.7278373 8.887277 0.34476504
0.8810662 8.925584 0.3830723
1.0726024 8.772355 0.34476504
1.1492168 8.465898 -0.07661446
1.0726023 8.0445175 -0.45968676
0.84275895 7.776367 -0.7278373
0.5363012 7.967903 -0.49799398
0.38307226 8.504204 0.11492166
0.53630114 9.346963 0.95768064
0.842759 10.189722 1.6472108
1.1875241 10.764331 1.8004396
1.493982 11.070789 1.6472106
1.5322891 10.955868 1.187524
1.4556745 10.572794 0.7661445
1.2258313 10.113108 0.68953013
0.9576807 9.730036 0.9193735
0.68953013 9.576807 1.4939818
0.4213795 9.576807 2.2601264
0.19153613 9.576807 2.9113493
0.0 9.653421 3.3710358
-0.11492168 9.80665 3.409343
-0.11492168 10.0748005 3.1028855
0.0 10.266336 2.719813
0.11492168 10.381258 2.3750482
0.19153613 10.457873 2.183512
0.19153613 10.457873 2.4133554
0.11492168 10.457873 2.7581203
0.0 10.419566 3.3327289
-0.11492168 10.419566 3.8307228
-0.15322891 10.342952 4.060566
-0.15322891 10.419566 4.252102
-0.19153613 10.840945 4.290409
-0.15322891 10.879252 4.290409
-0.19153613 10.840945 4.1754875
-0.344765 10.534488 3.9839516
-0.42137948 9.921572 3.7541082
-0.61291564 9.576807 3.7924156
-0.6895301 9.461885 4.060566
-0.45968673 9.80665 4.4819455
-0.19153613 10.342951 4.7500963
0.22984336 10.955867 4.6351748
0.61291564 11.377247 4.2521024
0.7661446 11.377247 3.7541084
0.7661446 11.147404 3.4859576
0.61291564 10.764332 3.4093432
0.4213795 10.457872 3.4093432
0.38307226 10.457872 3.562572
0.5363012 10.840944 3.6774936
0.7278373 11.492167 3.7541082
0.9959879 12.105083 3.715801
1.1109096 12.411541 3.4859576
0.9576807 12.181698 3.2561142
0.7661446 11.60709 3.217807
0.5363012 10.879252 3.371036
0.30645782 10.304645 3.5625722
0.26815057 10.151416 3.6391866
0.30645782 10.381259 3.7924156
0.4213795 10.955867 4.0222588
0.61291564 11.645397 4.252102
0.7661446 12.181698 4.405331
0.8044518 12.449848 4.3287163
0.68953013 12.334927 4.2137947
0.49799395 11.951855 4.098873
0.2681506 11.262324 4.060566
0.076614454 10.649408 4.0222588
-0.038307227 10.228029 3.9839516
-0.076614454 9.998186 3.9456444
0.038307227 10.151415 4.0222588
0.15322891 10.342952 4.1754875
0.19153613 10.572795 4.060566
0.19153613 10.726024 3.9073372
0.0 10.726024 3.7924156
-0.19153613 10.6877165 3.7541084
-0.30645782 10.534488 3.86903
-0.4213795 10.342952 3.9839516
-0.4213795 10.151415 3.7924156
-0.38307226 9.959879 3.4859576
-0.344765 9.883265 3.3327286
-0.22984336 9.883265 3.2944214
-0.15322891 9.883265 3.562572
-0.038307227 9.959879 3.7924154
0.076614454 10.036493 3.86903
0.15322891 10.151415 3.9073372
0.15322891 10.189722 3.7541084
0.038307227 10.189722 3.6391869
-0.11492168 10.0748005 3.6391869
-0.30645782 9.844957 3.562572
-0.4596867 9.691729 3.6008792
-0.4596867 9.500193 3.715801
-0.38307226 9.461885 3.7541082
-0.26815057 9.500193 3.8307228
-0.038307227 9.576807 3.7541084
0.076614454 9.691729 3.5625722
0.15322891 9.691729 3.3327286
0.15322891 9.653421 3.1411927
0.038307227 9.576807 3.064578
-0.076614454 9.500193 3.1411924
-0.15322891 9.461885 3.2178068
-0.19153613 9.500193 3.371036
-0.15322891 9.653421 3.4859576
-0.11492168 9.730036 3.4859576
-0.19153613 9.844957 3.562572
-0.30645782 9.80665 3.6008792
-0.49799395 9.691729 3.8307228
-0.6895301 9.500193 4.1371803
-0.842759 9.2703495 4.4053307
-0.9576807 9.078813 4.520253
-0.99598795 8.963891 4.4436383
-0.99598795 8.963891 4.252102
-0.9576807 9.002198 3.9456444
-0.91937345 9.193734 3.7924154
-0.91937345 9.346964 3.6391864
-0.9959879 9.461885 3.6774936
-1.1109096 9.576807 3.8307228
-1.2641385 9.5385 3.9839516
-1.4556746 9.346964 4.1371803
-1.5705965 9.193734 4.1754875
-1.6089036 9.002198 4.2137947
-1.5705965 8.848969 4.098873
-1.4939818 8.925584 4.060566
-1.340753 9.117121 3.9456444
-1.2258313 9.423578 3.8307228
-1.1109096 9.653421 3.7541082
-1.0342951 9.730036 3.6008792
-1.0342951 9.691729 3.409343
-1.0342951 9.385271 3.2944214
-1.2641385 8.810662 3.3710358
-1.3024457 8.504204 3.5242648
-1.3024457 8.427589 3.6008792
-1.1492169 8.542511 3.5242648
-0.9959879 8.887277 3.4859576
-0.842759 9.308657 3.3710358
-0.7278373 9.615114 3.2561142
-0.7661445 9.653421 3.1794999
-0.842759 9.423578 3.1794999
-0.9193735 9.002198 3.3327289
-0.9576807 8.619125 3.6008792
-0.842759 8.465897 3.86903
-0.6895301 8.504204 3.8307226
-0.5363012 8.810661 3.6391864
-0.34476507 9.193735 3.2561142
-0.11492168 9.768343 2.681506
-0.15322891 9.730036 2.7581205
-0.4213795 9.423578 3.1795
-0.7661446 8.963891 3.8307228
-1.0726024 8.465897 4.3287168
-1.3024458 8.121132 4.6351748
-1.340753 8.00621 4.596867
-1.1492168 8.159439 4.3287168
-0.8810662 8.504204 3.9456444
-0.45968676 9.040504 3.7541082
-0.038307227 9.576807 3.6008794
0.15322891 9.921572 3.562572
0.15322891 9.959879 3.6391864
-0.076614454 9.385271 3.6008792
-0.45968673 8.695741 3.562572
-0.8044518 8.00621 3.4859576
-0.8810662 7.584831 3.6008794
-0.6895301 7.73806 3.562572
-0.2681506 8.389283 3.6008792
0.30645782 9.078813 3.7541084
0.68953013 9.576807 3.6391864
0.842759 9.883265 3.4859576
0.8810662 9.691729 3.3327286
0.842759 9.500193 3.1411927
0.842759 9.385271 3.0262709
0.842759 9.232041 2.9879637
0.7661445 9.11712 3.0262709
0.5746084 9.078813 3.1411927
0.4213795 9.193734 3.4859579
0.22984336 9.308657 3.7924156
0.11492168 9.346964 3.9839516
0.076614454 9.2703495 3.9839516
0.22984336 9.308657 4.098873
0.45968673 9.5385 4.290409
0.61291564 9.730036 4.4436383
0.68953013 9.768343 4.4819455
0.6512229 9.653421 4.5202527
0.49799395 9.423578 4.5202527
0.45968673 9.232041 4.4819455
0.5363012 9.11712 4.4436383
0.6512229 9.078813 4.405331
0.842759 9.193734 4.290409
1.1109096 9.4618845 4.1754875
1.6472108 10.036493 3.7541084
1.9919758 10.228029 3.5242648
2.1452048 10.228029 3.3327289
2.2984335 10.228029 3.1411924
2.2601264 9.998186 3.0262709
2.0685902 9.653421 3.1411927
1.8770541 9.193735 3.3710358
1.9153614 9.11712 3.409343
2.1068976 9.193734 3.2561142
2.3367407 9.423577 2.9496565
2.566584 9.615114 2.719813
2.7964275 9.883265 2.4516625
2.7964275 9.998186 2.1452045
2.6048913 9.844957 2.2218192
2.2984335 9.615114 2.4133554
2.030283 9.423578 2.7964277
1.7621324 9.308657 3.217807
1.532289 9.308657 3.4859576
1.4173673 9.346964 3.6391864
1.340753 9.423578 3.677494
1.3790601 9.461885 3.4859576
1.493982 9.615114 3.2944217
1.5322891 9.691729 3.0645783
1.5322891 9.80665 2.873042
1.4173673 9.883265 2.873042
1.2258313 9.844957 3.026271
1.0342951 9.730036 3.3327289
0.7661446 9.576807 3.4859576
0.53630114 9.500193 3.562572
0.30645782 9.346964 3.6008794
0.11492168 9.385271 3.5625722
0.038307227 9.500193 3.5625722

