0.038307227 9.576807 3.7541082
0.11492168 9.730036 3.9839516
0.22984336 9.730036 4.2137947
0.34476504 9.385271 4.3287163
-0.11492168 8.963891 4.290409
0.22984336 9.768343 4.3670235
0.6895301 10.304644 4.673482
1.1875241 10.994174 4.5968676
1.6472108 11.760319 4.5968676
1.8387469 12.066776 4.367024
1.9919758 12.334927 4.1371803
2.0685902 12.411541 4.060566
2.1068976 12.373234 3.9456444
2.0685904 12.258312 3.9073372
1.9919758 12.028469 3.7924156
1.9153614 11.9135475 3.6008794
1.8387469 11.87524 3.6008794
1.8770541 11.951855 3.6008794
1.9536686 12.143391 3.715801
2.0685902 12.258312 3.8307228
2.1068974 12.258312 3.6774938
2.030283 12.105083 3.3327289
1.8004396 11.87524 3.1411924
1.4556746 11.60709 2.9113493
1.1875241 11.377247 2.873042
0.9576807 11.185711 2.9496565
0.80445176 10.994174 2.9113493
0.7278373 11.070789 3.0645783
0.6895301 11.262325 3.217807
0.6895301 11.530476 3.5242648
0.72783726 11.760319 3.7924154
0.72783726 11.760319 3.9456444
0.5746084 11.492168 3.9839516
0.38307226 11.109097 3.9839516
0.19153613 10.6877165 3.9839516
0.038307227 10.266337 3.8307228
0.0 10.0748005 3.6774938
0.076614454 10.113108 3.6008794
0.26815057 10.381258 3.524265
0.4596867 10.840945 3.715801
0.5746084 11.070789 3.9839516
0.5746084 11.109097 4.098873
0.4596867 10.840945 4.060566
0.26815057 10.419566 3.715801
0.076614454 10.036493 3.1794999
-0.38307226 9.385271 2.3750482
-0.57460845 9.11712 2.4516625
-0.68953 9.078813 2.7581205
-0.7661445 9.002198 3.0645783
-0.8810662 8.925584 3.0262709
-0.8810662 8.848969 2.8347347
-0.8810662 8.695741 2.4516625
-0.8810662 8.504205 1.9536686
-0.8810662 8.312668 1.685518
-0.99598795 8.159439 1.4556746
-1.1109096 8.00621 1.37906
-1.2258313 7.8912888 1.6089034
-1.340753 7.8146744 1.7621324
-1.340753 7.8529816 1.9536686
-1.3024458 8.00621 2.1068974
-1.2258313 8.236053 2.1068974
-1.0726024 8.427589 2.1452048
-1.0726024 8.427589 2.0685902
-1.0342952 8.159439 1.8770542
-1.0342952 7.8912888 1.6089035
-1.1109096 7.699753 1.3024457
-1.1492168 7.6614456 1.1492168
-1.2258313 7.8529816 1.1875241
-1.187524 8.121132 1.4556746
-1.0726023 8.312668 1.8770542
-0.8810662 8.389282 2.2218192
-0.80445176 8.236053 2.336741
-0.842759 8.00621 2.3750482
-0.9193735 7.8912888 2.4133554
-0.9959879 7.967903 2.4516625
-0.9959879 8.159439 2.6815057
-1.0342951 8.312668 2.7964275
-1.0342951 8.504205 2.681506
-1.1109097 8.542512 2.4516625
-1.2258313 8.6574335 2.1452048
-1.4173675 8.389282 1.4173673
-1.4939818 7.967903 1.1109096
-1.5322891 7.508216 0.8810662
-1.5705963 7.163451 0.68953
-1.532289 7.125144 0.7278373
-1.4939818 7.2400656 0.9193734
-1.4939818 7.354987 1.0726023
-1.4556746 7.469909 1.187524
-1.4173673 7.5082164 1.187524
-1.4173673 7.393295 0.9576807
-1.340753 7.2017584 0.68953013
-1.2641385 6.9336076 0.3830723
-1.1875241 6.856993 0.076614454
-1.0342951 6.9719152 0.038307227
-0.9193734 7.2783732 0.11492168
-0.8044517 7.6614456 0.34476504
-0.68953 8.0445175 0.6895301
-0.61291564 8.0445175 0.7661445
-0.5746084 8.00621 0.80445176
-0.5746084 7.8912888 0.7661446
-0.61291564 7.6614456 0.6512229
-0.6895301 7.5082164 0.38307226
-0.7278373 7.3549876 0.076614454
-0.6512228 7.3549876 -0.076614454
-0.49799395 7.4316025 -0.038307227
-0.22984336 7.546524 0.22984336
0.076614454 7.6614456 0.57460845
0.42137948 7.699753 0.9576807
0.68953013 7.8146744 1.3024457
0.7661445 7.8146744 1.3024457
0.7278373 7.776367 1.1492168
0.61291564 7.73806 0.68953013
0.6512229 7.6231384 0.22984336
0.8810662 7.6614456 0.038307227
1.2258313 7.776367 0.076614454
1.4939818 7.929596 0.4213795
1.532289 8.082825 0.76614463
1.3790601 8.159439 1.1109096
1.1492168 8.236053 1.3024458
0.9576807 8.121132 1.2641385
0.842759 7.8529816 0.9959879
0.842759 7.508217 0.5363012
0.91937345 7.354988 0.11492169
1.0342951 7.546524 -0.076614454
1.1109097 7.929596 -0.11492168
1.1492169 8.42759 0.0
1.1492169 8.734048 0.0
1.2258313 8.848969 0.0
1.3024457 8.734047 0.1532289
1.2258313 8.274361 0.19153611
0.9576807 7.776367 0.38307226
0.42137948 7.354988 0.38307226
-0.15322891 7.0102224 0.15322891
-0.49799392 7.0102224 -0.07661445
-0.5746084 7.2017584 -0.30645782
-0.30645782 7.431602 -0.2681506
0.07661446 7.8912888 -0.15322891
0.4213795 8.542511 0.15322891
0.6512228 9.040505 0.45968673
0.5746084 9.423578 0.5746084
0.42137948 9.653421 0.61291564
0.22984335 9.5385 0.4596867
0.11492168 9.308656 0.22984335
0.22984336 9.11712 0.076614454
0.4213795 9.002198 0.19153613
0.72783726 9.193734 0.45968673
0.9959879 9.576807 0.7278373
1.2258313 9.998186 0.7278373
1.3790601 10.381258 0.49799395
1.3024458 10.457872 0.11492168
1.0342952 10.266336 -0.19153613
0.6895301 9.844957 -0.19153613
0.4213795 9.346964 0.076614454
0.19153613 9.002199 0.38307226
0.11492168 8.848969 0.80445176
0.038307227 8.887277 0.9959879
-0.076614454 9.040505 1.0342951
-0.11492168 9.346964 1.340753
0.0 10.113108 1.685518
0.19153613 10.572794 1.838747
0.45968673 10.76433 1.532289
0.5746084 10.91756 1.3024457
0.4213795 10.764331 1.1875241
-2.2351742E-8 10.496181 1.3407528
-0.61291564 10.342951 1.8004396
-1.1875241 10.113108 2.4133554
-1.5322891 10.189722 2.873042
-1.7238252 10.419565 3.2944214
-1.8004397 10.534487 3.6391866
-1.7238252 10.649409 3.7158012
-1.5705963 10.649409 3.6008792
-1.340753 10.381259 3.064578
-1.1109096 10.151415 2.4133554
-1.0342951 10.036493 1.9536686
-1.1109096 9.844957 1.7621324
-1.3407528 9.691729 1.8770542
-1.685518 9.500193 2.2601264
-2.030283 9.078813 2.681506
-2.336741 8.734048 2.9879637
-2.4516625 8.427589 3.2178073
-2.336741 8.312668 3.141193
-1.6472108 8.848969 2.6431987
-1.2641385 9.423577 2.4133554
-0.842759 9.998186 2.3367407
-0.45968673 10.649409 2.2601264
-0.07661445 11.185711 2.1068974
0.19153613 11.722012 2.1452048
0.22984335 12.066776 2.2984335
0.07661445 12.181698 2.6048913
-0.30645782 11.990162 3.0262709
-0.8044518 11.607089 3.371036
-1.2641386 11.224017 3.715801
-1.5705965 11.032481 4.060566
-1.6472108 11.070789 4.2137947
-1.532289 11.262325 4.1754875
-1.3407528 11.492168 3.9456444
-1.1109095 11.60709 3.5625722
-0.91937345 11.568783 3.217807
-0.7278373 11.568783 3.1028855
-0.61291564 11.722012 3.1794999
-0.61291564 11.951855 3.4476504
-0.7278373 12.220005 3.8307228
-0.95768064 12.181698 4.098873
-1.2258313 11.9135475 4.3287168
-1.4556746 11.492168 4.4436383
-1.5705965 11.185711 4.5202527
-1.6089036 10.994174 4.6351743
-1.4939818 10.91756 4.55856
-1.3407528 10.994174 4.4436383
-1.2258313 11.032481 4.213795
-1.0342951 11.070788 3.8307228
-0.8810662 10.879252 3.409343
-0.80445176 10.6877165 3.1411927
-0.842759 10.496181 3.0262709
-0.80445176 10.266336 3.0262709
-0.7661445 10.113108 2.9879637
-0.7661445 9.998186 3.1028855
-0.68953 9.959879 3.4476502
-0.6512228 10.0748005 3.6008792
-0.5746084 10.189722 3.7924154
-0.4596867 10.266336 3.8307228
-0.34476507 10.228029 3.4093432
-0.22984336 9.998186 2.873042
-0.19153613 9.768343 2.5665843
-0.15322891 9.500193 2.3750482
-0.15322891 9.423578 2.5282772
-0.19153613 9.346964 2.873042
-0.22984336 9.346964 3.0262709
-0.22984336 9.500193 3.1411924
-0.26815057 9.5385 3.1028852
-0.26815057 9.691729 3.1028852
-0.30645782 9.730036 3.1028852
-0.4596867 9.653421 3.1411924
-0.7278373 9.500193 3.2944214
-0.80445176 9.576807 3.4859576
-0.842759 9.615114 3.6008792
-0.9576807 9.730036 3.715801
-1.0342951 9.80665 3.7924156
-1.1875241 9.653421 3.7158012
-1.340753 9.615114 3.7924156
-1.4173673 9.576807 3.9073372
-1.4939818 9.691729 3.9839516
-1.5705962 9.998186 3.9839516
-1.5705962 10.189722 3.9456444
-1.6089036 10.304644 3.7924156
-1.6472108 10.304644 3.7541084
-1.7238252 10.228029 3.86903
-1.8387469 10.151415 3.9073372
-1.9919758 10.036493 4.060566
-2.1452045 9.730036 4.060566
-2.260126 9.38527 3.9839516
-2.3750482 9.078813 3.8307228
-2.336741 8.925584 3.6774938
-2.2601266 9.002198 3.562572
-2.0685904 9.232042 3.409343
-1.8770542 9.500193 3.2944214
-1.7621324 9.5385 3.1411927
-1.7238252 9.5385 3.064578
-1.7238252 9.346964 3.217807
-1.7621324 9.078814 3.3327289
-1.7621324 8.925584 3.4476504
-1.7238252 8.772355 3.5242648
-1.6855179 8.810662 3.3710358
-1.5705963 8.887277 3.3327286
-1.4173673 8.963891 3.2561142
-1.2641385 9.193734 3.1028852
-1.1109096 9.385271 2.9879637
-1.0342952 9.5385 2.9879637
-1.0726024 9.5385 3.1028855
-1.1109096 9.346964 3.2944217
-1.1875241 9.078813 3.6008794
-1.1492169 9.002198 3.7924154
-0.9959879 9.11712 3.86903
-0.80445176 9.346964 3.8307228
-0.61291564 9.576807 3.6391866
-0.49799398 9.653421 3.3710358
-0.49799398 9.730036 3.1794999
-0.5363012 9.5385 3.1794999
-0.6512229 9.346963 3.2178073
-0.7278373 9.11712 3.4476504
-0.6895301 8.925584 3.562572
-0.61291564 9.11712 3.562572
-0.38307226 9.346964 3.5242648
-0.19153613 9.768343 3.2561142
-0.11492168 9.998186 3.064578
-0.19153613 9.921572 3.0262709
-0.38307226 9.768343 3.1411927
-0.5746084 9.461885 3.5242648
-0.7661446 9.232041 3.86903
-0.6512228 9.155427 4.1371803
-0.45968673 9.193735 4.1754875
-0.22984335 9.385271 3.9456444
0.11492168 9.691729 3.7158012
0.34476504 9.998186 3.4093432
0.53630114 10.342952 3.1411927
0.61291564 10.419566 3.064578
0.53630114 10.22803 3.217807
0.22984335 9.844957 3.5625722
-0.076614454 9.346963 4.060566
-0.22984336 8.963891 4.443638
-0.22984336 8.848969 4.520252
0.0 9.040505 4.290409
0.2681506 9.346964 3.8690298
0.49799395 9.576807 3.5242648
0.61291564 9.691729 3.371036
0.49799395 9.308657 3.5625722
0.26815057 8.772355 4.0222588
0.15322891 8.427589 4.3287163
0.49799395 8.504204 4.098873
0.95768064 9.040505 3.6008792
1.3024458 9.500193 3.1794999
1.4556746 9.844957 3.0262709
1.3790601 9.80665 3.2944214
1.1875241 9.500193 3.4476504
0.99598795 9.193735 3.7158012
0.95768064 9.002198 3.7924156
0.95768064 8.925584 3.7158012
1.0342951 8.963891 3.7158012
1.0726024 8.925584 3.6391864
1.1492168 8.963891 3.562572
1.3024457 9.155427 3.6008792
1.4939818 9.385271 3.6774938
1.685518 9.576807 3.6391866
1.7621324 9.5385 3.5242648
1.7621324 9.193735 3.4093432
1.6472107 8.810662 3.3327289
1.4556748 8.465897 3.4093432
1.2641385 8.197746 3.6008797
1.1109096 8.121132 3.677494
1.0726023 8.236053 3.7158012
1.1875241 8.350975 3.7541084
1.3407528 8.6574335 3.7924156
1.4556746 8.925584 3.9456444
1.532289 8.963891 3.9073372
1.532289 9.078813 3.86903
1.532289 9.002198 3.7158012
1.532289 8.887277 3.4859576
1.4556746 8.887277 3.562572
1.3407528 8.772355 3.6008794
1.1875241 8.772355 3.7924156
1.0726023 8.887277 4.0222588
1.0342951 9.040506 4.060566
1.0726024 9.346964 4.060566
1.1492168 9.576807 3.9456444
1.2258313 9.80665 3.7924156
1.3024458 9.921572 3.6008794
1.2641386 9.883265 3.4476504
1.1109096 9.768343 3.371036
0.9193735 9.461885 3.3327286
0.68953013 9.232041 3.4093432
0.5363012 9.155427 3.6008792
0.5363012 9.11712 3.677494
0.5746084 9.2703495 3.7541084
0.61291564 9.500193 3.9073372
0.6512228 9.691729 3.8307228
0.61291564 9.959879 3.9073372
0.45968673 10.036493 3.9839516
0.2681506 9.768343 3.9073372
0.11492168 9.576807 3.9839516
0.15322891 9.346964 3.9456444
0.30645782 9.576807 3.9073372
0.4213795 9.691729 3.7924156
0.45968673 9.80665 3.6774938
0.4213795 9.844957 3.6774938
0.4213795 9.768343 3.8307228
0.38307226 9.615114 3.9456444
0.34476504 9.461885 3.7924156
0.4213795 9.423578 3.7924156
0.38307226 9.461885 3.6391866
0.34476507 9.5385 3.6008794
0.22984336 9.5385 3.7158012
0.0 9.423578 3.677494
-0.19153613 9.232041 3.6391869
-0.38307226 9.193734 3.4476504
-0.45968676 9.232041 3.3327289

